-498.0
-373.0
-526.0
-418.0
-312.0
-526.0
-336.0
-354.0
-480.0
-354.0
-381.0
-573.0
-434.0
-434.0
-539.0
-400.0
-541.0
-508.0
-438.0
-577.0
-406.0
-519.0
-502.0
-435.0
-492.0
-451.0
-471.0
-541.0
-418.0
-513.0
-507.0
-449.0
-515.0
-479.0
-508.0
-560.0
-376.0
-498.0
-513.0
-414.0
-566.0
-465.0
-506.0
-478.0
-441.0
-549.0
-466.0
-466.0
-501.0
-426.0
-420.0
-506.0
-338.0
-401.0
-480.0
-409.0
-554.0
-573.0
-517.0
-490.0
-380.0
-503.0
-502.0
-461.0
-493.0
-413.0
-465.0
-526.0
-398.0
-457.0
-405.0
-375.0
-453.0
-410.0
-398.0
-467.0
-425.0
-532.0
-542.0
-363.0
-497.0
-412.0
-397.0
-458.0
-309.0
-505.0
-486.0
-458.0
-560.0
-435.0
-482.0
-479.0
-426.0
-466.0
-480.0
-417.0
-513.0
-428.0
-450.0
-464.0
-380.0
-473.0
-469.0
-343.0
-494.0
-438.0
-450.0
-401.0
-305.0
-447.0
-355.0
-329.0
-481.0
-361.0
-422.0
-441.0
-335.0
-359.0
-531.0
-361.0
-430.0
-447.0
-268.0
-469.0
-268.0
-509.0
-428.0
-334.0
-552.0
-361.0
-464.0
-393.0
-335.0
-456.0
-400.0
-386.0
-489.0
-497.0
-486.0
-446.0
-353.0
-514.0
-465.0
-309.0
-543.0
-435.0
-388.0
-471.0
-460.0
-545.0
-386.0
-399.0
-496.0
-447.0
-390.0
-470.0
-372.0
-442.0
-395.0
-466.0
-554.0
-394.0
-464.0
-450.0
-403.0
-529.0
-457.0
-451.0
-474.0
-449.0
-479.0
-539.0
-471.0
-466.0
-458.0
-388.0
-542.0
-476.0
-420.0
-501.0
-373.0
-458.0
-403.0
-354.0
-496.0
-406.0
-458.0
-531.0
-361.0
-558.0
-401.0
-426.0
-538.0
-506.0
-464.0
-478.0
-445.0
-478.0
-424.0
-441.0
-538.0
-474.0
-507.0
-577.0
-525.0
-518.0
-492.0
-484.0
-532.0
-522.0
-467.0
-486.0
-402.0
-443.0
-440.0
-385.0
-510.0
-435.0
-532.0
-545.0
-373.0
-477.0
-500.0
-508.0
-494.0
-338.0
-413.0
-508.0
-360.0
-501.0
-479.0
-429.0
-558.0
-425.0
-446.0
-506.0
-397.0
-497.0
-483.0
-381.0
-488.0
-345.0
-340.0
-505.0
-476.0
-451.0
-485.0
-455.0
-442.0
-497.0
-428.0
-498.0
-364.0
-498.0
-437.0
-392.0
-458.0
-347.0
-401.0
-491.0
-384.0
-560.0
-465.0
-489.0
-551.0
-377.0
-444.0
-492.0
-389.0
-428.0
-454.0
-388.0
-428.0
-398.0
-489.0
-430.0
-413.0
-512.0
-459.0
-449.0
-477.0
-477.0
-466.0
-469.0
-434.0
-425.0
-461.0
-369.0
-458.0
-409.0
-465.0
-493.0
-454.0
-551.0
-465.0
-427.0
-509.0
-518.0
-386.0
-463.0
-371.0
-520.0
-503.0
-356.0
-461.0
-370.0
-487.0
-464.0
-373.0
-491.0
-465.0
-423.0
-430.0
-361.0
-409.0
-449.0
-377.0
-499.0
-421.0
-383.0
-463.0
-420.0
-461.0
-526.0
-386.0
-454.0
-464.0
-407.0
-407.0
-354.0
-338.0
-479.0
-410.0
-475.0
-478.0
-387.0
-529.0
-371.0
-384.0
-452.0
-392.0
-439.0
-375.0
-313.0
-392.0
-281.0
-414.0
-463.0
-317.0
-450.0
-406.0
-384.0
-426.0
-335.0
-385.0
-425.0
-317.0
-481.0
-503.0
-218.0
-466.0
-366.0
-342.0
-412.0
-393.0
-371.0
-331.0
-297.0
-430.0
-399.0
-391.0
-423.0
-370.0
-504.0
-426.0
-402.0
-533.0
-376.0
-415.0
-497.0
-373.0
-467.0
-459.0
-444.0
-533.0
-423.0
-481.0
-548.0
-474.0
-514.0
-491.0
-467.0
-518.0
-481.0
-441.0
-551.0
-386.0
-560.0
-460.0
-429.0
-484.0
-428.0
-442.0
-545.0
-486.0
-538.0
-492.0
-484.0
-574.0
-493.0
-506.0
-528.0
-417.0
-478.0
-525.0
-465.0
-572.0
-513.0
-417.0
-518.0
-454.0
-504.0
-464.0
-490.0
-464.0
-418.0
-446.0
-482.0
-407.0
-518.0
-434.0
-392.0
-486.0
-376.0
-444.0
-502.0
-421.0
-401.0
-420.0
-362.0
-418.0
-393.0
-406.0
-487.0
-382.0
-482.0
-408.0
-409.0
-455.0
-341.0
-388.0
-444.0
-290.0
-431.0
-367.0
-315.0
-422.0
-287.0
-334.0
-419.0
-319.0
-319.0
-388.0
-339.0
-454.0
-320.0
-383.0
-395.0
-315.0
-381.0
-326.0
-338.0
-451.0
-393.0
-433.0
-483.0
-443.0
-559.0
-500.0
-457.0
-549.0
-506.0
-513.0
-567.0
-473.0
-554.0
-440.0
-441.0
-543.0
-472.0
-524.0
-523.0
-435.0
-511.0
-506.0
-470.0
-528.0
-490.0
-486.0
-564.0
-491.0
-532.0
-512.0
-549.0
-555.0
-506.0
-565.0
-567.0
-549.0
-562.0
-579.0
-496.0
-584.0
-522.0
-519.0
-587.0
-460.0
-555.0
-524.0
-494.0
-584.0
-433.0
-525.0
-551.0
-478.0
-555.0
-449.0
-449.0
-558.0
-435.0
-421.0
-515.0
-459.0
-490.0
-507.0
-388.0
-506.0
-456.0
-516.0
-536.0
-383.0
-541.0
-458.0
-432.0
-493.0
-398.0
-405.0
-498.0
-398.0
-450.0
-442.0
-437.0
-582.0
-467.0
-446.0
-541.0
-417.0
-439.0
-462.0
-382.0
-510.0
-406.0
-388.0
-410.0
-378.0
-474.0
-466.0
-436.0
-524.0
-471.0
-480.0
-523.0
-400.0
-521.0
-422.0
-438.0
-523.0
-326.0
-388.0
-438.0
-317.0
-454.0
-425.0
-367.0
-466.0
-416.0
-453.0
-392.0
-319.0
-342.0
-263.0
-343.0
-460.0
-232.0
-338.0
-345.0
-289.0
-308.0
-325.0
-224.0
-431.0
-238.0
-269.0
-413.0
-176.0
-314.0
-345.0
-282.0
-416.0
-247.0
-314.0
-410.0
-197.0
-325.0
-295.0
-299.0
-355.0
-235.0
-259.0
-301.0
-188.0
-327.0
-369.0
-248.0
-343.0
-255.0
-282.0
-304.0
-239.0
-261.0
-314.0
-218.0
-336.0
-249.0
-270.0
-289.0
-183.0
-280.0
-249.0
-187.0
-280.0
-246.0
-323.0
-361.0
-245.0
-325.0
-241.0
-169.0
-237.0
-202.0
-174.0
-249.0
-118.0
-211.0
-197.0
-185.0
-257.0
-185.0
-235.0
-348.0
-138.0
-194.0
-140.0
-121.0
-234.0
-168.0
-106.0
-179.0
-90.0
-223.0
-218.0
-120.0
-287.0
-157.0
-208.0
-289.0
-156.0
-231.0
-176.0
-123.0
-256.0
-120.0
-154.0
-211.0
-49.0
-204.0
-239.0
-211.0
-276.0
-184.0
-234.0
-207.0
-196.0
-144.0
-212.0
-122.0
-227.0
-112.0
-128.0
-225.0
-59.0
-117.0
-176.0
-31.0
-224.0
-61.0
-134.0
-147.0
-23.0
-178.0
-153.0
-192.0
-204.0
-133.0
-136.0
-175.0
-44.0
-116.0
-56.0
-6.0
-171.0
-45.0
-115.0
-122.0
-85.0
-131.0
-103.0
-74.0
-128.0
-60.0
-100.0
-145.0
-32.0
-112.0
-78.0
-63.0
-185.0
-88.0
-99.0
-153.0
-72.0
-208.0
-108.0
-115.0
-114.0
-38.0
-82.0
-90.0
-18.0
-78.0
-33.0
-63.0
-130.0
-120.0
-109.0
-175.0
-82.0
-100.0
-86.0
-26.0
-150.0
30.0
-42.0
-113.0
-32.0
-95.0
-41.0
-29.0
-163.0
-79.0
-209.0
-187.0
-62.0
-142.0
-121.0
-113.0
-191.0
-83.0
-166.0
-81.0
-32.0
-104.0
-80.0
-59.0
-161.0
-83.0
-111.0
-146.0
-73.0
-219.0
-148.0
-61.0
-163.0
-69.0
-125.0
-200.0
-114.0
-162.0
-125.0
-98.0
-159.0
-127.0
-66.0
-229.0
-72.0
-139.0
-165.0
-76.0
-181.0
-124.0
-100.0
-136.0
-59.0
-191.0
-98.0
-66.0
-144.0
-68.0
-92.0
-176.0
-61.0
-76.0
-73.0
-41.0
-148.0
-40.0
-115.0
-110.0
-50.0
-207.0
-127.0
-50.0
-147.0
-75.0
-106.0
-106.0
-42.0
-164.0
-75.0
-37.0
-175.0
-94.0
-125.0
-122.0
-32.0
-202.0
-142.0
-43.0
-141.0
-11.0
-11.0
-96.0
-28.0
-110.0
-50.0
-9.0
-163.0
-5.0
-87.0
-139.0
-70.0
-127.0
-71.0
-42.0
-119.0
31.0
-46.0
-79.0
-4.0
-84.0
-65.0
28.0
-78.0
-22.0
-64.0
-97.0
10.0
-91.0
-52.0
34.0
-102.0
44.0
-38.0
-193.0
-20.0
-30.0
-4.0
61.0
-66.0
37.0
-51.0
-65.0
10.0
-120.0
1.0
-13.0
-93.0
-17.0
-48.0
-72.0
27.0
-124.0
-67.0
11.0
-132.0
-9.0
-81.0
-37.0
-21.0
-115.0
-61.0
-5.0
-65.0
-63.0
-30.0
-36.0
14.0
-130.0
-65.0
29.0
-81.0
-16.0
-93.0
-107.0
-33.0
-121.0
-29.0
-8.0
-103.0
51.0
-45.0
-4.0
73.0
-42.0
-3.0
49.0
-88.0
2.0
-39.0
-147.0
22.0
-89.0
-86.0
-118.0
-106.0
-60.0
-135.0
-178.0
-90.0
-153.0
-110.0
-80.0
-193.0
-76.0
-68.0
-154.0
-60.0
-169.0
-125.0
-134.0
-195.0
8.0
-92.0
-138.0
-1.0
-160.0
-137.0
-79.0
-158.0
-133.0
-119.0
-138.0
-81.0
-141.0
-122.0
-162.0
-99.0
-73.0
-189.0
-63.0
26.0
-84.0
-5.0
-54.0
-199.0
-74.0
-99.0
-156.0
9.0
-72.0
-101.0
-8.0
-101.0
-31.0
-27.0
-130.0
1.0
-121.0
-164.0
-99.0
-186.0
-84.0
-69.0
-146.0
5.0
-90.0
-31.0
-13.0
-88.0
-18.0
-120.0
-169.0
-8.0
-137.0
-126.0
-82.0
-180.0
-62.0
-87.0
-53.0
-26.0
-135.0
-12.0
-27.0
-139.0
-18.0
-39.0
-122.0
-55.0
-124.0
-105.0
-45.0
-2.0
49.0
13.0
-28.0
22.0
-7.0
-53.0
-79.0
-184.0
-55.0
-34.0
-116.0
-36.0
-97.0
-57.0
-11.0
-142.0
25.0
11.0
21.0
67.0
8.0
22.0
-8.0
-104.0
0.0
-7.0
-142.0
54.0
-50.0
23.0
15.0
-157.0
-1.0
-55.0
-78.0
-45.0
-103.0
-85.0
-18.0
-156.0
-44.0
-89.0
-72.0
-52.0
-125.0
-138.0
-1.0
-168.0
16.0
-33.0
-101.0
6.0
-140.0
-14.0
-3.0
-122.0
-72.0
-26.0
-31.0
60.0
-81.0
-6.0
-10.0
-7.0
12.0
-59.0
-46.0
-15.0
-130.0
0.0
-23.0
-116.0
-7.0
-29.0
-94.0
60.0
-69.0
-53.0
-42.0
-81.0
-43.0
-21.0
-101.0
-24.0
-208.0
-24.0
-93.0
-99.0
-8.0
-91.0
-147.0
-25.0
-157.0
-87.0
-73.0
-203.0
-118.0
-188.0
-284.0
-161.0
-276.0
-232.0
-216.0
-265.0
-178.0
-190.0
-184.0
-73.0
-144.0
-201.0
-69.0
-157.0
-81.0
-131.0
-251.0
-66.0
-157.0
-95.0
-71.0
-127.0
-22.0
-44.0
-74.0
7.0
-92.0
-57.0
-26.0
-161.0
-48.0
-6.0
-137.0
53.0
-102.0
-97.0
-63.0
-150.0
-74.0
-163.0
-152.0
-70.0
-179.0
-134.0
-69.0
-186.0
-68.0
-74.0
-115.0
-8.0
-136.0
-96.0
-37.0
-152.0
22.0
-96.0
-93.0
3.0
-74.0
37.0
52.0
-33.0
33.0
7.0
-57.0
40.0
6.0
-5.0
120.0
5.0
136.0
36.0
-7.0
125.0
-30.0
9.0
99.0
-8.0
43.0
3.0
-2.0
94.0
64.0
41.0
90.0
35.0
60.0
-4.0
-28.0
63.0
-72.0
-10.0
61.0
31.0
102.0
102.0
50.0
171.0
27.0
35.0
104.0
-29.0
55.0
58.0
20.0
135.0
41.0
91.0
188.0
59.0
139.0
88.0
107.0
216.0
71.0
136.0
125.0
16.0
76.0
117.0
34.0
163.0
37.0
166.0
225.0
125.0
295.0
174.0
141.0
294.0
163.0
147.0
171.0
55.0
212.0
102.0
74.0
171.0
124.0
143.0
237.0
110.0
204.0
154.0
171.0
241.0
134.0
174.0
169.0
33.0
139.0
66.0
46.0
111.0
18.0
61.0
59.0
76.0
96.0
167.0
63.0
218.0
175.0
145.0
137.0
10.0
141.0
67.0
65.0
108.0
77.0
80.0
150.0
3.0
158.0
227.0
129.0
208.0
113.0
121.0
139.0
77.0
180.0
114.0
21.0
212.0
92.0
183.0
173.0
78.0
145.0
135.0
117.0
205.0
51.0
115.0
124.0
78.0
162.0
165.0
83.0
140.0
42.0
117.0
213.0
79.0
150.0
100.0
30.0
171.0
11.0
97.0
52.0
-31.0
46.0
4.0
-8.0
54.0
-6.0
68.0
99.0
37.0
110.0
50.0
-32.0
173.0
-30.0
79.0
67.0
-22.0
126.0
18.0
66.0
133.0
11.0
34.0
142.0
3.0
97.0
35.0
20.0
126.0
15.0
72.0
68.0
-7.0
86.0
56.0
-18.0
52.0
-39.0
5.0
3.0
-53.0
56.0
16.0
-4.0
112.0
-70.0
37.0
36.0
-101.0
26.0
2.0
-27.0
49.0
-47.0
57.0
82.0
20.0
114.0
42.0
56.0
180.0
18.0
4.0
99.0
-89.0
30.0
-56.0
-76.0
-2.0
-112.0
-34.0
-43.0
-82.0
52.0
51.0
33.0
146.0
5.0
20.0
76.0
-51.0
70.0
-10.0
-6.0
64.0
-21.0
43.0
73.0
-29.0
80.0
0.0
-10.0
90.0
-10.0
-22.0
16.0
-67.0
103.0
22.0
-11.0
21.0
-22.0
55.0
37.0
-48.0
54.0
27.0
-52.0
126.0
-24.0
64.0
137.0
22.0
134.0
37.0
10.0
117.0
-25.0
52.0
117.0
-29.0
164.0
74.0
44.0
157.0
87.0
105.0
124.0
33.0
130.0
49.0
49.0
186.0
44.0
142.0
121.0
4.0
143.0
122.0
52.0
229.0
98.0
118.0
120.0
72.0
121.0
100.0
7.0
74.0
76.0
-4.0
37.0
-23.0
-1.0
4.0
38.0
129.0
73.0
127.0
241.0
135.0
227.0
141.0
93.0
130.0
33.0
39.0
91.0
42.0
102.0
101.0
18.0
177.0
73.0
106.0
194.0
63.0
230.0
162.0
86.0
101.0
41.0
-8.0
22.0
-51.0
29.0
-15.0
33.0
153.0
63.0
54.0
145.0
51.0
155.0
69.0
49.0
60.0
15.0
42.0
110.0
-35.0
115.0
69.0
39.0
90.0
73.0
98.0
240.0
87.0
186.0
116.0
58.0
134.0
4.0
95.0
152.0
16.0
129.0
67.0
125.0
173.0
79.0
143.0
142.0
89.0
217.0
110.0
96.0
246.0
93.0
173.0
185.0
153.0
252.0
205.0
163.0
302.0
182.0
200.0
273.0
158.0
280.0
215.0
179.0
348.0
204.0
209.0
224.0
202.0
277.0
209.0
217.0
265.0
162.0
181.0
265.0
114.0
194.0
122.0
139.0
288.0
146.0
228.0
221.0
171.0
301.0
197.0
203.0
248.0
95.0
176.0
182.0
90.0
191.0
157.0
145.0
215.0
133.0
170.0
255.0
206.0
228.0
172.0
112.0
167.0
150.0
187.0
195.0
126.0
222.0
111.0
148.0
285.0
144.0
200.0
250.0
117.0
259.0
226.0
209.0
292.0
122.0
153.0
169.0
59.0
200.0
114.0
105.0
223.0
174.0
184.0
219.0
152.0
247.0
141.0
137.0
196.0
135.0
142.0
121.0
65.0
120.0
106.0
40.0
203.0
40.0
110.0
197.0
55.0
208.0
126.0
106.0
271.0
132.0
171.0
155.0
76.0
180.0
107.0
55.0
174.0
88.0
116.0
207.0
158.0
281.0
212.0
197.0
216.0
195.0
240.0
247.0
128.0
297.0
198.0
237.0
295.0
246.0
316.0
289.0
249.0
361.0
279.0
223.0
326.0
189.0
257.0
231.0
216.0
312.0
281.0
294.0
376.0
221.0
296.0
331.0
191.0
314.0
271.0
252.0
359.0
278.0
303.0
315.0
216.0
316.0
230.0
286.0
375.0
262.0
279.0
342.0
212.0
352.0
276.0
221.0
364.0
230.0
283.0
388.0
286.0
325.0
288.0
272.0
366.0
258.0
288.0
286.0
280.0
382.0
304.0
231.0
323.0
229.0
266.0
362.0
196.0
254.0
291.0
253.0
363.0
221.0
244.0
285.0
220.0
279.0
256.0
201.0
280.0
190.0
201.0
255.0
157.0
259.0
196.0
200.0
293.0
223.0
216.0
296.0
217.0
305.0
232.0
204.0
261.0
120.0
208.0
178.0
120.0
246.0
119.0
172.0
200.0
176.0
213.0
186.0
176.0
286.0
244.0
217.0
250.0
166.0
247.0
297.0
164.0
277.0
198.0
228.0
236.0
231.0
235.0
313.0
232.0
318.0
247.0
267.0
332.0
186.0
199.0
310.0
203.0
243.0
327.0
285.0
342.0
218.0
317.0
288.0
192.0
319.0
190.0
191.0
321.0
234.0
309.0
283.0
271.0
291.0
342.0
284.0
347.0
212.0
340.0
318.0
254.0
345.0
286.0
220.0
305.0
209.0
273.0
275.0
224.0
324.0
240.0
295.0
371.0
221.0
248.0
296.0
167.0
256.0
284.0
243.0
385.0
271.0
367.0
366.0
293.0
413.0
350.0
401.0
398.0
275.0
349.0
377.0
288.0
364.0
366.0
282.0
427.0
266.0
353.0
447.0
334.0
368.0
326.0
322.0
425.0
342.0
374.0
351.0
334.0
369.0
320.0
285.0
407.0
261.0
362.0
337.0
327.0
385.0
357.0
318.0
318.0
272.0
357.0
350.0
196.0
340.0
206.0
250.0
375.0
247.0
303.0
235.0
201.0
247.0
243.0
225.0
270.0
240.0
324.0
283.0
211.0
358.0
332.0
283.0
395.0
287.0
337.0
333.0
169.0
277.0
197.0
155.0
239.0
135.0
277.0
308.0
216.0
307.0
285.0
220.0
370.0
236.0
366.0
342.0
250.0
400.0
270.0
253.0
308.0
203.0
246.0
281.0
221.0
269.0
285.0
291.0
335.0
278.0
303.0
335.0
234.0
347.0
269.0
247.0
348.0
233.0
314.0
287.0
210.0
322.0
224.0
224.0
377.0
188.0
279.0
249.0
185.0
328.0
226.0
187.0
329.0
223.0
295.0
274.0
215.0
304.0
254.0
215.0
297.0
159.0
258.0
290.0
211.0
265.0
168.0
194.0
273.0
155.0
204.0
244.0
120.0
240.0
158.0
142.0
299.0
190.0
278.0
307.0
263.0
378.0
264.0
228.0
362.0
260.0
340.0
330.0
253.0
358.0
289.0
239.0
271.0
289.0
313.0
357.0
307.0
373.0
266.0
251.0
271.0
115.0
214.0
322.0
217.0
319.0
285.0
245.0
341.0
244.0
321.0
315.0
274.0
316.0
285.0
256.0
340.0
231.0
260.0
228.0
136.0
250.0
221.0
229.0
229.0
194.0
212.0
269.0
147.0
278.0
244.0
281.0
372.0
266.0
324.0
327.0
269.0
366.0
271.0
251.0
347.0
200.0
300.0
303.0
205.0
341.0
290.0
194.0
335.0
250.0
364.0
348.0
314.0
404.0
306.0
248.0
364.0
191.0
371.0
208.0
270.0
357.0
249.0
240.0
356.0
244.0
288.0
282.0
260.0
329.0
274.0
223.0
261.0
173.0
224.0
276.0
107.0
286.0
253.0
239.0
329.0
220.0
243.0
318.0
194.0
276.0
257.0
234.0
293.0
159.0
228.0
190.0
170.0
297.0
250.0
239.0
310.0
220.0
254.0
272.0
204.0
239.0
174.0
200.0
327.0
276.0
327.0
312.0
248.0
347.0
268.0
289.0
386.0
277.0
312.0
312.0
278.0
354.0
287.0
263.0
374.0
258.0
276.0
371.0
240.0
380.0
243.0
259.0
379.0
208.0
281.0
284.0
253.0
367.0
252.0
221.0
294.0
257.0
249.0
281.0
209.0
295.0
306.0
286.0
355.0
237.0
300.0
244.0
140.0
282.0
168.0
168.0
253.0
118.0
154.0
252.0
180.0
306.0
222.0
272.0
365.0
289.0
264.0
267.0
162.0
193.0
197.0
129.0
264.0
134.0
196.0
221.0
124.0
310.0
214.0
196.0
295.0
191.0
238.0
251.0
149.0
242.0
128.0
122.0
239.0
84.0
187.0
192.0
143.0
253.0
197.0
156.0
288.0
156.0
243.0
237.0
100.0
191.0
88.0
96.0
195.0
104.0
147.0
131.0
115.0
177.0
107.0
159.0
208.0
112.0
90.0
150.0
56.0
154.0
30.0
21.0
131.0
71.0
166.0
153.0
93.0
223.0
83.0
78.0
148.0
51.0
91.0
99.0
-16.0
68.0
-55.0
6.0
107.0
17.0
139.0
100.0
79.0
188.0
118.0
115.0
185.0
61.0
21.0
89.0
-36.0
95.0
-8.0
-26.0
169.0
45.0
118.0
118.0
44.0
64.0
68.0
118.0
137.0
71.0
100.0
139.0
27.0
109.0
-21.0
52.0
106.0
43.0
55.0
146.0
64.0
108.0
35.0
51.0
67.0
-87.0
69.0
26.0
-40.0
51.0
-52.0
-19.0
124.0
-25.0
34.0
106.0
-3.0
109.0
13.0
40.0
55.0
-43.0
59.0
36.0
-67.0
59.0
14.0
34.0
111.0
-24.0
72.0
81.0
-31.0
86.0
-5.0
-25.0
59.0
-33.0
-22.0
-49.0
-51.0
58.0
24.0
8.0
75.0
12.0
58.0
30.0
-77.0
129.0
41.0
1.0
43.0
-58.0
72.0
64.0
-3.0
110.0
23.0
16.0
159.0
66.0
151.0
64.0
48.0
124.0
1.0
-59.0
24.0
-71.0
-50.0
-11.0
-102.0
11.0
-4.0
-58.0
62.0
-60.0
36.0
13.0
-53.0
64.0
-23.0
-13.0
46.0
12.0
51.0
43.0
-30.0
73.0
33.0
16.0
64.0
22.0
97.0
84.0
-13.0
84.0
-10.0
-38.0
-3.0
-9.0
5.0
74.0
-22.0
116.0
30.0
11.0
98.0
6.0
41.0
21.0
-81.0
66.0
-64.0
-52.0
66.0
-151.0
-103.0
-34.0
-52.0
-18.0
1.0
15.0
64.0
-40.0
62.0
70.0
-63.0
146.0
5.0
-8.0
-2.0
-30.0
85.0
10.0
-2.0
93.0
46.0
-61.0
91.0
-3.0
90.0
82.0
22.0
95.0
29.0
4.0
62.0
-118.0
-25.0
-26.0
-121.0
7.0
-32.0
-69.0
9.0
-95.0
-36.0
26.0
-23.0
77.0
1.0
-23.0
17.0
-92.0
-67.0
-14.0
-108.0
-24.0
-59.0
-30.0
20.0
-59.0
35.0
54.0
-50.0
47.0
-78.0
-119.0
-40.0
-135.0
-101.0
-120.0
-171.0
-58.0
-88.0
-81.0
-12.0
-99.0
-37.0
52.0
-37.0
77.0
-5.0
-35.0
64.0
-30.0
-31.0
38.0
-146.0
43.0
-55.0
23.0
69.0
-45.0
20.0
89.0
-57.0
-12.0
-13.0
-31.0
42.0
-10.0
45.0
-26.0
-59.0
-41.0
-54.0
-27.0
-2.0
-20.0
44.0
44.0
-20.0
141.0
-42.0
-29.0
27.0
-95.0
-2.0
-3.0
-42.0
-29.0
-14.0
-63.0
54.0
-95.0
-5.0
-20.0
29.0
30.0
-38.0
-140.0
-71.0
-159.0
-98.0
-46.0
-132.0
-15.0
-80.0
-56.0
17.0
-152.0
6.0
-36.0
-130.0
40.0
-44.0
-78.0
-60.0
-89.0
-47.0
-83.0
-157.0
-42.0
-99.0
-135.0
-53.0
-70.0
-15.0
22.0
18.0
-6.0
-9.0
-101.0
10.0
-119.0
-83.0
-45.0
-119.0
11.0
-66.0
-111.0
87.0
-98.0
14.0
46.0
-45.0
66.0
34.0
-43.0
-16.0
-67.0
-52.0
-73.0
-155.0
-29.0
-80.0
-86.0
59.0
-77.0
10.0
14.0
-86.0
-37.0
-71.0
-126.0
10.0
-92.0
-55.0
-34.0
-134.0
-12.0
-50.0
-98.0
48.0
-10.0
76.0
14.0
-10.0
36.0
-40.0
-70.0
-32.0
-139.0
4.0
22.0
-40.0
52.0
26.0
23.0
161.0
45.0
80.0
67.0
-42.0
93.0
16.0
-5.0
77.0
22.0
68.0
99.0
8.0
135.0
28.0
129.0
167.0
-17.0
60.0
43.0
-36.0
52.0
-39.0
41.0
60.0
6.0
147.0
42.0
42.0
174.0
120.0
89.0
196.0
65.0
69.0
68.0
-58.0
129.0
21.0
84.0
97.0
15.0
80.0
131.0
51.0
86.0
87.0
121.0
178.0
17.0
73.0
47.0
-19.0
84.0
22.0
6.0
69.0
-46.0
12.0
103.0
72.0
92.0
87.0
10.0
130.0
-35.0
7.0
73.0
-48.0
109.0
-21.0
5.0
97.0
17.0
80.0
86.0
17.0
117.0
58.0
92.0
56.0
16.0
84.0
106.0
-28.0
86.0
-41.0
12.0
40.0
-46.0
30.0
75.0
-30.0
85.0
35.0
36.0
56.0
-38.0
30.0
-18.0
-16.0
70.0
-39.0
34.0
93.0
8.0
2.0
68.0
-18.0
41.0
37.0
13.0
74.0
-23.0
15.0
26.0
-49.0
59.0
15.0
16.0
50.0
5.0
60.0
74.0
-30.0
-83.0
46.0
-31.0
6.0
-41.0
33.0
74.0
-39.0
45.0
34.0
-66.0
80.0
-20.0
25.0
38.0
-65.0
107.0
-5.0
11.0
101.0
-72.0
28.0
23.0
-21.0
38.0
-15.0
5.0
33.0
-57.0
8.0
25.0
-4.0
78.0
-12.0
-10.0
71.0
-108.0
33.0
10.0
-71.0
50.0
-132.0
-44.0
32.0
-47.0
48.0
36.0
-48.0
71.0
-46.0
-77.0
-96.0
-111.0
-43.0
-36.0
-101.0
-28.0
-164.0
-92.0
-4.0
-148.0
-43.0
1.0
-73.0
46.0
-52.0
-72.0
23.0
-112.0
-55.0
-15.0
-118.0
-16.0
-71.0
-125.0
-12.0
-148.0
-107.0
-84.0
-122.0
-87.0
-95.0
-66.0
63.0
-65.0
-27.0
4.0
-69.0
5.0
-13.0
36.0
67.0
-6.0
107.0
77.0
-43.0
121.0
-8.0
79.0
116.0
71.0
98.0
69.0
22.0
79.0
21.0
33.0
81.0
-26.0
39.0
69.0
-4.0
61.0
-5.0
68.0
66.0
-1.0
58.0
48.0
-53.0
119.0
-4.0
8.0
32.0
-74.0
-59.0
29.0
-40.0
121.0
-28.0
17.0
95.0
75.0
69.0
93.0
-5.0
119.0
40.0
20.0
99.0
-51.0
55.0
16.0
-23.0
91.0
-44.0
64.0
78.0
29.0
118.0
114.0
11.0
148.0
18.0
18.0
76.0
-20.0
30.0
70.0
30.0
78.0
5.0
18.0
93.0
1.0
57.0
37.0
61.0
122.0
89.0
8.0
65.0
-48.0
42.0
47.0
-86.0
89.0
-30.0
23.0
110.0
-39.0
67.0
54.0
-46.0
129.0
-18.0
-10.0
97.0
-26.0
-11.0
28.0
-52.0
43.0
1.0
-1.0
85.0
8.0
72.0
131.0
36.0
87.0
-13.0
27.0
44.0
-35.0
39.0
-26.0
-6.0
119.0
2.0
22.0
99.0
-50.0
48.0
37.0
-64.0
108.0
-46.0
-51.0
-15.0
-62.0
20.0
23.0
-27.0
58.0
9.0
2.0
49.0
-32.0
2.0
-38.0
-18.0
25.0
-34.0
-81.0
5.0
-136.0
-18.0
-45.0
-105.0
17.0
-39.0
1.0
-29.0
-135.0
11.0
-50.0
-82.0
-29.0
-113.0
-64.0
33.0
-121.0
-36.0
-86.0
-112.0
-41.0
-50.0
-25.0
19.0
-56.0
53.0
24.0
-8.0
68.0
-68.0
-6.0
5.0
-125.0
-74.0
-58.0
-141.0
-94.0
-114.0
-53.0
-9.0
-64.0
-6.0
25.0
-67.0
52.0
-55.0
11.0
21.0
-45.0
30.0
-28.0
-68.0
69.0
-34.0
14.0
91.0
-54.0
73.0
43.0
-61.0
42.0
-3.0
-105.0
-1.0
-84.0
14.0
26.0
-44.0
54.0
-31.0
-3.0
24.0
-27.0
19.0
13.0
-56.0
-8.0
-64.0
-26.0
69.0
-76.0
5.0
-23.0
-110.0
12.0
-72.0
-33.0
6.0
-122.0
-80.0
-84.0
-128.0
-96.0
-74.0
-104.0
21.0
-135.0
21.0
-29.0
-88.0
21.0
-101.0
-81.0
-16.0
-131.0
-129.0
-115.0
-122.0
5.0
-99.0
-80.0
-21.0
-90.0
-54.0
-56.0
-103.0
-3.0
-79.0
-44.0
-17.0
-129.0
-3.0
-99.0
-73.0
-53.0
-76.0
-80.0
-60.0
-120.0
-56.0
14.0
-190.0
23.0
-119.0
-120.0
-101.0
-232.0
-83.0
-110.0
-161.0
-105.0
-128.0
-145.0
-14.0
-162.0
-96.0
-118.0
-148.0
-60.0
-192.0
-163.0
-109.0
-192.0
-49.0
-69.0
-166.0
-56.0
-99.0
-120.0
-103.0
-130.0
-81.0
-116.0
-173.0
-78.0
-175.0
-79.0
-18.0
-206.0
-106.0
-63.0
-184.0
-80.0
-175.0
-192.0
-128.0
-215.0
-181.0
-139.0
-176.0
-75.0
-182.0
-110.0
-73.0
-230.0
-196.0
-169.0
-230.0
-170.0
-227.0
-196.0
-216.0
-256.0
-103.0
-65.0
-171.0
-39.0
-160.0
-150.0
-94.0
-208.0
-111.0
-125.0
-188.0
-82.0
-153.0
-124.0
-35.0
-124.0
-80.0
-51.0
-167.0
-42.0
-131.0
-127.0
-59.0
-124.0
-61.0
-75.0
-197.0
27.0
-84.0
-119.0
-51.0
-134.0
-72.0
-54.0
-134.0
-4.0
-161.0
-55.0
-2.0
-107.0
-8.0
-58.0
-145.0
6.0
-101.0
-121.0
-13.0
-127.0
-39.0
-53.0
-129.0
24.0
-36.0
-58.0
10.0
-77.0
-41.0
-44.0
-86.0
-24.0
-55.0
-61.0
-27.0
-58.0
26.0
-21.0
-44.0
51.0
-81.0
-41.0
52.0
-46.0
-39.0
-37.0
-120.0
-33.0
-74.0
-56.0
-52.0
-125.0
1.0
-78.0
-71.0
8.0
-80.0
18.0
67.0
-46.0
25.0
-22.0
-67.0
18.0
-49.0
-60.0
42.0
-97.0
-13.0
-21.0
-8.0
33.0
-11.0
61.0
99.0
-32.0
118.0
134.0
35.0
147.0
42.0
1.0
46.0
-80.0
-1.0
57.0
-69.0
51.0
-82.0
-88.0
78.0
-69.0
30.0
96.0
-28.0
93.0
-10.0
-2.0
52.0
-116.0
-23.0
31.0
-88.0
81.0
-23.0
3.0
22.0
-41.0
40.0
39.0
-56.0
50.0
5.0
27.0
74.0
10.0
109.0
104.0
-35.0
71.0
23.0
-1.0
65.0
-40.0
-7.0
49.0
-146.0
54.0
-76.0
48.0
77.0
-16.0
138.0
93.0
22.0
125.0
40.0
20.0
46.0
15.0
69.0
-4.0
7.0
69.0
62.0
54.0
143.0
31.0
125.0
51.0
-8.0
96.0
-8.0
27.0
71.0
82.0
116.0
82.0
44.0
45.0
71.0
72.0
123.0
13.0
115.0
37.0
-5.0
102.0
21.0
98.0
161.0
-19.0
89.0
100.0
-51.0
35.0
-69.0
14.0
71.0
-69.0
89.0
25.0
56.0
87.0
15.0
-13.0
95.0
-23.0
27.0
15.0
-22.0
69.0
-35.0
49.0
69.0
-54.0
47.0
1.0
-90.0
58.0
2.0
-14.0
25.0
2.0
77.0
74.0
16.0
72.0
18.0
13.0
109.0
10.0
63.0
60.0
27.0
163.0
29.0
46.0
73.0
-15.0
3.0
-7.0
-12.0
108.0
-10.0
16.0
73.0
-8.0
71.0
31.0
-64.0
103.0
-30.0
23.0
64.0
36.0
41.0
73.0
-74.0
52.0
-45.0
0.0
52.0
-23.0
50.0
-2.0
-30.0
4.0
26.0
-35.0
89.0
-7.0
81.0
93.0
20.0
88.0
30.0
17.0
51.0
-11.0
-12.0
20.0
-61.0
72.0
46.0
-16.0
29.0
-53.0
40.0
75.0
-2.0
43.0
-80.0
-23.0
48.0
-77.0
63.0
61.0
-50.0
118.0
3.0
35.0
139.0
-12.0
95.0
58.0
34.0
123.0
60.0
72.0
113.0
32.0
64.0
118.0
6.0
73.0
22.0
-14.0
59.0
-37.0
64.0
91.0
21.0
156.0
31.0
91.0
137.0
58.0
86.0
93.0
28.0
190.0
37.0
85.0
96.0
14.0
51.0
95.0
23.0
176.0
108.0
128.0
136.0
64.0
107.0
109.0
48.0
110.0
3.0
71.0
32.0
10.0
62.0
83.0
3.0
140.0
123.0
61.0
130.0
81.0
134.0
62.0
66.0
158.0
51.0
107.0
145.0
16.0
106.0
92.0
-3.0
126.0
-2.0
103.0
135.0
16.0
212.0
107.0
79.0
185.0
65.0
63.0
149.0
-2.0
139.0
108.0
23.0
134.0
56.0
119.0
180.0
45.0
92.0
140.0
64.0
165.0
76.0
126.0
101.0
30.0
90.0
-4.0
-42.0
77.0
-20.0
4.0
69.0
-30.0
62.0
73.0
-32.0
61.0
-2.0
89.0
38.0
58.0
69.0
41.0
-34.0
56.0
-57.0
-36.0
87.0
-34.0
22.0
19.0
-23.0
50.0
-1.0
-83.0
72.0
-76.0
52.0
-13.0
-13.0
76.0
-16.0
25.0
96.0
-17.0
46.0
42.0
-3.0
116.0
6.0
42.0
60.0
13.0
20.0
4.0
-59.0
164.0
35.0
68.0
85.0
-20.0
120.0
74.0
75.0
112.0
39.0
-19.0
47.0
-2.0
88.0
35.0
-29.0
102.0
-29.0
33.0
114.0
-103.0
90.0
95.0
21.0
74.0
-20.0
2.0
37.0
-59.0
50.0
40.0
-23.0
90.0
74.0
78.0
154.0
29.0
153.0
104.0
7.0
144.0
16.0
7.0
64.0
-12.0
78.0
64.0
2.0
102.0
42.0
-8.0
167.0
67.0
143.0
90.0
67.0
87.0
58.0
68.0
159.0
21.0
71.0
75.0
74.0
125.0
95.0
147.0
168.0
53.0
137.0
54.0
12.0
105.0
4.0
4.0
86.0
81.0
181.0
165.0
89.0
235.0
132.0
145.0
247.0
27.0
86.0
68.0
30.0
133.0
76.0
72.0
198.0
148.0
198.0
229.0
130.0
237.0
140.0
153.0
166.0
45.0
120.0
102.0
57.0
133.0
112.0
161.0
250.0
109.0
191.0
163.0
104.0
201.0
83.0
98.0
203.0
69.0
153.0
104.0
18.0
188.0
145.0
173.0
186.0
150.0
135.0
234.0
159.0
279.0
203.0
195.0
216.0
55.0
89.0
78.0
62.0
123.0
45.0
22.0
131.0
21.0
156.0
73.0
58.0
181.0
97.0
123.0
142.0
35.0
108.0
43.0
-12.0
89.0
-31.0
29.0
43.0
-8.0
68.0
91.0
41.0
116.0
38.0
49.0
160.0
95.0
91.0
76.0
-8.0
156.0
44.0
69.0
125.0
-41.0
109.0
99.0
39.0
188.0
32.0
140.0
132.0
-37.0
31.0
51.0
58.0
173.0
106.0
107.0
225.0
74.0
195.0
183.0
95.0
219.0
129.0
46.0
81.0
23.0
92.0
71.0
-21.0
129.0
21.0
43.0
86.0
31.0
119.0
91.0
49.0
194.0
60.0
33.0
76.0
-52.0
39.0
81.0
-17.0
97.0
-2.0
-10.0
97.0
-15.0
130.0
150.0
78.0
165.0
63.0
97.0
135.0
-33.0
34.0
13.0
-14.0
92.0
52.0
60.0
140.0
39.0
101.0
72.0
-5.0
49.0
-30.0
-13.0
47.0
-53.0
82.0
52.0
30.0
144.0
31.0
23.0
112.0
-6.0
81.0
51.0
-31.0
79.0
-29.0
41.0
68.0
3.0
-22.0
15.0
-11.0
112.0
14.0
-4.0
143.0
-29.0
1.0
17.0
4.0
78.0
-32.0
23.0
77.0
46.0
53.0
117.0
37.0
128.0
77.0
34.0
97.0
-20.0
73.0
-10.0
-47.0
83.0
-12.0
6.0
164.0
56.0
131.0
72.0
39.0
116.0
25.0
38.0
138.0
-11.0
34.0
-19.0
-89.0
26.0
-27.0
73.0
74.0
-12.0
72.0
24.0
-48.0
79.0
-31.0
-53.0
49.0
-28.0
50.0
35.0
42.0
103.0
33.0
-12.0
96.0
-62.0
17.0
79.0
-21.0
136.0
24.0
4.0
59.0
6.0
109.0
44.0
4.0
140.0
46.0
86.0
105.0
44.0
74.0
133.0
16.0
122.0
-17.0
-4.0
5.0
14.0
33.0
86.0
-8.0
20.0
37.0
70.0
108.0
-45.0
108.0
27.0
-67.0
49.0
8.0
43.0
110.0
29.0
134.0
56.0
69.0
164.0
87.0
165.0
173.0
7.0
93.0
0.0
-26.0
37.0
-24.0
22.0
83.0
19.0
83.0
97.0
12.0
157.0
78.0
161.0
129.0
79.0
102.0
89.0
-35.0
142.0
30.0
44.0
119.0
-17.0
113.0
91.0
51.0
122.0
77.0
67.0
118.0
45.0
106.0
90.0
1.0
103.0
-16.0
-5.0
136.0
7.0
134.0
39.0
44.0
73.0
31.0
33.0
102.0
15.0
99.0
27.0
-23.0
32.0
15.0
21.0
80.0
-3.0
96.0
77.0
9.0
149.0
-1.0
74.0
98.0
-64.0
41.0
46.0
-48.0
45.0
-10.0
19.0
53.0
-64.0
58.0
34.0
-14.0
95.0
58.0
54.0
155.0
-24.0
-9.0
-12.0
-126.0
36.0
-68.0
-4.0
68.0
7.0
92.0
72.0
45.0
145.0
41.0
29.0
114.0
-37.0
62.0
59.0
-88.0
89.0
-65.0
55.0
75.0
34.0
74.0
156.0
58.0
151.0
102.0
103.0
195.0
12.0
125.0
108.0
-22.0
117.0
29.0
53.0
134.0
-20.0
144.0
153.0
108.0
191.0
88.0
97.0
142.0
117.0
103.0
102.0
50.0
140.0
-14.0
37.0
64.0
23.0
88.0
71.0
53.0
137.0
59.0
78.0
111.0
7.0
59.0
-12.0
-33.0
15.0
-3.0
-39.0
33.0
-76.0
51.0
56.0
-8.0
97.0
-37.0
34.0
50.0
1.0
65.0
33.0
12.0
98.0
59.0
69.0
108.0
21.0
112.0
92.0
-4.0
66.0
2.0
24.0
74.0
15.0
52.0
-2.0
14.0
98.0
32.0
-21.0
153.0
-46.0
79.0
48.0
3.0
59.0
-20.0
54.0
72.0
-29.0
59.0
40.0
3.0
53.0
5.0
51.0
92.0
-21.0
37.0
32.0
-16.0
33.0
-109.0
-68.0
63.0
-53.0
3.0
-66.0
-102.0
46.0
-3.0
-1.0
59.0
-22.0
98.0
25.0
30.0
128.0
41.0
50.0
97.0
-24.0
74.0
99.0
4.0
145.0
21.0
81.0
128.0
67.0
196.0
138.0
82.0
213.0
49.0
156.0
247.0
42.0
109.0
61.0
37.0
129.0
34.0
5.0
127.0
5.0
144.0
108.0
37.0
91.0
103.0
140.0
85.0
33.0
186.0
109.0
159.0
149.0
84.0
87.0
139.0
81.0
105.0
49.0
56.0
124.0
49.0
78.0
143.0
49.0
130.0
115.0
54.0
156.0
103.0
33.0
139.0
36.0
63.0
126.0
24.0
91.0
73.0
125.0
155.0
42.0
174.0
172.0
86.0
222.0
74.0
146.0
188.0
73.0
183.0
135.0
60.0
225.0
119.0
160.0
204.0
162.0
167.0
200.0
140.0
203.0
174.0
137.0
152.0
64.0
169.0
94.0
71.0
155.0
106.0
115.0
197.0
56.0
186.0
172.0
44.0
117.0
41.0
40.0
43.0
9.0
-2.0
10.0
-13.0
99.0
55.0
84.0
124.0
-4.0
183.0
102.0
24.0
83.0
1.0
34.0
86.0
45.0
86.0
79.0
19.0
98.0
29.0
113.0
134.0
30.0
98.0
172.0
78.0
204.0
53.0
98.0
118.0
41.0
22.0
77.0
-28.0
183.0
58.0
61.0
136.0
38.0
132.0
55.0
39.0
91.0
46.0
35.0
113.0
-18.0
119.0
53.0
65.0
184.0
60.0
137.0
192.0
32.0
146.0
126.0
63.0
192.0
77.0
92.0
120.0
15.0
58.0
87.0
15.0
128.0
119.0
117.0
203.0
109.0
93.0
119.0
68.0
111.0
54.0
57.0
149.0
48.0
86.0
76.0
33.0
128.0
63.0
143.0
190.0
78.0
149.0
101.0
108.0
158.0
77.0
124.0
127.0
40.0
123.0
60.0
11.0
86.0
62.0
73.0
154.0
43.0
138.0
120.0
100.0
138.0
58.0
84.0
100.0
23.0
104.0
39.0
26.0
76.0
11.0
64.0
144.0
23.0
89.0
73.0
-13.0
125.0
16.0
33.0
76.0
-22.0
120.0
49.0
27.0
93.0
48.0
107.0
108.0
-33.0
84.0
8.0
-31.0
87.0
-29.0
14.0
78.0
-12.0
57.0
-7.0
35.0
129.0
59.0
15.0
84.0
-24.0
72.0
25.0
-49.0
90.0
-11.0
0.0
30.0
-7.0
14.0
-14.0
-30.0
152.0
45.0
140.0
116.0
76.0
92.0
-2.0
50.0
77.0
-18.0
27.0
111.0
-6.0
146.0
67.0
31.0
126.0
-3.0
56.0
125.0
-6.0
95.0
55.0
7.0
73.0
1.0
-16.0
57.0
-23.0
24.0
69.0
-25.0
106.0
14.0
53.0
122.0
-24.0
103.0
119.0
-37.0
123.0
-17.0
16.0
40.0
-12.0
50.0
-18.0
44.0
108.0
14.0
89.0
119.0
31.0
116.0
102.0
52.0
114.0
78.0
68.0
86.0
6.0
136.0
118.0
5.0
118.0
39.0
34.0
105.0
74.0
151.0
146.0
61.0
177.0
150.0
88.0
133.0
15.0
100.0
49.0
37.0
158.0
105.0
90.0
153.0
100.0
190.0
185.0
78.0
136.0
-29.0
-5.0
57.0
-26.0
65.0
67.0
39.0
178.0
69.0
53.0
250.0
127.0
190.0
193.0
85.0
158.0
32.0
14.0
40.0
-35.0
55.0
7.0
-12.0
135.0
131.0
120.0
122.0
61.0
132.0
161.0
102.0
168.0
139.0
121.0
148.0
26.0
183.0
126.0
106.0
176.0
94.0
161.0
174.0
69.0
139.0
132.0
117.0
222.0
163.0
121.0
164.0
98.0
180.0
121.0
81.0
186.0
192.0
154.0
218.0
75.0
133.0
60.0
56.0
191.0
109.0
109.0
101.0
89.0
191.0
116.0
104.0
172.0
89.0
96.0
140.0
79.0
113.0
69.0
53.0
183.0
72.0
84.0
152.0
60.0
162.0
145.0
90.0
205.0
93.0
147.0
114.0
77.0
203.0
190.0
98.0
180.0
59.0
130.0
153.0
80.0
155.0
163.0
64.0
159.0
94.0
98.0
163.0
52.0
120.0
115.0
46.0
131.0
19.0
46.0
156.0
48.0
167.0
113.0
66.0
116.0
60.0
58.0
141.0
38.0
141.0
83.0
97.0
209.0
129.0
149.0
133.0
81.0
131.0
122.0
27.0
109.0
40.0
55.0
98.0
-16.0
53.0
127.0
128.0
160.0
93.0
139.0
123.0
33.0
120.0
51.0
-3.0
52.0
45.0
50.0
177.0
77.0
132.0
126.0
45.0
118.0
46.0
48.0
88.0
34.0
27.0
59.0
-39.0
70.0
-37.0
72.0
131.0
22.0
87.0
114.0
104.0
192.0
76.0
21.0
118.0
-81.0
62.0
68.0
-10.0
71.0
4.0
51.0
137.0
-21.0
28.0
65.0
15.0
146.0
10.0
41.0
110.0
2.0
69.0
59.0
-37.0
59.0
-9.0
-7.0
26.0
-27.0
17.0
55.0
72.0
81.0
48.0
43.0
120.0
-25.0
97.0
37.0
-48.0
64.0
-24.0
-15.0
37.0
-68.0
57.0
23.0
25.0
-18.0
16.0
43.0
63.0
-36.0
78.0
35.0
-35.0
46.0
-11.0
-25.0
116.0
-6.0
128.0
24.0
-28.0
90.0
18.0
35.0
166.0
22.0
179.0
82.0
5.0
110.0
45.0
58.0
125.0
44.0
88.0
62.0
39.0
113.0
-16.0
36.0
91.0
103.0
162.0
74.0
23.0
88.0
5.0
-2.0
149.0
36.0
100.0
116.0
29.0
150.0
160.0
162.0
168.0
46.0
107.0
101.0
51.0
143.0
17.0
75.0
173.0
15.0
159.0
111.0
64.0
158.0
176.0
153.0
163.0
124.0
194.0
195.0
59.0
183.0
148.0
79.0
171.0
70.0
219.0
184.0
162.0
201.0
110.0
96.0
210.0
98.0
204.0
143.0
90.0
128.0
96.0
108.0
197.0
102.0
187.0
176.0
101.0
213.0
65.0
85.0
138.0
29.0
98.0
113.0
71.0
139.0
-2.0
120.0
81.0
10.0
78.0
102.0
-22.0
89.0
26.0
48.0
51.0
-9.0
128.0
34.0
-6.0
56.0
20.0
114.0
161.0
37.0
165.0
95.0
40.0
89.0
30.0
13.0
126.0
2.0
120.0
126.0
58.0
175.0
54.0
115.0
115.0
-40.0
93.0
55.0
21.0
84.0
31.0
36.0
80.0
-10.0
142.0
55.0
-16.0
74.0
7.0
81.0
108.0
48.0
134.0
21.0
-50.0
107.0
22.0
104.0
159.0
31.0
108.0
32.0
-69.0
106.0
-59.0
87.0
135.0
22.0
170.0
107.0
18.0
159.0
82.0
76.0
188.0
42.0
118.0
97.0
7.0
117.0
58.0
74.0
103.0
-10.0
103.0
67.0
0.0
93.0
35.0
90.0
88.0
-32.0
58.0
47.0
-6.0
81.0
-31.0
31.0
72.0
-22.0
82.0
40.0
35.0
122.0
-24.0
26.0
127.0
9.0
74.0
46.0
-19.0
77.0
-37.0
19.0
73.0
-45.0
41.0
-16.0
-103.0
78.0
-54.0
-56.0
33.0
-127.0
-39.0
-29.0
-99.0
10.0
4.0
-40.0
-49.0
-41.0
14.0
-54.0
-121.0
-41.0
-124.0
-64.0
-37.0
-97.0
-31.0
-70.0
-111.0
-20.0
-158.0
-54.0
-73.0
-100.0
-53.0
-62.0
-110.0
-64.0
-103.0
-108.0
-59.0
-180.0
-80.0
-84.0
-145.0
-37.0
-136.0
-81.0
-70.0
-131.0
-24.0
-17.0
-138.0
-8.0
-93.0
-80.0
-26.0
-162.0
-45.0
-84.0
-104.0
0.0
-74.0
-47.0
-26.0
-130.0
-21.0
-47.0
-141.0
-42.0
-130.0
-116.0
-59.0
-167.0
-87.0
-116.0
-185.0
-57.0
-152.0
-127.0
-59.0
-106.0
-69.0
-105.0
-128.0
-56.0
-143.0
-125.0
-72.0
-152.0
-97.0
-86.0
-125.0
-29.0
-85.0
-101.0
-12.0
-126.0
-36.0
-54.0
-78.0
-3.0
-152.0
-87.0
-71.0
-73.0
-62.0
-61.0
-131.0
-4.0
-89.0
-30.0
-71.0
-114.0
-16.0
-44.0
-112.0
-17.0
-114.0
-85.0
-23.0
-129.0
-27.0
-49.0
-109.0
36.0
-31.0
-26.0
-22.0
-68.0
6.0
-57.0
-103.0
-46.0
-166.0
-110.0
-67.0
-142.0
-26.0
-55.0
-115.0
53.0
-65.0
-30.0
-47.0
-138.0
-96.0
-124.0
-272.0
-72.0
-134.0
-121.0
-114.0
-239.0
-125.0
-130.0
-146.0
-123.0
-197.0
-167.0
-47.0
-140.0
-107.0
-96.0
-147.0
-46.0
-103.0
-116.0
-41.0
-165.0
8.0
-43.0
-137.0
-1.0
-101.0
-89.0
-36.0
-121.0
-60.0
-43.0
-136.0
62.0
-70.0
-10.0
13.0
-29.0
29.0
-60.0
-38.0
67.0
5.0
33.0
83.0
-47.0
34.0
45.0
17.0
93.0
-6.0
35.0
19.0
-77.0
39.0
78.0
-29.0
127.0
-62.0
43.0
91.0
-38.0
43.0
-1.0
16.0
123.0
89.0
91.0
130.0
20.0
82.0
130.0
35.0
194.0
39.0
70.0
171.0
-11.0
124.0
79.0
19.0
172.0
1.0
110.0
175.0
135.0
223.0
128.0
119.0
141.0
71.0
89.0
161.0
101.0
106.0
86.0
41.0
222.0
72.0
96.0
155.0
63.0
252.0
132.0
97.0
213.0
39.0
78.0
66.0
-6.0
68.0
22.0
-17.0
70.0
8.0
23.0
134.0
15.0
163.0
120.0
32.0
124.0
21.0
62.0
56.0
24.0
22.0
100.0
52.0
111.0
84.0
58.0
144.0
-11.0
60.0
84.0
16.0
131.0
31.0
6.0
40.0
15.0
82.0
48.0
4.0
137.0
-3.0
21.0
127.0
20.0
114.0
39.0
-40.0
51.0
-46.0
-39.0
93.0
38.0
72.0
6.0
28.0
137.0
68.0
69.0
137.0
54.0
134.0
51.0
43.0
117.0
60.0
46.0
97.0
-7.0
88.0
55.0
-13.0
131.0
86.0
98.0
209.0
131.0
201.0
184.0
122.0
178.0
72.0
151.0
172.0
27.0
145.0
121.0
41.0
175.0
61.0
91.0
149.0
67.0
108.0
148.0
78.0
202.0
86.0
110.0
136.0
91.0
161.0
134.0
24.0
159.0
60.0
98.0
200.0
45.0
118.0
144.0
109.0
259.0
143.0
125.0
227.0
129.0
141.0
127.0
108.0
192.0
109.0
89.0
143.0
66.0
164.0
118.0
60.0
175.0
127.0
125.0
225.0
42.0
222.0
196.0
136.0
193.0
136.0
146.0
221.0
123.0
146.0
143.0
98.0
259.0
121.0
193.0
214.0
144.0
273.0
181.0
184.0
242.0
202.0
239.0
232.0
167.0
250.0
205.0
162.0
275.0
268.0
252.0
288.0
228.0
227.0
233.0
147.0
212.0
162.0
157.0
181.0
147.0
220.0
176.0
161.0
290.0
117.0
186.0
258.0
121.0
233.0
184.0
97.0
206.0
134.0
97.0
201.0
111.0
196.0
212.0
140.0
204.0
110.0
159.0
224.0
199.0
279.0
117.0
203.0
243.0
143.0
204.0
222.0
115.0
220.0
251.0
145.0
281.0
180.0
259.0
194.0
177.0
241.0
233.0
91.0
286.0
135.0
269.0
293.0
150.0
271.0
204.0
182.0
276.0
221.0
186.0
277.0
138.0
251.0
223.0
149.0
242.0
199.0
175.0
247.0
162.0
273.0
201.0
163.0
312.0
167.0
215.0
229.0
118.0
231.0
199.0
127.0
240.0
127.0
156.0
265.0
143.0
266.0
221.0
181.0
304.0
175.0
134.0
278.0
96.0
220.0
224.0
154.0
251.0
153.0
304.0
340.0
208.0
312.0
324.0
222.0
292.0
189.0
227.0
249.0
156.0
275.0
224.0
182.0
321.0
211.0
250.0
364.0
222.0
296.0
318.0
224.0
280.0
158.0
158.0
272.0
152.0
244.0
211.0
233.0
279.0
257.0
276.0
288.0
275.0
251.0
307.0
245.0
379.0
190.0
285.0
221.0
175.0
187.0
175.0
195.0
246.0
183.0
286.0
302.0
248.0
274.0
273.0
206.0
286.0
176.0
205.0
132.0
100.0
194.0
167.0
192.0
271.0
220.0
265.0
340.0
177.0
283.0
272.0
174.0
300.0
212.0
194.0
210.0
216.0
284.0
232.0
202.0
325.0
215.0
267.0
306.0
168.0
284.0
288.0
265.0
296.0
204.0
266.0
221.0
232.0
240.0
272.0
253.0
343.0
182.0
212.0
246.0
164.0
222.0
193.0
215.0
312.0
218.0
251.0
277.0
198.0
299.0
257.0
194.0
322.0
262.0
246.0
262.0
156.0
235.0
216.0
191.0
222.0
154.0
238.0
304.0
195.0
286.0
418.0
312.0
341.0
252.0
169.0
298.0
127.0
256.0
185.0
159.0
272.0
209.0
203.0
380.0
197.0
348.0
298.0
210.0
333.0
242.0
228.0
337.0
215.0
256.0
252.0
217.0
280.0
178.0
210.0
307.0
172.0
287.0
234.0
188.0
287.0
134.0
219.0
262.0
187.0
232.0
301.0
146.0
315.0
208.0
237.0
251.0
103.0
234.0
145.0
185.0
227.0
117.0
185.0
261.0
193.0
222.0
231.0
179.0
225.0
106.0
135.0
164.0
53.0
222.0
121.0
102.0
206.0
156.0
163.0
237.0
116.0
196.0
163.0
64.0
233.0
97.0
97.0
159.0
75.0
198.0
145.0
166.0
291.0
138.0
219.0
297.0
154.0
246.0
146.0
113.0
206.0
157.0
178.0
210.0
170.0
167.0
210.0
164.0
283.0
180.0
224.0
241.0
148.0
202.0
193.0
103.0
245.0
177.0
211.0
270.0
177.0
279.0
215.0
190.0
296.0
173.0
258.0
283.0
154.0
244.0
210.0
157.0
249.0
287.0
237.0
336.0
183.0
319.0
226.0
219.0
261.0
130.0
153.0
252.0
165.0
216.0
253.0
197.0
297.0
190.0
278.0
261.0
168.0
228.0
183.0
179.0
270.0
197.0
156.0
285.0
143.0
262.0
206.0
153.0
272.0
161.0
203.0
239.0
67.0
216.0
161.0
97.0
171.0
85.0
174.0
230.0
111.0
234.0
241.0
166.0
361.0
173.0
169.0
196.0
140.0
182.0
117.0
204.0
212.0
130.0
135.0
194.0
74.0
224.0
181.0
114.0
241.0
152.0
136.0
131.0
38.0
97.0
91.0
67.0
143.0
49.0
90.0
138.0
46.0
122.0
73.0
100.0
110.0
125.0
86.0
189.0
36.0
113.0
71.0
50.0
109.0
21.0
65.0
60.0
17.0
142.0
82.0
41.0
139.0
68.0
134.0
80.0
9.0
128.0
-11.0
-70.0
41.0
-2.0
106.0
139.0
56.0
99.0
79.0
40.0
89.0
7.0
86.0
136.0
7.0
77.0
92.0
26.0
107.0
59.0
91.0
86.0
67.0
146.0
81.0
95.0
192.0
52.0
88.0
91.0
11.0
51.0
29.0
2.0
83.0
42.0
104.0
154.0
17.0
96.0
99.0
48.0
147.0
-3.0
56.0
107.0
-10.0
56.0
42.0
46.0
159.0
11.0
80.0
111.0
-12.0
96.0
44.0
-23.0
62.0
61.0
-7.0
84.0
-11.0
21.0
34.0
-72.0
43.0
-15.0
36.0
4.0
-24.0
27.0
22.0
-60.0
86.0
-41.0
107.0
75.0
33.0
78.0
48.0
7.0
61.0
15.0
59.0
63.0
-44.0
34.0
10.0
29.0
83.0
-54.0
5.0
54.0
-78.0
50.0
24.0
22.0
47.0
-70.0
50.0
-13.0
-40.0
34.0
-13.0
-29.0
61.0
-27.0
4.0
37.0
-37.0
2.0
-25.0
-33.0
69.0
8.0
30.0
40.0
-51.0
39.0
-155.0
5.0
41.0
25.0
43.0
36.0
-51.0
36.0
61.0
17.0
73.0
34.0
16.0
-47.0
-69.0
43.0
31.0
-18.0
90.0
-67.0
62.0
79.0
-23.0
26.0
-13.0
87.0
88.0
-27.0
58.0
98.0
3.0
125.0
69.0
58.0
124.0
45.0
95.0
149.0
-6.0
51.0
24.0
30.0
93.0
-53.0
27.0
82.0
34.0
133.0
83.0
-7.0
48.0
32.0
48.0
55.0
-38.0
65.0
64.0
6.0
111.0
24.0
56.0
79.0
21.0
78.0
-14.0
-67.0
109.0
-49.0
39.0
87.0
-14.0
64.0
-2.0
-63.0
3.0
5.0
-33.0
-40.0
-90.0
-43.0
41.0
-79.0
59.0
-31.0
32.0
10.0
-7.0
51.0
-15.0
-52.0
64.0
-76.0
-6.0
10.0
-98.0
32.0
-26.0
-57.0
-10.0
-100.0
-71.0
-46.0
-102.0
44.0
-7.0
-21.0
62.0
-34.0
7.0
48.0
-23.0
82.0
-16.0
-65.0
49.0
-103.0
-26.0
-54.0
-94.0
3.0
-62.0
-11.0
82.0
-11.0
15.0
34.0
-54.0
-19.0
-43.0
-127.0
-11.0
-81.0
-24.0
-1.0
-110.0
21.0
-93.0
-39.0
72.0
20.0
21.0
29.0
-94.0
20.0
-87.0
-99.0
-13.0
-64.0
4.0
68.0
-56.0
83.0
-59.0
-43.0
40.0
5.0
12.0
129.0
-28.0
87.0
23.0
-19.0
70.0
-40.0
109.0
111.0
35.0
127.0
100.0
-8.0
116.0
-44.0
98.0
63.0
-23.0
98.0
90.0
-5.0
165.0
62.0
126.0
170.0
27.0
101.0
33.0
26.0
86.0
-17.0
49.0
47.0
-52.0
140.0
93.0
42.0
84.0
62.0
47.0
4.0
-70.0
66.0
-6.0
-58.0
126.0
-8.0
37.0
20.0
-10.0
115.0
81.0
-1.0
82.0
49.0
-2.0
36.0
-79.0
50.0
14.0
17.0
118.0
32.0
111.0
55.0
-5.0
53.0
129.0
25.0
58.0
48.0
23.0
108.0
-53.0
49.0
22.0
23.0
85.0
36.0
119.0
189.0
22.0
122.0
64.0
-10.0
36.0
-65.0
-61.0
-32.0
-86.0
-18.0
25.0
3.0
61.0
21.0
82.0
113.0
3.0
120.0
16.0
-72.0
10.0
-96.0
-57.0
-56.0
-78.0
-3.0
-39.0
-69.0
27.0
-32.0
15.0
90.0
-41.0
54.0
40.0
5.0
71.0
-12.0
-22.0
14.0
-115.0
-6.0
-134.0
-33.0
34.0
-60.0
11.0
31.0
-49.0
80.0
-7.0
-68.0
96.0
-32.0
-36.0
12.0
-71.0
34.0
11.0
-21.0
68.0
-84.0
-52.0
62.0
-75.0
97.0
3.0
-51.0
91.0
-9.0
0.0
49.0
-8.0
76.0
65.0
68.0
167.0
72.0
54.0
110.0
49.0
185.0
93.0
65.0
169.0
72.0
137.0
194.0
86.0
224.0
208.0
112.0
197.0
111.0
73.0
153.0
100.0
184.0
177.0
178.0
273.0
116.0
218.0
227.0
155.0
237.0
209.0
147.0
242.0
142.0
163.0
248.0
140.0
285.0
243.0
179.0
228.0
187.0
235.0
212.0
177.0
164.0
275.0
194.0
281.0
210.0
226.0
278.0
195.0
279.0
261.0
221.0
337.0
228.0
280.0
301.0
279.0
306.0
293.0
214.0
347.0
235.0
316.0
321.0
244.0
344.0
298.0
237.0
376.0
264.0
318.0
406.0
263.0
349.0
269.0
229.0
394.0
261.0
285.0
365.0
300.0
373.0
344.0
317.0
344.0
273.0
260.0
239.0
128.0
257.0
154.0
169.0
249.0
186.0
233.0
266.0
164.0
258.0
221.0
165.0
221.0
124.0
188.0
257.0
159.0
234.0
169.0
200.0
206.0
174.0
199.0
258.0
216.0
252.0
190.0
92.0
218.0
99.0
187.0
196.0
162.0
237.0
204.0
188.0
259.0
172.0
177.0
182.0
179.0
187.0
173.0
113.0
234.0
150.0
198.0
214.0
100.0
205.0
196.0
110.0
223.0
74.0
234.0
174.0
108.0
279.0
197.0
181.0
256.0
184.0
253.0
209.0
117.0
163.0
195.0
95.0
190.0
125.0
177.0
214.0
127.0
213.0
261.0
191.0
192.0
146.0
187.0
242.0
90.0
281.0
223.0
114.0
205.0
132.0
186.0
252.0
177.0
305.0
173.0
202.0
258.0
230.0
181.0
247.0
146.0
228.0
188.0
180.0
244.0
162.0
236.0
251.0
142.0
258.0
267.0
215.0
338.0
172.0
234.0
197.0
217.0
229.0
139.0
99.0
199.0
126.0
121.0
158.0
87.0
259.0
204.0
181.0
260.0
182.0
208.0
300.0
117.0
245.0
143.0
147.0
225.0
148.0
195.0
229.0
72.0
231.0
184.0
233.0
237.0
178.0
245.0
207.0
104.0
172.0
113.0
156.0
202.0
82.0
91.0
184.0
35.0
204.0
104.0
159.0
161.0
157.0
202.0
216.0
74.0
130.0
60.0
92.0
184.0
49.0
75.0
189.0
29.0
88.0
86.0
79.0
211.0
134.0
245.0
196.0
83.0
172.0
40.0
60.0
195.0
63.0
121.0
129.0
64.0
152.0
61.0
122.0
258.0
84.0
157.0
205.0
103.0
149.0
88.0
39.0
141.0
63.0
78.0
124.0
42.0
87.0
102.0
80.0
206.0
174.0
153.0
160.0
76.0
163.0
70.0
-10.0
123.0
5.0
39.0
146.0
30.0
79.0
76.0
62.0
209.0
93.0
180.0
105.0
-2.0
152.0
96.0
14.0
136.0
86.0
62.0
82.0
-3.0
107.0
41.0
30.0
146.0
41.0
30.0
90.0
-92.0
86.0
11.0
17.0
68.0
-17.0
52.0
26.0
-51.0
18.0
13.0
-48.0
69.0
-68.0
16.0
-9.0
23.0
75.0
52.0
-30.0
36.0
19.0
28.0
43.0
-53.0
72.0
73.0
6.0
139.0
53.0
84.0
61.0
55.0
103.0
-14.0
-31.0
36.0
-111.0
-27.0
53.0
-39.0
98.0
53.0
-49.0
36.0
-50.0
19.0
28.0
-32.0
31.0
-23.0
-56.0
5.0
-130.0
-90.0
-134.0
-128.0
-77.0
-103.0
-143.0
-7.0
-166.0
-78.0
-69.0
-99.0
-12.0
-29.0
-119.0
-53.0
-182.0
-51.0
-88.0
-178.0
-78.0
-116.0
-157.0
-14.0
-106.0
-97.0
-89.0
-116.0
5.0
-108.0
-151.0
-69.0
-143.0
-176.0
-87.0
-200.0
-26.0
-36.0
-81.0
18.0
-15.0
-104.0
-11.0
-133.0
-114.0
-178.0
-175.0
-76.0
-185.0
-138.0
-99.0
-199.0
-47.0
-64.0
-92.0
79.0
-5.0
-51.0
-46.0
-175.0
-115.0
-156.0
-231.0
-87.0
-131.0
-128.0
-83.0
-64.0
-43.0
-27.0
-109.0
-44.0
-62.0
-87.0
-2.0
-178.0
-118.0
-158.0
-200.0
-77.0
-164.0
-107.0
-36.0
-141.0
-32.0
-104.0
-70.0
-1.0
-190.0
-50.0
-65.0
-165.0
-92.0
-144.0
-150.0
-56.0
-142.0
-48.0
-37.0
-110.0
-13.0
-17.0
-131.0
-50.0
-82.0
-109.0
-19.0
-105.0
30.0
-119.0
-119.0
-90.0
-166.0
-78.0
-55.0
-117.0
14.0
-60.0
-114.0
-15.0
-169.0
-98.0
-62.0
-204.0
-18.0
-100.0
-195.0
-69.0
-134.0
-108.0
-46.0
-105.0
1.0
-143.0
-97.0
-80.0
-88.0
-70.0
-42.0
-160.0
-104.0
-156.0
-149.0
-115.0
-195.0
-96.0
-79.0
-153.0
-44.0
-43.0
-135.0
-58.0
-77.0
-148.0
-45.0
-137.0
-96.0
-85.0
-98.0
-49.0
-86.0
-151.0
-49.0
-150.0
7.0
-40.0
-83.0
-26.0
-188.0
-97.0
-24.0
-148.0
-48.0
-79.0
-137.0
5.0
-156.0
27.0
-16.0
-51.0
44.0
-55.0
-79.0
-43.0
-138.0
-108.0
-57.0
-176.0
-83.0
-215.0
-128.0
-39.0
-138.0
-78.0
-50.0
-206.0
-53.0
-126.0
-126.0
-109.0
-161.0
-124.0
-62.0
-184.0
-66.0
-157.0
-138.0
-45.0
-163.0
-131.0
-154.0
-300.0
-62.0
-172.0
-156.0
-150.0
-194.0
-121.0
-140.0
-169.0
-148.0
-175.0
-161.0
-102.0
-175.0
-143.0
-97.0
-190.0
-68.0
-146.0
-144.0
-117.0
-183.0
-117.0
-141.0
-216.0
-159.0
-149.0
-199.0
-100.0
-159.0
-95.0
-139.0
-174.0
-96.0
-106.0
-202.0
-42.0
-97.0
-51.0
-56.0
-142.0
-86.0
-145.0
-234.0
-181.0
-204.0
-200.0
-118.0
-212.0
-112.0
-143.0
-127.0
-92.0
-146.0
-102.0
-36.0
-191.0
-68.0
-124.0
-156.0
-96.0
-203.0
-128.0
-142.0
-203.0
-70.0
-114.0
-165.0
-55.0
-116.0
-121.0
-152.0
-103.0
-42.0
-106.0
-214.0
-99.0
-210.0
-133.0
-67.0
-160.0
-87.0
-88.0
-195.0
-88.0
-132.0
-80.0
-37.0
-147.0
-72.0
-147.0
-155.0
-39.0
-177.0
-97.0
-89.0
-181.0
-34.0
-167.0
-199.0
17.0
-93.0
-37.0
-10.0
-91.0
2.0
-55.0
-143.0
-142.0
-253.0
-211.0
-192.0
-198.0
-89.0
-46.0
-124.0
18.0
-63.0
-115.0
-92.0
-258.0
-164.0
-265.0
-262.0
-134.0
-200.0
-159.0
-108.0
-171.0
-45.0
-112.0
-116.0
58.0
-84.0
-38.0
-29.0
-164.0
-103.0
-87.0
-174.0
-164.0
-179.0
-158.0
-135.0
-180.0
-64.0
-46.0
-100.0
27.0
-9.0
-25.0
28.0
-59.0
41.0
-86.0
-109.0
-105.0
-115.0
-73.0
-56.0
-95.0
48.0
-41.0
3.0
48.0
-30.0
-45.0
34.0
-34.0
-12.0
-57.0
-141.0
-84.0
-178.0
-93.0
-26.0
-135.0
-28.0
-87.0
-121.0
-53.0
-172.0
-103.0
-65.0
-171.0
-124.0
-109.0
-167.0
-5.0
-128.0
-65.0
-78.0
-101.0
-6.0
-132.0
-142.0
-36.0
-134.0
-144.0
-158.0
-224.0
-77.0
-119.0
-192.0
-50.0
-153.0
-70.0
-102.0
-251.0
-8.0
-114.0
-148.0
-99.0
-138.0
-105.0
-109.0
-184.0
-97.0
-154.0
-89.0
-16.0
-81.0
-60.0
-37.0
-166.0
-2.0
-69.0
-114.0
5.0
-130.0
-127.0
-33.0
-212.0
-35.0
-50.0
-77.0
25.0
-131.0
-14.0
-79.0
-92.0
-39.0
-68.0
-137.0
-36.0
-177.0
-142.0
-43.0
-114.0
-24.0
-100.0
-157.0
-39.0
-164.0
-154.0
-97.0
-178.0
-83.0
-126.0
-134.0
-49.0
-114.0
-83.0
-79.0
-158.0
-98.0
-177.0
-183.0
-150.0
-186.0
-106.0
-127.0
-201.0
-82.0
-88.0
-87.0
-12.0
-97.0
-44.0
-52.0
-86.0
-90.0
-138.0
-172.0
-139.0
-208.0
-155.0
-134.0
-222.0
-105.0
-146.0
-159.0
-70.0
-202.0
-158.0
-123.0
-291.0
-85.0
-204.0
-202.0
-146.0
-176.0
-186.0
-146.0
-289.0
-123.0
-188.0
-149.0
-89.0
-159.0
-87.0
-106.0
-208.0
-86.0
-246.0
-232.0
-209.0
-287.0
-101.0
-119.0
-231.0
-134.0
-178.0
-180.0
-116.0
-160.0
-149.0
-152.0
-196.0
-190.0
-244.0
-272.0
-150.0
-206.0
-204.0
-114.0
-225.0
-98.0
-240.0
-242.0
-211.0
-287.0
-205.0
-164.0
-265.0
-156.0
-183.0
-214.0
-193.0
-258.0
-98.0
-143.0
-290.0
-167.0
-225.0
-240.0
-200.0
-307.0
-254.0
-188.0
-322.0
-177.0
-256.0
-240.0
-153.0
-218.0
-192.0
-62.0
-169.0
-41.0
-153.0
-193.0
-143.0
-199.0
-196.0
-107.0
-243.0
-137.0
-146.0
-153.0
-116.0
-149.0
-113.0
-95.0
-169.0
-67.0
-114.0
-114.0
-85.0
-208.0
-144.0
-117.0
-199.0
-98.0
-146.0
-130.0
-60.0
-178.0
-97.0
-67.0
-169.0
-69.0
-93.0
-222.0
-124.0
-171.0
-160.0
-146.0
-246.0
-159.0
-159.0
-192.0
-78.0
-200.0
-126.0
-105.0
-202.0
-125.0
-145.0
-119.0
14.0
-131.0
-112.0
-70.0
-117.0
-72.0
-85.0
-145.0
-8.0
-184.0
-81.0
-41.0
-162.0
-40.0
-98.0
-117.0
-99.0
-155.0
-108.0
-105.0
-178.0
-81.0
-36.0
-69.0
-10.0
-173.0
-44.0
-38.0
-140.0
-36.0
-101.0
-131.0
-21.0
-143.0
-100.0
-97.0
-132.0
-46.0
-70.0
-160.0
-61.0
-142.0
-21.0
-80.0
-165.0
8.0
-76.0
-88.0
-59.0
-83.0
-23.0
-56.0
-110.0
-57.0
-93.0
-82.0
17.0
-98.0
10.0
7.0
-23.0
17.0
42.0
-55.0
48.0
-76.0
0.0
-79.0
-131.0
32.0
-40.0
-87.0
57.0
-73.0
13.0
47.0
-32.0
36.0
12.0
-65.0
9.0
-27.0
-46.0
-33.0
-146.0
-51.0
-105.0
-86.0
61.0
-7.0
22.0
39.0
-46.0
22.0
-70.0
-61.0
55.0
-119.0
-4.0
-6.0
-98.0
-35.0
21.0
-106.0
80.0
-60.0
-54.0
7.0
-108.0
-8.0
-95.0
-112.0
-30.0
-89.0
-31.0
82.0
-119.0
26.0
-63.0
-40.0
45.0
-43.0
48.0
45.0
-81.0
21.0
-72.0
-109.0
9.0
-106.0
-64.0
-65.0
-106.0
-87.0
-86.0
-63.0
24.0
-58.0
-59.0
-7.0
-146.0
24.0
-92.0
-168.0
-12.0
-107.0
3.0
-22.0
-81.0
25.0
-35.0
-61.0
-6.0
-50.0
-30.0
72.0
-76.0
7.0
-23.0
-63.0
49.0
-56.0
36.0
64.0
-61.0
83.0
-101.0
-67.0
48.0
-23.0
23.0
-36.0
-64.0
38.0
-1.0
6.0
90.0
-31.0
16.0
26.0
-127.0
3.0
-34.0
-56.0
20.0
-65.0
-1.0
41.0
-58.0
6.0
74.0
17.0
74.0
-68.0
46.0
36.0
-53.0
53.0
-1.0
3.0
55.0
8.0
55.0
77.0
16.0
77.0
31.0
40.0
135.0
25.0
22.0
164.0
20.0
86.0
43.0
17.0
147.0
3.0
77.0
81.0
32.0
122.0
100.0
11.0
203.0
74.0
82.0
66.0
-22.0
71.0
74.0
1.0
55.0
13.0
32.0
128.0
18.0
160.0
116.0
44.0
162.0
55.0
110.0
131.0
-32.0
105.0
101.0
32.0
97.0
0.0
43.0
23.0
18.0
176.0
158.0
129.0
152.0
26.0
70.0
102.0
5.0
115.0
12.0
-70.0
118.0
-37.0
81.0
90.0
-29.0
86.0
18.0
-13.0
78.0
12.0
169.0
122.0
-20.0
38.0
30.0
3.0
83.0
5.0
14.0
2.0
-20.0
108.0
90.0
25.0
124.0
69.0
112.0
101.0
-33.0
94.0
47.0
-16.0
99.0
-24.0
41.0
110.0
2.0
61.0
12.0
58.0
78.0
52.0
102.0
134.0
43.0
139.0
31.0
24.0
135.0
20.0
93.0
61.0
-14.0
74.0
-1.0
4.0
167.0
20.0
70.0
95.0
-19.0
88.0
-35.0
-63.0
1.0
-47.0
50.0
34.0
-58.0
32.0
24.0
-16.0
63.0
-47.0
56.0
65.0
-11.0
68.0
-29.0
7.0
48.0
-79.0
4.0
69.0
-65.0
76.0
8.0
-37.0
116.0
2.0
77.0
91.0
-15.0
128.0
62.0
96.0
185.0
96.0
166.0
166.0
7.0
180.0
27.0
70.0
119.0
58.0
139.0
160.0
86.0
204.0
175.0
146.0
196.0
128.0
199.0
178.0
53.0
182.0
66.0
36.0
175.0
37.0
175.0
126.0
97.0
130.0
84.0
65.0
187.0
49.0
124.0
178.0
-24.0
129.0
69.0
-3.0
136.0
18.0
44.0
45.0
18.0
116.0
52.0
4.0
145.0
40.0
55.0
85.0
23.0
101.0
16.0
22.0
154.0
102.0
150.0
135.0
69.0
177.0
49.0
59.0
89.0
-50.0
101.0
92.0
-14.0
147.0
49.0
24.0
124.0
44.0
115.0
28.0
1.0
85.0
99.0
69.0
95.0
15.0
10.0
53.0
-26.0
20.0
22.0
-54.0
146.0
-5.0
31.0
17.0
-50.0
42.0
-15.0
-3.0
106.0
-76.0
30.0
45.0
-50.0
54.0
-37.0
-56.0
34.0
-72.0
-8.0
32.0
-88.0
47.0
-40.0
-89.0
-30.0
-140.0
-63.0
-49.0
-143.0
-116.0
-93.0
-148.0
-59.0
-114.0
-45.0
-64.0
-153.0
-58.0
-68.0
-106.0
-78.0
-189.0
-70.0
-25.0
-107.0
-27.0
-111.0
-142.0
-68.0
-82.0
-49.0
-44.0
-62.0
-3.0
-12.0
-57.0
77.0
-70.0
-1.0
18.0
-47.0
3.0
20.0
-72.0
8.0
-114.0
3.0
5.0
-65.0
-10.0
-21.0
-33.0
108.0
-68.0
-32.0
15.0
-125.0
40.0
-53.0
-20.0
39.0
-55.0
12.0
-10.0
-100.0
-60.0
-65.0
-103.0
21.0
-75.0
-91.0
-5.0
-167.0
-22.0
-129.0
-121.0
-51.0
-116.0
-57.0
-82.0
-182.0
-101.0
-103.0
-101.0
-70.0
-102.0
-38.0
-51.0
-84.0
-51.0
-82.0
-164.0
49.0
-144.0
-73.0
-24.0
-125.0
-26.0
-143.0
-157.0
-74.0
-197.0
-101.0
-118.0
-188.0
-79.0
-183.0
-118.0
-38.0
-166.0
-102.0
-134.0
-243.0
-160.0
-212.0
-263.0
-211.0
-243.0
-262.0
-218.0
-315.0
-230.0
-250.0
-276.0
-289.0
-301.0
-261.0
-275.0
-378.0
-260.0
-272.0
-355.0
-140.0
-350.0
-271.0
-285.0
-367.0
-232.0
-252.0
-326.0
-308.0
-287.0
-251.0
-223.0
-313.0
-227.0
-243.0
-299.0
-166.0
-282.0
-249.0
-217.0
-308.0
-234.0
-282.0
-277.0
-205.0
-303.0
-207.0
-233.0
-286.0
-165.0
-223.0
-272.0
-80.0
-213.0
-188.0
-192.0
-298.0
-207.0
-289.0
-328.0
-276.0
-331.0
-290.0
-278.0
-323.0
-203.0
-273.0
-279.0
-183.0
-331.0
-242.0
-203.0
-350.0
-254.0
-271.0
-299.0
-268.0
-323.0
-276.0
-289.0
-315.0
-194.0
-252.0
-211.0
-140.0
-243.0
-234.0
-218.0
-318.0
-183.0
-308.0
-359.0
-166.0
-359.0
-237.0
-179.0
-307.0
-212.0
-268.0
-205.0
-117.0
-322.0
-233.0
-257.0
-323.0
-278.0
-342.0
-365.0
-163.0
-347.0
-289.0
-261.0
-346.0
-167.0
-217.0
-237.0
-180.0
-276.0
-223.0
-252.0
-301.0
-190.0
-265.0
-242.0
-172.0
-260.0
-198.0
-211.0
-271.0
-210.0
-369.0
-412.0
-307.0
-440.0
-496.0
-420.0
-546.0
-464.0
-530.0
-458.0
-409.0
-459.0
-437.0
-458.0
-570.0
-405.0
-554.0
-472.0
-413.0
-517.0
-486.0
-475.0
-485.0
-412.0
-447.0
-415.0
-361.0
-464.0
-412.0
-418.0
-454.0
-367.0
-417.0
-488.0
-361.0
-433.0
-360.0
-358.0
-440.0
-325.0
-309.0
-335.0
-316.0
-405.0
-299.0
-313.0
-439.0
-224.0
-355.0
-364.0
-333.0
-358.0
-312.0
-295.0
-311.0
-283.0
-332.0
-314.0
-307.0
-301.0
-256.0
-241.0
-253.0
-202.0
-198.0
-178.0
-134.0
-162.0
-95.0
-108.0
-164.0
-63.0
-128.0
-151.0
-41.0
-100.0
-73.0
-105.0
-85.0
-57.0
-45.0
-73.0
14.0
-55.0
29.0
-1.0
-86.0
38.0
1.0
21.0
87.0
-80.0
32.0
-8.0
-101.0
42.0
-34.0
-24.0
105.0
-36.0
31.0
80.0
-24.0
120.0
-35.0
-31.0
54.0
-67.0
-14.0
36.0
-70.0
68.0
-5.0
49.0
103.0
37.0
71.0
68.0
-10.0
-5.0
18.0
-25.0
42.0
-33.0
-7.0
106.0
34.0
150.0
91.0
75.0
136.0
56.0
175.0
112.0
55.0
103.0
100.0
70.0
147.0
78.0
121.0
101.0
159.0
276.0
173.0
172.0
245.0
146.0
136.0
180.0
99.0
145.0
155.0
132.0
215.0
114.0
144.0
174.0
136.0
238.0
226.0
185.0
304.0
213.0
285.0
273.0
118.0
211.0
177.0
127.0
163.0
117.0
140.0
167.0
187.0
209.0
150.0
146.0
239.0
148.0
186.0
247.0
120.0
171.0
86.0
143.0
186.0
76.0
202.0
188.0
112.0
224.0
140.0
169.0
256.0
167.0
170.0
171.0
4.0
199.0
114.0
135.0
212.0
144.0
200.0
206.0
180.0
247.0
183.0
155.0
218.0
125.0
184.0
150.0
23.0
139.0
115.0
126.0
271.0
111.0
269.0
265.0
227.0
265.0
221.0
161.0
270.0
134.0
225.0
195.0
95.0
201.0
119.0
100.0
212.0
178.0
261.0
299.0
190.0
256.0
157.0
132.0
209.0
99.0
183.0
128.0
99.0
177.0
106.0
119.0
218.0
134.0
192.0
203.0
80.0
269.0
178.0
192.0
228.0
160.0
135.0
165.0
103.0
195.0
64.0
69.0
212.0
111.0
137.0
196.0
61.0
194.0
132.0
127.0
200.0
107.0
167.0
169.0
-1.0
145.0
140.0
45.0
160.0
93.0
163.0
196.0
92.0
206.0
90.0
84.0
199.0
59.0
147.0
170.0
63.0
136.0
133.0
135.0
266.0
110.0
178.0
187.0
86.0
221.0
161.0
140.0
181.0
120.0
279.0
226.0
175.0
267.0
104.0
128.0
304.0
174.0
231.0
283.0
156.0
275.0
225.0
186.0
283.0
142.0
231.0
249.0
195.0
293.0
203.0
239.0
267.0
241.0
242.0
271.0
156.0
263.0
131.0
258.0
262.0
168.0
221.0
251.0
163.0
282.0
251.0
268.0
306.0
179.0
246.0
188.0
73.0
156.0
137.0
114.0
279.0
217.0
244.0
315.0
196.0
272.0
196.0
169.0
208.0
86.0
157.0
184.0
119.0
224.0
153.0
172.0
236.0
148.0
223.0
174.0
127.0
205.0
137.0
134.0
191.0
153.0
195.0
195.0
203.0
257.0
220.0
205.0
227.0
134.0
198.0
181.0
174.0
265.0
171.0
156.0
199.0
176.0
267.0
189.0
142.0
282.0
213.0
169.0
268.0
197.0
261.0
253.0
217.0
300.0
241.0
190.0
293.0
175.0
254.0
316.0
207.0
342.0
193.0
277.0
298.0
153.0
239.0
270.0
166.0
323.0
228.0
228.0
213.0
197.0
269.0
255.0
194.0
247.0
241.0
230.0
321.0
201.0
272.0
296.0
283.0
377.0
317.0
276.0
379.0
243.0
231.0
266.0
203.0
354.0
293.0
297.0
359.0
322.0
406.0
425.0
322.0
404.0
368.0
337.0
463.0
300.0
381.0
382.0
316.0
454.0
362.0
379.0
456.0
328.0
399.0
397.0
379.0
373.0
374.0
357.0
445.0
411.0
461.0
376.0
400.0
462.0
341.0
317.0
409.0
335.0
445.0
438.0
319.0
466.0
301.0
384.0
354.0
275.0
391.0
348.0
297.0
356.0
305.0
372.0
386.0
333.0
355.0
384.0
263.0
381.0
258.0
284.0
307.0
260.0
362.0
321.0
274.0
361.0
318.0
334.0
348.0
292.0
351.0
347.0
211.0
343.0
219.0
282.0
363.0
243.0
331.0
391.0
237.0
359.0
304.0
343.0
418.0
268.0
347.0
362.0
335.0
319.0
296.0
266.0
343.0
286.0
360.0
378.0
271.0
395.0
265.0
286.0
367.0
240.0
332.0
282.0
250.0
359.0
268.0
258.0
348.0
269.0
282.0
354.0
243.0
353.0
239.0
238.0
338.0
272.0
359.0
307.0
244.0
347.0
314.0
241.0
357.0
247.0
366.0
335.0
257.0
371.0
366.0
330.0
353.0
219.0
333.0
326.0
253.0
273.0
235.0
217.0
299.0
215.0
258.0
250.0
219.0
316.0
271.0
202.0
320.0
205.0
220.0
214.0
181.0
252.0
118.0
152.0
258.0
204.0
227.0
210.0
182.0
249.0
188.0
169.0
249.0
149.0
166.0
258.0
196.0
290.0
205.0
210.0
257.0
155.0
211.0
234.0
131.0
225.0
167.0
150.0
183.0
158.0
242.0
248.0
166.0
209.0
143.0
125.0
178.0
67.0
212.0
196.0
155.0
188.0
170.0
140.0
255.0
108.0
217.0
202.0
128.0
274.0
253.0
157.0
219.0
118.0
186.0
213.0
144.0
257.0
220.0
176.0
299.0
145.0
255.0
197.0
135.0
236.0
131.0
116.0
237.0
99.0
154.0
223.0
155.0
219.0
147.0
97.0
252.0
66.0
135.0
137.0
67.0
174.0
101.0
98.0
191.0
121.0
208.0
208.0
126.0
259.0
107.0
184.0
206.0
46.0
142.0
144.0
138.0
197.0
128.0
178.0
242.0
146.0
156.0
204.0
90.0
188.0
97.0
79.0
149.0
68.0
102.0
152.0
59.0
219.0
134.0
120.0
179.0
34.0
113.0
72.0
-16.0
143.0
98.0
50.0
188.0
65.0
184.0
212.0
48.0
243.0
113.0
10.0
86.0
-25.0
78.0
88.0
25.0
124.0
107.0
126.0
157.0
67.0
176.0
136.0
101.0
117.0
33.0
34.0
73.0
29.0
54.0
83.0
16.0
167.0
59.0
118.0
159.0
80.0
128.0
87.0
11.0
118.0
47.0
56.0
77.0
67.0
88.0
86.0
30.0
147.0
3.0
96.0
40.0
7.0
77.0
148.0
63.0
127.0
58.0
73.0
127.0
12.0
100.0
42.0
-63.0
78.0
52.0
16.0
73.0
35.0
92.0
105.0
-11.0
144.0
18.0
2.0
146.0
-38.0
102.0
18.0
-34.0
91.0
81.0
34.0
163.0
15.0
80.0
73.0
50.0
119.0
41.0
32.0
117.0
18.0
38.0
111.0
62.0
145.0
72.0
91.0
186.0
48.0
92.0
128.0
33.0
166.0
112.0
103.0
185.0
106.0
167.0
102.0
41.0
131.0
88.0
63.0
169.0
79.0
135.0
126.0
49.0
197.0
70.0
122.0
138.0
46.0
92.0
198.0
125.0
150.0
65.0
51.0
116.0
126.0
120.0
87.0
23.0
102.0
62.0
46.0
126.0
51.0
95.0
111.0
72.0
161.0
131.0
90.0
105.0
27.0
96.0
37.0
27.0
120.0
37.0
76.0
147.0
60.0
104.0
97.0
11.0
79.0
-21.0
53.0
88.0
-35.0
109.0
61.0
10.0
74.0
59.0
46.0
178.0
134.0
142.0
137.0
59.0
120.0
30.0
73.0
112.0
20.0
151.0
152.0
30.0
211.0
86.0
90.0
107.0
153.0
175.0
120.0
67.0
188.0
128.0
97.0
172.0
32.0
107.0
121.0
35.0
203.0
95.0
79.0
153.0
91.0
186.0
181.0
59.0
131.0
72.0
101.0
131.0
93.0
146.0
157.0
81.0
160.0
75.0
142.0
154.0
72.0
135.0
129.0
9.0
236.0
103.0
59.0
210.0
75.0
149.0
148.0
97.0
253.0
146.0
107.0
196.0
74.0
204.0
162.0
111.0
177.0
84.0
78.0
201.0
105.0
124.0
160.0
122.0
148.0
101.0
89.0
196.0
37.0
127.0
178.0
50.0
163.0
124.0
91.0
233.0
106.0
139.0
206.0
85.0
202.0
59.0
143.0
184.0
117.0
184.0
194.0
55.0
162.0
119.0
60.0
184.0
78.0
102.0
115.0
65.0
180.0
92.0
132.0
159.0
-6.0
97.0
80.0
-41.0
109.0
-42.0
-15.0
59.0
-15.0
71.0
64.0
-4.0
169.0
72.0
86.0
211.0
36.0
113.0
40.0
-18.0
6.0
-32.0
-18.0
-8.0
-20.0
35.0
58.0
1.0
128.0
8.0
39.0
180.0
46.0
71.0
55.0
-78.0
-7.0
-66.0
-33.0
9.0
-49.0
-27.0
-3.0
-42.0
131.0
41.0
49.0
107.0
-29.0
68.0
20.0
-26.0
56.0
-16.0
11.0
33.0
-165.0
36.0
5.0
3.0
96.0
35.0
15.0
154.0
50.0
90.0
96.0
3.0
139.0
-5.0
-11.0
51.0
-12.0
30.0
63.0
4.0
72.0
8.0
-64.0
33.0
-11.0
59.0
24.0
-22.0
63.0
32.0
50.0
120.0
-52.0
79.0
89.0
-30.0
69.0
18.0
30.0
95.0
42.0
39.0
77.0
15.0
147.0
99.0
141.0
154.0
45.0
96.0
119.0
52.0
114.0
18.0
49.0
114.0
-5.0
68.0
80.0
33.0
136.0
26.0
82.0
140.0
88.0
150.0
180.0
131.0
193.0
110.0
63.0
134.0
52.0
111.0
143.0
76.0
181.0
93.0
137.0
192.0
88.0
142.0
156.0
106.0
211.0
121.0
148.0
142.0
21.0
116.0
67.0
69.0
170.0
80.0
98.0
121.0
55.0
106.0
98.0
63.0
94.0
152.0
78.0
138.0
32.0
82.0
70.0
40.0
128.0
32.0
48.0
103.0
-50.0
44.0
122.0
58.0
108.0
84.0
67.0
156.0
29.0
136.0
86.0
66.0
112.0
36.0
13.0
110.0
-14.0
72.0
49.0
-51.0
68.0
-9.0
21.0
146.0
29.0
72.0
86.0
8.0
124.0
16.0
-11.0
109.0
-54.0
78.0
43.0
-134.0
79.0
29.0
-11.0
77.0
16.0
117.0
36.0
35.0
93.0
-74.0
-7.0
56.0
-48.0
-13.0
47.0
-35.0
96.0
-12.0
-6.0
54.0
-46.0
50.0
135.0
-29.0
92.0
-39.0
-59.0
20.0
-46.0
30.0
14.0
-54.0
86.0
-26.0
-36.0
79.0
-37.0
-11.0
7.0
1.0
37.0
-33.0
-61.0
-9.0
-65.0
10.0
16.0
-36.0
96.0
19.0
39.0
64.0
-11.0
-23.0
23.0
-87.0
17.0
9.0
-32.0
24.0
-109.0
-48.0
29.0
-33.0
39.0
2.0
11.0
101.0
-20.0
87.0
121.0
-41.0
121.0
27.0
-22.0
89.0
-32.0
62.0
77.0
6.0
82.0
-22.0
33.0
103.0
-16.0
40.0
40.0
-1.0
59.0
19.0
13.0
40.0
2.0
15.0
66.0
-1.0
23.0
-12.0
5.0
36.0
-97.0
73.0
28.0
-60.0
60.0
-57.0
-23.0
-2.0
-78.0
23.0
10.0
-129.0
35.0
-37.0
-30.0
30.0
-111.0
-13.0
34.0
-86.0
-1.0
-50.0
-125.0
-7.0
-62.0
-29.0
-18.0
-53.0
-11.0
-65.0
-81.0
-12.0
-131.0
-77.0
-130.0
-130.0
-55.0
-95.0
-128.0
3.0
-78.0
11.0
-31.0
-69.0
-31.0
-67.0
-73.0
-11.0
-145.0
-72.0
-115.0
-229.0
-73.0
-84.0
-104.0
-103.0
-89.0
-55.0
-4.0
-102.0
-34.0
-85.0
-77.0
-33.0
-93.0
-69.0
-33.0
-86.0
-32.0
-104.0
-120.0
-16.0
-107.0
-73.0
24.0
-124.0
35.0
-52.0
-81.0
66.0
-89.0
-83.0
-105.0
-118.0
-50.0
-71.0
-111.0
-40.0
-81.0
-41.0
-8.0
-80.0
54.0
-61.0
-89.0
15.0
-145.0
-124.0
-95.0
-142.0
-16.0
-102.0
-36.0
11.0
-51.0
-32.0
18.0
-83.0
-37.0
-59.0
-25.0
45.0
-55.0
3.0
23.0
-76.0
-5.0
-26.0
-36.0
41.0
-98.0
-2.0
-34.0
-57.0
13.0
-95.0
-108.0
-50.0
-174.0
-72.0
-35.0
-83.0
5.0
-32.0
-63.0
-25.0
-136.0
-79.0
-84.0
-136.0
-87.0
-121.0
-143.0
-71.0
-169.0
-83.0
-132.0
-135.0
-44.0
-78.0
-60.0
5.0
-154.0
-115.0
-76.0
-160.0
-51.0
-129.0
-97.0
1.0
-171.0
-61.0
-65.0
-132.0
-76.0
-93.0
-166.0
-114.0
-187.0
-51.0
-83.0
-157.0
-39.0
-126.0
-110.0
-10.0
-71.0
-44.0
-20.0
-114.0
-49.0
-164.0
-109.0
-55.0
-128.0
-52.0
-82.0
-135.0
-63.0
-101.0
-60.0
2.0
-183.0
-80.0
-130.0
-178.0
-95.0
-149.0
-180.0
-81.0
-173.0
-81.0
-42.0
-209.0
-23.0
-135.0
-103.0
-48.0
-137.0
-90.0
-24.0
-117.0
-7.0
-199.0
-110.0
-47.0
-212.0
-121.0
-92.0
-187.0
-51.0
-171.0
-234.0
-121.0
-164.0
-120.0
-153.0
-182.0
-81.0
-146.0
-145.0
-86.0
-191.0
-121.0
-123.0
-112.0
3.0
-153.0
-151.0
-97.0
-169.0
-154.0
-115.0
-202.0
-79.0
-211.0
-178.0
-127.0
-181.0
-70.0
-53.0
-110.0
-35.0
-74.0
0.0
0.0
0.0
0.0
0.0
0.0
0.0
0.0
0.0
0.0
0.0
0.0
0.0
0.0
0.0
0.0
0.0
0.0
0.0
0.0
0.0
0.0
0.0
0.0
0.0
0.0
0.0
0.0
0.0
0.0
0.0
0.0
0.0
0.0
0.0
0.0
0.0
0.0
0.0
0.0
0.0
0.0
0.0
0.0
0.0
0.0
0.0
0.0
0.0
0.0
0.0
0.0
0.0
0.0
0.0
0.0
0.0
0.0
0.0
0.0
0.0
0.0
0.0
0.0
0.0
0.0
0.0
0.0
0.0
0.0
0.0
0.0
0.0
0.0
0.0
0.0
0.0
0.0
0.0
0.0
0.0
0.0
0.0
0.0
0.0
0.0
0.0
0.0
0.0
0.0
0.0
0.0
0.0
0.0
0.0
0.0
0.0
0.0
0.0
0.0
0.0
0.0
0.0
0.0
0.0
0.0
0.0
0.0
0.0
0.0
0.0
0.0
0.0
0.0
0.0
0.0
0.0
0.0
0.0
0.0
0.0
0.0
0.0
0.0
0.0
0.0
0.0
0.0
