-5.0
4.0
-11.0
-10.0
-37.0
-24.0
-16.0
-45.0
-41.0
-46.0
-40.0
-41.0
-70.0
-49.0
-49.0
-81.0
-70.0
-63.0
-54.0
-46.0
-52.0
-56.0
-31.0
-30.0
-3.0
-9.0
-27.0
-21.0
-10.0
50.0
40.0
1.0
66.0
45.0
45.0
62.0
35.0
49.0
51.0
50.0
66.0
64.0
60.0
65.0
40.0
40.0
41.0
36.0
27.0
20.0
31.0
23.0
18.0
26.0
22.0
-10.0
15.0
6.0
7.0
20.0
13.0
-3.0
2.0
4.0
-6.0
-14.0
4.0
-4.0
-14.0
13.0
-27.0
-35.0
22.0
11.0
2.0
15.0
21.0
7.0
-19.0
-24.0
7.0
-4.0
1.0
21.0
16.0
19.0
7.0
-21.0
-4.0
-18.0
-7.0
1.0
-23.0
17.0
22.0
3.0
2.0
5.0
13.0
27.0
7.0
2.0
-8.0
-6.0
10.0
9.0
-17.0
12.0
-4.0
9.0
18.0
3.0
-1.0
34.0
43.0
39.0
23.0
21.0
49.0
39.0
48.0
37.0
33.0
36.0
29.0
23.0
20.0
-11.0
8.0
6.0
32.0
52.0
46.0
62.0
56.0
11.0
20.0
22.0
37.0
43.0
14.0
29.0
46.0
12.0
14.0
1.0
-5.0
8.0
1.0
7.0
13.0
-4.0
3.0
18.0
36.0
27.0
3.0
7.0
-7.0
-11.0
13.0
-4.0
-9.0
22.0
22.0
30.0
29.0
30.0
39.0
13.0
27.0
31.0
-1.0
14.0
25.0
-7.0
9.0
27.0
14.0
17.0
13.0
41.0
52.0
29.0
25.0
11.0
9.0
18.0
-3.0
-1.0
-17.0
-32.0
-3.0
3.0
-12.0
21.0
27.0
24.0
13.0
4.0
29.0
22.0
7.0
9.0
-14.0
6.0
4.0
-13.0
5.0
-10.0
6.0
8.0
-11.0
-9.0
4.0
-7.0
4.0
6.0
4.0
5.0
-12.0
1.0
1.0
7.0
13.0
15.0
24.0
22.0
-4.0
-2.0
1.0
-4.0
10.0
-4.0
-15.0
-40.0
-32.0
1.0
1.0
-12.0
15.0
2.0
-12.0
-7.0
-10.0
-3.0
-14.0
-15.0
-20.0
-39.0
-7.0
-18.0
-55.0
-21.0
-23.0
-41.0
-31.0
-32.0
-27.0
-14.0
-48.0
-35.0
-37.0
-63.0
-60.0
-50.0
-48.0
-13.0
-26.0
-20.0
-2.0
-20.0
-31.0
-44.0
-37.0
-14.0
-34.0
-40.0
-47.0
-58.0
-49.0
-68.0
-61.0
-28.0
-5.0
-4.0
-1.0
5.0
15.0
-13.0
-11.0
-3.0
-33.0
-49.0
-58.0
-64.0
-45.0
-46.0
-69.0
-33.0
-55.0
-51.0
-28.0
-31.0
-10.0
0.0
-29.0
-27.0
-32.0
-34.0
-30.0
-47.0
-32.0
-27.0
-17.0
2.0
-11.0
-14.0
-37.0
-30.0
4.0
-30.0
-43.0
-40.0
-48.0
-32.0
-28.0
-13.0
-18.0
-51.0
-32.0
-24.0
-41.0
-27.0
-56.0
-62.0
-47.0
-74.0
-66.0
-69.0
-81.0
-63.0
-47.0
-72.0
-54.0
-60.0
-62.0
-51.0
-75.0
-71.0
-81.0
-86.0
-71.0
-101.0
-96.0
-64.0
-82.0
-67.0
-69.0
-58.0
-35.0
-70.0
-54.0
-47.0
-79.0
-77.0
-70.0
-80.0
-58.0
-82.0
-84.0
-61.0
-88.0
-80.0
-80.0
-84.0
-74.0
-89.0
-62.0
-53.0
-90.0
-78.0
-70.0
-78.0
-61.0
-84.0
-70.0
-74.0
-103.0
-81.0
-68.0
-69.0
-46.0
-70.0
-81.0
-64.0
-110.0
-111.0
-87.0
-111.0
-101.0
-116.0
-101.0
-75.0
-97.0
-93.0
-78.0
-74.0
-80.0
-97.0
-97.0
-108.0
-110.0
-97.0
-114.0
-123.0
-102.0
-98.0
-93.0
-77.0
-87.0
-90.0
-96.0
-95.0
-81.0
-105.0
-90.0
-63.0
-108.0
-94.0
-102.0
-123.0
-107.0
-98.0
-68.0
-80.0
-89.0
-73.0
-62.0
-68.0
-55.0
-58.0
-39.0
-63.0
-109.0
-80.0
-68.0
-76.0
-57.0
-45.0
-39.0
-20.0
-58.0
-68.0
-63.0
-62.0
-39.0
-51.0
-53.0
-62.0
-67.0
-48.0
-35.0
-35.0
-31.0
-52.0
-22.0
-20.0
-38.0
-28.0
-44.0
-67.0
-40.0
-41.0
-40.0
-28.0
-51.0
-53.0
-37.0
-51.0
-31.0
-37.0
-56.0
-30.0
-30.0
-9.0
-45.0
-55.0
-25.0
-31.0
-61.0
-42.0
-41.0
-43.0
-31.0
-39.0
-7.0
-11.0
-26.0
-19.0
-36.0
-27.0
-40.0
-53.0
-37.0
-43.0
-59.0
-37.0
-37.0
-23.0
-5.0
-14.0
-3.0
-23.0
-37.0
-22.0
-42.0
-42.0
-48.0
-54.0
-44.0
-49.0
-53.0
-48.0
-57.0
-50.0
-52.0
-60.0
-35.0
-48.0
-44.0
-32.0
-53.0
-55.0
-51.0
-69.0
-65.0
-83.0
-70.0
-63.0
-68.0
-55.0
-41.0
-51.0
-56.0
-47.0
-54.0
-56.0
-77.0
-88.0
-87.0
-86.0
-74.0
-80.0
-67.0
-39.0
-67.0
-41.0
-30.0
-42.0
-31.0
-31.0
-29.0
-29.0
-50.0
-18.0
-28.0
-52.0
-33.0
-38.0
-30.0
-6.0
-35.0
-17.0
-25.0
-51.0
-32.0
-39.0
-64.0
-54.0
-67.0
-53.0
-45.0
-58.0
-35.0
-44.0
-45.0
-56.0
-61.0
-38.0
-27.0
-33.0
-12.0
-11.0
-32.0
-34.0
-48.0
-36.0
-26.0
-57.0
-39.0
-30.0
-27.0
-18.0
-37.0
-15.0
-41.0
-62.0
-43.0
-49.0
-68.0
-63.0
-53.0
-34.0
-56.0
-36.0
-20.0
-32.0
-37.0
-40.0
-46.0
-26.0
-25.0
-21.0
-39.0
-33.0
-25.0
-16.0
-11.0
10.0
-7.0
-10.0
-7.0
-24.0
-10.0
12.0
-14.0
-2.0
-10.0
-26.0
-10.0
-5.0
14.0
9.0
-9.0
10.0
1.0
-4.0
13.0
1.0
-4.0
15.0
4.0
15.0
3.0
15.0
20.0
-21.0
-3.0
35.0
-9.0
6.0
18.0
-2.0
10.0
-9.0
10.0
8.0
-16.0
-11.0
-3.0
6.0
-6.0
-2.0
8.0
10.0
12.0
32.0
13.0
15.0
11.0
-30.0
-18.0
-4.0
-12.0
-2.0
6.0
2.0
20.0
9.0
13.0
20.0
-18.0
-8.0
7.0
-21.0
-10.0
-11.0
-8.0
1.0
1.0
26.0
22.0
5.0
27.0
12.0
13.0
17.0
15.0
21.0
5.0
-6.0
4.0
6.0
38.0
30.0
30.0
48.0
39.0
27.0
33.0
17.0
27.0
42.0
22.0
37.0
40.0
40.0
42.0
30.0
20.0
28.0
14.0
30.0
31.0
25.0
41.0
21.0
17.0
56.0
73.0
86.0
77.0
45.0
38.0
33.0
33.0
42.0
22.0
36.0
22.0
7.0
22.0
19.0
33.0
24.0
18.0
33.0
20.0
29.0
33.0
2.0
11.0
25.0
11.0
16.0
15.0
10.0
22.0
18.0
-2.0
-1.0
-11.0
1.0
8.0
6.0
17.0
-4.0
17.0
41.0
22.0
40.0
21.0
14.0
15.0
-14.0
-16.0
-6.0
-30.0
-36.0
-34.0
-64.0
-63.0
-54.0
-42.0
-22.0
-23.0
-5.0
-31.0
-51.0
-25.0
-33.0
-24.0
-20.0
-24.0
-1.0
-10.0
-40.0
-20.0
-18.0
-31.0
-17.0
-22.0
6.0
-1.0
-24.0
-6.0
-8.0
2.0
11.0
-23.0
-8.0
7.0
-2.0
8.0
1.0
3.0
23.0
13.0
20.0
3.0
4.0
10.0
-10.0
19.0
11.0
-17.0
10.0
-3.0
-5.0
13.0
3.0
26.0
16.0
15.0
11.0
6.0
16.0
17.0
-8.0
-1.0
21.0
-1.0
11.0
6.0
-2.0
16.0
8.0
7.0
29.0
2.0
6.0
24.0
20.0
3.0
-4.0
-2.0
-6.0
-10.0
25.0
27.0
34.0
52.0
33.0
27.0
31.0
31.0
25.0
-1.0
7.0
29.0
25.0
19.0
32.0
26.0
34.0
36.0
29.0
41.0
32.0
41.0
40.0
46.0
68.0
89.0
76.0
54.0
27.0
37.0
62.0
53.0
62.0
64.0
65.0
79.0
71.0
79.0
84.0
49.0
78.0
88.0
70.0
62.0
50.0
53.0
56.0
53.0
77.0
63.0
46.0
57.0
73.0
65.0
60.0
36.0
56.0
60.0
66.0
95.0
72.0
65.0
75.0
58.0
73.0
75.0
74.0
82.0
64.0
79.0
87.0
71.0
78.0
64.0
71.0
87.0
63.0
56.0
72.0
53.0
67.0
81.0
86.0
94.0
78.0
89.0
80.0
69.0
72.0
73.0
69.0
81.0
79.0
87.0
102.0
115.0
103.0
90.0
93.0
101.0
86.0
97.0
95.0
74.0
90.0
87.0
89.0
99.0
78.0
89.0
92.0
81.0
88.0
84.0
89.0
102.0
73.0
78.0
82.0
83.0
97.0
122.0
99.0
113.0
95.0
89.0
99.0
91.0
101.0
93.0
83.0
90.0
85.0
84.0
92.0
72.0
84.0
77.0
57.0
90.0
90.0
68.0
73.0
68.0
95.0
75.0
61.0
77.0
70.0
71.0
73.0
57.0
71.0
43.0
50.0
58.0
21.0
40.0
59.0
33.0
63.0
51.0
56.0
73.0
58.0
51.0
54.0
34.0
36.0
32.0
20.0
24.0
18.0
59.0
56.0
49.0
70.0
73.0
98.0
121.0
89.0
87.0
61.0
31.0
54.0
48.0
43.0
61.0
33.0
56.0
63.0
34.0
43.0
42.0
53.0
75.0
43.0
43.0
42.0
25.0
37.0
25.0
23.0
35.0
41.0
60.0
33.0
17.0
37.0
25.0
21.0
56.0
15.0
12.0
23.0
7.0
22.0
18.0
14.0
37.0
30.0
27.0
48.0
35.0
53.0
40.0
15.0
24.0
22.0
26.0
12.0
-3.0
7.0
17.0
27.0
33.0
26.0
41.0
27.0
16.0
27.0
9.0
16.0
15.0
-18.0
-17.0
8.0
-8.0
2.0
12.0
14.0
34.0
6.0
-5.0
3.0
-8.0
-15.0
-35.0
-19.0
-8.0
-44.0
-44.0
-22.0
-39.0
-40.0
-26.0
-23.0
-21.0
-29.0
-32.0
-43.0
-46.0
-20.0
-32.0
-49.0
-52.0
-76.0
-71.0
-57.0
-56.0
-68.0
-63.0
-26.0
5.0
-36.0
-46.0
-28.0
-56.0
-45.0
-49.0
-73.0
-63.0
-74.0
-87.0
-57.0
-52.0
-49.0
-67.0
-52.0
-32.0
-61.0
-40.0
-45.0
-62.0
-56.0
-51.0
-48.0
-59.0
-60.0
-44.0
-54.0
-64.0
-44.0
-60.0
-48.0
-46.0
-68.0
-45.0
-54.0
-78.0
-48.0
-39.0
-33.0
-24.0
-67.0
-68.0
-42.0
-44.0
-23.0
-42.0
-50.0
-13.0
-34.0
-34.0
-45.0
-79.0
-68.0
-76.0
-76.0
-63.0
-84.0
-63.0
-62.0
-80.0
-95.0
-92.0
-80.0
-69.0
-80.0
-81.0
-71.0
-74.0
-65.0
-69.0
-65.0
-84.0
-100.0
-69.0
-63.0
-76.0
-59.0
-69.0
-72.0
-72.0
-77.0
-71.0
-68.0
-58.0
-53.0
-84.0
-87.0
-73.0
-63.0
-41.0
-27.0
-42.0
-26.0
-21.0
-19.0
-7.0
-24.0
-31.0
-50.0
-64.0
-36.0
-40.0
-35.0
-34.0
-37.0
-18.0
3.0
-3.0
2.0
-17.0
-32.0
-21.0
-43.0
-37.0
-34.0
-55.0
-40.0
-46.0
-40.0
-26.0
-45.0
-17.0
-11.0
-32.0
-12.0
-11.0
-35.0
-23.0
-38.0
-32.0
-46.0
-60.0
-40.0
-45.0
-56.0
-15.0
-40.0
-33.0
-26.0
-43.0
-7.0
-25.0
-27.0
-18.0
-45.0
-31.0
-20.0
-41.0
-26.0
-25.0
-33.0
-9.0
-26.0
-32.0
-15.0
-31.0
-8.0
3.0
-4.0
8.0
-13.0
-5.0
2.0
-3.0
-3.0
-25.0
-20.0
-16.0
-26.0
-10.0
-5.0
-20.0
-8.0
-10.0
-24.0
-11.0
-26.0
-18.0
0.0
1.0
8.0
-8.0
3.0
-1.0
-34.0
-5.0
-6.0
-34.0
-13.0
-9.0
-21.0
3.0
-18.0
-22.0
-9.0
-24.0
-26.0
-16.0
3.0
41.0
43.0
41.0
12.0
-8.0
-6.0
1.0
12.0
9.0
-12.0
-5.0
-2.0
3.0
14.0
-2.0
-10.0
12.0
8.0
11.0
21.0
17.0
23.0
9.0
15.0
22.0
32.0
38.0
34.0
7.0
17.0
26.0
11.0
10.0
-8.0
-9.0
2.0
-10.0
7.0
7.0
-2.0
17.0
-19.0
-5.0
-7.0
-16.0
-3.0
-8.0
3.0
10.0
-7.0
8.0
19.0
7.0
15.0
12.0
14.0
24.0
35.0
49.0
46.0
35.0
43.0
27.0
27.0
36.0
11.0
27.0
33.0
27.0
53.0
40.0
48.0
51.0
29.0
39.0
45.0
41.0
60.0
49.0
52.0
59.0
46.0
65.0
62.0
42.0
67.0
67.0
49.0
65.0
55.0
64.0
65.0
52.0
64.0
38.0
38.0
60.0
68.0
77.0
70.0
54.0
63.0
62.0
70.0
88.0
45.0
72.0
79.0
70.0
82.0
77.0
81.0
102.0
85.0
85.0
100.0
86.0
63.0
42.0
72.0
80.0
40.0
46.0
60.0
62.0
77.0
70.0
64.0
66.0
73.0
102.0
118.0
115.0
102.0
85.0
73.0
69.0
49.0
79.0
73.0
54.0
82.0
78.0
79.0
87.0
73.0
72.0
86.0
65.0
83.0
80.0
46.0
60.0
91.0
98.0
101.0
119.0
111.0
62.0
52.0
72.0
69.0
84.0
68.0
33.0
55.0
43.0
23.0
26.0
17.0
41.0
31.0
41.0
71.0
64.0
71.0
78.0
53.0
50.0
50.0
29.0
34.0
32.0
28.0
44.0
42.0
37.0
40.0
32.0
50.0
48.0
54.0
61.0
29.0
44.0
34.0
21.0
36.0
11.0
10.0
36.0
21.0
24.0
59.0
44.0
45.0
30.0
28.0
46.0
29.0
18.0
23.0
33.0
36.0
32.0
53.0
41.0
31.0
43.0
46.0
15.0
16.0
16.0
11.0
2.0
0.0
18.0
14.0
-7.0
10.0
8.0
9.0
16.0
-13.0
7.0
22.0
-12.0
11.0
2.0
-5.0
-5.0
-20.0
-4.0
16.0
-6.0
21.0
15.0
30.0
40.0
9.0
26.0
34.0
18.0
31.0
21.0
17.0
31.0
16.0
26.0
26.0
18.0
30.0
6.0
-3.0
15.0
7.0
8.0
-1.0
-8.0
10.0
21.0
24.0
22.0
-12.0
1.0
1.0
-18.0
-5.0
15.0
8.0
26.0
21.0
17.0
18.0
12.0
22.0
14.0
-4.0
4.0
-18.0
-11.0
-3.0
-26.0
-21.0
-39.0
-34.0
-11.0
-52.0
-36.0
-23.0
-27.0
-12.0
-31.0
-41.0
-20.0
-35.0
-14.0
-14.0
-24.0
-5.0
-12.0
-12.0
-34.0
-44.0
-46.0
-46.0
-32.0
-26.0
-40.0
-55.0
-48.0
-65.0
-61.0
-63.0
-70.0
-41.0
-54.0
-76.0
-59.0
-72.0
-55.0
-50.0
-71.0
-48.0
-72.0
-77.0
-65.0
-89.0
-83.0
-72.0
-74.0
-75.0
-100.0
-91.0
-91.0
-115.0
-91.0
-77.0
-102.0
-79.0
-70.0
-77.0
-56.0
-78.0
-73.0
-74.0
-89.0
-70.0
-56.0
-62.0
-75.0
-76.0
-69.0
-67.0
-73.0
-50.0
-58.0
-70.0
-64.0
-74.0
-74.0
-66.0
-86.0
-84.0
-105.0
-92.0
-60.0
-72.0
-55.0
-61.0
-79.0
-64.0
-79.0
-66.0
-69.0
-73.0
-61.0
-66.0
-56.0
-47.0
-87.0
-93.0
-62.0
-86.0
-73.0
-84.0
-91.0
-60.0
-65.0
-81.0
-78.0
-98.0
-86.0
-89.0
-97.0
-60.0
-59.0
-74.0
-47.0
-49.0
-44.0
-43.0
-51.0
-37.0
-37.0
-29.0
-28.0
-43.0
-33.0
-31.0
-41.0
-25.0
-65.0
-54.0
-31.0
-59.0
-45.0
-33.0
-53.0
-43.0
-44.0
-40.0
-40.0
-43.0
-29.0
-18.0
-31.0
-11.0
-3.0
-17.0
-17.0
-37.0
-14.0
-21.0
-30.0
-10.0
-18.0
-26.0
-7.0
-20.0
-20.0
-22.0
-14.0
14.0
-5.0
-22.0
-10.0
-12.0
-5.0
24.0
4.0
31.0
9.0
-27.0
-24.0
-36.0
-26.0
-33.0
-31.0
1.0
-15.0
-26.0
-7.0
-30.0
-23.0
-10.0
-8.0
-11.0
-18.0
-16.0
3.0
-22.0
-29.0
-7.0
-12.0
2.0
-11.0
-3.0
30.0
5.0
23.0
40.0
42.0
42.0
27.0
37.0
27.0
4.0
20.0
32.0
18.0
37.0
44.0
61.0
80.0
72.0
87.0
73.0
53.0
79.0
65.0
62.0
72.0
61.0
62.0
38.0
32.0
46.0
56.0
60.0
73.0
60.0
67.0
67.0
61.0
91.0
52.0
47.0
63.0
41.0
48.0
54.0
41.0
51.0
47.0
35.0
74.0
57.0
55.0
86.0
72.0
70.0
45.0
32.0
46.0
31.0
51.0
62.0
62.0
85.0
83.0
79.0
63.0
52.0
60.0
51.0
40.0
48.0
6.0
17.0
40.0
23.0
44.0
59.0
59.0
71.0
53.0
69.0
82.0
58.0
54.0
44.0
38.0
51.0
35.0
56.0
53.0
43.0
60.0
61.0
43.0
78.0
72.0
63.0
83.0
76.0
80.0
87.0
65.0
55.0
39.0
36.0
41.0
35.0
56.0
52.0
43.0
67.0
54.0
36.0
53.0
40.0
42.0
52.0
32.0
39.0
31.0
31.0
40.0
48.0
81.0
76.0
69.0
79.0
32.0
22.0
51.0
11.0
23.0
50.0
51.0
46.0
16.0
25.0
42.0
28.0
37.0
35.0
18.0
16.0
22.0
18.0
18.0
-6.0
8.0
15.0
21.0
40.0
40.0
29.0
29.0
16.0
43.0
51.0
17.0
10.0
3.0
20.0
9.0
-13.0
21.0
24.0
20.0
37.0
36.0
23.0
35.0
16.0
13.0
-1.0
-9.0
-8.0
-22.0
-23.0
-14.0
-16.0
-2.0
1.0
-16.0
16.0
-8.0
-10.0
3.0
-27.0
-8.0
-16.0
-34.0
-21.0
-47.0
-39.0
-16.0
-23.0
-4.0
5.0
-13.0
16.0
-16.0
-8.0
22.0
-25.0
-26.0
-20.0
-32.0
-13.0
-17.0
-22.0
-18.0
-23.0
-9.0
-1.0
-6.0
25.0
0.0
-2.0
23.0
7.0
1.0
-5.0
-17.0
-13.0
-12.0
-12.0
6.0
-12.0
-7.0
-1.0
5.0
2.0
-20.0
-17.0
-2.0
-26.0
-12.0
-28.0
-53.0
-26.0
-41.0
-41.0
-29.0
-42.0
-29.0
-28.0
-39.0
-9.0
-18.0
-39.0
-13.0
-37.0
-16.0
-18.0
-29.0
-14.0
-35.0
-33.0
-17.0
-32.0
-25.0
-15.0
-21.0
-31.0
-35.0
-6.0
-21.0
-48.0
-22.0
-27.0
-40.0
-30.0
-37.0
-33.0
-26.0
-52.0
-59.0
-65.0
-54.0
-5.0
12.0
8.0
20.0
-44.0
-53.0
-37.0
-31.0
-42.0
-59.0
-53.0
-37.0
-50.0
-37.0
-41.0
-39.0
-20.0
-30.0
-19.0
-11.0
-21.0
-32.0
-39.0
-41.0
-26.0
-27.0
-35.0
-25.0
-31.0
-18.0
-21.0
-31.0
-35.0
-39.0
-34.0
-31.0
-40.0
-42.0
-40.0
-47.0
-36.0
-34.0
-43.0
-42.0
-47.0
-31.0
-15.0
-18.0
-10.0
-42.0
-42.0
-25.0
-33.0
-43.0
-47.0
-52.0
-10.0
-27.0
-49.0
-29.0
-38.0
-27.0
-31.0
-44.0
-30.0
-44.0
-37.0
-46.0
-48.0
-47.0
-49.0
-50.0
-46.0
-62.0
-65.0
-51.0
-50.0
-48.0
-52.0
-61.0
-59.0
-61.0
-42.0
-36.0
-56.0
-64.0
-78.0
-84.0
-70.0
-67.0
-67.0
-67.0
-53.0
-25.0
-44.0
-58.0
-55.0
-60.0
-44.0
-31.0
-45.0
-22.0
-13.0
-31.0
-31.0
-33.0
-39.0
-52.0
-61.0
-45.0
-41.0
-45.0
-29.0
-48.0
-46.0
-44.0
-73.0
-59.0
-54.0
-48.0
-15.0
-22.0
-14.0
6.0
-26.0
-14.0
-33.0
-37.0
-23.0
-46.0
-46.0
-30.0
-35.0
-8.0
5.0
14.0
15.0
1.0
-19.0
-29.0
-48.0
-42.0
-36.0
-53.0
-44.0
-46.0
-35.0
-41.0
-61.0
-41.0
-48.0
-48.0
-25.0
-29.0
-21.0
15.0
17.0
21.0
5.0
-27.0
-24.0
-48.0
-50.0
-24.0
-33.0
-23.0
-31.0
-45.0
-22.0
-26.0
-17.0
-10.0
-36.0
-30.0
-30.0
-45.0
-42.0
-36.0
-38.0
-14.0
-15.0
-10.0
-14.0
-13.0
5.0
-12.0
-24.0
-19.0
-29.0
-29.0
-29.0
-20.0
-12.0
-33.0
-16.0
-6.0
1.0
13.0
2.0
-2.0
18.0
2.0
10.0
26.0
-3.0
17.0
-13.0
-10.0
10.0
-4.0
1.0
13.0
-1.0
17.0
16.0
-5.0
13.0
5.0
4.0
16.0
2.0
-1.0
1.0
4.0
17.0
-14.0
-5.0
7.0
-8.0
-4.0
5.0
2.0
-4.0
-18.0
1.0
-16.0
-40.0
-20.0
-23.0
-25.0
7.0
-26.0
-28.0
-4.0
-14.0
-11.0
-5.0
-1.0
23.0
16.0
12.0
34.0
34.0
35.0
41.0
22.0
4.0
-8.0
0.0
4.0
-3.0
16.0
5.0
-16.0
4.0
13.0
19.0
5.0
-1.0
-5.0
-12.0
-25.0
-8.0
-4.0
7.0
26.0
7.0
-2.0
4.0
-4.0
15.0
13.0
24.0
38.0
12.0
8.0
-4.0
-8.0
13.0
12.0
15.0
18.0
-4.0
-12.0
-22.0
-9.0
17.0
11.0
20.0
25.0
12.0
18.0
16.0
-7.0
11.0
-7.0
29.0
39.0
25.0
28.0
-1.0
17.0
34.0
7.0
3.0
0.0
-34.0
-4.0
-16.0
-36.0
-9.0
-17.0
3.0
34.0
2.0
1.0
2.0
-11.0
5.0
-18.0
-24.0
-4.0
-6.0
-14.0
-29.0
-33.0
-26.0
-24.0
-29.0
-33.0
-23.0
-2.0
6.0
-1.0
-10.0
-27.0
-23.0
-20.0
-30.0
-11.0
-10.0
-21.0
5.0
-7.0
-33.0
-16.0
-15.0
-25.0
-22.0
-15.0
-7.0
-37.0
-49.0
-44.0
-53.0
-41.0
-54.0
-51.0
-29.0
-40.0
-22.0
-24.0
-40.0
-18.0
-23.0
-29.0
-14.0
-37.0
-54.0
-35.0
-53.0
-44.0
-49.0
-45.0
-28.0
-14.0
1.0
-5.0
-21.0
-26.0
-9.0
-17.0
4.0
-10.0
-1.0
20.0
-18.0
-36.0
-41.0
-59.0
-14.0
-23.0
-20.0
3.0
-12.0
-1.0
0.0
-27.0
-18.0
-40.0
-22.0
-5.0
-37.0
-27.0
-17.0
-19.0
-21.0
-12.0
-12.0
-15.0
-18.0
-14.0
-5.0
-3.0
-23.0
-18.0
-25.0
-14.0
-14.0
-4.0
-20.0
-18.0
9.0
-10.0
-25.0
-14.0
-36.0
-39.0
-33.0
-33.0
-16.0
-30.0
-10.0
-15.0
-12.0
20.0
5.0
-24.0
-18.0
-32.0
-46.0
-56.0
-58.0
-18.0
0.0
-16.0
-9.0
-30.0
-26.0
-31.0
-42.0
-37.0
-32.0
-52.0
-40.0
-39.0
-42.0
-30.0
-41.0
-12.0
-13.0
-27.0
-25.0
-39.0
-36.0
-31.0
-56.0
-35.0
-47.0
-73.0
-55.0
-63.0
-49.0
-42.0
-61.0
-23.0
-13.0
-16.0
-1.0
-29.0
-24.0
-30.0
-31.0
-14.0
-33.0
-34.0
-52.0
-60.0
-41.0
-24.0
-24.0
-27.0
-25.0
-31.0
-1.0
-11.0
-12.0
-11.0
-33.0
-20.0
-34.0
-41.0
-26.0
-55.0
-49.0
-27.0
-52.0
-43.0
-33.0
-31.0
-5.0
-12.0
-17.0
-5.0
-32.0
-15.0
-6.0
-44.0
-29.0
-8.0
13.0
25.0
-3.0
6.0
-6.0
-9.0
13.0
-5.0
-10.0
15.0
-6.0
2.0
3.0
-6.0
12.0
-2.0
10.0
13.0
3.0
10.0
27.0
24.0
28.0
24.0
27.0
21.0
13.0
18.0
3.0
5.0
-1.0
-19.0
22.0
43.0
36.0
72.0
68.0
46.0
48.0
34.0
48.0
53.0
39.0
44.0
55.0
33.0
37.0
24.0
50.0
83.0
79.0
83.0
62.0
60.0
81.0
43.0
30.0
24.0
8.0
12.0
18.0
29.0
27.0
4.0
7.0
26.0
51.0
46.0
39.0
54.0
68.0
35.0
48.0
54.0
25.0
33.0
22.0
20.0
24.0
10.0
13.0
18.0
-4.0
12.0
-3.0
-14.0
-7.0
-23.0
3.0
1.0
-21.0
11.0
42.0
34.0
54.0
31.0
33.0
27.0
3.0
2.0
8.0
-2.0
23.0
22.0
24.0
50.0
46.0
44.0
31.0
28.0
41.0
14.0
20.0
42.0
18.0
22.0
28.0
0.0
10.0
-3.0
9.0
17.0
14.0
42.0
27.0
17.0
30.0
10.0
6.0
5.0
-1.0
22.0
10.0
1.0
10.0
-6.0
8.0
17.0
-6.0
0.0
3.0
-11.0
-5.0
-23.0
-29.0
-10.0
-16.0
-13.0
-8.0
-21.0
1.0
-23.0
-26.0
-1.0
-17.0
-16.0
-24.0
-13.0
19.0
-4.0
17.0
11.0
10.0
5.0
16.0
-11.0
-17.0
-30.0
-23.0
-3.0
-21.0
-7.0
-16.0
-12.0
-12.0
-22.0
-24.0
-15.0
-24.0
-25.0
-34.0
-23.0
-13.0
-15.0
1.0
2.0
-30.0
-30.0
-26.0
-21.0
-15.0
-33.0
-26.0
-15.0
-30.0
-17.0
-27.0
-19.0
-15.0
-38.0
-19.0
-25.0
-60.0
-35.0
-46.0
-50.0
-25.0
-61.0
-70.0
-42.0
-40.0
-25.0
-33.0
-27.0
-5.0
-22.0
-27.0
-35.0
-50.0
-45.0
-46.0
-37.0
-12.0
-23.0
-34.0
-58.0
-35.0
-4.0
-25.0
-40.0
-7.0
-18.0
-24.0
-26.0
-34.0
-29.0
-39.0
-36.0
-29.0
-48.0
-45.0
-60.0
-69.0
-21.0
-20.0
-31.0
-24.0
-18.0
-3.0
-22.0
-49.0
-32.0
-44.0
-48.0
-47.0
-53.0
-37.0
-24.0
-45.0
-50.0
-47.0
-54.0
-30.0
-42.0
-25.0
-13.0
-49.0
-29.0
-37.0
-46.0
-28.0
-44.0
-46.0
-26.0
-30.0
-24.0
-20.0
-18.0
-4.0
-23.0
-29.0
-47.0
-61.0
-31.0
-34.0
-32.0
-28.0
-41.0
-34.0
-28.0
-26.0
-29.0
-36.0
-29.0
-32.0
-50.0
-41.0
-40.0
-60.0
-45.0
-42.0
-46.0
-41.0
-43.0
-21.0
-33.0
-48.0
-22.0
-33.0
-41.0
-20.0
-29.0
-36.0
-34.0
-29.0
-35.0
-37.0
-32.0
-42.0
-41.0
-11.0
-5.0
-36.0
-20.0
-21.0
-18.0
-19.0
-49.0
-45.0
-45.0
-45.0
-20.0
-24.0
-40.0
-14.0
-30.0
-40.0
-31.0
-39.0
-28.0
-12.0
-34.0
-23.0
-45.0
-39.0
-28.0
-30.0
-26.0
-25.0
-23.0
-20.0
-37.0
-60.0
-51.0
-34.0
-58.0
-58.0
-41.0
-15.0
-29.0
-25.0
-4.0
-30.0
-28.0
-34.0
-42.0
-19.0
-34.0
-27.0
-11.0
-4.0
3.0
-9.0
-20.0
-28.0
-36.0
-9.0
-13.0
-22.0
-30.0
-22.0
-11.0
-15.0
-24.0
-5.0
-15.0
-25.0
-45.0
-60.0
-56.0
-28.0
-31.0
-21.0
-35.0
-35.0
-22.0
-54.0
-40.0
-18.0
-55.0
-49.0
-42.0
-49.0
-36.0
-48.0
-57.0
-32.0
-59.0
-50.0
-36.0
-61.0
-42.0
-24.0
-26.0
-23.0
-21.0
-4.0
-7.0
-32.0
-15.0
-28.0
-35.0
-26.0
-35.0
-8.0
-11.0
-29.0
-17.0
-26.0
-37.0
-12.0
-26.0
-24.0
-24.0
-41.0
-14.0
5.0
-7.0
7.0
2.0
5.0
17.0
-18.0
11.0
7.0
-13.0
-2.0
-20.0
-16.0
-2.0
-5.0
4.0
-3.0
13.0
24.0
1.0
15.0
24.0
2.0
3.0
-15.0
-3.0
-4.0
-22.0
-10.0
1.0
8.0
8.0
0.0
-15.0
-8.0
-21.0
-16.0
-6.0
-25.0
10.0
2.0
-22.0
3.0
-15.0
-9.0
6.0
-8.0
3.0
-4.0
-5.0
-6.0
-10.0
-7.0
-18.0
-26.0
-21.0
-28.0
-24.0
3.0
-7.0
-16.0
-6.0
-31.0
-11.0
-3.0
-8.0
2.0
-35.0
-38.0
-17.0
-7.0
-7.0
-7.0
-3.0
22.0
24.0
26.0
25.0
3.0
34.0
16.0
9.0
48.0
59.0
33.0
23.0
13.0
21.0
-2.0
5.0
18.0
-8.0
-6.0
3.0
2.0
-5.0
-3.0
-3.0
5.0
-20.0
2.0
-3.0
-27.0
-12.0
-8.0
-20.0
-10.0
-20.0
-9.0
8.0
-25.0
-23.0
-12.0
-18.0
0.0
-7.0
-7.0
-5.0
-7.0
5.0
20.0
14.0
23.0
20.0
-5.0
-2.0
2.0
4.0
2.0
4.0
26.0
33.0
29.0
42.0
55.0
68.0
46.0
33.0
23.0
25.0
39.0
15.0
9.0
23.0
24.0
44.0
78.0
44.0
56.0
51.0
42.0
80.0
61.0
27.0
71.0
63.0
36.0
29.0
14.0
22.0
27.0
11.0
20.0
25.0
26.0
45.0
36.0
49.0
38.0
36.0
49.0
33.0
5.0
8.0
-13.0
5.0
10.0
8.0
30.0
8.0
25.0
32.0
17.0
28.0
26.0
20.0
29.0
-5.0
1.0
23.0
12.0
13.0
2.0
-8.0
22.0
26.0
31.0
36.0
39.0
42.0
26.0
6.0
14.0
12.0
7.0
24.0
27.0
41.0
40.0
26.0
23.0
8.0
24.0
26.0
22.0
51.0
21.0
11.0
18.0
17.0
41.0
35.0
25.0
30.0
3.0
15.0
41.0
39.0
50.0
50.0
54.0
95.0
85.0
98.0
90.0
55.0
40.0
36.0
23.0
43.0
26.0
23.0
47.0
13.0
41.0
89.0
82.0
79.0
79.0
68.0
59.0
44.0
55.0
71.0
55.0
59.0
51.0
64.0
72.0
60.0
58.0
69.0
61.0
65.0
65.0
53.0
73.0
55.0
81.0
98.0
66.0
81.0
61.0
53.0
83.0
70.0
61.0
67.0
48.0
61.0
55.0
51.0
69.0
68.0
71.0
63.0
55.0
64.0
77.0
61.0
76.0
62.0
67.0
70.0
22.0
45.0
52.0
40.0
64.0
46.0
50.0
41.0
30.0
34.0
30.0
21.0
34.0
5.0
21.0
29.0
19.0
30.0
15.0
14.0
17.0
4.0
3.0
10.0
22.0
12.0
-1.0
31.0
24.0
0.0
26.0
6.0
-13.0
13.0
4.0
16.0
36.0
24.0
35.0
44.0
14.0
22.0
6.0
12.0
20.0
29.0
39.0
29.0
6.0
14.0
15.0
13.0
26.0
13.0
30.0
49.0
36.0
32.0
27.0
24.0
29.0
6.0
10.0
25.0
-18.0
-11.0
-4.0
13.0
17.0
8.0
28.0
31.0
20.0
19.0
7.0
7.0
30.0
4.0
20.0
43.0
12.0
18.0
8.0
20.0
29.0
5.0
13.0
20.0
9.0
13.0
18.0
51.0
53.0
14.0
11.0
7.0
-26.0
-8.0
17.0
45.0
62.0
45.0
69.0
70.0
48.0
64.0
36.0
26.0
61.0
55.0
50.0
47.0
41.0
50.0
36.0
58.0
56.0
37.0
59.0
62.0
32.0
59.0
37.0
32.0
32.0
18.0
8.0
21.0
0.0
-5.0
-13.0
-7.0
18.0
-9.0
-2.0
-6.0
-12.0
6.0
-3.0
4.0
0.0
-26.0
-19.0
3.0
5.0
1.0
-4.0
11.0
13.0
-13.0
-5.0
-10.0
-27.0
7.0
4.0
17.0
6.0
-11.0
6.0
-5.0
-12.0
2.0
-21.0
-23.0
-4.0
-9.0
-8.0
4.0
-2.0
7.0
-8.0
-15.0
-2.0
-10.0
-12.0
-6.0
-17.0
-9.0
-21.0
1.0
16.0
4.0
17.0
12.0
7.0
6.0
-10.0
-26.0
9.0
11.0
-4.0
0.0
-5.0
-2.0
-14.0
-10.0
-6.0
-27.0
-16.0
-15.0
-21.0
-18.0
-26.0
-7.0
7.0
-6.0
8.0
-1.0
-16.0
5.0
-17.0
-16.0
-1.0
-11.0
21.0
13.0
-17.0
10.0
21.0
5.0
12.0
4.0
12.0
10.0
-3.0
10.0
-20.0
-14.0
-6.0
-16.0
-8.0
2.0
-6.0
7.0
-7.0
-13.0
-15.0
-58.0
-24.0
11.0
9.0
40.0
60.0
62.0
53.0
24.0
34.0
25.0
18.0
22.0
8.0
13.0
4.0
-13.0
7.0
2.0
-8.0
17.0
10.0
11.0
7.0
-11.0
29.0
42.0
18.0
10.0
2.0
1.0
30.0
-4.0
-4.0
-4.0
7.0
45.0
39.0
37.0
53.0
51.0
27.0
15.0
-3.0
10.0
10.0
4.0
10.0
11.0
18.0
15.0
8.0
18.0
19.0
20.0
8.0
-9.0
10.0
-10.0
-39.0
-16.0
-35.0
-23.0
-8.0
-22.0
0.0
7.0
-29.0
-23.0
-11.0
-26.0
-31.0
-39.0
-47.0
-74.0
-73.0
-32.0
-52.0
-50.0
-39.0
-56.0
-33.0
-26.0
-37.0
-31.0
-48.0
-40.0
-24.0
-35.0
-28.0
-39.0
-34.0
-25.0
-38.0
-33.0
-31.0
-51.0
-20.0
-19.0
-38.0
-23.0
-38.0
-49.0
-53.0
-69.0
-61.0
-63.0
-64.0
-43.0
-65.0
-51.0
-11.0
-30.0
-39.0
-26.0
-23.0
-1.0
-44.0
-27.0
-31.0
-43.0
-19.0
-45.0
-49.0
-55.0
-67.0
-69.0
-63.0
-68.0
-61.0
-58.0
-67.0
-36.0
-38.0
-38.0
-44.0
-65.0
-70.0
-63.0
-63.0
-57.0
-60.0
-42.0
-20.0
-50.0
-23.0
-25.0
-48.0
-35.0
-44.0
-65.0
-60.0
-61.0
-49.0
-32.0
-25.0
-17.0
-59.0
-44.0
-40.0
-45.0
-18.0
-29.0
-52.0
-38.0
-41.0
-48.0
-50.0
-67.0
-53.0
-52.0
-63.0
-25.0
-34.0
-33.0
-17.0
-31.0
-11.0
-31.0
-41.0
-27.0
-36.0
-51.0
-44.0
-56.0
-49.0
-54.0
-62.0
-46.0
-52.0
-54.0
-7.0
-25.0
-25.0
-21.0
-28.0
-35.0
-37.0
-42.0
-52.0
-74.0
-50.0
-43.0
-52.0
-36.0
-27.0
-27.0
-36.0
-44.0
-32.0
-34.0
-55.0
-35.0
-17.0
-27.0
-7.0
-14.0
-16.0
-10.0
-19.0
-3.0
-9.0
-17.0
-5.0
-12.0
-2.0
-6.0
-31.0
-17.0
-17.0
-20.0
-18.0
-35.0
-33.0
-41.0
-54.0
-35.0
-20.0
-18.0
-36.0
-49.0
-33.0
-33.0
-27.0
1.0
-25.0
-39.0
-17.0
-18.0
-16.0
-10.0
-6.0
11.0
-2.0
-11.0
-13.0
-31.0
-20.0
0.0
-14.0
-17.0
-23.0
-16.0
-16.0
-20.0
4.0
-5.0
-8.0
11.0
-15.0
-5.0
-16.0
-42.0
4.0
26.0
12.0
6.0
-1.0
14.0
21.0
21.0
33.0
19.0
3.0
5.0
-6.0
-2.0
5.0
-15.0
-4.0
1.0
7.0
17.0
-1.0
16.0
-3.0
-6.0
12.0
12.0
10.0
7.0
-4.0
-22.0
-13.0
8.0
21.0
27.0
31.0
17.0
-31.0
-25.0
3.0
-12.0
-16.0
-12.0
-6.0
-13.0
-49.0
-26.0
-14.0
-32.0
-20.0
-29.0
-21.0
-5.0
-32.0
-34.0
-10.0
-27.0
-32.0
-49.0
-48.0
-35.0
-55.0
-46.0
-29.0
-43.0
-27.0
-25.0
-31.0
-6.0
-32.0
-42.0
-32.0
-74.0
-72.0
-76.0
-74.0
-33.0
-37.0
-16.0
-10.0
-15.0
-13.0
-39.0
-40.0
-31.0
-52.0
-44.0
-24.0
-61.0
-47.0
-48.0
-66.0
-40.0
-43.0
-55.0
-44.0
-41.0
-42.0
-50.0
-83.0
-66.0
-71.0
-61.0
-72.0
-125.0
-95.0
-66.0
-79.0
-59.0
-67.0
-68.0
-72.0
-101.0
-81.0
-86.0
-98.0
-60.0
-69.0
-78.0
-77.0
-84.0
-83.0
-101.0
-93.0
-58.0
-78.0
-82.0
-73.0
-104.0
-90.0
-93.0
-91.0
-64.0
-72.0
-68.0
-50.0
-58.0
-45.0
-49.0
-41.0
-29.0
-54.0
-42.0
-37.0
-64.0
-47.0
-54.0
-61.0
-68.0
-59.0
-50.0
-43.0
-42.0
-39.0
-45.0
-41.0
-50.0
-69.0
-67.0
-58.0
-67.0
-51.0
-58.0
-58.0
-49.0
-27.0
-26.0
-33.0
-31.0
-26.0
-38.0
-32.0
-39.0
-54.0
-55.0
-35.0
-53.0
-53.0
-58.0
-52.0
-31.0
-54.0
-39.0
-20.0
-16.0
-17.0
-21.0
-20.0
-29.0
-40.0
-25.0
-30.0
-47.0
-44.0
-65.0
-60.0
-40.0
-63.0
-50.0
-31.0
-42.0
-31.0
-22.0
-41.0
-38.0
-52.0
-44.0
-49.0
-77.0
-51.0
-53.0
-64.0
-44.0
-46.0
-43.0
-55.0
-61.0
-48.0
-46.0
-57.0
-53.0
-70.0
-68.0
-36.0
-36.0
-39.0
-42.0
-55.0
-37.0
-52.0
-47.0
-34.0
-45.0
-30.0
-33.0
-51.0
-54.0
-52.0
-45.0
-48.0
-57.0
-43.0
-39.0
-41.0
-37.0
-34.0
-50.0
-47.0
-60.0
-55.0
-41.0
-49.0
-34.0
-37.0
-35.0
-18.0
-27.0
-6.0
-18.0
-31.0
-17.0
-38.0
-15.0
-14.0
-42.0
-25.0
-50.0
-44.0
-12.0
-18.0
2.0
8.0
-16.0
2.0
4.0
-14.0
-15.0
-24.0
-26.0
-12.0
-37.0
-34.0
-17.0
-44.0
-30.0
-18.0
-16.0
-20.0
-16.0
-4.0
-13.0
-14.0
-2.0
-13.0
-8.0
-4.0
-34.0
-17.0
-43.0
-48.0
-34.0
-39.0
-25.0
-21.0
-35.0
-29.0
-29.0
-27.0
-24.0
-26.0
-42.0
-43.0
-69.0
-51.0
-50.0
-55.0
-36.0
-46.0
-31.0
-10.0
-20.0
-2.0
-10.0
-6.0
3.0
-20.0
-36.0
-32.0
-38.0
-34.0
-24.0
-32.0
-11.0
-4.0
-3.0
1.0
3.0
20.0
32.0
15.0
-4.0
-35.0
-37.0
-35.0
-35.0
-34.0
-32.0
-31.0
-6.0
-18.0
4.0
2.0
-6.0
13.0
16.0
-4.0
-14.0
-29.0
-24.0
-32.0
-36.0
-10.0
-27.0
-33.0
-6.0
-27.0
-20.0
-14.0
-24.0
-6.0
4.0
-20.0
-8.0
-26.0
-15.0
-6.0
-27.0
-17.0
-21.0
-28.0
-1.0
-18.0
-6.0
-14.0
-37.0
-25.0
-22.0
-30.0
-21.0
-34.0
-58.0
-61.0
-54.0
-23.0
-23.0
-24.0
-7.0
-23.0
-21.0
-24.0
-32.0
-17.0
-28.0
-32.0
-36.0
-36.0
-27.0
-27.0
-35.0
-12.0
-6.0
4.0
6.0
-6.0
-4.0
-5.0
-13.0
2.0
-11.0
-17.0
2.0
-3.0
7.0
13.0
6.0
24.0
11.0
-11.0
13.0
4.0
17.0
24.0
15.0
20.0
3.0
-2.0
10.0
-13.0
2.0
0.0
-5.0
11.0
-2.0
-13.0
0.0
-8.0
-1.0
7.0
-9.0
24.0
-7.0
-5.0
4.0
1.0
-1.0
5.0
12.0
20.0
-1.0
5.0
10.0
-3.0
5.0
-1.0
-10.0
5.0
1.0
6.0
21.0
3.0
1.0
9.0
-4.0
21.0
22.0
26.0
40.0
26.0
12.0
9.0
-5.0
5.0
11.0
18.0
52.0
46.0
82.0
86.0
58.0
61.0
46.0
49.0
48.0
26.0
27.0
21.0
18.0
18.0
17.0
29.0
32.0
26.0
54.0
53.0
33.0
37.0
34.0
31.0
46.0
35.0
37.0
24.0
3.0
24.0
32.0
32.0
35.0
34.0
44.0
39.0
16.0
26.0
24.0
26.0
33.0
14.0
23.0
17.0
-1.0
15.0
19.0
7.0
41.0
36.0
32.0
44.0
31.0
55.0
40.0
24.0
49.0
29.0
26.0
26.0
3.0
16.0
18.0
-1.0
10.0
20.0
4.0
-7.0
-18.0
-14.0
-5.0
1.0
-2.0
-34.0
4.0
14.0
-26.0
-15.0
-21.0
-15.0
-7.0
-19.0
-6.0
4.0
2.0
-1.0
-27.0
-13.0
-4.0
-23.0
-7.0
4.0
-6.0
2.0
-6.0
6.0
26.0
19.0
19.0
29.0
-8.0
-1.0
-11.0
-5.0
-2.0
-25.0
-18.0
-26.0
-31.0
-12.0
-1.0
5.0
-2.0
-3.0
40.0
41.0
14.0
17.0
6.0
3.0
34.0
8.0
-6.0
-26.0
-40.0
-10.0
-8.0
-22.0
-4.0
-32.0
-17.0
-20.0
-40.0
-33.0
-34.0
-33.0
-21.0
-35.0
-33.0
-35.0
-49.0
-34.0
-46.0
-41.0
-39.0
-52.0
-37.0
-32.0
-34.0
7.0
1.0
-5.0
-9.0
-43.0
-52.0
-42.0
-53.0
-39.0
-43.0
-50.0
-51.0
-51.0
-46.0
-46.0
-53.0
-21.0
-43.0
-50.0
-41.0
-53.0
-51.0
-56.0
-53.0
-51.0
-52.0
-35.0
-27.0
-44.0
-34.0
-15.0
-26.0
-18.0
-17.0
-20.0
-28.0
-58.0
-46.0
-54.0
-62.0
-32.0
-37.0
-22.0
-22.0
-34.0
3.0
4.0
-20.0
-10.0
-22.0
-32.0
-25.0
-52.0
-31.0
-18.0
-23.0
-7.0
-33.0
-33.0
-17.0
-31.0
-15.0
-4.0
-20.0
-16.0
-27.0
-27.0
-6.0
-35.0
-22.0
-17.0
-25.0
-9.0
-24.0
-12.0
-21.0
-32.0
2.0
1.0
-20.0
-8.0
-32.0
-39.0
-9.0
-27.0
-19.0
-28.0
-40.0
-25.0
-39.0
-22.0
0.0
-18.0
-7.0
2.0
-28.0
-14.0
27.0
-2.0
-10.0
-30.0
-25.0
-16.0
-30.0
-5.0
-32.0
-40.0
-20.0
-34.0
-21.0
-27.0
-23.0
-1.0
1.0
-2.0
-3.0
-32.0
-20.0
-20.0
-32.0
-17.0
-21.0
-29.0
-62.0
-49.0
-14.0
-20.0
-20.0
1.0
-8.0
-33.0
-30.0
-42.0
-26.0
-13.0
-41.0
-21.0
-7.0
-7.0
-28.0
-27.0
-16.0
-23.0
-49.0
-18.0
-14.0
-32.0
-15.0
-39.0
-35.0
-47.0
-55.0
-24.0
1.0
15.0
34.0
1.0
-14.0
-1.0
-17.0
-33.0
-44.0
-31.0
-21.0
-42.0
-42.0
-60.0
-55.0
-27.0
-36.0
-22.0
-4.0
-28.0
-15.0
-15.0
-18.0
-19.0
-43.0
-42.0
-17.0
-39.0
-23.0
-12.0
-29.0
-10.0
-13.0
-35.0
-26.0
-41.0
-33.0
-26.0
-37.0
-15.0
-5.0
-7.0
-2.0
-13.0
-18.0
-49.0
-62.0
-30.0
-27.0
-26.0
-4.0
-49.0
-35.0
-18.0
-27.0
-16.0
-31.0
-40.0
-39.0
-35.0
7.0
-10.0
-43.0
-15.0
-32.0
-53.0
-29.0
-48.0
-41.0
-41.0
-42.0
10.0
-8.0
-31.0
-11.0
-32.0
-24.0
-27.0
-47.0
-33.0
-49.0
-39.0
-21.0
-40.0
-22.0
-21.0
-24.0
-8.0
-4.0
11.0
13.0
-14.0
-22.0
-17.0
-21.0
1.0
-19.0
-25.0
1.0
-16.0
-8.0
6.0
1.0
-6.0
-5.0
14.0
32.0
16.0
-7.0
-33.0
-34.0
-17.0
-10.0
-11.0
-3.0
-10.0
-8.0
4.0
7.0
30.0
6.0
17.0
33.0
3.0
-1.0
8.0
-4.0
0.0
-23.0
-26.0
-2.0
-1.0
9.0
14.0
11.0
21.0
6.0
-11.0
7.0
-8.0
-16.0
-19.0
-34.0
-22.0
-24.0
-24.0
-14.0
-22.0
-11.0
-11.0
-29.0
-37.0
-20.0
12.0
6.0
0.0
27.0
3.0
-22.0
6.0
3.0
-13.0
-11.0
-37.0
-21.0
-31.0
-32.0
-13.0
-26.0
-21.0
-4.0
-13.0
12.0
5.0
-21.0
-5.0
-20.0
-29.0
-1.0
-17.0
4.0
-2.0
-8.0
8.0
12.0
-5.0
1.0
-15.0
-6.0
-21.0
-42.0
-25.0
-35.0
-31.0
-16.0
-36.0
-13.0
4.0
-16.0
-7.0
-17.0
-25.0
-4.0
-36.0
-46.0
-20.0
-39.0
-32.0
-55.0
-59.0
-55.0
-61.0
-47.0
-48.0
-62.0
-37.0
-63.0
-50.0
-49.0
-82.0
-63.0
-58.0
-64.0
-57.0
-88.0
-76.0
-55.0
-60.0
-42.0
-48.0
-68.0
-43.0
-50.0
-60.0
-57.0
-81.0
-62.0
-64.0
-81.0
-65.0
-91.0
-95.0
-72.0
-89.0
-76.0
-64.0
-69.0
-57.0
-64.0
-74.0
-72.0
-99.0
-83.0
-86.0
-97.0
-78.0
-105.0
-99.0
-97.0
-91.0
-93.0
-90.0
-96.0
-97.0
-98.0
-83.0
-86.0
-91.0
-74.0
-84.0
-86.0
-71.0
-91.0
-100.0
-94.0
-117.0
-97.0
-78.0
-91.0
-81.0
-106.0
-77.0
-40.0
-82.0
-61.0
-22.0
-53.0
-56.0
-64.0
-51.0
-37.0
-56.0
-52.0
-65.0
-55.0
-42.0
-54.0
-37.0
-53.0
-72.0
-45.0
-51.0
-69.0
-36.0
-33.0
-32.0
-5.0
-41.0
-34.0
-26.0
-35.0
-30.0
-54.0
-40.0
-38.0
-54.0
-27.0
-17.0
-30.0
-52.0
-72.0
-34.0
-36.0
-51.0
-44.0
-33.0
-19.0
8.0
-10.0
-20.0
-9.0
-25.0
-9.0
-17.0
-45.0
-49.0
-55.0
-53.0
-49.0
-35.0
-6.0
-6.0
-27.0
-3.0
-3.0
-46.0
-37.0
-38.0
-11.0
2.0
-8.0
14.0
8.0
-15.0
8.0
1.0
16.0
10.0
5.0
28.0
18.0
12.0
20.0
-12.0
-9.0
9.0
-4.0
19.0
6.0
-3.0
13.0
-5.0
-3.0
15.0
19.0
40.0
15.0
6.0
26.0
8.0
14.0
13.0
-2.0
-12.0
-34.0
-12.0
18.0
2.0
4.0
1.0
-7.0
42.0
38.0
60.0
59.0
28.0
33.0
34.0
23.0
20.0
2.0
7.0
31.0
24.0
40.0
16.0
12.0
17.0
-2.0
28.0
40.0
27.0
38.0
29.0
33.0
30.0
19.0
27.0
25.0
5.0
28.0
23.0
14.0
37.0
18.0
8.0
18.0
5.0
31.0
10.0
4.0
17.0
10.0
11.0
22.0
16.0
31.0
16.0
3.0
32.0
10.0
-3.0
17.0
-3.0
8.0
5.0
-8.0
-11.0
-12.0
5.0
19.0
18.0
54.0
53.0
32.0
31.0
3.0
-6.0
-3.0
1.0
-17.0
-33.0
-13.0
7.0
5.0
5.0
6.0
4.0
20.0
13.0
-3.0
18.0
8.0
10.0
3.0
-17.0
16.0
24.0
18.0
47.0
34.0
22.0
26.0
10.0
16.0
10.0
16.0
20.0
15.0
17.0
29.0
20.0
31.0
1.0
-9.0
-4.0
-26.0
15.0
29.0
-7.0
5.0
-23.0
-36.0
-32.0
-36.0
-30.0
-25.0
-41.0
-35.0
-36.0
-23.0
-21.0
-49.0
-45.0
-27.0
-51.0
-44.0
-51.0
-52.0
-53.0
-59.0
-48.0
-26.0
-17.0
-24.0
-29.0
-12.0
-2.0
-40.0
-37.0
-27.0
-41.0
-33.0
-31.0
-51.0
-44.0
-41.0
-36.0
-43.0
-63.0
-48.0
-44.0
-54.0
-51.0
-53.0
-42.0
-42.0
-57.0
-36.0
-34.0
-37.0
-42.0
-55.0
-41.0
-12.0
-25.0
-27.0
-27.0
-47.0
-34.0
-40.0
-45.0
-39.0
-55.0
-35.0
-53.0
-51.0
-20.0
-29.0
-27.0
-17.0
-36.0
-14.0
-20.0
-15.0
-29.0
-76.0
-80.0
-59.0
-74.0
-60.0
-42.0
-40.0
-32.0
-36.0
-24.0
-25.0
-56.0
-31.0
-36.0
-52.0
-23.0
-17.0
-14.0
-1.0
-20.0
1.0
-27.0
-54.0
-31.0
-55.0
-37.0
7.0
34.0
38.0
-17.0
-22.0
-4.0
-38.0
-25.0
-16.0
-18.0
-1.0
-10.0
-17.0
8.0
-14.0
4.0
17.0
-4.0
5.0
-3.0
3.0
27.0
-10.0
-4.0
16.0
-11.0
-6.0
1.0
-1.0
-11.0
-35.0
-30.0
-11.0
-25.0
3.0
-13.0
-12.0
0.0
-7.0
-4.0
-3.0
-29.0
-3.0
8.0
2.0
25.0
8.0
2.0
-8.0
-51.0
-29.0
-27.0
-30.0
-22.0
-33.0
-31.0
-19.0
-27.0
-2.0
-15.0
-11.0
-2.0
-15.0
-27.0
8.0
-36.0
-19.0
-15.0
-18.0
-9.0
-20.0
-10.0
-2.0
2.0
23.0
17.0
-18.0
-3.0
-27.0
-46.0
-43.0
-61.0
-39.0
-34.0
-33.0
-15.0
-14.0
-1.0
-8.0
-20.0
12.0
-7.0
-20.0
4.0
2.0
14.0
15.0
-5.0
6.0
2.0
-14.0
-10.0
-20.0
-5.0
10.0
-2.0
12.0
-1.0
-12.0
12.0
1.0
-9.0
-5.0
-28.0
-16.0
7.0
2.0
-1.0
-3.0
16.0
15.0
2.0
22.0
17.0
16.0
32.0
4.0
8.0
14.0
3.0
18.0
16.0
-5.0
-3.0
-13.0
7.0
12.0
4.0
20.0
12.0
8.0
19.0
8.0
23.0
18.0
5.0
11.0
-3.0
4.0
22.0
23.0
33.0
60.0
40.0
24.0
32.0
41.0
68.0
54.0
43.0
35.0
25.0
36.0
19.0
20.0
26.0
5.0
30.0
31.0
10.0
34.0
26.0
27.0
40.0
20.0
15.0
17.0
2.0
14.0
14.0
5.0
10.0
-1.0
-12.0
-14.0
-11.0
33.0
29.0
30.0
38.0
11.0
1.0
8.0
-8.0
13.0
-6.0
1.0
20.0
-8.0
2.0
12.0
17.0
41.0
33.0
25.0
31.0
21.0
20.0
4.0
1.0
18.0
-4.0
-15.0
17.0
0.0
10.0
23.0
3.0
1.0
7.0
18.0
13.0
1.0
1.0
-12.0
-17.0
-1.0
-2.0
-6.0
26.0
15.0
4.0
12.0
-2.0
-8.0
-25.0
-21.0
5.0
-8.0
-30.0
-37.0
-50.0
-37.0
-41.0
-41.0
-25.0
-40.0
-33.0
-23.0
-18.0
-18.0
-33.0
-21.0
-5.0
-19.0
-16.0
-24.0
-43.0
-25.0
-23.0
-31.0
-31.0
-54.0
-53.0
-56.0
-67.0
-52.0
-42.0
-43.0
-22.0
-35.0
-40.0
-51.0
-39.0
-20.0
-36.0
-49.0
-32.0
-36.0
-13.0
-17.0
-31.0
-28.0
-43.0
-38.0
-29.0
-42.0
-11.0
-12.0
-34.0
-17.0
-17.0
-30.0
-20.0
-51.0
-67.0
-69.0
-87.0
-62.0
-53.0
-40.0
-7.0
-8.0
-13.0
-45.0
-62.0
-21.0
-32.0
-60.0
-54.0
-56.0
-54.0
-54.0
-59.0
-61.0
-55.0
-57.0
-39.0
-39.0
-25.0
-30.0
-45.0
-42.0
-47.0
-57.0
-43.0
-65.0
-59.0
-53.0
-63.0
-40.0
-44.0
-63.0
-42.0
-58.0
-50.0
-48.0
-53.0
-40.0
-38.0
-61.0
-54.0
-68.0
-65.0
-72.0
-80.0
-56.0
-61.0
-39.0
-17.0
-53.0
-55.0
-61.0
-67.0
-50.0
-46.0
-42.0
-48.0
-59.0
-50.0
-59.0
-66.0
-45.0
-60.0
-84.0
-93.0
-88.0
-64.0
-55.0
-70.0
-74.0
-89.0
-99.0
-70.0
-76.0
-55.0
-53.0
-40.0
-25.0
-44.0
-24.0
-32.0
-53.0
-48.0
-38.0
-58.0
-50.0
-52.0
-66.0
-60.0
-62.0
-43.0
-46.0
-43.0
-43.0
-68.0
-55.0
-29.0
-56.0
-53.0
-55.0
-81.0
-41.0
-46.0
-41.0
-23.0
-46.0
-46.0
-12.0
-29.0
-20.0
-17.0
-25.0
-22.0
-26.0
-33.0
-37.0
-26.0
-12.0
-11.0
1.0
12.0
-5.0
5.0
8.0
-14.0
9.0
18.0
11.0
8.0
-20.0
3.0
7.0
-31.0
-5.0
6.0
11.0
7.0
4.0
21.0
53.0
23.0
26.0
19.0
-1.0
9.0
14.0
25.0
36.0
40.0
26.0
10.0
29.0
42.0
24.0
41.0
40.0
22.0
23.0
31.0
32.0
42.0
16.0
12.0
39.0
39.0
21.0
22.0
21.0
22.0
25.0
44.0
42.0
20.0
19.0
22.0
21.0
24.0
20.0
20.0
27.0
40.0
56.0
51.0
64.0
45.0
14.0
21.0
37.0
40.0
51.0
41.0
32.0
47.0
39.0
36.0
51.0
43.0
59.0
55.0
34.0
57.0
39.0
45.0
51.0
33.0
33.0
34.0
34.0
29.0
7.0
21.0
28.0
21.0
39.0
20.0
31.0
52.0
32.0
35.0
20.0
22.0
23.0
26.0
39.0
49.0
36.0
51.0
56.0
19.0
36.0
27.0
24.0
42.0
23.0
43.0
46.0
29.0
52.0
11.0
10.0
12.0
-3.0
12.0
17.0
22.0
29.0
30.0
37.0
36.0
19.0
34.0
37.0
8.0
23.0
32.0
18.0
24.0
17.0
25.0
17.0
-5.0
18.0
25.0
11.0
42.0
40.0
26.0
5.0
-12.0
-9.0
-4.0
3.0
21.0
15.0
21.0
28.0
14.0
15.0
13.0
2.0
18.0
29.0
40.0
34.0
5.0
13.0
19.0
13.0
26.0
17.0
43.0
36.0
36.0
57.0
62.0
80.0
93.0
20.0
14.0
22.0
10.0
12.0
4.0
15.0
29.0
10.0
-3.0
-11.0
-4.0
11.0
-6.0
10.0
29.0
8.0
-16.0
-16.0
-14.0
7.0
-14.0
-8.0
-4.0
-12.0
0.0
-11.0
-18.0
3.0
-17.0
-27.0
-13.0
-33.0
-30.0
-29.0
-40.0
-34.0
-58.0
-54.0
-36.0
-51.0
-51.0
-42.0
-43.0
-34.0
-46.0
-53.0
-48.0
-64.0
-49.0
-43.0
-53.0
-49.0
-65.0
-54.0
-48.0
-60.0
-44.0
-49.0
-67.0
-37.0
-44.0
-39.0
-35.0
-54.0
-48.0
-44.0
-55.0
-35.0
-42.0
-52.0
-37.0
-40.0
-43.0
-30.0
-39.0
-18.0
-40.0
-49.0
-36.0
-44.0
-31.0
-27.0
-46.0
-25.0
-29.0
-33.0
-40.0
-62.0
-42.0
-45.0
-66.0
-41.0
-40.0
-65.0
-56.0
-59.0
-49.0
-39.0
-41.0
-11.0
-30.0
-23.0
-23.0
-36.0
-33.0
-49.0
-57.0
-44.0
-31.0
-50.0
-37.0
-37.0
-35.0
-31.0
-33.0
-21.0
-33.0
-39.0
-30.0
-48.0
-26.0
-14.0
-46.0
-30.0
-33.0
-53.0
-50.0
-47.0
-25.0
-24.0
-36.0
-36.0
-29.0
-26.0
-37.0
-49.0
-33.0
-52.0
-62.0
-52.0
-69.0
-73.0
-70.0
-95.0
-70.0
-53.0
-30.0
-14.0
-30.0
-53.0
-58.0
-68.0
-64.0
-66.0
-80.0
-74.0
-83.0
-83.0
-86.0
-89.0
-90.0
-78.0
-69.0
-49.0
-49.0
-38.0
-63.0
-83.0
-65.0
-68.0
-72.0
-59.0
-80.0
-86.0
-60.0
-73.0
-60.0
-46.0
-68.0
-60.0
-80.0
-86.0
-65.0
-81.0
-61.0
-62.0
-84.0
-41.0
-50.0
-74.0
-48.0
-46.0
-42.0
-36.0
-52.0
-50.0
-52.0
-51.0
-53.0
-77.0
-62.0
-54.0
-60.0
-65.0
-56.0
-48.0
-52.0
-51.0
-50.0
-61.0
-69.0
-60.0
-61.0
-51.0
-41.0
-54.0
-54.0
-61.0
-64.0
-45.0
-80.0
-76.0
-42.0
-53.0
-59.0
-48.0
-51.0
-52.0
-43.0
-39.0
-33.0
-44.0
-37.0
-41.0
-42.0
-36.0
-53.0
-58.0
-29.0
-53.0
-31.0
-34.0
-37.0
-24.0
-59.0
-37.0
-21.0
-34.0
-33.0
-32.0
-42.0
-27.0
-37.0
-27.0
-1.0
-43.0
-21.0
-40.0
-40.0
-10.0
-27.0
-28.0
-27.0
-37.0
1.0
-1.0
-1.0
5.0
-20.0
-28.0
-11.0
-27.0
3.0
-3.0
-16.0
-4.0
-12.0
-26.0
-21.0
-42.0
-41.0
-32.0
-9.0
-9.0
-3.0
-7.0
-12.0
-5.0
-15.0
-21.0
-31.0
-27.0
-39.0
-30.0
-11.0
-8.0
35.0
31.0
-3.0
-6.0
-10.0
-18.0
-8.0
-30.0
-13.0
-16.0
-22.0
-9.0
-25.0
-4.0
12.0
-1.0
3.0
2.0
9.0
15.0
24.0
22.0
16.0
-6.0
18.0
16.0
-20.0
-12.0
-25.0
-10.0
-8.0
-15.0
-1.0
12.0
15.0
11.0
-7.0
-27.0
-15.0
-3.0
18.0
22.0
6.0
27.0
1.0
1.0
17.0
9.0
30.0
55.0
36.0
37.0
21.0
27.0
31.0
15.0
19.0
24.0
14.0
8.0
26.0
16.0
17.0
11.0
37.0
24.0
13.0
26.0
5.0
-4.0
13.0
-4.0
5.0
12.0
5.0
45.0
25.0
29.0
41.0
39.0
59.0
62.0
44.0
73.0
68.0
41.0
51.0
44.0
46.0
41.0
39.0
40.0
21.0
19.0
35.0
26.0
62.0
63.0
45.0
53.0
41.0
30.0
29.0
3.0
16.0
30.0
36.0
62.0
36.0
45.0
69.0
43.0
53.0
49.0
31.0
29.0
38.0
40.0
33.0
23.0
40.0
43.0
48.0
54.0
44.0
53.0
50.0
41.0
41.0
26.0
8.0
21.0
-4.0
20.0
25.0
16.0
33.0
32.0
33.0
64.0
43.0
37.0
38.0
34.0
52.0
68.0
54.0
51.0
31.0
18.0
27.0
16.0
33.0
9.0
15.0
25.0
12.0
12.0
29.0
22.0
17.0
10.0
1.0
27.0
11.0
8.0
12.0
7.0
25.0
23.0
25.0
40.0
30.0
35.0
48.0
22.0
24.0
21.0
7.0
22.0
13.0
16.0
19.0
3.0
21.0
30.0
14.0
33.0
16.0
14.0
5.0
-8.0
20.0
22.0
26.0
33.0
18.0
30.0
51.0
30.0
50.0
54.0
54.0
57.0
29.0
26.0
42.0
45.0
52.0
46.0
27.0
35.0
42.0
31.0
36.0
36.0
41.0
41.0
52.0
69.0
63.0
42.0
39.0
22.0
30.0
26.0
0.0
25.0
35.0
38.0
29.0
33.0
42.0
45.0
34.0
35.0
50.0
48.0
45.0
29.0
45.0
35.0
40.0
48.0
31.0
44.0
51.0
45.0
44.0
31.0
34.0
29.0
6.0
19.0
26.0
12.0
32.0
36.0
16.0
40.0
43.0
50.0
48.0
30.0
37.0
24.0
23.0
48.0
30.0
30.0
32.0
12.0
18.0
11.0
9.0
32.0
5.0
15.0
25.0
-1.0
10.0
4.0
8.0
5.0
-7.0
-8.0
-7.0
2.0
-1.0
-13.0
3.0
32.0
11.0
37.0
76.0
40.0
13.0
-12.0
-14.0
-7.0
-14.0
-8.0
-4.0
-21.0
-5.0
2.0
-2.0
15.0
-5.0
-20.0
-1.0
-17.0
-6.0
-4.0
-27.0
-25.0
-23.0
6.0
25.0
-1.0
-12.0
-17.0
-24.0
-6.0
-26.0
-18.0
-7.0
-28.0
-13.0
-18.0
-13.0
-5.0
-15.0
1.0
6.0
-20.0
-11.0
1.0
-8.0
13.0
12.0
-13.0
-7.0
-8.0
4.0
-5.0
-14.0
4.0
-24.0
-11.0
0.0
-9.0
12.0
1.0
-11.0
3.0
-32.0
-39.0
-24.0
-33.0
-24.0
-21.0
-40.0
-31.0
-25.0
-28.0
-44.0
-49.0
-24.0
-24.0
-26.0
-31.0
-43.0
-38.0
-26.0
-40.0
-30.0
-39.0
-41.0
-20.0
-36.0
-34.0
-50.0
-44.0
-15.0
-16.0
-16.0
3.0
-28.0
-42.0
-31.0
-36.0
-11.0
-25.0
-44.0
-36.0
-39.0
-48.0
-46.0
-45.0
-30.0
-29.0
-11.0
16.0
-29.0
-33.0
-21.0
-24.0
-12.0
-32.0
-40.0
-30.0
-28.0
-35.0
-15.0
-29.0
-17.0
-13.0
-14.0
-7.0
-10.0
-24.0
-8.0
14.0
-1.0
-10.0
21.0
-2.0
-28.0
-11.0
-10.0
-22.0
-3.0
2.0
-14.0
6.0
-2.0
-13.0
-8.0
-24.0
-27.0
-28.0
-5.0
31.0
43.0
32.0
27.0
20.0
10.0
-4.0
-10.0
-8.0
-35.0
-30.0
-23.0
-48.0
-27.0
-18.0
-24.0
4.0
2.0
-8.0
-11.0
-33.0
-28.0
-31.0
-34.0
-24.0
-33.0
-33.0
-37.0
-63.0
-53.0
-43.0
-44.0
-31.0
-32.0
-39.0
-23.0
-50.0
-34.0
-46.0
-51.0
-45.0
-56.0
-56.0
-53.0
-56.0
-31.0
-26.0
-32.0
-13.0
-32.0
-34.0
-27.0
-26.0
7.0
0.0
-32.0
-23.0
-7.0
-9.0
11.0
-5.0
7.0
6.0
10.0
8.0
-19.0
-24.0
-16.0
-19.0
-10.0
1.0
2.0
11.0
-7.0
-17.0
4.0
-15.0
2.0
26.0
27.0
43.0
27.0
31.0
23.0
-3.0
18.0
10.0
-13.0
14.0
23.0
30.0
54.0
37.0
46.0
12.0
11.0
25.0
17.0
20.0
22.0
21.0
25.0
-2.0
-1.0
17.0
13.0
1.0
23.0
37.0
43.0
30.0
39.0
81.0
40.0
49.0
37.0
7.0
29.0
17.0
2.0
15.0
12.0
4.0
18.0
21.0
40.0
39.0
41.0
68.0
32.0
18.0
17.0
16.0
17.0
13.0
23.0
37.0
33.0
32.0
29.0
21.0
32.0
27.0
23.0
34.0
3.0
13.0
20.0
20.0
46.0
46.0
31.0
26.0
2.0
22.0
14.0
21.0
42.0
6.0
3.0
7.0
-20.0
-8.0
-8.0
-17.0
-1.0
5.0
-7.0
13.0
11.0
23.0
24.0
4.0
2.0
-6.0
23.0
29.0
-6.0
-11.0
-4.0
-12.0
-8.0
1.0
-12.0
6.0
-10.0
-3.0
2.0
-11.0
4.0
-1.0
-21.0
-20.0
-34.0
-7.0
13.0
-2.0
12.0
2.0
11.0
22.0
-5.0
3.0
1.0
-34.0
-17.0
-29.0
-43.0
-10.0
-24.0
-23.0
-10.0
-24.0
-1.0
8.0
6.0
17.0
16.0
23.0
29.0
10.0
-4.0
-8.0
-26.0
-18.0
-40.0
-34.0
-20.0
-24.0
-15.0
-19.0
-7.0
20.0
6.0
3.0
-1.0
-40.0
-3.0
8.0
-15.0
-9.0
-17.0
9.0
3.0
-13.0
18.0
3.0
-9.0
9.0
10.0
11.0
15.0
-13.0
-2.0
-19.0
-26.0
-20.0
-32.0
-26.0
-12.0
-4.0
-4.0
-17.0
-11.0
25.0
8.0
16.0
27.0
-6.0
6.0
3.0
-18.0
-1.0
-1.0
15.0
13.0
-11.0
7.0
16.0
-12.0
-5.0
-10.0
-11.0
-13.0
-20.0
-16.0
4.0
8.0
7.0
-4.0
-21.0
-19.0
-21.0
-7.0
-4.0
-9.0
23.0
31.0
32.0
-6.0
-17.0
-14.0
-41.0
-52.0
-28.0
-62.0
-49.0
-43.0
-55.0
-51.0
-47.0
-29.0
5.0
-13.0
-17.0
-27.0
-49.0
-49.0
-65.0
-56.0
-34.0
-37.0
-26.0
-15.0
-32.0
-26.0
-29.0
-45.0
-48.0
-44.0
-46.0
-56.0
-74.0
-31.0
-46.0
-61.0
-46.0
-56.0
-33.0
-16.0
-34.0
-20.0
-27.0
-28.0
2.0
-7.0
-15.0
-3.0
-10.0
-12.0
-26.0
-40.0
-32.0
-54.0
-39.0
-36.0
-51.0
-21.0
-44.0
-56.0
-23.0
-27.0
-51.0
-47.0
-29.0
-28.0
-64.0
-63.0
-46.0
-68.0
-54.0
-43.0
-49.0
-39.0
-33.0
-53.0
-46.0
-55.0
-56.0
-51.0
-59.0
-66.0
-74.0
-76.0
-68.0
-77.0
-73.0
-81.0
-95.0
-66.0
-50.0
-53.0
-45.0
-50.0
-33.0
-28.0
-44.0
-27.0
-49.0
-48.0
-32.0
-44.0
-48.0
-46.0
-52.0
-37.0
-35.0
-33.0
-29.0
-37.0
-33.0
-33.0
-36.0
-23.0
-36.0
-48.0
-39.0
-52.0
-23.0
-12.0
-42.0
-27.0
-25.0
-30.0
-25.0
-31.0
-35.0
-35.0
-36.0
-30.0
-33.0
-51.0
-41.0
-29.0
-28.0
-28.0
-32.0
-7.0
-17.0
-56.0
-42.0
-19.0
-2.0
15.0
-1.0
9.0
-3.0
-9.0
-7.0
-4.0
-16.0
-12.0
-20.0
-1.0
-12.0
-11.0
-5.0
-21.0
-12.0
-17.0
-25.0
-13.0
-35.0
-37.0
-31.0
-25.0
-22.0
-22.0
-24.0
-16.0
-33.0
-30.0
-28.0
-59.0
-50.0
-32.0
-50.0
-29.0
-37.0
-29.0
-18.0
-33.0
-33.0
-46.0
-58.0
-46.0
-50.0
-48.0
-27.0
-34.0
-22.0
-25.0
-26.0
-13.0
-35.0
-29.0
-24.0
-45.0
-43.0
-48.0
-45.0
-34.0
-47.0
-63.0
-46.0
-33.0
-51.0
-52.0
-44.0
-42.0
-39.0
-37.0
-35.0
-43.0
-36.0
-31.0
-42.0
-42.0
-57.0
-49.0
-30.0
-39.0
-37.0
-39.0
-35.0
-9.0
-27.0
-43.0
-18.0
-48.0
-46.0
-47.0
-52.0
-30.0
-44.0
-44.0
-26.0
-40.0
-34.0
-33.0
-32.0
-33.0
-26.0
-23.0
-16.0
-27.0
-17.0
-49.0
-52.0
-17.0
-37.0
-43.0
-24.0
-18.0
-12.0
-29.0
-46.0
-23.0
-16.0
-26.0
-14.0
-23.0
-22.0
-8.0
-31.0
-21.0
-18.0
-22.0
-13.0
-23.0
-3.0
7.0
1.0
15.0
8.0
-6.0
6.0
2.0
-14.0
-24.0
-6.0
13.0
8.0
-3.0
12.0
-2.0
-5.0
9.0
8.0
12.0
13.0
-6.0
18.0
44.0
45.0
29.0
2.0
-5.0
0.0
10.0
31.0
21.0
16.0
1.0
-5.0
20.0
14.0
-21.0
3.0
-11.0
-7.0
-8.0
-8.0
6.0
-15.0
-6.0
2.0
-11.0
4.0
1.0
-8.0
2.0
-5.0
-4.0
-2.0
-9.0
-13.0
-25.0
-30.0
8.0
1.0
3.0
24.0
12.0
24.0
32.0
18.0
18.0
13.0
14.0
22.0
-12.0
-2.0
-4.0
-5.0
13.0
-5.0
15.0
34.0
14.0
22.0
12.0
4.0
13.0
-13.0
-13.0
-5.0
-23.0
-17.0
-7.0
-16.0
3.0
-9.0
-10.0
14.0
-3.0
-9.0
6.0
-4.0
4.0
-4.0
-3.0
-1.0
-20.0
-6.0
14.0
7.0
14.0
11.0
14.0
32.0
11.0
12.0
12.0
0.0
13.0
13.0
22.0
23.0
-8.0
6.0
33.0
17.0
30.0
18.0
25.0
34.0
21.0
21.0
17.0
23.0
35.0
31.0
31.0
33.0
14.0
27.0
20.0
23.0
33.0
28.0
21.0
30.0
15.0
12.0
-3.0
-4.0
21.0
-3.0
4.0
34.0
17.0
19.0
23.0
17.0
21.0
16.0
12.0
22.0
4.0
26.0
14.0
13.0
29.0
29.0
22.0
18.0
-2.0
17.0
18.0
-8.0
11.0
14.0
32.0
36.0
18.0
32.0
-1.0
-36.0
-9.0
-4.0
-1.0
2.0
-7.0
16.0
12.0
-10.0
11.0
2.0
2.0
13.0
-11.0
1.0
10.0
5.0
18.0
-4.0
5.0
13.0
-3.0
17.0
17.0
6.0
23.0
1.0
-19.0
-3.0
-2.0
-5.0
0.0
18.0
36.0
5.0
-1.0
17.0
26.0
19.0
26.0
25.0
15.0
6.0
12.0
21.0
23.0
34.0
25.0
-2.0
25.0
8.0
-2.0
11.0
-1.0
-12.0
-13.0
-18.0
-11.0
-7.0
-1.0
13.0
8.0
21.0
35.0
11.0
31.0
6.0
10.0
30.0
10.0
39.0
15.0
0.0
16.0
15.0
22.0
36.0
28.0
49.0
49.0
31.0
29.0
10.0
9.0
26.0
11.0
15.0
10.0
-19.0
4.0
12.0
24.0
20.0
11.0
22.0
8.0
-8.0
16.0
18.0
26.0
34.0
10.0
23.0
15.0
12.0
26.0
7.0
-12.0
10.0
7.0
24.0
31.0
25.0
29.0
21.0
24.0
30.0
13.0
16.0
0.0
10.0
34.0
11.0
-7.0
15.0
-3.0
14.0
6.0
-5.0
5.0
-7.0
-14.0
-1.0
4.0
8.0
2.0
-1.0
20.0
12.0
11.0
9.0
-11.0
7.0
2.0
6.0
17.0
22.0
34.0
36.0
-8.0
-8.0
-12.0
-11.0
4.0
-10.0
-14.0
-5.0
-14.0
2.0
2.0
-20.0
7.0
-11.0
-9.0
31.0
7.0
20.0
30.0
35.0
28.0
6.0
11.0
8.0
-21.0
13.0
19.0
-8.0
4.0
-2.0
2.0
7.0
12.0
33.0
36.0
9.0
29.0
-1.0
-1.0
14.0
-21.0
-7.0
0.0
-18.0
-8.0
9.0
1.0
-11.0
-24.0
4.0
23.0
8.0
14.0
-11.0
-13.0
7.0
-16.0
-21.0
-16.0
-7.0
7.0
-28.0
-23.0
6.0
-4.0
-1.0
9.0
-17.0
-10.0
-10.0
-16.0
-22.0
-29.0
-29.0
-13.0
-23.0
-10.0
-13.0
-25.0
-17.0
-37.0
-30.0
-21.0
-54.0
-36.0
-43.0
-48.0
-50.0
-60.0
-61.0
-43.0
-40.0
-39.0
-43.0
-49.0
-56.0
-69.0
-35.0
-33.0
-52.0
-39.0
-63.0
-63.0
-54.0
-67.0
-50.0
-51.0
-56.0
-41.0
-49.0
-45.0
-44.0
-63.0
-55.0
-71.0
-82.0
-69.0
-88.0
-74.0
-59.0
-68.0
-49.0
-68.0
-89.0
-68.0
-71.0
-73.0
-77.0
-87.0
-80.0
-96.0
-99.0
-66.0
-81.0
-80.0
-79.0
-78.0
-62.0
-60.0
-72.0
-55.0
-62.0
-61.0
-70.0
-97.0
-83.0
-80.0
-84.0
-55.0
-64.0
-52.0
-50.0
-78.0
-67.0
-64.0
-68.0
-58.0
-74.0
-92.0
-82.0
-84.0
-78.0
-82.0
-83.0
-73.0
-91.0
-93.0
-83.0
-107.0
-88.0
-89.0
-112.0
-91.0
-102.0
-109.0
-86.0
-91.0
-89.0
-101.0
-96.0
-87.0
-102.0
-90.0
-73.0
-72.0
-74.0
-64.0
-77.0
-74.0
-102.0
-78.0
-63.0
-79.0
-69.0
-61.0
-53.0
-46.0
-54.0
-42.0
-29.0
-65.0
-63.0
-63.0
-67.0
-56.0
-85.0
-81.0
-86.0
-93.0
-72.0
-63.0
-72.0
-54.0
-63.0
-64.0
-58.0
-72.0
-52.0
-64.0
-100.0
-84.0
-76.0
-76.0
-71.0
-74.0
-73.0
-87.0
-86.0
-79.0
-92.0
-91.0
-84.0
-85.0
-72.0
-85.0
-83.0
-64.0
-85.0
-77.0
-67.0
-79.0
-60.0
-51.0
-56.0
-60.0
-65.0
-64.0
-70.0
-93.0
-81.0
-92.0
-81.0
-86.0
-105.0
-72.0
-55.0
-72.0
-54.0
-67.0
-86.0
-80.0
-69.0
-53.0
-37.0
-37.0
-37.0
-33.0
-37.0
-46.0
-60.0
-51.0
-43.0
-53.0
-44.0
-36.0
-61.0
-58.0
-49.0
-47.0
-39.0
-60.0
-40.0
-59.0
-80.0
-43.0
-34.0
-50.0
-39.0
-60.0
-46.0
-40.0
-39.0
-34.0
-31.0
-23.0
-22.0
-30.0
-30.0
-37.0
-31.0
-34.0
-57.0
-42.0
-24.0
-14.0
-2.0
21.0
26.0
4.0
-29.0
-16.0
-11.0
-27.0
-14.0
-15.0
-19.0
-17.0
-10.0
-20.0
-11.0
-7.0
1.0
-18.0
-22.0
4.0
-15.0
-10.0
-2.0
-39.0
-24.0
-6.0
-15.0
1.0
-3.0
11.0
14.0
3.0
12.0
7.0
7.0
36.0
11.0
6.0
21.0
4.0
4.0
5.0
10.0
3.0
12.0
26.0
28.0
26.0
18.0
17.0
3.0
20.0
1.0
-3.0
24.0
12.0
20.0
24.0
16.0
37.0
1.0
11.0
46.0
23.0
38.0
43.0
42.0
61.0
34.0
19.0
23.0
20.0
34.0
21.0
8.0
29.0
-1.0
12.0
7.0
12.0
49.0
45.0
27.0
32.0
19.0
17.0
35.0
15.0
24.0
39.0
17.0
29.0
21.0
45.0
46.0
30.0
42.0
27.0
31.0
43.0
22.0
17.0
27.0
13.0
26.0
17.0
33.0
46.0
37.0
44.0
53.0
38.0
37.0
40.0
34.0
46.0
37.0
23.0
22.0
20.0
45.0
32.0
36.0
63.0
45.0
41.0
39.0
32.0
69.0
45.0
20.0
37.0
45.0
52.0
29.0
35.0
74.0
62.0
43.0
68.0
40.0
48.0
32.0
-1.0
14.0
6.0
-5.0
1.0
-29.0
-20.0
-20.0
-29.0
-32.0
-37.0
-42.0
-18.0
-22.0
-23.0
-20.0
-41.0
-62.0
-96.0
-108.0
-77.0
-93.0
-103.0
-87.0
-88.0
-83.0
-75.0
-93.0
-94.0
-135.0
-127.0
-98.0
-112.0
-108.0
-117.0
-135.0
-126.0
-168.0
-172.0
-155.0
-167.0
-139.0
-117.0
-103.0
-98.0
-124.0
-134.0
-152.0
-166.0
-150.0
-156.0
-166.0
-128.0
-116.0
-109.0
-108.0
-121.0
-126.0
-133.0
-140.0
-126.0
-133.0
-125.0
-110.0
-128.0
-109.0
-117.0
-123.0
-118.0
-125.0
-115.0
-138.0
-150.0
-129.0
-129.0
-126.0
-88.0
-89.0
-95.0
-113.0
-135.0
-122.0
-137.0
-137.0
-118.0
-120.0
-105.0
-86.0
-82.0
-59.0
-87.0
-102.0
-97.0
-110.0
-95.0
-99.0
-111.0
-91.0
-89.0
-82.0
-62.0
-72.0
-76.0
-77.0
-89.0
-64.0
-56.0
-59.0
-53.0
-73.0
-72.0
-61.0
-75.0
-57.0
-55.0
-42.0
-34.0
-63.0
-31.0
-12.0
-35.0
-29.0
-45.0
-73.0
-61.0
-70.0
-66.0
-39.0
-26.0
-15.0
-44.0
-72.0
-49.0
-70.0
-62.0
-47.0
-58.0
-45.0
-52.0
-41.0
-36.0
-41.0
-44.0
-34.0
-33.0
-10.0
-7.0
-3.0
-6.0
-21.0
-45.0
-60.0
-61.0
-44.0
-44.0
-32.0
-3.0
-18.0
-15.0
15.0
-3.0
-6.0
-17.0
-44.0
-30.0
-15.0
20.0
21.0
13.0
17.0
-35.0
-38.0
-10.0
-14.0
-12.0
-13.0
-25.0
12.0
0.0
-19.0
5.0
-18.0
7.0
30.0
-1.0
20.0
2.0
-16.0
-3.0
-22.0
-16.0
-7.0
-11.0
16.0
17.0
14.0
20.0
9.0
25.0
23.0
1.0
26.0
5.0
-23.0
-6.0
-14.0
7.0
24.0
12.0
46.0
36.0
24.0
41.0
18.0
20.0
25.0
8.0
23.0
15.0
7.0
17.0
22.0
21.0
27.0
29.0
29.0
11.0
3.0
24.0
23.0
37.0
29.0
-15.0
5.0
30.0
21.0
31.0
49.0
54.0
56.0
47.0
63.0
52.0
39.0
39.0
17.0
11.0
23.0
20.0
47.0
40.0
39.0
51.0
32.0
17.0
21.0
31.0
62.0
48.0
40.0
48.0
11.0
12.0
29.0
16.0
25.0
11.0
26.0
61.0
45.0
55.0
50.0
58.0
57.0
29.0
30.0
45.0
20.0
43.0
49.0
32.0
73.0
74.0
46.0
67.0
39.0
44.0
68.0
51.0
50.0
40.0
34.0
50.0
52.0
52.0
62.0
37.0
59.0
62.0
62.0
89.0
79.0
79.0
81.0
60.0
76.0
68.0
34.0
35.0
49.0
61.0
53.0
66.0
95.0
70.0
73.0
93.0
85.0
109.0
129.0
128.0
108.0
93.0
96.0
93.0
69.0
63.0
62.0
61.0
67.0
62.0
63.0
64.0
68.0
73.0
59.0
36.0
56.0
37.0
29.0
61.0
53.0
42.0
29.0
7.0
32.0
32.0
15.0
29.0
22.0
14.0
23.0
8.0
22.0
3.0
-6.0
33.0
25.0
26.0
22.0
21.0
34.0
20.0
20.0
30.0
23.0
25.0
27.0
-6.0
17.0
31.0
2.0
29.0
11.0
4.0
32.0
23.0
41.0
30.0
44.0
59.0
42.0
38.0
33.0
20.0
36.0
37.0
19.0
34.0
41.0
37.0
46.0
46.0
48.0
39.0
35.0
50.0
22.0
20.0
33.0
9.0
31.0
32.0
37.0
23.0
20.0
47.0
54.0
47.0
72.0
61.0
50.0
50.0
60.0
74.0
67.0
68.0
76.0
53.0
58.0
70.0
50.0
50.0
67.0
52.0
71.0
60.0
65.0
61.0
34.0
53.0
63.0
53.0
68.0
66.0
58.0
52.0
49.0
60.0
56.0
46.0
79.0
80.0
73.0
72.0
61.0
49.0
49.0
31.0
43.0
36.0
44.0
50.0
16.0
45.0
65.0
33.0
34.0
54.0
58.0
67.0
67.0
49.0
59.0
38.0
32.0
14.0
26.0
34.0
45.0
68.0
91.0
77.0
67.0
34.0
22.0
34.0
23.0
62.0
62.0
22.0
35.0
1.0
-17.0
17.0
10.0
35.0
36.0
24.0
40.0
24.0
15.0
22.0
10.0
13.0
11.0
-9.0
5.0
1.0
-3.0
1.0
-6.0
11.0
16.0
-4.0
12.0
-21.0
-16.0
-12.0
-20.0
8.0
6.0
-11.0
6.0
4.0
-10.0
6.0
2.0
8.0
20.0
12.0
31.0
3.0
5.0
18.0
1.0
-8.0
-2.0
-3.0
25.0
32.0
29.0
34.0
18.0
12.0
-3.0
18.0
55.0
34.0
32.0
24.0
13.0
16.0
17.0
14.0
26.0
27.0
36.0
41.0
26.0
33.0
44.0
32.0
50.0
17.0
3.0
21.0
11.0
33.0
31.0
22.0
24.0
20.0
9.0
28.0
18.0
22.0
42.0
18.0
15.0
3.0
-11.0
-7.0
-5.0
-7.0
-5.0
-1.0
21.0
-2.0
-9.0
7.0
3.0
19.0
12.0
-12.0
-8.0
-22.0
-25.0
-10.0
-15.0
-12.0
-14.0
-23.0
-29.0
-11.0
-11.0
20.0
-13.0
-26.0
-27.0
-51.0
-28.0
-32.0
-39.0
-24.0
-23.0
-13.0
-10.0
-34.0
-23.0
-35.0
-21.0
-33.0
-39.0
-37.0
-54.0
-39.0
-21.0
-11.0
-5.0
10.0
-22.0
-27.0
-23.0
-28.0
-24.0
-19.0
-40.0
-50.0
-53.0
-52.0
-42.0
-44.0
-32.0
-41.0
-41.0
-24.0
-48.0
-27.0
-24.0
-39.0
-21.0
-43.0
-46.0
-38.0
-58.0
-35.0
-14.0
-34.0
-24.0
-54.0
-71.0
-60.0
-69.0
-34.0
-36.0
-41.0
-25.0
-32.0
-19.0
-23.0
-40.0
-24.0
-17.0
-26.0
-37.0
-63.0
-39.0
-4.0
-11.0
-11.0
-5.0
-34.0
-31.0
-33.0
-35.0
-36.0
-54.0
-51.0
-58.0
-64.0
-34.0
-44.0
-35.0
-22.0
-51.0
-37.0
-48.0
-40.0
-24.0
-33.0
-23.0
-17.0
-56.0
-56.0
-56.0
-57.0
-43.0
-44.0
-38.0
-22.0
-42.0
-31.0
-26.0
-43.0
-18.0
-29.0
-49.0
-40.0
-53.0
-16.0
-19.0
-27.0
-16.0
-31.0
-28.0
-13.0
-26.0
-28.0
-23.0
-31.0
-13.0
-33.0
-18.0
-3.0
-31.0
-16.0
-20.0
-35.0
-14.0
-8.0
-2.0
2.0
-17.0
9.0
1.0
-5.0
6.0
-12.0
3.0
3.0
-14.0
-2.0
-2.0
-23.0
-9.0
-20.0
-26.0
-7.0
11.0
4.0
-15.0
-1.0
21.0
11.0
3.0
17.0
-6.0
11.0
4.0
5.0
22.0
5.0
-11.0
-2.0
-21.0
-2.0
30.0
35.0
59.0
46.0
6.0
11.0
8.0
5.0
-11.0
-40.0
-18.0
-10.0
4.0
14.0
4.0
15.0
20.0
-11.0
3.0
-1.0
-6.0
9.0
-5.0
15.0
34.0
13.0
18.0
19.0
9.0
7.0
-29.0
-8.0
4.0
-4.0
9.0
-13.0
-7.0
-2.0
-7.0
0.0
-7.0
-24.0
8.0
48.0
47.0
51.0
37.0
34.0
25.0
15.0
32.0
51.0
29.0
21.0
22.0
55.0
76.0
41.0
41.0
45.0
43.0
51.0
47.0
73.0
62.0
34.0
59.0
47.0
39.0
59.0
40.0
33.0
32.0
21.0
45.0
46.0
39.0
54.0
33.0
37.0
45.0
27.0
34.0
19.0
33.0
31.0
8.0
24.0
17.0
3.0
24.0
22.0
2.0
31.0
22.0
28.0
28.0
24.0
43.0
36.0
48.0
67.0
14.0
37.0
30.0
21.0
31.0
25.0
35.0
32.0
10.0
12.0
11.0
1.0
21.0
10.0
-1.0
16.0
6.0
10.0
24.0
23.0
33.0
27.0
5.0
7.0
4.0
39.0
34.0
25.0
61.0
59.0
48.0
68.0
53.0
31.0
32.0
21.0
43.0
37.0
29.0
34.0
27.0
37.0
28.0
21.0
40.0
31.0
13.0
30.0
38.0
61.0
78.0
50.0
39.0
21.0
40.0
47.0
25.0
45.0
43.0
29.0
26.0
12.0
23.0
33.0
29.0
44.0
47.0
26.0
28.0
14.0
10.0
18.0
13.0
11.0
23.0
16.0
20.0
10.0
-5.0
-5.0
-5.0
15.0
14.0
-2.0
23.0
12.0
4.0
8.0
-3.0
7.0
15.0
-2.0
6.0
17.0
22.0
32.0
5.0
33.0
31.0
5.0
4.0
-17.0
-18.0
-7.0
-20.0
21.0
33.0
11.0
16.0
6.0
7.0
2.0
-17.0
-15.0
-10.0
-29.0
-6.0
-17.0
-6.0
5.0
-13.0
2.0
5.0
-4.0
1.0
-14.0
-3.0
14.0
-7.0
-14.0
-17.0
-30.0
-27.0
-36.0
-68.0
-67.0
-68.0
-39.0
-40.0
-41.0
-31.0
-42.0
-41.0
-34.0
-72.0
-63.0
-58.0
-51.0
-42.0
-41.0
-43.0
-44.0
-43.0
-42.0
-65.0
-72.0
-64.0
-66.0
-64.0
-54.0
-59.0
-43.0
-33.0
-33.0
-24.0
-48.0
-55.0
-54.0
-72.0
-61.0
-46.0
-63.0
-51.0
-61.0
-63.0
-26.0
-51.0
-34.0
-39.0
-35.0
-42.0
-55.0
-49.0
-41.0
-47.0
-55.0
-70.0
-56.0
-31.0
-30.0
-25.0
-11.0
-39.0
-33.0
-48.0
-36.0
-33.0
-44.0
-5.0
13.0
1.0
-16.0
-23.0
-25.0
-51.0
-45.0
-27.0
-12.0
-29.0
-25.0
-36.0
-45.0
-34.0
-68.0
-73.0
-56.0
-64.0
-45.0
-53.0
-65.0
-54.0
-81.0
-69.0
-29.0
-46.0
-26.0
-34.0
-47.0
-35.0
-53.0
-41.0
-40.0
-62.0
-54.0
-54.0
-72.0
-45.0
-31.0
-37.0
-44.0
-33.0
-26.0
-48.0
-54.0
-45.0
-55.0
-43.0
-40.0
-63.0
-74.0
-58.0
-44.0
-6.0
-11.0
-13.0
-4.0
-37.0
-18.0
-17.0
-41.0
-26.0
-54.0
-63.0
-76.0
-92.0
-76.0
-87.0
-95.0
-54.0
-80.0
-62.0
-31.0
-52.0
-35.0
-20.0
-44.0
-38.0
-44.0
-48.0
-25.0
-16.0
-16.0
-26.0
-23.0
-14.0
-29.0
-34.0
-34.0
-50.0
-40.0
-51.0
-44.0
-40.0
-56.0
-42.0
-27.0
-39.0
-14.0
-35.0
-42.0
-23.0
-44.0
-65.0
-34.0
-51.0
-62.0
-46.0
-48.0
-14.0
-3.0
-19.0
-22.0
-41.0
-28.0
-37.0
-49.0
-40.0
-75.0
-54.0
-49.0
-74.0
-67.0
-61.0
-39.0
-21.0
-36.0
-10.0
3.0
-7.0
3.0
-10.0
-30.0
-16.0
-25.0
-12.0
-18.0
-27.0
-18.0
-15.0
-34.0
-19.0
-41.0
-49.0
-23.0
-17.0
5.0
6.0
-9.0
-13.0
-7.0
-4.0
2.0
-35.0
-39.0
-39.0
-38.0
-42.0
-70.0
-46.0
-5.0
-4.0
-2.0
-2.0
-10.0
7.0
4.0
-10.0
-14.0
-35.0
-30.0
-41.0
-41.0
-26.0
-58.0
-50.0
-23.0
-40.0
-11.0
-17.0
-14.0
3.0
-21.0
-11.0
1.0
-33.0
-40.0
-28.0
-39.0
-21.0
-37.0
-22.0
-7.0
-29.0
-21.0
-14.0
-29.0
-24.0
-33.0
-25.0
-12.0
-6.0
3.0
-18.0
-31.0
-5.0
-20.0
-33.0
-12.0
-28.0
-18.0
-20.0
-32.0
-35.0
-52.0
-30.0
-14.0
-24.0
-13.0
-25.0
-41.0
-21.0
-32.0
-20.0
-33.0
-50.0
-30.0
-27.0
-25.0
-24.0
-34.0
-25.0
-24.0
-38.0
-18.0
-40.0
-45.0
-4.0
-16.0
-13.0
-1.0
-19.0
-8.0
4.0
-1.0
-3.0
-17.0
-22.0
-14.0
-23.0
-1.0
-1.0
-18.0
1.0
-37.0
-23.0
20.0
4.0
27.0
36.0
36.0
45.0
28.0
10.0
8.0
6.0
5.0
4.0
6.0
24.0
30.0
35.0
42.0
30.0
45.0
42.0
42.0
34.0
25.0
34.0
26.0
-5.0
5.0
4.0
12.0
24.0
1.0
18.0
34.0
17.0
26.0
15.0
16.0
33.0
21.0
51.0
58.0
11.0
13.0
7.0
-11.0
0.0
-8.0
3.0
3.0
-4.0
-1.0
7.0
-7.0
-7.0
-20.0
-23.0
-14.0
-12.0
8.0
5.0
-1.0
26.0
14.0
5.0
24.0
16.0
10.0
-18.0
-2.0
11.0
-12.0
-4.0
8.0
-4.0
-1.0
9.0
6.0
34.0
23.0
4.0
10.0
-8.0
8.0
1.0
-34.0
-4.0
-27.0
-22.0
-8.0
-19.0
3.0
1.0
-3.0
15.0
33.0
33.0
31.0
4.0
16.0
13.0
17.0
4.0
-20.0
-14.0
-17.0
-23.0
-8.0
-6.0
-17.0
11.0
1.0
-11.0
0.0
-27.0
-16.0
-11.0
-10.0
2.0
-11.0
-8.0
-16.0
-45.0
-16.0
-12.0
-17.0
5.0
3.0
18.0
9.0
-7.0
-5.0
-18.0
-15.0
-28.0
-55.0
-46.0
-23.0
-11.0
12.0
-3.0
-5.0
5.0
-11.0
-12.0
-6.0
-4.0
-8.0
-33.0
-39.0
-25.0
-53.0
-46.0
-32.0
-37.0
-26.0
-31.0
-25.0
-12.0
-42.0
-26.0
-14.0
-36.0
-18.0
-15.0
-25.0
2.0
-24.0
-16.0
-3.0
-9.0
18.0
22.0
0.0
9.0
6.0
15.0
37.0
18.0
27.0
41.0
45.0
64.0
34.0
35.0
54.0
54.0
62.0
76.0
78.0
72.0
67.0
72.0
72.0
34.0
47.0
51.0
30.0
45.0
22.0
29.0
31.0
20.0
38.0
18.0
21.0
41.0
28.0
18.0
20.0
15.0
21.0
11.0
18.0
36.0
23.0
20.0
40.0
23.0
55.0
48.0
18.0
26.0
16.0
26.0
29.0
14.0
34.0
20.0
22.0
51.0
40.0
18.0
34.0
20.0
13.0
10.0
16.0
40.0
14.0
17.0
14.0
7.0
25.0
26.0
37.0
52.0
27.0
16.0
24.0
5.0
17.0
13.0
11.0
20.0
-6.0
-2.0
23.0
5.0
27.0
27.0
13.0
19.0
8.0
26.0
27.0
25.0
61.0
34.0
29.0
58.0
40.0
43.0
53.0
37.0
34.0
26.0
34.0
41.0
19.0
22.0
30.0
16.0
-5.0
-4.0
2.0
20.0
-3.0
-1.0
27.0
7.0
14.0
13.0
10.0
26.0
18.0
26.0
31.0
11.0
26.0
4.0
-8.0
12.0
-2.0
20.0
35.0
18.0
31.0
34.0
20.0
36.0
3.0
-5.0
-12.0
-39.0
-1.0
23.0
20.0
13.0
-1.0
-1.0
-5.0
-13.0
-14.0
-25.0
-15.0
-13.0
-27.0
-21.0
-7.0
-30.0
-8.0
3.0
10.0
6.0
-26.0
-18.0
-12.0
-30.0
-9.0
-36.0
-42.0
-39.0
-88.0
-67.0
-30.0
-29.0
-12.0
-20.0
-9.0
4.0
-2.0
0.0
12.0
-1.0
15.0
18.0
5.0
13.0
-5.0
-6.0
-18.0
-21.0
-5.0
-24.0
-33.0
-23.0
-41.0
0.0
0.0
0.0
0.0
0.0
0.0
0.0
0.0
0.0
0.0
0.0
0.0
0.0
0.0
0.0
0.0
0.0
0.0
0.0
0.0
0.0
0.0
0.0
0.0
0.0
0.0
0.0
0.0
0.0
0.0
0.0
0.0
0.0
0.0
0.0
0.0
0.0
0.0
0.0
0.0
0.0
0.0
0.0
0.0
0.0
0.0
0.0
0.0
0.0
0.0
0.0
0.0
0.0
0.0
0.0
0.0
0.0
0.0
0.0
0.0
0.0
0.0
0.0
0.0
0.0
0.0
0.0
0.0
0.0
0.0
0.0
0.0
0.0
0.0
0.0
0.0
0.0
0.0
0.0
0.0
0.0
0.0
0.0
0.0
0.0
0.0
0.0
0.0
0.0
0.0
0.0
0.0
0.0
0.0
0.0
0.0
0.0
0.0
0.0
0.0
0.0
0.0
0.0
0.0
0.0
0.0
0.0
0.0
0.0
0.0
0.0
0.0
