-123.0
-89.0
-110.0
-106.0
-113.0
-102.0
-65.0
-118.0
-121.0
-104.0
-123.0
-122.0
-115.0
-122.0
-101.0
-108.0
-121.0
-107.0
-105.0
-95.0
-122.0
-120.0
-92.0
-108.0
-97.0
-84.0
-93.0
-90.0
-95.0
-92.0
-64.0
-80.0
-76.0
-62.0
-69.0
-52.0
-43.0
-69.0
-68.0
-58.0
-64.0
-63.0
-68.0
-53.0
-62.0
-59.0
-59.0
-73.0
-64.0
-50.0
-63.0
-44.0
-43.0
-59.0
-68.0
-52.0
-40.0
-35.0
-49.0
-40.0
-35.0
-39.0
-25.0
-35.0
-31.0
-40.0
-55.0
-46.0
-30.0
-26.0
-16.0
-43.0
-27.0
-13.0
-25.0
-17.0
-2.0
-35.0
-10.0
-20.0
-42.0
-35.0
-55.0
-35.0
-29.0
-23.0
-10.0
-39.0
-64.0
-40.0
-46.0
-17.0
-14.0
-40.0
-24.0
-24.0
-14.0
6.0
-3.0
-15.0
4.0
13.0
-4.0
-18.0
-32.0
-22.0
-30.0
-18.0
-26.0
-19.0
2.0
-11.0
-25.0
-21.0
-7.0
20.0
13.0
-10.0
11.0
6.0
22.0
49.0
23.0
35.0
34.0
32.0
20.0
10.0
27.0
42.0
17.0
26.0
34.0
32.0
50.0
41.0
32.0
29.0
20.0
61.0
39.0
35.0
50.0
41.0
47.0
20.0
16.0
41.0
35.0
24.0
49.0
49.0
109.0
80.0
52.0
80.0
47.0
41.0
53.0
45.0
55.0
65.0
37.0
53.0
60.0
54.0
55.0
26.0
35.0
37.0
18.0
35.0
29.0
16.0
52.0
33.0
21.0
45.0
31.0
41.0
24.0
13.0
34.0
21.0
20.0
45.0
43.0
47.0
54.0
40.0
37.0
50.0
41.0
59.0
56.0
61.0
37.0
16.0
50.0
45.0
48.0
55.0
47.0
50.0
52.0
32.0
52.0
42.0
36.0
63.0
33.0
44.0
69.0
84.0
65.0
51.0
73.0
99.0
76.0
104.0
122.0
126.0
172.0
194.0
177.0
214.0
212.0
225.0
220.0
210.0
250.0
249.0
254.0
259.0
241.0
254.0
260.0
255.0
251.0
249.0
249.0
250.0
252.0
250.0
254.0
257.0
256.0
254.0
256.0
250.0
194.0
139.0
70.0
-8.0
-27.0
-71.0
-112.0
-154.0
-219.0
-223.0
-260.0
-270.0
-265.0
-268.0
-267.0
-267.0
-267.0
-266.0
-267.0
-266.0
-265.0
-267.0
-266.0
-266.0
-267.0
-266.0
-266.0
-266.0
-263.0
-263.0
-265.0
-260.0
-265.0
-266.0
-254.0
-248.0
-257.0
-265.0
-265.0
-261.0
-262.0
-257.0
-253.0
-259.0
-242.0
-241.0
-247.0
-236.0
-258.0
-250.0
-250.0
-244.0
-232.0
-248.0
-240.0
-219.0
-215.0
-220.0
-235.0
-244.0
-220.0
-235.0
-217.0
-210.0
-232.0
-227.0
-213.0
-218.0
-206.0
-207.0
-191.0
-186.0
-184.0
-177.0
-192.0
-216.0
-188.0
-173.0
-183.0
-180.0
-182.0
-182.0
-185.0
-194.0
-169.0
-175.0
-169.0
-164.0
-177.0
-172.0
-147.0
-158.0
-150.0
-154.0
-149.0
-158.0
-149.0
-145.0
-157.0
-147.0
-133.0
-133.0
-95.0
-100.0
-144.0
-130.0
-118.0
-140.0
-97.0
-130.0
-130.0
-139.0
-112.0
-88.0
-109.0
-120.0
-122.0
-114.0
-122.0
-132.0
-126.0
-98.0
-95.0
-94.0
-96.0
-109.0
-118.0
-116.0
-120.0
-107.0
-100.0
-94.0
-113.0
-105.0
-81.0
-108.0
-127.0
-93.0
-98.0
-114.0
-122.0
-135.0
-111.0
-99.0
-133.0
-127.0
-115.0
-86.0
-54.0
-77.0
-65.0
-72.0
-119.0
-107.0
-95.0
-116.0
-136.0
-138.0
-68.0
-73.0
-84.0
-42.0
-80.0
-99.0
-71.0
-76.0
-90.0
-71.0
-95.0
-71.0
-71.0
-86.0
-66.0
-77.0
-71.0
-68.0
-95.0
-59.0
-53.0
-71.0
-75.0
-93.0
-76.0
-67.0
-75.0
-67.0
-71.0
-95.0
-55.0
-67.0
-72.0
-51.0
-82.0
-67.0
-62.0
-85.0
-43.0
-79.0
-78.0
-57.0
-81.0
-69.0
-72.0
-77.0
-79.0
-89.0
-64.0
-80.0
-79.0
-63.0
-92.0
-95.0
-70.0
-96.0
-89.0
-76.0
-102.0
-87.0
-78.0
-82.0
-46.0
-101.0
-90.0
-72.0
-78.0
-54.0
-62.0
-80.0
-77.0
-95.0
-81.0
-64.0
-73.0
-72.0
-93.0
-87.0
-26.0
-90.0
-84.0
-73.0
-99.0
-80.0
-74.0
-89.0
-70.0
-89.0
-75.0
-75.0
-96.0
-74.0
-87.0
-72.0
-61.0
-79.0
-72.0
-75.0
-65.0
-68.0
-95.0
-91.0
-84.0
-76.0
-68.0
-61.0
-97.0
-74.0
-63.0
-68.0
-40.0
-90.0
-91.0
-70.0
-89.0
-65.0
-78.0
-96.0
-83.0
-87.0
-86.0
-102.0
-99.0
-81.0
-90.0
-99.0
-78.0
-75.0
-74.0
-64.0
-93.0
-86.0
-78.0
-98.0
-88.0
-95.0
-71.0
-34.0
-51.0
-26.0
-50.0
-71.0
-51.0
-56.0
-40.0
-48.0
-38.0
-30.0
-74.0
-99.0
8.0
35.0
41.0
63.0
20.0
28.0
30.0
25.0
45.0
18.0
18.0
-11.0
-31.0
3.0
5.0
-15.0
-19.0
-14.0
8.0
20.0
-8.0
4.0
27.0
-8.0
1.0
-7.0
14.0
33.0
5.0
8.0
21.0
52.0
77.0
58.0
77.0
96.0
63.0
54.0
63.0
82.0
107.0
93.0
77.0
87.0
67.0
58.0
41.0
29.0
53.0
36.0
34.0
42.0
25.0
36.0
19.0
14.0
27.0
15.0
34.0
46.0
11.0
35.0
12.0
15.0
38.0
23.0
16.0
44.0
46.0
53.0
49.0
57.0
89.0
105.0
148.0
225.0
266.0
253.0
253.0
254.0
250.0
251.0
249.0
252.0
254.0
254.0
252.0
222.0
179.0
127.0
97.0
0.0
-74.0
-100.0
-177.0
-236.0
-247.0
-256.0
-267.0
-267.0
-266.0
-266.0
-267.0
-266.0
-265.0
-266.0
-267.0
-265.0
-266.0
-265.0
-261.0
-262.0
-261.0
-260.0
-256.0
-253.0
-266.0
-254.0
-249.0
-261.0
-256.0
-251.0
-240.0
-248.0
-261.0
-241.0
-247.0
-242.0
-226.0
-253.0
-247.0
-220.0
-237.0
-211.0
-200.0
-215.0
-193.0
-220.0
-220.0
-229.0
-249.0
-224.0
-243.0
-236.0
-204.0
-225.0
-200.0
-186.0
-204.0
-194.0
-193.0
-193.0
-210.0
-213.0
-191.0
-187.0
-178.0
-164.0
-184.0
-182.0
-174.0
-191.0
-186.0
-181.0
-190.0
-174.0
-172.0
-174.0
-162.0
-173.0
-182.0
-163.0
-183.0
-167.0
-167.0
-185.0
-154.0
-154.0
-139.0
-158.0
-182.0
-159.0
-167.0
-169.0
-180.0
-178.0
-163.0
-165.0
-167.0
-146.0
-131.0
-174.0
-173.0
-186.0
-163.0
-135.0
-159.0
-161.0
-168.0
-164.0
-129.0
-128.0
-160.0
-162.0
-153.0
-154.0
-154.0
-147.0
-137.0
-144.0
-145.0
-156.0
-179.0
-158.0
-188.0
-185.0
-176.0
-173.0
-156.0
-163.0
-167.0
-156.0
-149.0
-145.0
-155.0
-157.0
-152.0
-159.0
-172.0
-150.0
-154.0
-172.0
-146.0
-158.0
-156.0
-125.0
-147.0
-119.0
-151.0
-156.0
-136.0
-166.0
-148.0
-126.0
-147.0
-132.0
-117.0
-113.0
-136.0
-140.0
-80.0
-80.0
-99.0
-101.0
-118.0
-134.0
-95.0
-117.0
-108.0
-82.0
-68.0
-69.0
-100.0
-99.0
-105.0
-104.0
-76.0
-108.0
-125.0
-82.0
-81.0
-94.0
-85.0
-90.0
-92.0
-102.0
-117.0
-107.0
-104.0
-88.0
-58.0
-39.0
-89.0
-74.0
-31.0
-2.0
-4.0
-13.0
2.0
-39.0
-34.0
-33.0
-26.0
-2.0
7.0
4.0
1.0
-1.0
21.0
6.0
-6.0
0.0
-14.0
-31.0
-18.0
-33.0
-30.0
-20.0
-24.0
-1.0
5.0
-8.0
11.0
-11.0
-4.0
6.0
-22.0
-4.0
-17.0
-24.0
-13.0
-35.0
-8.0
0.0
-33.0
-21.0
-19.0
-25.0
-2.0
-26.0
-23.0
-6.0
-35.0
-8.0
10.0
-23.0
-18.0
-31.0
-13.0
-36.0
-37.0
-2.0
-16.0
-27.0
-10.0
-15.0
-14.0
13.0
-2.0
-20.0
-25.0
-23.0
-18.0
-39.0
-18.0
-8.0
-6.0
13.0
-11.0
-23.0
-2.0
-2.0
18.0
14.0
-16.0
16.0
11.0
16.0
20.0
-5.0
17.0
25.0
5.0
18.0
13.0
-7.0
1.0
14.0
15.0
19.0
-9.0
11.0
11.0
26.0
46.0
36.0
53.0
102.0
168.0
259.0
262.0
248.0
250.0
249.0
251.0
254.0
256.0
247.0
201.0
130.0
94.0
41.0
-4.0
-67.0
-117.0
-144.0
-216.0
-241.0
-259.0
-266.0
-261.0
-266.0
-267.0
-265.0
-267.0
-265.0
-261.0
-266.0
-261.0
-261.0
-261.0
-258.0
-265.0
-259.0
-244.0
-249.0
-256.0
-260.0
-258.0
-234.0
-234.0
-234.0
-228.0
-256.0
-243.0
-234.0
-256.0
-246.0
-246.0
-218.0
-204.0
-219.0
-219.0
-223.0
-242.0
-211.0
-189.0
-225.0
-199.0
-209.0
-203.0
-188.0
-205.0
-212.0
-221.0
-204.0
-193.0
-231.0
-216.0
-183.0
-204.0
-215.0
-213.0
-194.0
-180.0
-205.0
-202.0
-195.0
-194.0
-166.0
-180.0
-206.0
-165.0
-173.0
-184.0
-183.0
-193.0
-190.0
-190.0
-176.0
-173.0
-215.0
-205.0
-145.0
-181.0
-155.0
-162.0
-166.0
-152.0
-155.0
-155.0
-153.0
-175.0
-147.0
-138.0
-140.0
-149.0
-153.0
-157.0
-158.0
-165.0
-156.0
-172.0
-166.0
-145.0
-157.0
-147.0
-142.0
-154.0
-121.0
-137.0
-145.0
-139.0
-143.0
-137.0
-124.0
-109.0
-118.0
-145.0
-134.0
-114.0
-129.0
-102.0
-102.0
-127.0
-97.0
-104.0
-98.0
-103.0
-106.0
-123.0
-115.0
-137.0
-102.0
-109.0
-149.0
-123.0
-125.0
-100.0
-91.0
-104.0
-99.0
-121.0
-115.0
-93.0
-122.0
-121.0
-112.0
-114.0
-67.0
-86.0
-104.0
-94.0
-90.0
-74.0
-85.0
-39.0
18.0
30.0
56.0
96.0
160.0
232.0
251.0
252.0
251.0
252.0
254.0
249.0
227.0
182.0
135.0
96.0
34.0
-53.0
-64.0
-115.0
-201.0
-211.0
-225.0
-228.0
-210.0
-230.0
-252.0
-257.0
-268.0
-264.0
-263.0
-266.0
-266.0
-266.0
-262.0
-262.0
-266.0
-265.0
-263.0
-263.0
-261.0
-263.0
-259.0
-257.0
-263.0
-259.0
-261.0
-260.0
-261.0
-258.0
-200.0
-196.0
-206.0
-206.0
-219.0
-228.0
-195.0
-223.0
-222.0
-224.0
-232.0
-220.0
-209.0
-218.0
-205.0
-210.0
-206.0
-212.0
-205.0
-193.0
-211.0
-216.0
-190.0
-200.0
-194.0
-177.0
-188.0
-177.0
-145.0
-148.0
-152.0
-164.0
-149.0
-143.0
-164.0
-129.0
-124.0
-175.0
-139.0
-48.0
-36.0
3.0
27.0
21.0
1.0
-24.0
-13.0
-31.0
2.0
7.0
-21.0
-8.0
1.0
-24.0
-16.0
-24.0
-16.0
3.0
4.0
6.0
-8.0
-29.0
-26.0
-24.0
-11.0
-14.0
-23.0
-11.0
-21.0
-23.0
-12.0
-26.0
-17.0
4.0
-11.0
2.0
-43.0
-24.0
32.0
0.0
-2.0
11.0
-6.0
1.0
8.0
-8.0
-3.0
-20.0
-25.0
-7.0
-27.0
-26.0
-32.0
-31.0
7.0
-16.0
-15.0
-7.0
-18.0
-2.0
-18.0
-43.0
-9.0
-16.0
-12.0
13.0
-15.0
-5.0
8.0
-23.0
-2.0
24.0
46.0
35.0
9.0
26.0
25.0
13.0
27.0
14.0
3.0
17.0
5.0
31.0
43.0
23.0
32.0
4.0
13.0
23.0
-10.0
5.0
-2.0
-2.0
5.0
-15.0
-15.0
16.0
6.0
23.0
29.0
36.0
35.0
15.0
32.0
27.0
12.0
23.0
18.0
22.0
44.0
12.0
11.0
27.0
-4.0
13.0
14.0
6.0
41.0
18.0
-17.0
7.0
22.0
10.0
6.0
4.0
26.0
15.0
23.0
27.0
15.0
46.0
36.0
2.0
10.0
14.0
33.0
40.0
12.0
23.0
18.0
5.0
6.0
15.0
27.0
46.0
4.0
6.0
8.0
-1.0
24.0
-10.0
-11.0
22.0
5.0
6.0
17.0
23.0
31.0
-5.0
11.0
16.0
8.0
22.0
18.0
11.0
14.0
8.0
26.0
29.0
-18.0
-3.0
6.0
-8.0
23.0
10.0
23.0
-3.0
-23.0
0.0
5.0
15.0
-2.0
-4.0
19.0
-6.0
-20.0
-46.0
-64.0
-112.0
-110.0
-103.0
-119.0
-124.0
-109.0
-116.0
-146.0
-128.0
-107.0
-99.0
-98.0
-114.0
-114.0
-85.0
-126.0
-142.0
-121.0
-111.0
-93.0
-100.0
-110.0
-102.0
-105.0
-121.0
-103.0
-103.0
-101.0
-82.0
-102.0
-93.0
-82.0
-93.0
-84.0
-99.0
-88.0
-78.0
-101.0
-91.0
-88.0
-91.0
-70.0
-73.0
-61.0
-58.0
-90.0
-84.0
-82.0
-88.0
-70.0
-99.0
-79.0
-70.0
-81.0
-73.0
-81.0
-75.0
-67.0
-95.0
-87.0
-115.0
-197.0
-240.0
-262.0
-268.0
-265.0
-266.0
-265.0
-265.0
-265.0
-250.0
-250.0
-242.0
-220.0
-232.0
-214.0
-200.0
-208.0
-187.0
-189.0
-195.0
-178.0
-187.0
-154.0
-173.0
-206.0
-179.0
-180.0
-185.0
-164.0
-164.0
-157.0
-153.0
-152.0
-109.0
-109.0
-139.0
-138.0
-147.0
-120.0
-97.0
-114.0
-93.0
-92.0
-110.0
-114.0
-122.0
-110.0
-115.0
-111.0
-89.0
-87.0
-95.0
-88.0
-91.0
-67.0
-81.0
-86.0
-51.0
-57.0
-71.0
-60.0
-68.0
-65.0
-44.0
-61.0
-37.0
-33.0
-62.0
-35.0
-53.0
-30.0
-3.0
-23.0
-17.0
-22.0
-27.0
-4.0
-30.0
-27.0
-17.0
-23.0
-15.0
-25.0
-22.0
-1.0
-5.0
-1.0
3.0
-18.0
6.0
-3.0
10.0
30.0
25.0
27.0
20.0
-8.0
75.0
178.0
242.0
261.0
255.0
252.0
252.0
254.0
252.0
254.0
255.0
253.0
256.0
257.0
257.0
251.0
243.0
227.0
193.0
196.0
142.0
107.0
100.0
60.0
54.0
35.0
14.0
6.0
-32.0
-48.0
-65.0
-95.0
-100.0
-117.0
-96.0
-91.0
-113.0
-117.0
-142.0
-183.0
-177.0
-177.0
-176.0
-197.0
-227.0
-228.0
-205.0
-201.0
-202.0
-204.0
-213.0
-199.0
-222.0
-202.0
-128.0
-168.0
-143.0
-163.0
-171.0
-144.0
-163.0
-168.0
-176.0
-198.0
-184.0
-176.0
-171.0
-163.0
-180.0
-164.0
-164.0
-176.0
-173.0
-178.0
-182.0
-157.0
-186.0
-185.0
-167.0
-176.0
-172.0
-158.0
-158.0
-168.0
-166.0
-158.0
-155.0
-178.0
-157.0
-165.0
-183.0
-158.0
-166.0
-172.0
-163.0
-172.0
-148.0
-191.0
-162.0
-92.0
-87.0
-88.0
-90.0
-116.0
-109.0
-106.0
-136.0
-127.0
-134.0
-121.0
-110.0
-129.0
-135.0
-126.0
-147.0
-156.0
-163.0
-177.0
-156.0
-153.0
-150.0
-165.0
-158.0
-138.0
-153.0
-144.0
-170.0
-173.0
-140.0
-142.0
-166.0
-152.0
-146.0
-137.0
-148.0
-187.0
-171.0
-125.0
-133.0
-116.0
-138.0
-141.0
-135.0
-154.0
-144.0
-134.0
-168.0
-150.0
-161.0
-142.0
-140.0
-153.0
-147.0
-150.0
-154.0
-136.0
-137.0
-117.0
-90.0
-77.0
-40.0
37.0
137.0
229.0
263.0
249.0
252.0
254.0
252.0
255.0
254.0
253.0
237.0
212.0
144.0
77.0
52.0
2.0
-69.0
-109.0
-159.0
-214.0
-256.0
-268.0
-263.0
-265.0
-265.0
-265.0
-267.0
-266.0
-266.0
-267.0
-263.0
-263.0
-265.0
-258.0
-266.0
-264.0
-252.0
-251.0
-258.0
-262.0
-262.0
-245.0
-258.0
-253.0
-264.0
-262.0
-248.0
-252.0
-249.0
-233.0
-249.0
-248.0
-227.0
-229.0
-219.0
-242.0
-235.0
-206.0
-214.0
-222.0
-220.0
-216.0
-219.0
-219.0
-221.0
-225.0
-212.0
-202.0
-199.0
-214.0
-197.0
-201.0
-228.0
-182.0
-164.0
-182.0
-165.0
-195.0
-182.0
-187.0
-205.0
-182.0
-179.0
-181.0
-197.0
-209.0
-193.0
-188.0
-172.0
-180.0
-195.0
-185.0
-170.0
-179.0
-174.0
-173.0
-156.0
-144.0
-182.0
-184.0
-166.0
-173.0
-143.0
-149.0
-170.0
-155.0
-160.0
-153.0
-152.0
-160.0
-135.0
-134.0
-136.0
-140.0
-174.0
-139.0
-108.0
-137.0
-119.0
-129.0
-137.0
-136.0
-154.0
-162.0
-154.0
-178.0
-153.0
-141.0
-156.0
-146.0
-156.0
-146.0
-139.0
-149.0
-130.0
-143.0
-142.0
-134.0
-152.0
-133.0
-112.0
-129.0
-126.0
-121.0
-127.0
-120.0
-115.0
-111.0
-138.0
-126.0
-118.0
-133.0
-147.0
-150.0
-159.0
-140.0
-142.0
-169.0
-153.0
-153.0
-152.0
-118.0
-137.0
-135.0
-118.0
-152.0
-133.0
-126.0
-136.0
-151.0
-150.0
-139.0
-123.0
-120.0
-100.0
-88.0
-93.0
-112.0
-132.0
-112.0
-105.0
-127.0
-122.0
-122.0
-163.0
-172.0
-192.0
-206.0
-203.0
-211.0
-191.0
-194.0
-209.0
-182.0
-186.0
-189.0
-193.0
-197.0
-168.0
-184.0
-172.0
-187.0
-204.0
-185.0
-184.0
-189.0
-164.0
-177.0
-174.0
-169.0
-179.0
-150.0
-155.0
-161.0
-144.0
-162.0
-165.0
-145.0
-153.0
-150.0
-142.0
-166.0
-145.0
-159.0
-157.0
-134.0
-163.0
-131.0
-146.0
-172.0
-136.0
-147.0
-147.0
-154.0
-173.0
-137.0
-112.0
-136.0
-126.0
-127.0
-135.0
-120.0
-145.0
-142.0
-118.0
-136.0
-143.0
-150.0
-140.0
-135.0
-143.0
-130.0
-115.0
-117.0
-117.0
-117.0
-107.0
-92.0
-95.0
-95.0
-86.0
-88.0
-84.0
-107.0
-119.0
-136.0
-73.0
-6.0
3.0
30.0
65.0
25.0
8.0
22.0
2.0
18.0
8.0
7.0
24.0
26.0
30.0
42.0
18.0
40.0
40.0
10.0
21.0
17.0
7.0
20.0
8.0
20.0
27.0
4.0
30.0
25.0
9.0
31.0
15.0
22.0
3.0
-6.0
7.0
-10.0
12.0
1.0
-51.0
-8.0
64.0
41.0
52.0
63.0
43.0
37.0
26.0
45.0
18.0
9.0
22.0
27.0
54.0
72.0
61.0
35.0
30.0
3.0
26.0
19.0
20.0
30.0
11.0
18.0
15.0
1.0
15.0
14.0
15.0
24.0
-1.0
24.0
64.0
53.0
93.0
89.0
69.0
72.0
68.0
64.0
52.0
47.0
41.0
38.0
37.0
55.0
49.0
36.0
43.0
36.0
35.0
24.0
58.0
60.0
60.0
104.0
109.0
116.0
216.0
255.0
250.0
256.0
256.0
254.0
253.0
252.0
253.0
255.0
256.0
255.0
238.0
197.0
150.0
109.0
73.0
5.0
-26.0
-64.0
-124.0
-146.0
-162.0
-209.0
-217.0
-238.0
-251.0
-258.0
-264.0
-253.0
-256.0
-264.0
-264.0
-265.0
-260.0
-254.0
-265.0
-257.0
-246.0
-260.0
-249.0
-257.0
-246.0
-240.0
-259.0
-245.0
-233.0
-255.0
-241.0
-238.0
-250.0
-227.0
-234.0
-210.0
-216.0
-241.0
-210.0
-216.0
-227.0
-202.0
-213.0
-229.0
-202.0
-197.0
-191.0
-204.0
-229.0
-199.0
-221.0
-205.0
-191.0
-181.0
-163.0
-166.0
-183.0
-186.0
-188.0
-167.0
-169.0
-170.0
-151.0
-163.0
-168.0
-145.0
-150.0
-168.0
-171.0
-166.0
-173.0
-178.0
-152.0
-150.0
-175.0
-155.0
-164.0
-165.0
-143.0
-163.0
-167.0
-148.0
-162.0
-128.0
-92.0
-118.0
-133.0
-140.0
-128.0
-137.0
-140.0
-122.0
-139.0
-165.0
-145.0
-149.0
-153.0
-145.0
-169.0
-148.0
-178.0
-183.0
-144.0
-149.0
-142.0
-142.0
-139.0
-145.0
-139.0
-142.0
-146.0
-137.0
-143.0
-145.0
-153.0
-127.0
-142.0
-152.0
-127.0
-143.0
-122.0
-114.0
-139.0
-120.0
-128.0
-129.0
-104.0
-131.0
-125.0
-106.0
-114.0
-136.0
-140.0
-137.0
-119.0
-137.0
-127.0
-118.0
-121.0
-107.0
-139.0
-149.0
-114.0
-117.0
-111.0
-114.0
-140.0
-140.0
-105.0
-105.0
-115.0
-142.0
-137.0
-128.0
-152.0
-136.0
-117.0
-134.0
-120.0
-119.0
-121.0
-133.0
-143.0
-112.0
-118.0
-139.0
-107.0
-126.0
-137.0
-119.0
-136.0
-116.0
-99.0
-130.0
-122.0
-127.0
-120.0
-127.0
-118.0
-109.0
-117.0
-114.0
-85.0
-82.0
-119.0
-123.0
-120.0
-114.0
-125.0
-144.0
-137.0
-150.0
-140.0
-120.0
-120.0
-125.0
-126.0
-112.0
-95.0
-131.0
-116.0
-96.0
-146.0
-128.0
-122.0
-131.0
-121.0
-119.0
-81.0
-87.0
-126.0
-99.0
-119.0
-129.0
-98.0
-80.0
-91.0
-101.0
-96.0
-99.0
-116.0
-108.0
-112.0
-148.0
-122.0
-92.0
-139.0
-115.0
-136.0
-147.0
-131.0
-144.0
-155.0
-122.0
-119.0
-107.0
-86.0
-100.0
-110.0
-140.0
-154.0
-142.0
-139.0
-115.0
-110.0
-127.0
-114.0
-137.0
-131.0
-117.0
-128.0
-110.0
-112.0
-103.0
-44.0
33.0
126.0
205.0
260.0
257.0
252.0
253.0
251.0
256.0
257.0
257.0
256.0
250.0
221.0
203.0
196.0
129.0
107.0
75.0
19.0
16.0
-43.0
-90.0
-105.0
-153.0
-173.0
-208.0
-232.0
-246.0
-257.0
-265.0
-260.0
-265.0
-264.0
-261.0
-259.0
-262.0
-262.0
-257.0
-250.0
-262.0
-254.0
-244.0
-244.0
-248.0
-260.0
-252.0
-238.0
-248.0
-245.0
-243.0
-249.0
-235.0
-236.0
-248.0
-236.0
-249.0
-219.0
-200.0
-238.0
-236.0
-239.0
-251.0
-209.0
-228.0
-238.0
-239.0
-239.0
-223.0
-218.0
-215.0
-206.0
-216.0
-211.0
-196.0
-207.0
-197.0
-185.0
-216.0
-193.0
-192.0
-186.0
-163.0
-205.0
-182.0
-181.0
-198.0
-191.0
-201.0
-188.0
-173.0
-200.0
-170.0
-179.0
-196.0
-169.0
-204.0
-190.0
-145.0
-176.0
-157.0
-174.0
-175.0
-165.0
-175.0
-170.0
-158.0
-166.0
-136.0
-171.0
-173.0
-146.0
-155.0
-154.0
-142.0
-162.0
-147.0
-160.0
-169.0
-144.0
-161.0
-184.0
-179.0
-164.0
-140.0
-157.0
-156.0
-126.0
-133.0
-160.0
-136.0
-126.0
-116.0
-122.0
-154.0
-137.0
-139.0
-141.0
-125.0
-132.0
-113.0
-144.0
-146.0
-102.0
-120.0
-136.0
-120.0
-133.0
-104.0
-97.0
-96.0
-99.0
-111.0
-79.0
-74.0
-89.0
-63.0
-67.0
-73.0
-50.0
-51.0
-68.0
-68.0
-60.0
-32.0
-67.0
-72.0
-35.0
-37.0
-51.0
-32.0
-36.0
-9.0
-22.0
-33.0
-7.0
-25.0
-11.0
17.0
23.0
49.0
73.0
94.0
143.0
224.0
268.0
253.0
253.0
254.0
256.0
256.0
257.0
257.0
244.0
204.0
148.0
121.0
94.0
38.0
15.0
-40.0
-86.0
-108.0
-164.0
-165.0
-208.0
-247.0
-249.0
-262.0
-261.0
-257.0
-266.0
-261.0
-261.0
-262.0
-259.0
-264.0
-253.0
-260.0
-266.0
-259.0
-252.0
-260.0
-239.0
-249.0
-248.0
-244.0
-247.0
-239.0
-215.0
-234.0
-237.0
-227.0
-203.0
-203.0
-220.0
-202.0
-194.0
-200.0
-208.0
-220.0
-211.0
-195.0
-204.0
-197.0
-215.0
-215.0
-206.0
-210.0
-218.0
-208.0
-199.0
-192.0
-210.0
-224.0
-226.0
-224.0
-212.0
-215.0
-209.0
-191.0
-193.0
-204.0
-173.0
-186.0
-174.0
-168.0
-187.0
-175.0
-174.0
-175.0
-159.0
-167.0
-174.0
-158.0
-177.0
-169.0
-169.0
-182.0
-169.0
-159.0
-117.0
-163.0
-199.0
-182.0
-205.0
-216.0
-196.0
-211.0
-203.0
-191.0
-212.0
-200.0
-181.0
-182.0
-177.0
-183.0
-170.0
-184.0
-198.0
-176.0
-202.0
-207.0
-176.0
-177.0
-166.0
-167.0
-187.0
-171.0
-169.0
-172.0
-139.0
-165.0
-161.0
-138.0
-136.0
-119.0
-124.0
-144.0
-155.0
-168.0
-109.0
-102.0
-115.0
-118.0
-119.0
-122.0
-113.0
-112.0
-101.0
-99.0
-115.0
-112.0
-112.0
-102.0
-107.0
-135.0
-128.0
-120.0
-126.0
-110.0
-118.0
-122.0
-125.0
-134.0
-120.0
-108.0
-139.0
-129.0
-140.0
-127.0
-119.0
-125.0
-106.0
-94.0
-100.0
-87.0
-99.0
-107.0
-83.0
-92.0
-90.0
-79.0
-81.0
-82.0
-133.0
-21.0
60.0
52.0
94.0
115.0
111.0
93.0
74.0
61.0
73.0
55.0
52.0
46.0
30.0
37.0
26.0
39.0
61.0
21.0
26.0
34.0
29.0
43.0
42.0
10.0
38.0
34.0
30.0
45.0
38.0
42.0
15.0
14.0
43.0
30.0
31.0
36.0
32.0
62.0
49.0
48.0
41.0
15.0
70.0
77.0
68.0
116.0
89.0
56.0
67.0
33.0
24.0
31.0
10.0
26.0
8.0
-2.0
34.0
23.0
11.0
16.0
0.0
7.0
4.0
5.0
24.0
16.0
44.0
52.0
52.0
71.0
51.0
14.0
14.0
25.0
36.0
17.0
10.0
18.0
6.0
-5.0
-31.0
-15.0
16.0
14.0
12.0
24.0
4.0
-3.0
3.0
-20.0
6.0
18.0
-19.0
0.0
13.0
-10.0
6.0
-2.0
-17.0
-9.0
-13.0
19.0
9.0
-11.0
6.0
1.0
16.0
-3.0
-16.0
3.0
10.0
-3.0
-11.0
-5.0
16.0
2.0
-20.0
-1.0
-15.0
-17.0
4.0
-9.0
-21.0
1.0
-20.0
2.0
14.0
8.0
19.0
7.0
11.0
-7.0
10.0
24.0
14.0
-11.0
15.0
12.0
13.0
-2.0
-17.0
0.0
-10.0
-10.0
3.0
-35.0
-12.0
19.0
6.0
7.0
7.0
-3.0
1.0
-14.0
2.0
6.0
-4.0
28.0
19.0
8.0
11.0
-9.0
-3.0
2.0
1.0
22.0
10.0
5.0
15.0
-6.0
-14.0
-6.0
-14.0
6.0
8.0
2.0
3.0
-10.0
49.0
49.0
14.0
30.0
36.0
35.0
51.0
34.0
47.0
31.0
8.0
34.0
42.0
41.0
32.0
30.0
53.0
67.0
71.0
107.0
161.0
251.0
263.0
247.0
249.0
251.0
251.0
253.0
256.0
256.0
252.0
246.0
236.0
192.0
138.0
109.0
55.0
24.0
-5.0
-65.0
-116.0
-156.0
-203.0
-209.0
-233.0
-230.0
-241.0
-268.0
-267.0
-266.0
-266.0
-256.0
-262.0
-266.0
-265.0
-267.0
-265.0
-261.0
-263.0
-261.0
-262.0
-265.0
-261.0
-263.0
-263.0
-262.0
-262.0
-255.0
-262.0
-258.0
-259.0
-262.0
-253.0
-256.0
-260.0
-238.0
-235.0
-244.0
-232.0
-246.0
-240.0
-224.0
-251.0
-215.0
-204.0
-221.0
-217.0
-229.0
-209.0
-202.0
-222.0
-222.0
-222.0
-213.0
-195.0
-196.0
-196.0
-197.0
-222.0
-201.0
-202.0
-202.0
-196.0
-203.0
-211.0
-186.0
-197.0
-180.0
-170.0
-180.0
-190.0
-176.0
-199.0
-188.0
-187.0
-190.0
-176.0
-191.0
-204.0
-177.0
-167.0
-172.0
-155.0
-159.0
-159.0
-170.0
-148.0
-154.0
-165.0
-154.0
-172.0
-158.0
-175.0
-166.0
-138.0
-155.0
-147.0
-139.0
-148.0
-150.0
-142.0
-158.0
-157.0
-147.0
-142.0
-137.0
-153.0
-133.0
-138.0
-140.0
-125.0
-138.0
-142.0
-128.0
-137.0
-114.0
-122.0
-130.0
-125.0
-135.0
-130.0
-148.0
-149.0
-119.0
-114.0
-120.0
-135.0
-147.0
-142.0
-133.0
-157.0
-130.0
-134.0
-152.0
-128.0
-146.0
-135.0
-142.0
-166.0
-138.0
-121.0
-119.0
-129.0
-149.0
-135.0
-135.0
-147.0
-153.0
-158.0
-185.0
-188.0
-215.0
-233.0
-243.0
-229.0
-205.0
-194.0
-195.0
-155.0
-161.0
-151.0
-155.0
-179.0
-149.0
-153.0
-144.0
-125.0
-185.0
-176.0
-160.0
-163.0
-158.0
-175.0
-183.0
-172.0
-194.0
-186.0
-174.0
-198.0
-205.0
-232.0
-153.0
-128.0
-130.0
-113.0
-148.0
-147.0
-128.0
-132.0
-131.0
-122.0
-127.0
-126.0
-131.0
-143.0
-141.0
-151.0
-152.0
-138.0
-147.0
-131.0
-139.0
-156.0
-129.0
-134.0
-142.0
-162.0
-88.0
-23.0
-4.0
58.0
101.0
80.0
65.0
67.0
49.0
35.0
37.0
23.0
40.0
51.0
44.0
47.0
15.0
35.0
36.0
29.0
55.0
48.0
25.0
28.0
20.0
33.0
34.0
9.0
23.0
10.0
23.0
53.0
25.0
-12.0
6.0
2.0
5.0
-7.0
-11.0
-20.0
-19.0
34.0
36.0
28.0
28.0
12.0
11.0
6.0
-14.0
15.0
18.0
4.0
13.0
11.0
17.0
15.0
-4.0
8.0
-3.0
-18.0
2.0
-5.0
-4.0
-3.0
-17.0
-11.0
6.0
2.0
13.0
-16.0
-6.0
5.0
-2.0
11.0
16.0
13.0
15.0
11.0
23.0
42.0
26.0
28.0
35.0
15.0
43.0
48.0
36.0
41.0
14.0
16.0
0.0
17.0
68.0
43.0
79.0
120.0
125.0
167.0
252.0
265.0
252.0
253.0
253.0
251.0
252.0
256.0
257.0
257.0
257.0
248.0
223.0
206.0
142.0
107.0
64.0
11.0
-11.0
-64.0
-105.0
-130.0
-190.0
-214.0
-254.0
-265.0
-260.0
-265.0
-268.0
-265.0
-265.0
-266.0
-266.0
-264.0
-261.0
-265.0
-262.0
-260.0
-263.0
-252.0
-244.0
-254.0
-247.0
-243.0
-239.0
-249.0
-253.0
-239.0
-234.0
-245.0
-206.0
-216.0
-219.0
-196.0
-214.0
-230.0
-216.0
-228.0
-223.0
-230.0
-222.0
-225.0
-231.0
-221.0
-222.0
-235.0
-210.0
-216.0
-224.0
-201.0
-216.0
-218.0
-210.0
-189.0
-176.0
-192.0
-206.0
-210.0
-211.0
-184.0
-182.0
-209.0
-195.0
-197.0
-174.0
-176.0
-184.0
-161.0
-169.0
-185.0
-140.0
-165.0
-178.0
-149.0
-169.0
-171.0
-131.0
-139.0
-136.0
-142.0
-155.0
-129.0
-143.0
-139.0
-132.0
-137.0
-146.0
-142.0
-118.0
-120.0
-136.0
-130.0
-118.0
-128.0
-101.0
-122.0
-126.0
-106.0
-127.0
-115.0
-118.0
-135.0
-119.0
-125.0
-103.0
-82.0
-89.0
-62.0
-52.0
-58.0
15.0
27.0
26.0
54.0
42.0
58.0
71.0
45.0
52.0
73.0
88.0
99.0
68.0
70.0
59.0
52.0
32.0
-3.0
-8.0
-13.0
-53.0
-56.0
-67.0
-68.0
-41.0
-61.0
-77.0
-67.0
-62.0
-58.0
-49.0
-66.0
-87.0
-122.0
-106.0
-81.0
-108.0
-106.0
-110.0
-105.0
-84.0
-92.0
-81.0
-83.0
-79.0
-45.0
-20.0
8.0
57.0
109.0
145.0
181.0
176.0
223.0
249.0
248.0
259.0
258.0
257.0
257.0
257.0
256.0
256.0
257.0
257.0
257.0
257.0
257.0
246.0
229.0
185.0
139.0
125.0
80.0
26.0
25.0
-17.0
-46.0
-83.0
-120.0
-129.0
-174.0
-194.0
-227.0
-245.0
-257.0
-268.0
-265.0
-263.0
-265.0
-263.0
-260.0
-266.0
-265.0
-264.0
-266.0
-260.0
-264.0
-254.0
-254.0
-263.0
-253.0
-256.0
-263.0
-260.0
-260.0
-258.0
-243.0
-243.0
-241.0
-239.0
-248.0
-228.0
-236.0
-228.0
-205.0
-235.0
-223.0
-210.0
-219.0
-197.0
-196.0
-195.0
-175.0
-207.0
-200.0
-225.0
-241.0
-169.0
-184.0
-192.0
-168.0
-190.0
-189.0
-192.0
-195.0
-173.0
-182.0
-200.0
-164.0
-177.0
-175.0
-168.0
-176.0
-159.0
-177.0
-175.0
-144.0
-154.0
-147.0
-150.0
-171.0
-149.0
-151.0
-149.0
-137.0
-152.0
-140.0
-130.0
-139.0
-154.0
-162.0
-171.0
-157.0
-164.0
-147.0
-137.0
-157.0
-127.0
-164.0
-156.0
-127.0
-163.0
-158.0
-157.0
-177.0
-167.0
-192.0
-212.0
-190.0
-184.0
-163.0
-152.0
-162.0
-155.0
-172.0
-162.0
-156.0
-165.0
-143.0
-135.0
-167.0
-139.0
-146.0
-152.0
-149.0
-162.0
-151.0
-147.0
-156.0
-135.0
-146.0
-139.0
-142.0
-157.0
-152.0
-157.0
-142.0
-127.0
-155.0
-144.0
-168.0
-172.0
-165.0
-154.0
-161.0
-148.0
-178.0
-176.0
-143.0
-160.0
-151.0
-171.0
-181.0
-164.0
-174.0
-170.0
-157.0
-184.0
-171.0
-157.0
-159.0
-134.0
-154.0
-171.0
-146.0
-164.0
-139.0
-149.0
-154.0
-133.0
-146.0
-143.0
-142.0
-151.0
-121.0
-124.0
-133.0
-112.0
-115.0
-124.0
-96.0
-139.0
-99.0
-71.0
-106.0
-86.0
-100.0
-110.0
-106.0
-125.0
-107.0
-94.0
-90.0
-78.0
-88.0
-85.0
-72.0
-93.0
-73.0
-76.0
-53.0
-56.0
-78.0
-86.0
-80.0
-91.0
-59.0
-49.0
-86.0
-70.0
-102.0
-93.0
-73.0
-93.0
-76.0
-67.0
-96.0
-82.0
-84.0
-92.0
-100.0
-104.0
-74.0
-86.0
-104.0
-95.0
-106.0
-95.0
-78.0
-100.0
-91.0
-91.0
-90.0
-76.0
-88.0
-80.0
-76.0
-82.0
-61.0
-70.0
-84.0
-77.0
-83.0
-68.0
-68.0
-72.0
-71.0
-65.0
-62.0
-62.0
-78.0
-48.0
-57.0
-83.0
-67.0
-72.0
-71.0
-55.0
-85.0
-79.0
-42.0
-29.0
-26.0
-36.0
-34.0
-16.0
-69.0
-62.0
-58.0
-61.0
-36.0
-55.0
-58.0
-32.0
-40.0
-65.0
-23.0
32.0
62.0
89.0
149.0
223.0
242.0
250.0
261.0
257.0
256.0
257.0
257.0
257.0
257.0
256.0
257.0
256.0
256.0
237.0
239.0
222.0
179.0
153.0
133.0
92.0
72.0
44.0
8.0
-18.0
-67.0
-81.0
-82.0
-122.0
-143.0
-155.0
-166.0
-158.0
-175.0
-200.0
-205.0
-208.0
-210.0
-225.0
-231.0
-214.0
-204.0
-218.0
-229.0
-243.0
-241.0
-237.0
-254.0
-241.0
-229.0
-228.0
-223.0
-228.0
-204.0
-205.0
-211.0
-186.0
-204.0
-197.0
-184.0
-219.0
-192.0
-197.0
-206.0
-195.0
-184.0
-188.0
-180.0
-187.0
-165.0
-171.0
-174.0
-158.0
-182.0
-170.0
-168.0
-219.0
-213.0
-241.0
-271.0
-266.0
-266.0
-267.0
-266.0
-266.0
-266.0
-266.0
-267.0
-265.0
-265.0
-265.0
-263.0
-263.0
-244.0
-239.0
-229.0
-205.0
-209.0
-206.0
-198.0
-203.0
-190.0
-181.0
-180.0
-177.0
-195.0
-193.0
-180.0
-188.0
-164.0
-178.0
-176.0
-159.0
-171.0
-146.0
-141.0
-162.0
-145.0
-147.0
-167.0
-175.0
-203.0
-185.0
-185.0
-221.0
-208.0
-187.0
-193.0
-181.0
-187.0
-190.0
-172.0
-164.0
-166.0
-157.0
-154.0
-145.0
-141.0
-102.0
-95.0
-140.0
-145.0
-134.0
-151.0
-135.0
-138.0
-148.0
-121.0
-131.0
-129.0
-139.0
-139.0
-105.0
-118.0
-104.0
-91.0
-109.0
-82.0
-81.0
-87.0
-73.0
-77.0
-66.0
-54.0
-58.0
-45.0
-59.0
-64.0
-45.0
-54.0
-43.0
-32.0
-45.0
-21.0
-29.0
-29.0
-11.0
-53.0
33.0
171.0
219.0
261.0
259.0
253.0
252.0
256.0
254.0
254.0
257.0
256.0
257.0
252.0
216.0
172.0
162.0
178.0
134.0
117.0
133.0
129.0
118.0
107.0
113.0
136.0
95.0
101.0
101.0
79.0
84.0
97.0
85.0
74.0
58.0
68.0
54.0
26.0
50.0
48.0
56.0
53.0
36.0
55.0
45.0
39.0
35.0
9.0
39.0
35.0
17.0
28.0
7.0
26.0
27.0
4.0
21.0
35.0
11.0
26.0
28.0
4.0
-14.0
-26.0
47.0
52.0
45.0
62.0
33.0
25.0
41.0
21.0
25.0
23.0
18.0
25.0
23.0
11.0
9.0
-12.0
-2.0
33.0
11.0
24.0
35.0
16.0
10.0
12.0
26.0
17.0
-11.0
-10.0
-5.0
0.0
13.0
-5.0
-2.0
23.0
9.0
1.0
6.0
-17.0
5.0
-5.0
-2.0
4.0
-27.0
2.0
-15.0
-48.0
-28.0
-61.0
-2.0
11.0
-14.0
15.0
14.0
25.0
17.0
-43.0
-37.0
-15.0
-29.0
-34.0
-32.0
-35.0
-28.0
-37.0
-32.0
-24.0
-46.0
-10.0
-8.0
-25.0
1.0
-24.0
-9.0
12.0
-20.0
21.0
73.0
60.0
89.0
74.0
86.0
72.0
44.0
63.0
32.0
45.0
55.0
20.0
35.0
34.0
18.0
24.0
17.0
-11.0
-3.0
15.0
4.0
-17.0
17.0
42.0
14.0
6.0
11.0
-13.0
-7.0
-7.0
-35.0
1.0
6.0
-8.0
2.0
-17.0
-8.0
8.0
-36.0
-17.0
-14.0
-5.0
-4.0
-12.0
-12.0
-5.0
-24.0
-6.0
-13.0
-27.0
-12.0
-44.0
-61.0
-28.0
-14.0
-11.0
-16.0
-40.0
-45.0
-37.0
-35.0
-29.0
-32.0
-12.0
-52.0
-51.0
-28.0
-51.0
-41.0
-58.0
-60.0
-23.0
-54.0
-69.0
-50.0
-65.0
-68.0
-48.0
-66.0
-49.0
-45.0
-59.0
-62.0
-47.0
-24.0
-23.0
-47.0
-37.0
-36.0
-27.0
-30.0
-47.0
-46.0
-36.0
-54.0
-10.0
-21.0
-37.0
-14.0
-39.0
-15.0
5.0
6.0
29.0
42.0
105.0
137.0
150.0
208.0
224.0
180.0
172.0
167.0
150.0
120.0
91.0
82.0
86.0
61.0
56.0
19.0
-20.0
-27.0
-44.0
-49.0
-65.0
-93.0
-76.0
-62.0
-46.0
-49.0
-68.0
-49.0
-59.0
-87.0
-92.0
-105.0
-109.0
-99.0
-102.0
-82.0
-58.0
-87.0
-65.0
-68.0
-74.0
-49.0
-67.0
-50.0
-55.0
-74.0
-61.0
-50.0
-30.0
18.0
17.0
100.0
201.0
234.0
254.0
253.0
250.0
250.0
253.0
256.0
257.0
257.0
242.0
202.0
150.0
96.0
26.0
-34.0
-84.0
-135.0
-173.0
-229.0
-256.0
-260.0
-268.0
-266.0
-266.0
-268.0
-266.0
-266.0
-267.0
-265.0
-264.0
-266.0
-263.0
-264.0
-253.0
-252.0
-261.0
-262.0
-263.0
-254.0
-254.0
-263.0
-257.0
-253.0
-253.0
-259.0
-257.0
-235.0
-233.0
-248.0
-236.0
-225.0
-247.0
-241.0
-240.0
-234.0
-224.0
-219.0
-208.0
-210.0
-212.0
-216.0
-227.0
-200.0
-199.0
-213.0
-203.0
-223.0
-238.0
-218.0
-220.0
-203.0
-184.0
-200.0
-200.0
-208.0
-191.0
-190.0
-201.0
-179.0
-172.0
-189.0
-166.0
-168.0
-174.0
-164.0
-167.0
-166.0
-158.0
-168.0
-152.0
-165.0
-171.0
-139.0
-172.0
-164.0
-144.0
-172.0
-167.0
-152.0
-172.0
-165.0
-166.0
-180.0
-165.0
-145.0
-116.0
-121.0
-138.0
-121.0
-127.0
-130.0
-137.0
-134.0
-128.0
-139.0
-133.0
-118.0
-135.0
-120.0
-110.0
-144.0
-152.0
-152.0
-115.0
-100.0
-98.0
-86.0
-112.0
-131.0
-101.0
-106.0
-126.0
-118.0
-118.0
-103.0
-87.0
-89.0
-88.0
-105.0
-108.0
-100.0
-100.0
-122.0
-82.0
-87.0
-121.0
-157.0
-161.0
-143.0
-160.0
-154.0
-144.0
-147.0
-136.0
-152.0
-156.0
-135.0
-122.0
-113.0
-111.0
-135.0
-100.0
-100.0
-124.0
-107.0
-114.0
-121.0
-111.0
-126.0
-101.0
-104.0
-96.0
-92.0
-107.0
-81.0
-89.0
-114.0
-105.0
-102.0
-103.0
-88.0
-88.0
-97.0
-94.0
-90.0
-70.0
-88.0
-106.0
-78.0
-72.0
-41.0
-36.0
-39.0
-11.0
11.0
18.0
43.0
115.0
179.0
187.0
235.0
268.0
253.0
254.0
258.0
254.0
227.0
190.0
163.0
160.0
118.0
85.0
75.0
43.0
28.0
3.0
-15.0
-18.0
-53.0
-74.0
-69.0
-98.0
-100.0
-105.0
-136.0
-124.0
-120.0
-122.0
-102.0
-117.0
-129.0
-135.0
-139.0
-116.0
-127.0
-135.0
-129.0
-136.0
-127.0
-121.0
-129.0
-129.0
-143.0
-140.0
-110.0
-141.0
-130.0
-111.0
-129.0
-110.0
-98.0
-103.0
-103.0
-120.0
-120.0
-105.0
-125.0
-103.0
-114.0
-87.0
-80.0
-100.0
-89.0
-95.0
-137.0
-112.0
-109.0
-110.0
-90.0
-92.0
-96.0
-93.0
-99.0
-92.0
-114.0
-125.0
-96.0
-97.0
-93.0
-82.0
-64.0
-36.0
-39.0
-52.0
-39.0
-35.0
42.0
109.0
134.0
241.0
270.0
247.0
250.0
253.0
250.0
256.0
256.0
256.0
246.0
247.0
227.0
170.0
120.0
60.0
10.0
-34.0
-96.0
-137.0
-181.0
-255.0
-260.0
-259.0
-268.0
-266.0
-267.0
-267.0
-265.0
-266.0
-266.0
-266.0
-266.0
-265.0
-265.0
-263.0
-262.0
-266.0
-262.0
-263.0
-266.0
-266.0
-255.0
-254.0
-256.0
-257.0
-256.0
-262.0
-261.0
-247.0
-257.0
-261.0
-259.0
-257.0
-234.0
-230.0
-244.0
-251.0
-250.0
-234.0
-235.0
-262.0
-253.0
-243.0
-241.0
-222.0
-233.0
-235.0
-235.0
-246.0
-229.0
-227.0
-237.0
-205.0
-213.0
-213.0
-184.0
-202.0
-183.0
-184.0
-202.0
-185.0
-217.0
-203.0
-162.0
-202.0
-194.0
-211.0
-214.0
-175.0
-174.0
-202.0
-191.0
-192.0
-195.0
-200.0
-180.0
-164.0
-182.0
-193.0
-170.0
-176.0
-168.0
-174.0
-183.0
-158.0
-169.0
-184.0
-166.0
-170.0
-159.0
-158.0
-177.0
-156.0
-161.0
-162.0
-166.0
-184.0
-166.0
-187.0
-184.0
-206.0
-232.0
-237.0
-228.0
-229.0
-234.0
-234.0
-221.0
-188.0
-230.0
-228.0
-196.0
-215.0
-202.0
-190.0
-199.0
-192.0
-198.0
-174.0
-145.0
-181.0
-179.0
-159.0
-186.0
-147.0
-126.0
-137.0
-143.0
-165.0
-157.0
-161.0
-155.0
-148.0
-163.0
-152.0
-130.0
-149.0
-137.0
-156.0
-150.0
-71.0
-38.0
21.0
60.0
11.0
5.0
-2.0
4.0
20.0
-12.0
-9.0
-4.0
-5.0
-8.0
-20.0
-8.0
21.0
-1.0
-3.0
8.0
-5.0
-2.0
2.0
3.0
0.0
-9.0
10.0
11.0
14.0
11.0
0.0
-1.0
8.0
-12.0
-6.0
7.0
-1.0
2.0
22.0
5.0
27.0
-2.0
-36.0
5.0
16.0
19.0
32.0
-10.0
12.0
1.0
-5.0
16.0
2.0
-15.0
-19.0
-8.0
-12.0
-37.0
-14.0
-10.0
-15.0
-4.0
-6.0
-31.0
-10.0
-11.0
-4.0
-3.0
-11.0
17.0
11.0
-20.0
-14.0
-6.0
12.0
10.0
3.0
10.0
-9.0
-48.0
-8.0
42.0
21.0
31.0
26.0
29.0
17.0
11.0
4.0
15.0
-5.0
10.0
15.0
25.0
21.0
-1.0
23.0
7.0
4.0
11.0
-2.0
9.0
4.0
-1.0
2.0
-2.0
-3.0
22.0
1.0
19.0
1.0
-22.0
8.0
5.0
7.0
-1.0
-4.0
10.0
24.0
-12.0
-9.0
2.0
23.0
29.0
0.0
5.0
7.0
-5.0
4.0
1.0
6.0
23.0
4.0
54.0
65.0
52.0
111.0
122.0
143.0
191.0
180.0
193.0
170.0
135.0
159.0
176.0
156.0
140.0
104.0
119.0
141.0
117.0
100.0
91.0
95.0
129.0
111.0
100.0
78.0
53.0
80.0
64.0
46.0
47.0
8.0
28.0
25.0
5.0
35.0
1.0
11.0
24.0
10.0
17.0
13.0
-5.0
6.0
-11.0
-12.0
-6.0
-25.0
-14.0
-20.0
-32.0
-2.0
-14.0
-10.0
12.0
9.0
46.0
86.0
189.0
264.0
258.0
250.0
253.0
252.0
252.0
254.0
255.0
254.0
254.0
254.0
227.0
161.0
106.0
49.0
-10.0
-62.0
-120.0
-164.0
-211.0
-241.0
-244.0
-261.0
-267.0
-265.0
-267.0
-266.0
-266.0
-267.0
-265.0
-265.0
-266.0
-263.0
-265.0
-262.0
-259.0
-262.0
-257.0
-260.0
-262.0
-257.0
-263.0
-260.0
-254.0
-254.0
-248.0
-243.0
-258.0
-237.0
-243.0
-235.0
-241.0
-259.0
-239.0
-249.0
-256.0
-244.0
-247.0
-219.0
-229.0
-240.0
-222.0
-210.0
-228.0
-207.0
-227.0
-221.0
-197.0
-219.0
-204.0
-196.0
-227.0
-205.0
-203.0
-203.0
-195.0
-201.0
-183.0
-167.0
-194.0
-166.0
-172.0
-169.0
-178.0
-190.0
-179.0
-191.0
-180.0
-185.0
-181.0
-147.0
-150.0
-191.0
-178.0
-162.0
-192.0
-175.0
-180.0
-180.0
-166.0
-175.0
-150.0
-168.0
-168.0
-119.0
-130.0
-149.0
-167.0
-176.0
-164.0
-154.0
-154.0
-124.0
-137.0
-134.0
-127.0
-141.0
-131.0
-145.0
-150.0
-134.0
-152.0
-147.0
-129.0
-146.0
-144.0
-142.0
-137.0
-127.0
-133.0
-134.0
-133.0
-165.0
-158.0
-145.0
-167.0
-155.0
-155.0
-156.0
-144.0
-156.0
-124.0
-130.0
-145.0
-116.0
-113.0
-93.0
-92.0
-120.0
-92.0
-127.0
-137.0
-123.0
-125.0
-126.0
-134.0
-130.0
-121.0
-125.0
-120.0
-103.0
-108.0
-109.0
-106.0
-124.0
-116.0
-134.0
-131.0
-142.0
-128.0
-106.0
-127.0
-138.0
-128.0
-120.0
-125.0
-107.0
-102.0
-95.0
-89.0
-84.0
-72.0
-88.0
-96.0
-87.0
-116.0
-110.0
-100.0
-107.0
-77.0
-84.0
-93.0
-72.0
-75.0
-61.0
-62.0
-81.0
-57.0
-76.0
-83.0
-55.0
-72.0
-63.0
-59.0
-50.0
-32.0
-39.0
-51.0
-1.0
-33.0
-65.0
-61.0
-60.0
-43.0
-57.0
-63.0
-55.0
-72.0
-57.0
-60.0
-69.0
-53.0
-66.0
-64.0
-44.0
-66.0
-55.0
-40.0
-71.0
-61.0
-49.0
-66.0
-44.0
-58.0
-45.0
-41.0
-48.0
-46.0
-62.0
-63.0
-27.0
-47.0
-35.0
-13.0
-24.0
-11.0
-17.0
-28.0
-6.0
-50.0
-54.0
13.0
4.0
0.0
27.0
34.0
40.0
42.0
68.0
42.0
-10.0
-11.0
-8.0
-8.0
-4.0
-1.0
5.0
-1.0
-22.0
1.0
-8.0
-31.0
-4.0
-13.0
2.0
4.0
-20.0
-2.0
5.0
-14.0
37.0
58.0
108.0
204.0
250.0
255.0
255.0
254.0
252.0
254.0
255.0
256.0
257.0
256.0
229.0
189.0
166.0
102.0
64.0
31.0
-18.0
-73.0
-106.0
-139.0
-155.0
-194.0
-211.0
-234.0
-254.0
-258.0
-261.0
-265.0
-261.0
-265.0
-262.0
-262.0
-263.0
-263.0
-263.0
-261.0
-260.0
-261.0
-256.0
-250.0
-251.0
-240.0
-244.0
-245.0
-230.0
-256.0
-253.0
-237.0
-248.0
-244.0
-248.0
-229.0
-218.0
-249.0
-223.0
-220.0
-226.0
-213.0
-224.0
-201.0
-188.0
-216.0
-221.0
-216.0
-205.0
-184.0
-194.0
-224.0
-211.0
-218.0
-204.0
-194.0
-214.0
-196.0
-194.0
-204.0
-194.0
-211.0
-204.0
-192.0
-196.0
-173.0
-176.0
-184.0
-185.0
-183.0
-180.0
-159.0
-163.0
-169.0
-176.0
-182.0
-156.0
-189.0
-176.0
-164.0
-172.0
-153.0
-159.0
-146.0
-122.0
-130.0
-146.0
-151.0
-137.0
-117.0
-127.0
-140.0
-109.0
-119.0
-116.0
-125.0
-149.0
-137.0
-126.0
-125.0
-105.0
-140.0
-150.0
-149.0
-159.0
-134.0
-148.0
-180.0
-167.0
-163.0
-150.0
-124.0
-118.0
-87.0
-107.0
-128.0
-126.0
-152.0
-130.0
-124.0
-143.0
-117.0
-133.0
-148.0
-124.0
-150.0
-136.0
-134.0
-148.0
-131.0
-131.0
-131.0
-121.0
-121.0
-119.0
-111.0
-127.0
-113.0
-112.0
-113.0
-108.0
-120.0
-128.0
-118.0
-81.0
-73.0
-90.0
-97.0
-96.0
-106.0
-84.0
-78.0
-98.0
-92.0
-88.0
-89.0
-70.0
-83.0
-79.0
-76.0
-82.0
-73.0
-70.0
-70.0
-65.0
-87.0
-85.0
-80.0
-101.0
-83.0
-73.0
-66.0
-55.0
-70.0
-71.0
-84.0
-78.0
-59.0
-67.0
-80.0
-59.0
-72.0
-110.0
-52.0
-32.0
-4.0
-6.0
-23.0
-16.0
-34.0
-41.0
-34.0
-39.0
-26.0
-37.0
-41.0
-25.0
-35.0
-31.0
-11.0
-42.0
-37.0
-40.0
-53.0
-24.0
-46.0
-26.0
-18.0
-40.0
-12.0
-8.0
-22.0
1.0
-23.0
-36.0
-23.0
-11.0
-22.0
-34.0
-31.0
3.0
-17.0
-8.0
-5.0
-12.0
4.0
-26.0
-31.0
-22.0
-35.0
-16.0
-9.0
-54.0
36.0
107.0
129.0
184.0
206.0
238.0
259.0
258.0
255.0
254.0
253.0
253.0
254.0
257.0
255.0
233.0
235.0
189.0
150.0
116.0
46.0
28.0
-21.0
-67.0
-97.0
-145.0
-181.0
-193.0
-225.0
-243.0
-255.0
-265.0
-265.0
-265.0
-265.0
-262.0
-258.0
-249.0
-257.0
-266.0
-265.0
-265.0
-262.0
-254.0
-258.0
-253.0
-239.0
-251.0
-246.0
-252.0
-244.0
-230.0
-235.0
-234.0
-228.0
-231.0
-227.0
-221.0
-214.0
-238.0
-249.0
-228.0
-202.0
-210.0
-213.0
-238.0
-259.0
-229.0
-227.0
-214.0
-219.0
-221.0
-196.0
-199.0
-186.0
-193.0
-221.0
-193.0
-163.0
-191.0
-173.0
-183.0
-186.0
-168.0
-185.0
-168.0
-167.0
-180.0
-161.0
-188.0
-192.0
-174.0
-192.0
-192.0
-192.0
-194.0
-167.0
-177.0
-181.0
-165.0
-178.0
-169.0
-174.0
-184.0
-155.0
-163.0
-182.0
-172.0
-164.0
-161.0
-158.0
-180.0
-169.0
-159.0
-158.0
-174.0
-179.0
-149.0
-157.0
-175.0
-149.0
-158.0
-163.0
-129.0
-144.0
-135.0
-133.0
-147.0
-125.0
-144.0
-146.0
-148.0
-152.0
-135.0
-126.0
-126.0
-130.0
-150.0
-142.0
-122.0
-129.0
-106.0
-114.0
-168.0
-122.0
-108.0
-110.0
-99.0
-124.0
-112.0
-103.0
-153.0
-126.0
-124.0
-130.0
-106.0
-121.0
-115.0
-104.0
-114.0
-92.0
-107.0
-107.0
-98.0
-99.0
-87.0
-92.0
-97.0
-72.0
-76.0
-68.0
-25.0
-2.0
71.0
125.0
159.0
238.0
244.0
246.0
260.0
241.0
242.0
207.0
167.0
136.0
112.0
78.0
51.0
23.0
22.0
25.0
3.0
2.0
-59.0
-106.0
-114.0
-136.0
-138.0
-126.0
-157.0
-147.0
-162.0
-176.0
-153.0
-171.0
-171.0
-179.0
-192.0
-182.0
-193.0
-208.0
-187.0
-183.0
-187.0
-182.0
-195.0
-170.0
-174.0
-184.0
-176.0
-187.0
-171.0
-163.0
-199.0
-166.0
-165.0
-199.0
-187.0
-175.0
-180.0
-219.0
-214.0
-211.0
-233.0
-221.0
-211.0
-221.0
-215.0
-220.0
-228.0
-189.0
-203.0
-206.0
-207.0
-199.0
-174.0
-169.0
-196.0
-186.0
-202.0
-187.0
-162.0
-173.0
-170.0
-172.0
-184.0
-168.0
-160.0
-162.0
-156.0
-155.0
-136.0
-138.0
-138.0
-192.0
-164.0
-80.0
-83.0
-79.0
-65.0
-68.0
-97.0
-82.0
-100.0
-96.0
-81.0
-96.0
-68.0
-48.0
-60.0
-53.0
-62.0
-84.0
-63.0
-72.0
-73.0
-55.0
-68.0
-67.0
-60.0
-56.0
-48.0
-78.0
-68.0
-69.0
-70.0
-49.0
-70.0
-62.0
-61.0
-62.0
-65.0
-68.0
-74.0
-61.0
-81.0
-84.0
-67.0
-116.0
-78.0
-12.0
-18.0
35.0
60.0
34.0
26.0
0.0
-2.0
-2.0
-10.0
3.0
-6.0
-14.0
18.0
-19.0
-36.0
-22.0
-16.0
6.0
1.0
-13.0
-22.0
-16.0
5.0
-3.0
-22.0
-5.0
-19.0
-23.0
-10.0
1.0
24.0
50.0
28.0
-1.0
-7.0
-10.0
16.0
-7.0
-6.0
27.0
1.0
11.0
14.0
-12.0
18.0
35.0
41.0
59.0
18.0
32.0
21.0
18.0
32.0
17.0
25.0
3.0
-2.0
-11.0
-12.0
6.0
24.0
7.0
1.0
-12.0
3.0
-5.0
-28.0
2.0
6.0
-33.0
-25.0
-26.0
-24.0
11.0
-7.0
-13.0
-7.0
-25.0
-20.0
-8.0
-4.0
26.0
-3.0
-20.0
8.0
-13.0
6.0
-5.0
-21.0
-22.0
-3.0
6.0
22.0
15.0
-17.0
-6.0
-22.0
-4.0
2.0
-10.0
-14.0
-23.0
-14.0
-16.0
-37.0
-14.0
-23.0
-26.0
-16.0
-24.0
-13.0
-4.0
-20.0
10.0
1.0
1.0
4.0
-1.0
-1.0
10.0
-2.0
5.0
10.0
12.0
51.0
32.0
19.0
14.0
11.0
10.0
2.0
-4.0
16.0
5.0
35.0
32.0
-2.0
13.0
-17.0
4.0
24.0
-4.0
-13.0
-12.0
-17.0
18.0
13.0
14.0
10.0
-1.0
17.0
22.0
-7.0
7.0
-1.0
33.0
53.0
51.0
57.0
74.0
69.0
79.0
50.0
76.0
81.0
45.0
25.0
29.0
6.0
15.0
13.0
-3.0
13.0
4.0
14.0
18.0
3.0
21.0
6.0
-6.0
1.0
-18.0
-7.0
11.0
10.0
53.0
55.0
-5.0
9.0
8.0
22.0
19.0
17.0
21.0
-4.0
0.0
21.0
-3.0
1.0
-22.0
-53.0
-21.0
-17.0
-20.0
4.0
-3.0
11.0
2.0
-10.0
-2.0
1.0
4.0
12.0
-17.0
5.0
26.0
0.0
18.0
17.0
16.0
12.0
-8.0
30.0
30.0
32.0
51.0
32.0
41.0
45.0
39.0
26.0
10.0
5.0
26.0
13.0
32.0
72.0
60.0
117.0
184.0
246.0
263.0
253.0
253.0
252.0
253.0
252.0
252.0
256.0
256.0
254.0
253.0
254.0
254.0
251.0
225.0
187.0
175.0
140.0
128.0
110.0
16.0
-7.0
3.0
-76.0
-118.0
-136.0
-152.0
-182.0
-227.0
-225.0
-237.0
-264.0
-265.0
-265.0
-266.0
-266.0
-267.0
-265.0
-265.0
-265.0
-265.0
-267.0
-265.0
-262.0
-265.0
-263.0
-266.0
-266.0
-261.0
-259.0
-255.0
-251.0
-259.0
-248.0
-253.0
-262.0
-260.0
-260.0
-247.0
-235.0
-260.0
-246.0
-229.0
-222.0
-215.0
-231.0
-229.0
-226.0
-233.0
-202.0
-204.0
-215.0
-196.0
-217.0
-187.0
-185.0
-201.0
-186.0
-181.0
-188.0
-175.0
-190.0
-183.0
-182.0
-192.0
-171.0
-182.0
-182.0
-182.0
-186.0
-180.0
-168.0
-185.0
-176.0
-188.0
-187.0
-171.0
-174.0
-178.0
-181.0
-152.0
-109.0
-120.0
-147.0
-163.0
-184.0
-151.0
-136.0
-182.0
-172.0
-163.0
-194.0
-133.0
-159.0
-166.0
-157.0
-173.0
-159.0
-159.0
-160.0
-142.0
-152.0
-158.0
-149.0
-149.0
-132.0
-145.0
-156.0
-133.0
-141.0
-144.0
-150.0
-157.0
-145.0
-157.0
-136.0
-110.0
-128.0
-90.0
-49.0
-50.0
15.0
120.0
184.0
262.0
259.0
251.0
255.0
254.0
256.0
257.0
257.0
250.0
189.0
144.0
112.0
47.0
12.0
-46.0
-99.0
-120.0
-167.0
-204.0
-220.0
-253.0
-262.0
-266.0
-268.0
-263.0
-260.0
-262.0
-264.0
-262.0
-256.0
-261.0
-260.0
-251.0
-262.0
-263.0
-254.0
-258.0
-245.0
-246.0
-253.0
-246.0
-249.0
-233.0
-221.0
-252.0
-230.0
-230.0
-247.0
-214.0
-214.0
-219.0
-233.0
-246.0
-231.0
-212.0
-223.0
-231.0
-234.0
-212.0
-193.0
-214.0
-204.0
-207.0
-208.0
-185.0
-195.0
-195.0
-199.0
-208.0
-198.0
-185.0
-178.0
-181.0
-200.0
-191.0
-177.0
-182.0
-166.0
-184.0
-183.0
-169.0
-175.0
-175.0
-168.0
-174.0
-132.0
-161.0
-196.0
-155.0
-157.0
-148.0
-162.0
-193.0
-139.0
-122.0
-145.0
-140.0
-150.0
-169.0
-173.0
-172.0
-172.0
-163.0
-149.0
-127.0
-152.0
-144.0
-128.0
-161.0
-151.0
-126.0
-131.0
-95.0
-92.0
-95.0
-90.0
-115.0
-114.0
-122.0
-124.0
-114.0
-126.0
-108.0
-94.0
-122.0
-111.0
-100.0
-120.0
-138.0
-120.0
-83.0
-92.0
-104.0
-101.0
-112.0
-110.0
-93.0
-127.0
-120.0
-124.0
-129.0
-109.0
-124.0
-114.0
-117.0
-137.0
-111.0
-117.0
-147.0
-126.0
-126.0
-125.0
-103.0
-109.0
-107.0
-98.0
-116.0
-96.0
-90.0
-96.0
-85.0
-86.0
-88.0
-69.0
-88.0
-100.0
-74.0
-65.0
-72.0
-67.0
-77.0
-75.0
-92.0
-92.0
-82.0
-92.0
-88.0
-90.0
-80.0
-80.0
-92.0
-89.0
-85.0
-80.0
-68.0
-69.0
-78.0
-61.0
-83.0
-47.0
-43.0
-61.0
-60.0
-54.0
-54.0
-53.0
-49.0
-18.0
-35.0
-56.0
-59.0
-45.0
11.0
-4.0
15.0
64.0
50.0
44.0
60.0
49.0
51.0
30.0
16.0
33.0
24.0
3.0
24.0
7.0
0.0
5.0
-12.0
5.0
-5.0
-8.0
-1.0
-15.0
-2.0
-12.0
-27.0
-11.0
-12.0
-31.0
-52.0
-23.0
26.0
16.0
-12.0
-13.0
-35.0
-28.0
-15.0
-33.0
-36.0
-13.0
-30.0
-21.0
-25.0
-24.0
-28.0
-44.0
-39.0
-42.0
-43.0
-27.0
-52.0
-74.0
-43.0
-62.0
-40.0
-13.0
-31.0
-14.0
-7.0
12.0
43.0
25.0
7.0
7.0
-7.0
15.0
17.0
15.0
67.0
68.0
111.0
136.0
177.0
204.0
212.0
248.0
257.0
256.0
254.0
253.0
253.0
254.0
257.0
257.0
257.0
255.0
252.0
242.0
204.0
181.0
131.0
96.0
75.0
30.0
-9.0
-23.0
-69.0
-90.0
-138.0
-186.0
-200.0
-230.0
-244.0
-254.0
-262.0
-260.0
-262.0
-266.0
-260.0
-264.0
-266.0
-264.0
-266.0
-262.0
-261.0
-264.0
-259.0
-261.0
-252.0
-251.0
-262.0
-258.0
-259.0
-260.0
-247.0
-252.0
-243.0
-245.0
-257.0
-246.0
-238.0
-244.0
-220.0
-230.0
-230.0
-221.0
-212.0
-192.0
-208.0
-222.0
-210.0
-231.0
-213.0
-195.0
-229.0
-235.0
-216.0
-202.0
-177.0
-198.0
-202.0
-194.0
-201.0
-186.0
-221.0
-223.0
-202.0
-198.0
-198.0
-205.0
-208.0
-182.0
-200.0
-205.0
-190.0
-191.0
-167.0
-192.0
-208.0
-186.0
-196.0
-201.0
-177.0
-184.0
-188.0
-165.0
-176.0
-164.0
-167.0
-178.0
-159.0
-168.0
-173.0
-165.0
-180.0
-147.0
-143.0
-161.0
-139.0
-142.0
-139.0
-162.0
-145.0
-138.0
-154.0
-171.0
-156.0
-165.0
-174.0
-177.0
-181.0
-166.0
-166.0
-178.0
-147.0
-164.0
-151.0
-140.0
-168.0
-168.0
-181.0
-183.0
-162.0
-166.0
-130.0
-106.0
-118.0
-126.0
-159.0
-173.0
-158.0
-159.0
-155.0
-137.0
-165.0
-157.0
-154.0
-163.0
-145.0
-140.0
-135.0
-134.0
-142.0
-117.0
-124.0
-122.0
-115.0
-147.0
-160.0
-143.0
-189.0
-203.0
-201.0
-200.0
-200.0
-207.0
-185.0
-180.0
-200.0
-183.0
-191.0
-192.0
-162.0
-165.0
-181.0
-184.0
-191.0
-158.0
-147.0
-155.0
-131.0
-166.0
-158.0
-153.0
-146.0
-123.0
-155.0
-162.0
-150.0
-165.0
-156.0
-149.0
-153.0
-130.0
-133.0
-136.0
-139.0
-138.0
-129.0
-125.0
-133.0
-113.0
-107.0
-111.0
-108.0
-105.0
-124.0
-156.0
-155.0
-43.0
11.0
42.0
95.0
92.0
81.0
77.0
69.0
60.0
21.0
35.0
51.0
35.0
41.0
55.0
42.0
40.0
35.0
27.0
55.0
29.0
41.0
50.0
48.0
58.0
42.0
32.0
52.0
40.0
61.0
61.0
21.0
46.0
35.0
34.0
55.0
44.0
44.0
11.0
76.0
117.0
106.0
110.0
113.0
60.0
71.0
80.0
53.0
64.0
64.0
53.0
70.0
68.0
77.0
93.0
89.0
80.0
70.0
73.0
70.0
68.0
86.0
78.0
53.0
79.0
73.0
50.0
63.0
52.0
62.0
52.0
51.0
44.0
62.0
89.0
91.0
108.0
82.0
68.0
68.0
86.0
112.0
122.0
136.0
112.0
103.0
97.0
78.0
96.0
89.0
87.0
89.0
59.0
67.0
71.0
78.0
86.0
70.0
80.0
73.0
70.0
96.0
106.0
81.0
86.0
77.0
77.0
75.0
63.0
83.0
74.0
55.0
55.0
50.0
50.0
110.0
153.0
164.0
218.0
263.0
257.0
256.0
255.0
254.0
254.0
252.0
256.0
257.0
256.0
257.0
257.0
254.0
243.0
204.0
181.0
143.0
138.0
83.0
46.0
38.0
-25.0
-66.0
-93.0
-133.0
-156.0
-196.0
-229.0
-233.0
-263.0
-259.0
-251.0
-263.0
-260.0
-265.0
-263.0
-262.0
-266.0
-254.0
-253.0
-265.0
-261.0
-262.0
-261.0
-253.0
-260.0
-251.0
-256.0
-262.0
-258.0
-251.0
-246.0
-234.0
-245.0
-225.0
-225.0
-234.0
-208.0
-214.0
-217.0
-200.0
-217.0
-216.0
-234.0
-232.0
-218.0
-230.0
-216.0
-215.0
-234.0
-220.0
-217.0
-212.0
-208.0
-201.0
-197.0
-182.0
-212.0
-219.0
-169.0
-196.0
-179.0
-175.0
-189.0
-183.0
-214.0
-202.0
-193.0
-201.0
-191.0
-224.0
-221.0
-194.0
-209.0
-193.0
-176.0
-181.0
-201.0
-204.0
-192.0
-177.0
-176.0
-163.0
-140.0
-170.0
-168.0
-166.0
-166.0
-154.0
-158.0
-161.0
-143.0
-159.0
-166.0
-192.0
-126.0
-121.0
-150.0
-146.0
-172.0
-229.0
-221.0
-220.0
-212.0
-174.0
-192.0
-198.0
-187.0
-186.0
-178.0
-191.0
-199.0
-172.0
-183.0
-161.0
-157.0
-180.0
-154.0
-159.0
-163.0
-146.0
-176.0
-179.0
-161.0
-180.0
-156.0
-147.0
-142.0
-155.0
-141.0
-128.0
-137.0
-162.0
-154.0
-151.0
-142.0
-121.0
-142.0
-143.0
-134.0
-150.0
-140.0
-146.0
-149.0
-148.0
-150.0
-148.0
-130.0
-124.0
-121.0
-133.0
-133.0
-121.0
-139.0
-136.0
-135.0
-131.0
-103.0
-101.0
-111.0
-94.0
-115.0
-113.0
-96.0
-97.0
-89.0
-93.0
-89.0
-89.0
-103.0
-98.0
-154.0
-97.0
18.0
29.0
67.0
82.0
70.0
71.0
59.0
48.0
59.0
32.0
16.0
35.0
13.0
24.0
42.0
11.0
20.0
24.0
32.0
38.0
11.0
26.0
23.0
17.0
29.0
1.0
-6.0
0.0
1.0
20.0
13.0
-1.0
12.0
-2.0
12.0
20.0
-2.0
1.0
-3.0
-15.0
17.0
7.0
3.0
3.0
-37.0
14.0
40.0
14.0
33.0
33.0
18.0
18.0
10.0
3.0
16.0
6.0
8.0
5.0
7.0
21.0
-2.0
5.0
1.0
-20.0
9.0
6.0
12.0
29.0
12.0
17.0
12.0
-1.0
3.0
10.0
26.0
64.0
45.0
54.0
47.0
20.0
29.0
14.0
24.0
29.0
9.0
18.0
8.0
-2.0
16.0
11.0
-7.0
12.0
30.0
25.0
19.0
-5.0
-2.0
-12.0
-11.0
7.0
7.0
-6.0
-5.0
-7.0
1.0
-19.0
-1.0
22.0
4.0
1.0
-22.0
-29.0
-2.0
-12.0
-17.0
18.0
16.0
-2.0
23.0
36.0
29.0
49.0
66.0
72.0
88.0
120.0
143.0
188.0
203.0
174.0
194.0
209.0
196.0
220.0
207.0
196.0
223.0
203.0
191.0
186.0
148.0
171.0
155.0
120.0
131.0
131.0
115.0
109.0
79.0
71.0
59.0
50.0
56.0
19.0
3.0
2.0
-22.0
-18.0
-31.0
-46.0
-36.0
-47.0
-43.0
-61.0
-45.0
-45.0
-46.0
-62.0
-57.0
-77.0
-80.0
-61.0
-68.0
-78.0
-81.0
-79.0
-68.0
-97.0
-100.0
-85.0
-108.0
-102.0
-93.0
-99.0
-87.0
-108.0
-106.0
-94.0
-105.0
-98.0
-90.0
-120.0
-124.0
-120.0
-105.0
-102.0
-116.0
-92.0
-92.0
-118.0
-90.0
-99.0
-100.0
-82.0
-92.0
-68.0
-68.0
-68.0
-40.0
-21.0
24.0
55.0
133.0
263.0
265.0
248.0
252.0
254.0
254.0
255.0
258.0
257.0
244.0
198.0
163.0
104.0
47.0
12.0
-41.0
-55.0
-82.0
-119.0
-160.0
-214.0
-238.0
-249.0
-265.0
-262.0
-265.0
-263.0
-258.0
-264.0
-265.0
-264.0
-265.0
-262.0
-263.0
-262.0
-253.0
-262.0
-261.0
-252.0
-254.0
-252.0
-258.0
-252.0
-238.0
-244.0
-240.0
-230.0
-243.0
-224.0
-218.0
-236.0
-214.0
-218.0
-209.0
-210.0
-223.0
-202.0
-205.0
-234.0
-201.0
-175.0
-188.0
-185.0
-194.0
-203.0
-207.0
-209.0
-195.0
-192.0
-193.0
-168.0
-180.0
-164.0
-165.0
-184.0
-168.0
-173.0
-166.0
-146.0
-175.0
-166.0
-167.0
-188.0
-168.0
-169.0
-179.0
-163.0
-165.0
-143.0
-153.0
-177.0
-156.0
-152.0
-168.0
-157.0
-156.0
-173.0
-175.0
-139.0
-130.0
-135.0
-138.0
-133.0
-139.0
-142.0
-133.0
-139.0
-123.0
-133.0
-142.0
-113.0
-130.0
-113.0
-102.0
-134.0
-135.0
-143.0
-133.0
-134.0
-150.0
-119.0
-131.0
-148.0
-137.0
-149.0
-130.0
-128.0
-144.0
-125.0
-101.0
-112.0
-110.0
-97.0
-83.0
-86.0
-137.0
-122.0
-85.0
-93.0
-82.0
-114.0
-116.0
-100.0
-114.0
-102.0
-121.0
-149.0
-125.0
-127.0
-135.0
-110.0
-110.0
-105.0
-118.0
-145.0
-118.0
-118.0
-122.0
-122.0
-147.0
-130.0
-124.0
-122.0
-119.0
-118.0
-116.0
-116.0
-109.0
-85.0
-83.0
-86.0
-78.0
-98.0
-96.0
-81.0
-115.0
-128.0
-109.0
-98.0
-114.0
-128.0
-126.0
-120.0
-132.0
-105.0
-107.0
-125.0
-101.0
-135.0
-132.0
-114.0
-126.0
-115.0
-125.0
-143.0
-124.0
-119.0
-116.0
-101.0
-119.0
-100.0
-99.0
-93.0
-68.0
-81.0
9.0
100.0
114.0
193.0
202.0
205.0
216.0
163.0
149.0
131.0
75.0
70.0
56.0
29.0
49.0
3.0
-21.0
-16.0
-42.0
-34.0
-43.0
-59.0
-46.0
-70.0
-74.0
-70.0
-83.0
-86.0
-88.0
-94.0
-74.0
-86.0
-80.0
-73.0
-79.0
-56.0
-79.0
-95.0
-73.0
-85.0
-87.0
-79.0
-89.0
-71.0
-62.0
-86.0
-61.0
-60.0
-62.0
-8.0
3.0
36.0
52.0
96.0
155.0
172.0
203.0
262.0
261.0
253.0
257.0
257.0
258.0
255.0
246.0
227.0
168.0
139.0
128.0
96.0
52.0
25.0
-1.0
-10.0
-56.0
-81.0
-106.0
-130.0
-122.0
-145.0
-158.0
-187.0
-218.0
-215.0
-221.0
-233.0
-218.0
-244.0
-253.0
-234.0
-247.0
-244.0
-247.0
-257.0
-247.0
-248.0
-234.0
-237.0
-250.0
-215.0
-233.0
-243.0
-221.0
-222.0
-215.0
-205.0
-221.0
-219.0
-221.0
-240.0
-211.0
-209.0
-194.0
-185.0
-196.0
-188.0
-223.0
-234.0
-213.0
-209.0
-203.0
-188.0
-202.0
-198.0
-191.0
-210.0
-201.0
-185.0
-197.0
-185.0
-202.0
-189.0
-198.0
-191.0
-177.0
-167.0
-166.0
-173.0
-183.0
-188.0
-197.0
-192.0
-162.0
-172.0
-171.0
-164.0
-173.0
-159.0
-158.0
-165.0
-132.0
-156.0
-148.0
-127.0
-154.0
-146.0
-148.0
-133.0
-138.0
-181.0
-161.0
-144.0
-176.0
-144.0
-135.0
-121.0
-89.0
-94.0
-81.0
-70.0
-97.0
-68.0
-44.0
-44.0
-16.0
-56.0
-75.0
-77.0
-94.0
-80.0
-89.0
-97.0
-90.0
-116.0
-94.0
-92.0
-127.0
-107.0
-106.0
-121.0
-107.0
-112.0
-122.0
-122.0
-131.0
-110.0
-112.0
-114.0
-112.0
-130.0
-121.0
-115.0
-120.0
-107.0
-112.0
-109.0
-98.0
-106.0
-96.0
-78.0
-81.0
-69.0
-52.0
-46.0
10.0
17.0
49.0
110.0
182.0
237.0
262.0
258.0
257.0
250.0
233.0
194.0
146.0
120.0
71.0
32.0
32.0
1.0
-27.0
-56.0
-80.0
-85.0
-86.0
-103.0
-102.0
-115.0
-124.0
-131.0
-151.0
-145.0
-159.0
-166.0
-157.0
-173.0
-174.0
-173.0
-184.0
-175.0
-158.0
-178.0
-181.0
-180.0
-186.0
-192.0
-198.0
-192.0
-208.0
-203.0
-189.0
-194.0
-171.0
-168.0
-164.0
-145.0
-165.0
-192.0
-181.0
-201.0
-195.0
-194.0
-204.0
-193.0
-194.0
-180.0
-164.0
-186.0
-176.0
-173.0
-192.0
-179.0
-179.0
-180.0
-161.0
-174.0
-163.0
-166.0
-171.0
-173.0
-180.0
-176.0
-157.0
-178.0
-166.0
-161.0
-187.0
-199.0
-175.0
-168.0
-175.0
-193.0
-197.0
-186.0
-181.0
-180.0
-174.0
-171.0
-180.0
-206.0
-192.0
-166.0
-176.0
-169.0
-169.0
-184.0
-154.0
-165.0
-162.0
-152.0
-172.0
-145.0
-138.0
-143.0
-131.0
-144.0
-138.0
-125.0
-138.0
-117.0
-116.0
-122.0
-106.0
-101.0
-91.0
-82.0
-98.0
-78.0
-105.0
-115.0
-109.0
-142.0
-124.0
-76.0
-101.0
-86.0
-99.0
-119.0
-105.0
-117.0
-120.0
-103.0
-122.0
-115.0
-127.0
-129.0
-104.0
-122.0
-111.0
-83.0
-72.0
-83.0
-94.0
-88.0
-86.0
-95.0
-86.0
-89.0
-109.0
-90.0
-78.0
-86.0
-84.0
-104.0
-86.0
-75.0
-121.0
-108.0
-127.0
-129.0
-114.0
-136.0
-134.0
-126.0
-136.0
-110.0
-114.0
-117.0
-103.0
-117.0
-119.0
-124.0
-134.0
-97.0
-102.0
-129.0
-112.0
-140.0
-125.0
-97.0
-116.0
-115.0
-109.0
-118.0
-86.0
-82.0
-44.0
76.0
129.0
194.0
272.0
258.0
252.0
256.0
253.0
254.0
257.0
258.0
241.0
197.0
172.0
110.0
79.0
28.0
-18.0
-49.0
-104.0
-133.0
-150.0
-171.0
-169.0
-185.0
-195.0
-219.0
-222.0
-227.0
-225.0
-251.0
-243.0
-247.0
-262.0
-251.0
-257.0
-263.0
-246.0
-254.0
-243.0
-235.0
-244.0
-246.0
-240.0
-241.0
-227.0
-238.0
-228.0
-219.0
-235.0
-217.0
-220.0
-221.0
-208.0
-236.0
-230.0
-224.0
-241.0
-216.0
-223.0
-221.0
-204.0
-210.0
-206.0
-200.0
-212.0
-233.0
-185.0
-190.0
-187.0
-175.0
-177.0
-194.0
-202.0
-183.0
-192.0
-200.0
-196.0
-190.0
-164.0
-168.0
-186.0
-183.0
-184.0
-185.0
-183.0
-199.0
-183.0
-158.0
-175.0
-166.0
-163.0
-169.0
-155.0
-149.0
-126.0
-126.0
-161.0
-149.0
-148.0
-152.0
-142.0
-147.0
-128.0
-129.0
-151.0
-127.0
-149.0
-156.0
-140.0
-146.0
-146.0
-127.0
-131.0
-144.0
-143.0
-84.0
-89.0
-100.0
-112.0
-112.0
-128.0
-99.0
-101.0
-132.0
-121.0
-127.0
-117.0
-105.0
-100.0
-92.0
-109.0
-126.0
-112.0
-126.0
-119.0
-111.0
-104.0
-107.0
-124.0
-114.0
-115.0
-119.0
-122.0
-110.0
-119.0
-99.0
-109.0
-105.0
-101.0
-101.0
-87.0
-89.0
-104.0
-100.0
-102.0
-96.0
-92.0
-74.0
-28.0
-29.0
-43.0
-58.0
-81.0
-89.0
-83.0
-83.0
-81.0
-94.0
-112.0
-96.0
-84.0
-106.0
-81.0
-89.0
-83.0
-83.0
-91.0
-87.0
-101.0
-103.0
-76.0
-85.0
-84.0
-70.0
-86.0
-78.0
-86.0
-79.0
-41.0
-53.0
-48.0
-44.0
-38.0
-17.0
-33.0
-28.0
13.0
31.0
82.0
120.0
167.0
223.0
243.0
252.0
253.0
231.0
228.0
208.0
174.0
175.0
150.0
129.0
121.0
95.0
82.0
65.0
39.0
52.0
30.0
2.0
11.0
-6.0
-15.0
-3.0
-22.0
-20.0
-29.0
-50.0
-40.0
-60.0
-57.0
-55.0
-78.0
-58.0
-59.0
-73.0
-72.0
-68.0
-59.0
-65.0
-88.0
-88.0
-89.0
-87.0
-78.0
-98.0
-86.0
-83.0
-81.0
-81.0
-96.0
-115.0
-138.0
-111.0
-111.0
-98.0
-100.0
-94.0
-114.0
-116.0
-100.0
-115.0
-109.0
-107.0
-134.0
-120.0
-118.0
-127.0
-120.0
-146.0
-112.0
-99.0
-128.0
-97.0
-126.0
-116.0
-98.0
-114.0
-87.0
-93.0
-106.0
-138.0
-100.0
-106.0
-145.0
-193.0
-207.0
-200.0
-215.0
-191.0
-193.0
-198.0
-188.0
-199.0
-179.0
-177.0
-198.0
-188.0
-173.0
-201.0
-194.0
-197.0
-194.0
-200.0
-213.0
-184.0
-195.0
-191.0
-154.0
-147.0
-138.0
-167.0
-182.0
-148.0
-167.0
-174.0
-146.0
-153.0
-194.0
-145.0
-35.0
-10.0
45.0
52.0
86.0
58.0
32.0
19.0
13.0
32.0
15.0
17.0
24.0
-1.0
5.0
15.0
11.0
5.0
-2.0
1.0
-5.0
-21.0
-2.0
1.0
-26.0
-12.0
-21.0
-42.0
-25.0
-38.0
-44.0
-35.0
-24.0
-5.0
-14.0
-7.0
5.0
-32.0
1.0
-4.0
-4.0
-17.0
-60.0
34.0
42.0
26.0
40.0
25.0
11.0
24.0
20.0
15.0
40.0
20.0
19.0
34.0
20.0
30.0
35.0
19.0
21.0
6.0
16.0
22.0
5.0
16.0
15.0
15.0
21.0
-4.0
9.0
21.0
1.0
7.0
18.0
37.0
42.0
11.0
23.0
29.0
24.0
32.0
23.0
30.0
40.0
36.0
40.0
34.0
23.0
23.0
8.0
13.0
31.0
13.0
20.0
29.0
17.0
18.0
19.0
7.0
23.0
10.0
15.0
24.0
21.0
27.0
14.0
20.0
29.0
8.0
-8.0
34.0
41.0
42.0
49.0
67.0
59.0
50.0
61.0
50.0
37.0
55.0
45.0
36.0
41.0
32.0
26.0
30.0
12.0
24.0
25.0
14.0
21.0
-17.0
-12.0
10.0
-5.0
-10.0
-3.0
21.0
40.0
20.0
50.0
51.0
11.0
-1.0
-2.0
4.0
-7.0
-23.0
-7.0
-4.0
-17.0
1.0
-1.0
-7.0
-13.0
-37.0
-24.0
-19.0
-23.0
-6.0
-20.0
-13.0
-20.0
-29.0
-11.0
-24.0
-34.0
-6.0
-39.0
-50.0
-19.0
-36.0
-36.0
-33.0
-36.0
-9.0
-13.0
-18.0
-17.0
-30.0
3.0
2.0
-19.0
10.0
17.0
14.0
10.0
0.0
6.0
3.0
-8.0
7.0
-30.0
-26.0
-10.0
-22.0
-20.0
-15.0
-17.0
3.0
14.0
8.0
53.0
70.0
84.0
97.0
93.0
126.0
169.0
153.0
132.0
126.0
117.0
79.0
56.0
64.0
48.0
23.0
22.0
11.0
10.0
4.0
-5.0
4.0
8.0
-24.0
-15.0
-34.0
-28.0
-26.0
-55.0
-31.0
-20.0
-33.0
-28.0
-32.0
-31.0
-24.0
-24.0
-8.0
-26.0
-29.0
-21.0
-30.0
-14.0
-16.0
-22.0
2.0
2.0
16.0
71.0
116.0
171.0
227.0
264.0
256.0
256.0
257.0
257.0
244.0
235.0
206.0
120.0
78.0
17.0
3.0
-10.0
-60.0
-80.0
-120.0
-146.0
-146.0
-175.0
-204.0
-195.0
-207.0
-218.0
-218.0
-231.0
-224.0
-234.0
-234.0
-221.0
-249.0
-240.0
-238.0
-245.0
-226.0
-223.0
-220.0
-191.0
-210.0
-197.0
-175.0
-177.0
-185.0
-205.0
-212.0
-206.0
-207.0
-185.0
-178.0
-195.0
-203.0
-214.0
-182.0
-210.0
-205.0
-149.0
-157.0
-174.0
-150.0
-180.0
-166.0
-144.0
-178.0
-167.0
-156.0
-174.0
-156.0
-175.0
-165.0
-159.0
-155.0
-159.0
-150.0
-149.0
-142.0
-153.0
-156.0
-143.0
-165.0
-154.0
-148.0
-176.0
-147.0
-139.0
-134.0
-135.0
-161.0
-148.0
-130.0
-136.0
-127.0
-144.0
-150.0
-143.0
-133.0
-128.0
-138.0
-138.0
-119.0
-143.0
-131.0
-131.0
-172.0
-156.0
-100.0
-133.0
-124.0
-127.0
-119.0
-117.0
-136.0
-135.0
-138.0
-154.0
-132.0
-136.0
-119.0
-114.0
-125.0
-100.0
-103.0
-102.0
-108.0
-118.0
-121.0
-96.0
-104.0
-108.0
-95.0
-97.0
-56.0
-58.0
-39.0
-25.0
-48.0
-20.0
-16.0
-27.0
-7.0
4.0
-5.0
4.0
-8.0
-21.0
-21.0
-35.0
-23.0
-37.0
-41.0
-36.0
-70.0
-58.0
-55.0
-66.0
-52.0
-65.0
-59.0
-46.0
-62.0
-73.0
-93.0
-90.0
-63.0
-77.0
-80.0
-81.0
-85.0
-81.0
-86.0
-101.0
-73.0
-91.0
-82.0
-64.0
-67.0
-53.0
-65.0
-104.0
-116.0
-76.0
-81.0
-71.0
-74.0
-74.0
-89.0
-107.0
-102.0
-108.0
-101.0
-91.0
-87.0
-79.0
-66.0
-90.0
-92.0
-107.0
-94.0
-87.0
-98.0
-90.0
-90.0
-81.0
-88.0
-99.0
-99.0
-108.0
-113.0
-88.0
-88.0
-91.0
-72.0
-81.0
-78.0
-73.0
-102.0
-94.0
-125.0
-128.0
-28.0
-41.0
-18.0
8.0
-20.0
-36.0
-46.0
-46.0
-37.0
-47.0
-52.0
-44.0
-50.0
-27.0
-14.0
-16.0
14.0
6.0
17.0
46.0
10.0
64.0
143.0
146.0
181.0
202.0
197.0
214.0
178.0
165.0
155.0
124.0
117.0
81.0
53.0
55.0
30.0
31.0
27.0
2.0
3.0
-8.0
-10.0
1.0
-30.0
-29.0
-35.0
-48.0
-42.0
-48.0
-49.0
-48.0
-66.0
-61.0
-76.0
-69.0
-53.0
-61.0
-51.0
-48.0
-56.0
-50.0
-61.0
-60.0
-64.0
-82.0
-89.0
-68.0
-63.0
-46.0
-37.0
-41.0
-37.0
-45.0
-16.0
18.0
32.0
80.0
102.0
131.0
202.0
224.0
236.0
264.0
258.0
257.0
257.0
243.0
247.0
208.0
176.0
181.0
155.0
127.0
89.0
63.0
84.0
31.0
3.0
7.0
-36.0
-53.0
-58.0
-85.0
-68.0
-83.0
-101.0
-88.0
-98.0
-103.0
-99.0
-102.0
-105.0
-129.0
-134.0
-131.0
-150.0
-143.0
-131.0
-146.0
-131.0
-129.0
-111.0
-111.0
-146.0
-157.0
-150.0
-124.0
-88.0
-86.0
-80.0
-102.0
-136.0
-131.0
-146.0
-171.0
-158.0
-170.0
-174.0
-158.0
-181.0
-172.0
-159.0
-190.0
-175.0
-155.0
-187.0
-163.0
-167.0
-165.0
-153.0
-172.0
-157.0
-159.0
-168.0
-152.0
-164.0
-158.0
-148.0
-155.0
-152.0
-149.0
-154.0
-142.0
-128.0
-98.0
-121.0
-140.0
-111.0
-103.0
-97.0
-79.0
-99.0
-73.0
-61.0
-59.0
-22.0
-10.0
-12.0
6.0
65.0
112.0
155.0
191.0
243.0
265.0
256.0
256.0
257.0
254.0
257.0
256.0
256.0
257.0
256.0
257.0
248.0
250.0
227.0
206.0
168.0
131.0
122.0
102.0
72.0
60.0
21.0
-16.0
-38.0
-95.0
-147.0
-171.0
-218.0
-230.0
-234.0
-245.0
-243.0
-262.0
-266.0
-265.0
-267.0
-266.0
-265.0
-265.0
-259.0
-263.0
-262.0
-259.0
-262.0
-257.0
-258.0
-259.0
-260.0
-264.0
-256.0
-254.0
-262.0
-254.0
-254.0
-253.0
-239.0
-249.0
-248.0
-225.0
-236.0
-242.0
-221.0
-237.0
-201.0
-210.0
-223.0
-221.0
-229.0
-221.0
-222.0
-235.0
-215.0
-209.0
-218.0
-199.0
-211.0
-182.0
-178.0
-191.0
-163.0
-199.0
-199.0
-167.0
-191.0
-174.0
-170.0
-184.0
-173.0
-192.0
-183.0
-176.0
-196.0
-184.0
-225.0
-216.0
-172.0
-209.0
-211.0
-191.0
-200.0
-196.0
-187.0
-178.0
-180.0
-204.0
-202.0
-190.0
-210.0
-215.0
-222.0
-221.0
-172.0
-163.0
-192.0
-185.0
-208.0
-186.0
-183.0
-199.0
-197.0
-187.0
-169.0
-162.0
-164.0
-156.0
-164.0
-173.0
-164.0
-164.0
-161.0
-167.0
-169.0
-86.0
-90.0
-117.0
-120.0
-134.0
-122.0
-129.0
-142.0
-116.0
-102.0
-144.0
-121.0
-127.0
-139.0
-127.0
-148.0
-132.0
-133.0
-132.0
-122.0
-112.0
-101.0
-110.0
-141.0
-107.0
-108.0
-111.0
-101.0
-126.0
-133.0
-113.0
-125.0
-127.0
-129.0
-121.0
-111.0
-124.0
-146.0
-62.0
-54.0
-65.0
-48.0
-68.0
-54.0
-68.0
-61.0
-62.0
-86.0
-60.0
-61.0
-62.0
-52.0
-67.0
-65.0
-52.0
-61.0
-48.0
-51.0
-40.0
-40.0
-70.0
-65.0
-45.0
-66.0
-49.0
-49.0
-61.0
-39.0
-52.0
-55.0
-44.0
-72.0
-58.0
1.0
-20.0
-23.0
-36.0
-46.0
-22.0
-30.0
-38.0
-17.0
-33.0
-26.0
-38.0
-35.0
-25.0
-20.0
2.0
-20.0
-39.0
-22.0
-32.0
-33.0
-30.0
-31.0
-34.0
-49.0
-48.0
-36.0
-31.0
-28.0
-27.0
-40.0
-11.0
-15.0
-29.0
-21.0
-11.0
-33.0
-35.0
-35.0
-39.0
-61.0
-56.0
-40.0
-54.0
-55.0
-37.0
-45.0
-32.0
-8.0
-21.0
-31.0
-49.0
-50.0
-48.0
-71.0
-67.0
-61.0
-69.0
-69.0
-51.0
-49.0
-49.0
-56.0
-33.0
-44.0
-44.0
-8.0
-29.0
-66.0
-35.0
-27.0
-66.0
-67.0
-88.0
-94.0
-108.0
-95.0
-88.0
-122.0
-107.0
-99.0
-92.0
-73.0
-90.0
-87.0
-68.0
-79.0
-102.0
-93.0
-102.0
-83.0
-100.0
-93.0
-73.0
-82.0
-73.0
-80.0
-92.0
-71.0
-88.0
-88.0
-85.0
-91.0
-75.0
-67.0
-70.0
-70.0
-107.0
-80.0
-2.0
-3.0
11.0
27.0
1.0
-8.0
-13.0
-3.0
-5.0
-10.0
7.0
2.0
-20.0
-24.0
-30.0
-48.0
-35.0
-37.0
-22.0
-5.0
-6.0
4.0
-15.0
5.0
8.0
-7.0
-6.0
-11.0
-31.0
-34.0
-23.0
-29.0
-22.0
-26.0
-5.0
-21.0
-41.0
59.0
80.0
93.0
97.0
55.0
63.0
64.0
46.0
52.0
22.0
21.0
50.0
41.0
56.0
55.0
42.0
79.0
48.0
27.0
45.0
41.0
45.0
33.0
39.0
51.0
26.0
36.0
61.0
36.0
49.0
63.0
52.0
48.0
40.0
53.0
49.0
30.0
57.0
55.0
40.0
48.0
51.0
49.0
58.0
53.0
58.0
75.0
70.0
93.0
92.0
109.0
142.0
218.0
264.0
251.0
244.0
212.0
177.0
183.0
189.0
149.0
124.0
113.0
97.0
113.0
84.0
46.0
54.0
64.0
54.0
48.0
33.0
34.0
29.0
27.0
46.0
5.0
-11.0
6.0
8.0
24.0
5.0
-1.0
-6.0
-20.0
1.0
-7.0
-22.0
-27.0
-39.0
-47.0
-30.0
-41.0
-18.0
-36.0
-50.0
-30.0
-26.0
-16.0
-5.0
-14.0
12.0
3.0
-12.0
-1.0
-22.0
-7.0
-20.0
-40.0
-21.0
-25.0
-48.0
-40.0
-42.0
-44.0
-49.0
-70.0
-39.0
-38.0
-48.0
-33.0
-35.0
-58.0
-36.0
-59.0
-61.0
-68.0
-81.0
-74.0
-83.0
-73.0
-72.0
-90.0
-87.0
-105.0
-100.0
-67.0
-84.0
-73.0
-63.0
-70.0
-64.0
-70.0
-66.0
-50.0
-61.0
-52.0
-51.0
-63.0
-53.0
-56.0
-56.0
-50.0
-37.0
-10.0
18.0
42.0
147.0
257.0
262.0
251.0
254.0
256.0
257.0
258.0
253.0
202.0
172.0
129.0
72.0
37.0
13.0
-33.0
-55.0
-79.0
-97.0
-101.0
-132.0
-137.0
-155.0
-203.0
-191.0
-201.0
-218.0
-227.0
-239.0
-234.0
-229.0
-256.0
-239.0
-246.0
-246.0
-235.0
-248.0
-245.0
-229.0
-228.0
-214.0
-206.0
-232.0
-206.0
-207.0
-218.0
-197.0
-209.0
-208.0
-194.0
-176.0
-149.0
-161.0
-172.0
-192.0
-222.0
-171.0
-158.0
-180.0
-152.0
-167.0
-185.0
-167.0
-180.0
-190.0
-195.0
-195.0
-184.0
-181.0
-187.0
-186.0
-189.0
-179.0
-182.0
-195.0
-172.0
-196.0
-205.0
-187.0
-192.0
-164.0
-166.0
-176.0
-159.0
-167.0
-156.0
-143.0
-169.0
-162.0
-159.0
-156.0
-130.0
-150.0
-150.0
-142.0
-153.0
-126.0
-122.0
-124.0
-127.0
-142.0
-143.0
-148.0
-129.0
-96.0
-104.0
-121.0
-112.0
-116.0
-117.0
-120.0
-137.0
-121.0
-114.0
-116.0
-110.0
-117.0
-119.0
-112.0
-113.0
-112.0
-118.0
-120.0
-106.0
-115.0
-107.0
-102.0
-103.0
-84.0
-109.0
-120.0
-91.0
-96.0
-92.0
-90.0
-89.0
-96.0
-98.0
-90.0
-64.0
-95.0
-82.0
-89.0
-110.0
-97.0
-91.0
-73.0
-48.0
-97.0
-77.0
-24.0
-56.0
-28.0
-45.0
-83.0
-64.0
-89.0
-91.0
-61.0
-64.0
-52.0
-64.0
-72.0
-61.0
-72.0
-75.0
-79.0
-99.0
-80.0
-82.0
-101.0
-84.0
-90.0
-103.0
-81.0
-84.0
-76.0
-88.0
-97.0
-79.0
-92.0
-96.0
-84.0
-111.0
-100.0
-95.0
-103.0
-82.0
-86.0
-85.0
-91.0
-92.0
-68.0
-91.0
-86.0
-66.0
-99.0
-89.0
-84.0
-96.0
-61.0
-66.0
-59.0
-37.0
-58.0
-96.0
-120.0
-113.0
-63.0
-64.0
-75.0
-76.0
-93.0
-79.0
-74.0
-96.0
-81.0
-75.0
-98.0
-81.0
-80.0
-83.0
-92.0
-100.0
-47.0
-61.0
-82.0
-60.0
-76.0
-73.0
-64.0
-76.0
-67.0
-86.0
-93.0
-56.0
-61.0
-72.0
-67.0
-67.0
-43.0
-60.0
-55.0
-34.0
-64.0
-63.0
-68.0
-76.0
-74.0
-98.0
-107.0
-106.0
-119.0
-110.0
-109.0
-125.0
-114.0
-118.0
-138.0
-126.0
-130.0
-124.0
-101.0
-135.0
-127.0
-102.0
-108.0
-114.0
-112.0
-96.0
-103.0
-126.0
-125.0
-123.0
-119.0
-106.0
-132.0
-120.0
-109.0
-119.0
-115.0
-78.0
-88.0
-83.0
-105.0
-107.0
-88.0
-104.0
-111.0
-110.0
-92.0
-87.0
-95.0
-80.0
-82.0
-93.0
-73.0
-91.0
-96.0
-84.0
-101.0
-99.0
-71.0
-83.0
-71.0
-70.0
-88.0
-70.0
-86.0
-51.0
-21.0
-54.0
-39.0
-55.0
-61.0
-45.0
-61.0
-47.0
-46.0
-72.0
-67.0
-71.0
-63.0
-53.0
-65.0
-57.0
-42.0
-82.0
-64.0
-74.0
-84.0
-58.0
-76.0
-69.0
-73.0
-78.0
-61.0
-65.0
-65.0
-56.0
-64.0
-56.0
-46.0
-72.0
-55.0
-54.0
-79.0
-102.0
-85.0
-36.0
-36.0
-24.0
-2.0
-16.0
-42.0
-34.0
-53.0
-59.0
-46.0
-65.0
-48.0
-46.0
-53.0
-42.0
-47.0
-32.0
-17.0
-26.0
-4.0
2.0
49.0
93.0
94.0
143.0
193.0
192.0
204.0
197.0
212.0
220.0
174.0
161.0
165.0
149.0
116.0
93.0
68.0
67.0
49.0
48.0
32.0
2.0
20.0
15.0
14.0
13.0
-8.0
-7.0
-26.0
-27.0
-7.0
-13.0
-1.0
-8.0
-30.0
-29.0
-21.0
-18.0
-1.0
-17.0
-34.0
-20.0
-38.0
-61.0
-42.0
-49.0
-33.0
-37.0
-43.0
-22.0
-16.0
-33.0
-28.0
-31.0
-27.0
-26.0
-17.0
-12.0
-61.0
-41.0
-7.0
-15.0
-2.0
-30.0
-31.0
-8.0
-20.0
-30.0
-35.0
-49.0
-29.0
-37.0
0.0
0.0
0.0
0.0
0.0
0.0
0.0
0.0
0.0
0.0
0.0
0.0
0.0
0.0
0.0
0.0
0.0
0.0
0.0
0.0
0.0
0.0
0.0
0.0
0.0
0.0
0.0
0.0
0.0
0.0
0.0
0.0
0.0
0.0
0.0
0.0
0.0
0.0
0.0
0.0
0.0
0.0
0.0
0.0
0.0
0.0
0.0
0.0
0.0
0.0
0.0
0.0
0.0
0.0
0.0
0.0
0.0
0.0
0.0
0.0
0.0
0.0
0.0
0.0
0.0
0.0
0.0
0.0
0.0
0.0
0.0
0.0
0.0
0.0
0.0
0.0
0.0
0.0
0.0
0.0
0.0
0.0
0.0
0.0
0.0
0.0
0.0
0.0
0.0
0.0
0.0
0.0
0.0
0.0
0.0
0.0
0.0
0.0
0.0
0.0
0.0
0.0
0.0
0.0
0.0
0.0
0.0
0.0
0.0
0.0
0.0
0.0
0.0
0.0
0.0
0.0
0.0
0.0
0.0
0.0
0.0
0.0
0.0
0.0
0.0
0.0
0.0
0.0
