11.0
17.0
-11.0
-11.0
4.0
-18.0
-3.0
-15.0
-29.0
-16.0
-60.0
-20.0
4.0
-6.0
11.0
4.0
-22.0
-45.0
-12.0
20.0
24.0
-3.0
-21.0
-44.0
-68.0
-31.0
-15.0
-23.0
-50.0
-65.0
-51.0
-47.0
-50.0
-15.0
-52.0
-50.0
-9.0
-8.0
-19.0
-40.0
-63.0
-54.0
-52.0
-23.0
-43.0
-10.0
-2.0
-23.0
-29.0
-19.0
-2.0
21.0
-23.0
-35.0
-4.0
23.0
13.0
-18.0
-23.0
-21.0
-56.0
-74.0
-18.0
-35.0
-34.0
7.0
-4.0
-18.0
-14.0
-62.0
-40.0
-7.0
-44.0
-15.0
-15.0
-18.0
-25.0
-54.0
-29.0
-31.0
-33.0
-29.0
-26.0
-37.0
-41.0
-25.0
2.0
-24.0
-13.0
-6.0
-17.0
-12.0
-30.0
-51.0
-39.0
-32.0
-16.0
-1.0
-5.0
10.0
-6.0
-21.0
-37.0
10.0
-24.0
-50.0
-34.0
-4.0
-22.0
-44.0
-46.0
-60.0
-131.0
-108.0
-127.0
-106.0
-96.0
-128.0
-93.0
-117.0
-134.0
-53.0
-53.0
-64.0
-79.0
-79.0
-37.0
-53.0
-77.0
-41.0
-17.0
-36.0
-58.0
-53.0
-40.0
-59.0
-59.0
-70.0
-65.0
-62.0
-36.0
-56.0
-53.0
-71.0
-92.0
-67.0
-62.0
-50.0
-40.0
-57.0
-18.0
-5.0
-27.0
-11.0
-18.0
-18.0
2.0
-22.0
-32.0
-21.0
-40.0
-69.0
-44.0
-23.0
-53.0
-24.0
-24.0
-62.0
-31.0
-11.0
-65.0
-29.0
-17.0
-39.0
-48.0
-53.0
-29.0
-36.0
-54.0
-42.0
-24.0
-76.0
-39.0
-11.0
-16.0
1.0
-14.0
-29.0
-25.0
-63.0
-41.0
-12.0
1.0
-9.0
-22.0
-21.0
-52.0
-45.0
-13.0
-26.0
-35.0
-12.0
-31.0
-48.0
-67.0
-48.0
-52.0
-56.0
-71.0
-66.0
-87.0
-54.0
7.0
-7.0
-13.0
-11.0
-58.0
-45.0
-13.0
-10.0
-50.0
-1.0
25.0
-7.0
-13.0
-39.0
-8.0
30.0
-5.0
-32.0
14.0
1.0
-19.0
6.0
-11.0
6.0
-3.0
-27.0
-14.0
-3.0
11.0
-1.0
-1.0
-14.0
-2.0
-35.0
-55.0
-3.0
21.0
26.0
24.0
20.0
16.0
3.0
41.0
33.0
26.0
34.0
10.0
-23.0
37.0
32.0
9.0
-21.0
-16.0
9.0
15.0
-12.0
-10.0
-5.0
-6.0
-22.0
-29.0
4.0
-7.0
-26.0
-46.0
-18.0
3.0
-29.0
-37.0
-8.0
-37.0
-37.0
-22.0
-45.0
-46.0
-3.0
-13.0
-28.0
-44.0
-10.0
-8.0
-11.0
-33.0
-29.0
-5.0
-5.0
-22.0
-6.0
-2.0
1.0
-2.0
-40.0
-12.0
10.0
-16.0
-7.0
13.0
16.0
8.0
-36.0
-43.0
17.0
-21.0
1.0
13.0
-25.0
-25.0
-30.0
-30.0
-17.0
-36.0
-13.0
-18.0
-8.0
1.0
0.0
-24.0
-4.0
31.0
16.0
1.0
-16.0
15.0
6.0
-19.0
15.0
31.0
19.0
-2.0
-3.0
-9.0
-28.0
-35.0
4.0
7.0
19.0
6.0
19.0
32.0
18.0
1.0
10.0
41.0
42.0
43.0
30.0
23.0
23.0
2.0
-7.0
35.0
30.0
-15.0
-30.0
36.0
25.0
16.0
7.0
-14.0
44.0
44.0
54.0
51.0
3.0
-18.0
10.0
-9.0
37.0
29.0
2.0
6.0
-5.0
-14.0
-22.0
-14.0
27.0
15.0
-31.0
-29.0
51.0
41.0
36.0
27.0
41.0
67.0
56.0
59.0
64.0
78.0
67.0
23.0
91.0
103.0
76.0
50.0
32.0
-2.0
43.0
-9.0
8.0
27.0
-16.0
9.0
-24.0
-9.0
32.0
-29.0
-13.0
7.0
20.0
21.0
-34.0
-20.0
40.0
11.0
6.0
25.0
3.0
30.0
-1.0
-13.0
39.0
17.0
20.0
36.0
31.0
21.0
7.0
30.0
1.0
-14.0
6.0
-15.0
-25.0
-36.0
-2.0
-11.0
-29.0
-62.0
-24.0
-16.0
-20.0
23.0
-10.0
-26.0
-24.0
-46.0
-10.0
-19.0
-52.0
20.0
2.0
-8.0
10.0
-6.0
-35.0
-35.0
-16.0
-4.0
-2.0
-11.0
-15.0
-36.0
15.0
23.0
10.0
7.0
2.0
6.0
-20.0
5.0
10.0
15.0
8.0
0.0
-9.0
12.0
14.0
-47.0
-35.0
-12.0
-28.0
-27.0
-45.0
-37.0
-69.0
-45.0
-31.0
-58.0
-43.0
-36.0
-79.0
-68.0
-32.0
-67.0
-45.0
-6.0
-23.0
-17.0
-33.0
-40.0
-15.0
-16.0
-5.0
-8.0
-20.0
-20.0
-27.0
-50.0
-34.0
-33.0
-39.0
-37.0
-59.0
-49.0
-80.0
-34.0
-4.0
-24.0
-12.0
-11.0
-12.0
-46.0
-58.0
-52.0
-59.0
-50.0
-32.0
-41.0
-33.0
-24.0
-49.0
-14.0
8.0
14.0
19.0
-2.0
-39.0
12.0
10.0
-4.0
-18.0
-30.0
-17.0
-21.0
-57.0
-6.0
-14.0
-2.0
17.0
-8.0
-8.0
-11.0
-58.0
11.0
5.0
-1.0
11.0
-12.0
-20.0
-16.0
-29.0
-1.0
38.0
5.0
-3.0
-2.0
-4.0
-11.0
-12.0
4.0
-37.0
-10.0
-10.0
-25.0
3.0
5.0
20.0
36.0
6.0
-22.0
9.0
3.0
-13.0
9.0
32.0
16.0
1.0
11.0
-11.0
-45.0
-56.0
-45.0
-41.0
-30.0
-31.0
-22.0
-52.0
-45.0
-24.0
-56.0
-74.0
-56.0
-17.0
-24.0
-14.0
-50.0
-71.0
-35.0
-52.0
-64.0
-37.0
-16.0
-43.0
-46.0
-21.0
-35.0
-36.0
-22.0
-27.0
-34.0
-56.0
-31.0
-51.0
-54.0
-24.0
-8.0
-36.0
-32.0
-29.0
-35.0
-6.0
-24.0
-21.0
-3.0
-45.0
-81.0
-5.0
13.0
-13.0
-21.0
-41.0
-38.0
-65.0
-75.0
7.0
-6.0
-40.0
-14.0
28.0
41.0
-31.0
-25.0
3.0
-31.0
-11.0
-14.0
-27.0
-10.0
-29.0
-13.0
-11.0
-15.0
-1.0
30.0
31.0
22.0
44.0
16.0
37.0
21.0
25.0
-8.0
-6.0
24.0
11.0
14.0
-8.0
-25.0
-13.0
24.0
6.0
-41.0
-29.0
-1.0
-20.0
-51.0
21.0
13.0
-26.0
-20.0
-21.0
-32.0
35.0
25.0
4.0
-2.0
-23.0
-3.0
-32.0
-33.0
-21.0
-1.0
-10.0
-49.0
-67.0
-35.0
-32.0
-46.0
10.0
-5.0
-16.0
-39.0
-17.0
-43.0
-31.0
-20.0
-23.0
-45.0
-37.0
-40.0
-35.0
7.0
-20.0
-22.0
-27.0
-8.0
18.0
-16.0
-4.0
-14.0
-18.0
-15.0
1.0
10.0
12.0
-34.0
14.0
37.0
-4.0
-24.0
-14.0
-26.0
5.0
-4.0
-6.0
24.0
8.0
21.0
1.0
-26.0
34.0
29.0
35.0
34.0
29.0
31.0
-13.0
12.0
50.0
16.0
4.0
17.0
24.0
9.0
-13.0
21.0
46.0
40.0
10.0
-4.0
-10.0
-36.0
-17.0
25.0
28.0
39.0
37.0
15.0
-7.0
-17.0
-7.0
19.0
30.0
23.0
-6.0
-6.0
-24.0
-58.0
14.0
30.0
-10.0
-11.0
11.0
12.0
-26.0
-59.0
-14.0
-26.0
-23.0
-35.0
-36.0
-31.0
-18.0
44.0
14.0
19.0
14.0
-1.0
-17.0
-37.0
-51.0
15.0
11.0
-22.0
-12.0
6.0
-23.0
-24.0
-21.0
-52.0
-6.0
-14.0
8.0
10.0
-24.0
24.0
11.0
-48.0
-25.0
-17.0
-23.0
2.0
-20.0
-35.0
-48.0
-53.0
-21.0
-22.0
-26.0
-43.0
-19.0
23.0
14.0
-37.0
-27.0
-23.0
-8.0
-2.0
11.0
-1.0
-10.0
-21.0
15.0
-6.0
-7.0
-1.0
6.0
-4.0
-51.0
3.0
-16.0
-45.0
60.0
61.0
49.0
77.0
33.0
46.0
61.0
33.0
58.0
50.0
30.0
68.0
23.0
28.0
47.0
3.0
-10.0
33.0
27.0
2.0
-16.0
0.0
-27.0
-44.0
-8.0
12.0
-5.0
12.0
-1.0
11.0
-22.0
-25.0
21.0
35.0
39.0
-8.0
-16.0
-39.0
-26.0
15.0
6.0
-6.0
-10.0
-21.0
-58.0
-53.0
-4.0
-21.0
5.0
7.0
4.0
33.0
-23.0
-32.0
3.0
-8.0
-8.0
1.0
20.0
0.0
-40.0
14.0
14.0
30.0
12.0
22.0
2.0
-32.0
13.0
3.0
17.0
17.0
17.0
-22.0
-31.0
24.0
8.0
1.0
6.0
8.0
-6.0
33.0
23.0
13.0
1.0
33.0
27.0
0.0
23.0
10.0
13.0
38.0
18.0
2.0
-10.0
-26.0
29.0
33.0
1.0
-8.0
-14.0
-49.0
13.0
55.0
33.0
1.0
-9.0
-9.0
23.0
36.0
32.0
29.0
11.0
-1.0
7.0
-27.0
-9.0
3.0
-1.0
7.0
6.0
-30.0
-7.0
4.0
-31.0
-32.0
-22.0
13.0
5.0
-2.0
-25.0
-25.0
6.0
13.0
-24.0
-6.0
42.0
3.0
-5.0
-5.0
-29.0
36.0
12.0
-21.0
53.0
41.0
4.0
37.0
43.0
17.0
28.0
33.0
21.0
-6.0
24.0
25.0
11.0
43.0
20.0
-7.0
-22.0
27.0
54.0
33.0
11.0
2.0
-27.0
-67.0
-4.0
-1.0
11.0
32.0
1.0
-14.0
-32.0
-11.0
22.0
12.0
9.0
-4.0
-53.0
2.0
56.0
-2.0
-48.0
-74.0
-70.0
25.0
4.0
6.0
6.0
-15.0
10.0
-1.0
-1.0
3.0
5.0
-8.0
-24.0
-21.0
5.0
-14.0
-18.0
-21.0
-21.0
-43.0
-1.0
-13.0
-31.0
-2.0
2.0
-31.0
-21.0
-23.0
-7.0
-15.0
-7.0
-42.0
-30.0
10.0
-25.0
-50.0
-23.0
-18.0
-12.0
-4.0
-11.0
-17.0
23.0
-40.0
-1.0
24.0
10.0
8.0
9.0
10.0
-48.0
-16.0
-10.0
-22.0
10.0
-18.0
-37.0
48.0
30.0
7.0
-18.0
-11.0
33.0
-19.0
-27.0
29.0
1.0
-22.0
10.0
1.0
32.0
8.0
5.0
11.0
-7.0
19.0
36.0
-30.0
6.0
32.0
-27.0
-2.0
1.0
-8.0
27.0
14.0
18.0
40.0
25.0
14.0
46.0
52.0
7.0
5.0
23.0
23.0
-13.0
18.0
23.0
4.0
-31.0
-42.0
20.0
9.0
8.0
35.0
29.0
14.0
-51.0
-52.0
25.0
3.0
-5.0
4.0
15.0
32.0
34.0
-1.0
-49.0
4.0
17.0
19.0
-16.0
-24.0
-32.0
-14.0
32.0
1.0
-60.0
4.0
5.0
-27.0
24.0
16.0
27.0
-6.0
13.0
14.0
11.0
30.0
-3.0
-35.0
20.0
32.0
21.0
11.0
30.0
31.0
17.0
-17.0
16.0
-2.0
-3.0
33.0
29.0
37.0
5.0
7.0
-8.0
-17.0
17.0
39.0
-1.0
-3.0
-29.0
-28.0
-8.0
-15.0
8.0
5.0
-33.0
-34.0
-65.0
-58.0
-4.0
-18.0
-4.0
1.0
-24.0
-59.0
-49.0
10.0
42.0
23.0
-14.0
3.0
-3.0
-32.0
-28.0
-25.0
10.0
3.0
-27.0
-51.0
-86.0
-16.0
-21.0
-34.0
-21.0
-39.0
-36.0
-41.0
-34.0
-10.0
-3.0
-25.0
-17.0
2.0
3.0
2.0
7.0
6.0
-12.0
-36.0
0.0
-36.0
-58.0
1.0
-28.0
-16.0
-9.0
-45.0
-43.0
-53.0
2.0
7.0
1.0
5.0
-9.0
-35.0
11.0
16.0
11.0
0.0
3.0
-5.0
5.0
-50.0
-25.0
-3.0
-30.0
-11.0
-14.0
-26.0
-58.0
-87.0
-81.0
-26.0
-21.0
-11.0
-7.0
-46.0
-73.0
-58.0
17.0
9.0
6.0
7.0
-31.0
-48.0
-29.0
-34.0
-46.0
-3.0
10.0
10.0
-38.0
-20.0
-12.0
-60.0
-3.0
23.0
10.0
2.0
-29.0
-24.0
-54.0
-39.0
19.0
25.0
14.0
-1.0
-26.0
-18.0
-37.0
-52.0
6.0
-19.0
-41.0
-12.0
-7.0
-13.0
-51.0
-34.0
-15.0
-28.0
-46.0
-22.0
-26.0
-76.0
-17.0
31.0
2.0
-12.0
-34.0
-10.0
-39.0
-61.0
-5.0
-13.0
-18.0
-10.0
-11.0
-20.0
-49.0
-83.0
-29.0
-12.0
0.0
10.0
-14.0
-21.0
-39.0
7.0
11.0
-8.0
16.0
29.0
35.0
5.0
-42.0
15.0
-1.0
-18.0
-1.0
-12.0
-22.0
-25.0
-22.0
18.0
32.0
29.0
18.0
23.0
20.0
5.0
21.0
42.0
11.0
-9.0
-4.0
15.0
-30.0
3.0
60.0
29.0
-2.0
2.0
2.0
27.0
14.0
60.0
17.0
-7.0
0.0
-11.0
-7.0
-30.0
3.0
16.0
-3.0
13.0
14.0
10.0
26.0
24.0
-1.0
34.0
34.0
11.0
31.0
39.0
52.0
36.0
-2.0
22.0
-17.0
-40.0
-28.0
-3.0
7.0
5.0
-16.0
31.0
26.0
10.0
25.0
21.0
13.0
17.0
-1.0
6.0
36.0
17.0
20.0
4.0
-10.0
-3.0
-3.0
5.0
-27.0
2.0
4.0
-16.0
-30.0
-12.0
12.0
2.0
-16.0
-18.0
7.0
-20.0
-46.0
-15.0
-22.0
-1.0
-11.0
-33.0
-23.0
-68.0
5.0
12.0
-10.0
11.0
-20.0
-22.0
-7.0
11.0
19.0
5.0
6.0
1.0
-34.0
-8.0
26.0
-13.0
3.0
17.0
3.0
-3.0
6.0
5.0
-7.0
5.0
7.0
-46.0
-1.0
48.0
5.0
15.0
39.0
34.0
20.0
-11.0
-10.0
40.0
-2.0
-5.0
5.0
30.0
43.0
-17.0
-5.0
44.0
6.0
1.0
5.0
4.0
-39.0
-36.0
25.0
52.0
16.0
0.0
3.0
-40.0
-20.0
29.0
9.0
6.0
-11.0
2.0
-2.0
11.0
36.0
20.0
20.0
19.0
-11.0
-3.0
36.0
12.0
14.0
16.0
-5.0
-10.0
-23.0
44.0
64.0
27.0
16.0
15.0
5.0
3.0
8.0
23.0
8.0
-26.0
2.0
24.0
4.0
16.0
22.0
14.0
13.0
12.0
32.0
40.0
31.0
64.0
32.0
15.0
6.0
7.0
25.0
19.0
-12.0
16.0
-12.0
22.0
23.0
-6.0
16.0
-35.0
-85.0
-12.0
-15.0
1.0
7.0
-4.0
-22.0
-70.0
-73.0
-41.0
-16.0
-21.0
-11.0
-41.0
-54.0
6.0
24.0
-2.0
-11.0
20.0
32.0
-10.0
14.0
-2.0
-32.0
5.0
-2.0
-18.0
-28.0
1.0
21.0
23.0
16.0
-8.0
-26.0
-14.0
40.0
12.0
-10.0
-11.0
16.0
11.0
-26.0
33.0
31.0
23.0
27.0
26.0
23.0
-8.0
14.0
20.0
26.0
22.0
30.0
13.0
2.0
-15.0
2.0
-2.0
-3.0
41.0
31.0
34.0
48.0
10.0
5.0
38.0
35.0
15.0
-5.0
-43.0
-42.0
-42.0
-13.0
16.0
-2.0
-34.0
-11.0
7.0
3.0
-1.0
-49.0
-29.0
-18.0
3.0
13.0
0.0
4.0
-26.0
6.0
30.0
-7.0
-25.0
26.0
1.0
3.0
-10.0
1.0
-11.0
-27.0
-27.0
-13.0
-21.0
-15.0
-27.0
8.0
32.0
41.0
10.0
-27.0
-6.0
24.0
31.0
35.0
15.0
-15.0
-45.0
34.0
4.0
5.0
1.0
-36.0
-60.0
-12.0
-20.0
2.0
-25.0
-39.0
-27.0
-70.0
-33.0
-46.0
-52.0
-35.0
-32.0
-34.0
-59.0
-15.0
-7.0
-8.0
-23.0
-14.0
-39.0
-36.0
-11.0
-65.0
-40.0
11.0
7.0
12.0
4.0
24.0
3.0
-63.0
-8.0
-3.0
-10.0
-10.0
-21.0
-82.0
8.0
39.0
1.0
5.0
-12.0
5.0
-34.0
-13.0
3.0
-44.0
-26.0
-25.0
-39.0
-21.0
-39.0
-22.0
-28.0
-39.0
-43.0
-50.0
-49.0
-28.0
-25.0
2.0
7.0
-33.0
-25.0
-66.0
-91.0
-8.0
-12.0
-14.0
1.0
-8.0
-11.0
-31.0
-59.0
-32.0
-22.0
-26.0
-25.0
-29.0
-25.0
-53.0
-11.0
30.0
-3.0
-12.0
0.0
-8.0
24.0
-26.0
-29.0
19.0
14.0
-46.0
-41.0
-49.0
-77.0
-27.0
-53.0
-64.0
-40.0
-13.0
6.0
-51.0
-61.0
-21.0
-17.0
-23.0
12.0
7.0
14.0
-5.0
-26.0
35.0
3.0
-16.0
-35.0
-30.0
-17.0
-42.0
-8.0
-7.0
-13.0
6.0
9.0
-23.0
-7.0
-28.0
-11.0
23.0
-3.0
17.0
15.0
-6.0
-14.0
4.0
12.0
5.0
10.0
1.0
3.0
2.0
-34.0
-58.0
3.0
-10.0
-17.0
-7.0
-16.0
7.0
27.0
-39.0
-14.0
-10.0
-14.0
1.0
-14.0
-31.0
-39.0
-47.0
-18.0
-25.0
-23.0
-51.0
-49.0
-64.0
-44.0
25.0
38.0
27.0
24.0
57.0
60.0
89.0
158.0
200.0
270.0
325.0
420.0
518.0
567.0
561.0
561.0
562.0
561.0
561.0
551.0
506.0
466.0
404.0
353.0
253.0
180.0
161.0
79.0
16.0
-68.0
-156.0
-202.0
-261.0
-331.0
-420.0
-432.0
-443.0
-497.0
-497.0
-461.0
-488.0
-488.0
-495.0
-508.0
-472.0
-465.0
-464.0
-412.0
-416.0
-436.0
-444.0
-427.0
-373.0
-373.0
-398.0
-416.0
-411.0
-391.0
-391.0
-359.0
-312.0
-325.0
-318.0
-295.0
-296.0
-249.0
-254.0
-315.0
-305.0
-237.0
-240.0
-259.0
-254.0
-241.0
-230.0
-261.0
-253.0
-246.0
-225.0
-197.0
-195.0
-208.0
-204.0
-213.0
-204.0
-172.0
-174.0
-169.0
-144.0
-179.0
-182.0
-176.0
-188.0
-136.0
-116.0
-141.0
-138.0
-113.0
-105.0
-119.0
-132.0
-134.0
-75.0
-80.0
-101.0
-68.0
-99.0
-130.0
-122.0
-156.0
-115.0
-86.0
-118.0
-89.0
-87.0
-91.0
-64.0
-104.0
-125.0
-69.0
-94.0
-95.0
-76.0
-86.0
-68.0
-88.0
-108.0
-77.0
-85.0
-50.0
-64.0
-102.0
-88.0
-92.0
-89.0
-81.0
-98.0
-69.0
-63.0
-54.0
-51.0
-78.0
-92.0
-129.0
-116.0
-38.0
-62.0
-81.0
-67.0
-113.0
-109.0
-43.0
-34.0
-26.0
-64.0
-59.0
-27.0
-67.0
-77.0
-55.0
-52.0
-70.0
-109.0
-62.0
-18.0
-41.0
-52.0
-51.0
-73.0
-56.0
-48.0
-55.0
-51.0
-22.0
-25.0
-22.0
-55.0
-37.0
-29.0
-63.0
-81.0
-58.0
-31.0
-22.0
-29.0
-31.0
-1.0
-28.0
-41.0
-77.0
-88.0
-50.0
-38.0
-25.0
-22.0
-34.0
-56.0
-92.0
-41.0
-20.0
-40.0
-15.0
10.0
-36.0
-31.0
-31.0
-21.0
18.0
-22.0
-42.0
-46.0
-55.0
-39.0
-22.0
-30.0
-32.0
-18.0
-35.0
-25.0
-18.0
-21.0
-21.0
-23.0
3.0
-50.0
-51.0
-5.0
-65.0
-44.0
-15.0
3.0
-3.0
-1.0
7.0
-8.0
-24.0
-38.0
-34.0
-7.0
-6.0
-4.0
2.0
-3.0
-7.0
25.0
-9.0
-5.0
4.0
-25.0
1.0
11.0
12.0
13.0
8.0
-3.0
-50.0
-34.0
-37.0
-83.0
-58.0
-45.0
-72.0
-48.0
-33.0
-69.0
-22.0
-5.0
-40.0
-49.0
-45.0
-35.0
-22.0
-21.0
-31.0
-45.0
-18.0
16.0
-3.0
12.0
5.0
-30.0
-31.0
-82.0
-71.0
-32.0
-54.0
-33.0
-29.0
-26.0
-15.0
-29.0
11.0
-2.0
-25.0
-13.0
-21.0
-31.0
-1.0
13.0
-6.0
-5.0
-50.0
-17.0
6.0
-1.0
6.0
14.0
23.0
19.0
11.0
5.0
-6.0
35.0
14.0
-16.0
-3.0
-10.0
-14.0
4.0
1.0
-29.0
-14.0
-30.0
-50.0
-6.0
-16.0
-17.0
-14.0
-46.0
-32.0
-21.0
-51.0
-56.0
-48.0
-40.0
-47.0
-61.0
-57.0
-60.0
-34.0
-45.0
-93.0
-62.0
-34.0
-65.0
-48.0
-51.0
-81.0
-85.0
-41.0
-25.0
-41.0
-52.0
-38.0
-72.0
-69.0
-53.0
-27.0
-41.0
-41.0
-36.0
-58.0
-83.0
-117.0
-40.0
-36.0
-26.0
-29.0
-37.0
-22.0
-45.0
-58.0
7.0
-17.0
-24.0
16.0
-5.0
-15.0
-6.0
-25.0
-64.0
-59.0
-34.0
-17.0
-30.0
-5.0
-4.0
-15.0
-42.0
6.0
36.0
13.0
0.0
21.0
-11.0
-9.0
-8.0
-43.0
8.0
21.0
14.0
9.0
6.0
-2.0
12.0
3.0
-32.0
33.0
1.0
-17.0
-14.0
7.0
6.0
11.0
-2.0
-11.0
-37.0
-51.0
-9.0
14.0
34.0
10.0
1.0
-3.0
-34.0
-54.0
-37.0
-5.0
-37.0
-38.0
-11.0
-3.0
4.0
13.0
-5.0
-39.0
-13.0
12.0
-21.0
-15.0
-24.0
-26.0
-45.0
-41.0
-29.0
-85.0
-51.0
-41.0
-56.0
-30.0
-33.0
-44.0
-36.0
-21.0
-13.0
12.0
-8.0
-21.0
-34.0
-62.0
-44.0
-48.0
-65.0
-39.0
-21.0
4.0
24.0
5.0
9.0
2.0
-19.0
-16.0
-46.0
3.0
13.0
-36.0
-33.0
-36.0
-46.0
-35.0
-21.0
-41.0
-15.0
13.0
-11.0
-12.0
-2.0
-13.0
-20.0
-4.0
-17.0
-50.0
2.0
-11.0
-23.0
-54.0
-58.0
-50.0
-45.0
-41.0
-21.0
-21.0
-21.0
-15.0
-54.0
-41.0
-26.0
-26.0
-26.0
-62.0
-81.0
-61.0
-78.0
-48.0
-18.0
-25.0
-31.0
-29.0
-60.0
-62.0
-93.0
-51.0
-34.0
-54.0
-15.0
-36.0
-49.0
-37.0
-49.0
-35.0
-44.0
-45.0
-5.0
-42.0
-46.0
-34.0
-30.0
2.0
6.0
-38.0
-30.0
-32.0
-28.0
-16.0
-15.0
1.0
-14.0
-48.0
-52.0
-22.0
-26.0
-6.0
-29.0
-32.0
-34.0
-37.0
-50.0
-64.0
-11.0
-6.0
-14.0
-6.0
-8.0
6.0
0.0
-26.0
-31.0
-26.0
-8.0
-11.0
-23.0
-40.0
-35.0
-25.0
-32.0
-48.0
-7.0
16.0
-3.0
9.0
24.0
4.0
-15.0
-31.0
-33.0
-22.0
-13.0
-17.0
21.0
25.0
32.0
20.0
14.0
37.0
-1.0
17.0
31.0
26.0
41.0
33.0
16.0
14.0
22.0
18.0
-8.0
10.0
34.0
48.0
32.0
46.0
39.0
8.0
-13.0
12.0
14.0
17.0
15.0
30.0
28.0
3.0
-6.0
4.0
5.0
14.0
3.0
3.0
-11.0
-51.0
-4.0
3.0
-23.0
-8.0
-3.0
-28.0
-37.0
-40.0
-56.0
-77.0
-42.0
-35.0
-55.0
-44.0
-50.0
-60.0
-51.0
-48.0
-34.0
-49.0
-43.0
-15.0
-29.0
-50.0
-19.0
-4.0
-17.0
2.0
15.0
3.0
-13.0
-4.0
5.0
-2.0
-7.0
-24.0
-14.0
16.0
-5.0
-10.0
-21.0
-39.0
-15.0
1.0
-17.0
-18.0
22.0
12.0
20.0
4.0
-5.0
1.0
14.0
-16.0
-50.0
-25.0
-8.0
-16.0
3.0
8.0
-20.0
-53.0
-37.0
2.0
-5.0
-15.0
-30.0
-31.0
-20.0
-45.0
-13.0
-6.0
1.0
14.0
13.0
26.0
-10.0
-11.0
-1.0
-41.0
-18.0
-14.0
-21.0
-38.0
-44.0
19.0
-8.0
-36.0
-17.0
4.0
24.0
-14.0
-34.0
5.0
12.0
-4.0
17.0
0.0
-15.0
-43.0
-46.0
2.0
-24.0
-37.0
-14.0
-37.0
-50.0
-38.0
-67.0
-20.0
-32.0
-30.0
-11.0
-24.0
-12.0
-6.0
-11.0
-25.0
16.0
-4.0
-13.0
-25.0
-21.0
-21.0
-29.0
-55.0
-54.0
-36.0
-46.0
-42.0
-18.0
-20.0
-32.0
-20.0
-16.0
-52.0
-23.0
-8.0
-42.0
-30.0
-21.0
-12.0
-15.0
13.0
-5.0
-39.0
-6.0
-14.0
-10.0
5.0
-14.0
-32.0
-25.0
-37.0
-5.0
33.0
7.0
30.0
8.0
4.0
31.0
2.0
-40.0
-17.0
-24.0
5.0
-13.0
-26.0
-3.0
-39.0
-56.0
8.0
-25.0
-34.0
-14.0
-32.0
-30.0
-23.0
-55.0
-14.0
-12.0
-4.0
-9.0
1.0
24.0
11.0
32.0
-1.0
-33.0
-13.0
-25.0
-14.0
-1.0
-6.0
-3.0
-30.0
-5.0
31.0
16.0
32.0
49.0
18.0
18.0
-20.0
17.0
29.0
-4.0
-35.0
-5.0
-5.0
-37.0
12.0
22.0
4.0
-16.0
-7.0
11.0
-13.0
-1.0
14.0
-11.0
39.0
48.0
24.0
5.0
5.0
37.0
6.0
-18.0
16.0
-23.0
-21.0
-16.0
-49.0
-65.0
-12.0
-32.0
-31.0
-7.0
-19.0
-21.0
-33.0
-31.0
18.0
-2.0
11.0
-16.0
-26.0
10.0
-23.0
1.0
8.0
-47.0
-45.0
-36.0
-27.0
-1.0
-9.0
-10.0
-40.0
-46.0
-25.0
-18.0
-22.0
-28.0
-37.0
-32.0
-36.0
-37.0
-58.0
-97.0
-40.0
3.0
-29.0
-43.0
-18.0
-31.0
-16.0
-13.0
-41.0
-27.0
-36.0
-32.0
-43.0
-45.0
-28.0
-63.0
-19.0
-11.0
-23.0
-13.0
-45.0
-81.0
-15.0
-33.0
-39.0
-3.0
-14.0
1.0
12.0
-3.0
-16.0
-34.0
-16.0
-21.0
-18.0
-14.0
-40.0
-19.0
-6.0
-22.0
-2.0
14.0
-6.0
-20.0
-28.0
-5.0
21.0
-5.0
-17.0
-22.0
-34.0
-8.0
-1.0
-54.0
-30.0
7.0
14.0
-9.0
-2.0
7.0
3.0
16.0
27.0
40.0
42.0
14.0
-13.0
-41.0
9.0
11.0
-33.0
-5.0
41.0
12.0
1.0
12.0
26.0
16.0
37.0
36.0
14.0
33.0
4.0
-1.0
22.0
-5.0
-1.0
1.0
-5.0
-4.0
-26.0
-38.0
5.0
-5.0
-4.0
-8.0
-9.0
5.0
-16.0
14.0
22.0
0.0
6.0
51.0
48.0
16.0
-13.0
32.0
14.0
5.0
18.0
1.0
5.0
-27.0
-33.0
-33.0
-29.0
-33.0
-20.0
-12.0
-44.0
-45.0
-2.0
0.0
7.0
26.0
40.0
23.0
-12.0
-16.0
14.0
-7.0
-13.0
2.0
27.0
10.0
-11.0
20.0
26.0
0.0
8.0
24.0
5.0
-12.0
-7.0
4.0
22.0
12.0
33.0
39.0
27.0
7.0
-13.0
-1.0
12.0
2.0
36.0
17.0
7.0
8.0
-30.0
33.0
23.0
-1.0
-10.0
-12.0
20.0
14.0
-14.0
-13.0
1.0
18.0
23.0
6.0
17.0
34.0
43.0
21.0
30.0
13.0
-5.0
-1.0
-8.0
-17.0
-22.0
-42.0
-4.0
26.0
9.0
-4.0
15.0
-46.0
-52.0
-16.0
-17.0
2.0
16.0
2.0
-8.0
49.0
37.0
28.0
11.0
6.0
44.0
22.0
40.0
1.0
3.0
56.0
34.0
34.0
12.0
-20.0
13.0
6.0
9.0
10.0
44.0
26.0
2.0
11.0
27.0
36.0
20.0
26.0
-12.0
-20.0
16.0
-5.0
-8.0
-14.0
-56.0
-43.0
-43.0
-58.0
-17.0
-2.0
3.0
2.0
19.0
13.0
20.0
29.0
19.0
-54.0
-35.0
2.0
15.0
18.0
10.0
19.0
16.0
-21.0
24.0
30.0
11.0
1.0
-20.0
11.0
14.0
-16.0
26.0
37.0
38.0
34.0
13.0
17.0
-7.0
20.0
35.0
40.0
51.0
39.0
35.0
44.0
23.0
45.0
58.0
6.0
0.0
23.0
-3.0
-3.0
-15.0
11.0
24.0
21.0
41.0
67.0
53.0
39.0
74.0
54.0
52.0
41.0
45.0
49.0
40.0
14.0
9.0
27.0
26.0
8.0
2.0
36.0
4.0
-11.0
6.0
29.0
17.0
8.0
33.0
4.0
47.0
102.0
152.0
219.0
298.0
378.0
452.0
560.0
571.0
559.0
562.0
562.0
549.0
479.0
451.0
389.0
269.0
177.0
131.0
61.0
-4.0
-68.0
-125.0
-129.0
-187.0
-223.0
-249.0
-306.0
-320.0
-340.0
-355.0
-376.0
-414.0
-468.0
-432.0
-420.0
-415.0
-422.0
-434.0
-420.0
-446.0
-431.0
-412.0
-431.0
-430.0
-405.0
-402.0
-384.0
-374.0
-364.0
-383.0
-371.0
-338.0
-381.0
-347.0
-321.0
-346.0
-332.0
-314.0
-340.0
-299.0
-301.0
-308.0
-291.0
-309.0
-295.0
-248.0
-263.0
-242.0
-235.0
-227.0
-250.0
-267.0
-177.0
-168.0
-201.0
-161.0
-177.0
-187.0
-134.0
-162.0
-176.0
-152.0
-149.0
-117.0
-124.0
-136.0
-125.0
-86.0
-61.0
-98.0
-103.0
-83.0
-84.0
-96.0
-91.0
-73.0
-69.0
-64.0
-77.0
-86.0
-95.0
-122.0
-65.0
-70.0
-74.0
-111.0
-135.0
-91.0
-106.0
-113.0
-52.0
-69.0
-79.0
-77.0
-81.0
-62.0
-54.0
-29.0
-17.0
-7.0
-14.0
-33.0
-68.0
-78.0
-51.0
-76.0
-85.0
-82.0
-87.0
-67.0
-32.0
-12.0
-37.0
-54.0
-50.0
-54.0
-54.0
-20.0
-36.0
-15.0
-24.0
-40.0
-40.0
-33.0
-47.0
-26.0
-39.0
-20.0
-31.0
-39.0
-38.0
-43.0
-63.0
-49.0
-55.0
-13.0
-3.0
-26.0
2.0
-2.0
-26.0
-10.0
-17.0
-47.0
7.0
35.0
19.0
-6.0
-29.0
-11.0
-7.0
-19.0
-36.0
-42.0
12.0
-13.0
-26.0
-18.0
-31.0
-16.0
-24.0
-73.0
-22.0
-21.0
-26.0
-4.0
-14.0
-16.0
-23.0
-61.0
-8.0
6.0
-7.0
-2.0
-3.0
15.0
-1.0
-49.0
-31.0
18.0
9.0
-7.0
1.0
-42.0
-57.0
-80.0
-27.0
-15.0
-25.0
-28.0
-44.0
-31.0
-24.0
-53.0
-8.0
4.0
2.0
0.0
15.0
26.0
-41.0
7.0
17.0
-12.0
-14.0
-19.0
-40.0
-10.0
35.0
10.0
18.0
2.0
-4.0
5.0
-14.0
-49.0
-29.0
-14.0
-5.0
5.0
21.0
15.0
-4.0
-2.0
-22.0
-43.0
-28.0
-45.0
-44.0
-41.0
-59.0
-49.0
-38.0
-60.0
-18.0
-37.0
-38.0
-43.0
-43.0
-7.0
18.0
6.0
-41.0
-46.0
-16.0
-10.0
13.0
34.0
17.0
-17.0
-26.0
-25.0
-21.0
5.0
-8.0
-11.0
-55.0
-57.0
-30.0
-62.0
-43.0
-37.0
-50.0
-17.0
-25.0
-19.0
-18.0
-50.0
-45.0
-32.0
-38.0
-33.0
-22.0
-16.0
-24.0
-42.0
-36.0
-45.0
-66.0
-56.0
-68.0
-36.0
-28.0
-52.0
-53.0
-66.0
-64.0
-78.0
-67.0
-6.0
1.0
-25.0
-8.0
-19.0
-24.0
-27.0
-36.0
-36.0
-30.0
-13.0
-16.0
-42.0
-46.0
-20.0
-50.0
-40.0
-27.0
-36.0
12.0
44.0
10.0
-11.0
-18.0
-15.0
-24.0
-73.0
-56.0
-32.0
-52.0
-37.0
-50.0
-56.0
-45.0
-84.0
-21.0
-6.0
-12.0
7.0
1.0
-5.0
-1.0
-5.0
-16.0
-44.0
-18.0
-15.0
-27.0
-24.0
-3.0
-7.0
-17.0
-41.0
-31.0
15.0
-4.0
-3.0
6.0
-30.0
-26.0
-56.0
-16.0
-19.0
-6.0
-18.0
-37.0
-99.0
-37.0
24.0
12.0
10.0
-21.0
-10.0
-40.0
-36.0
17.0
22.0
15.0
-9.0
-52.0
-75.0
-29.0
-37.0
-41.0
-10.0
-1.0
-2.0
-21.0
-27.0
-39.0
-15.0
3.0
4.0
7.0
43.0
34.0
18.0
-22.0
-1.0
23.0
21.0
-4.0
11.0
5.0
3.0
13.0
-17.0
-34.0
-11.0
-26.0
-26.0
-38.0
-34.0
-40.0
-71.0
-81.0
-72.0
-20.0
-15.0
-34.0
-39.0
-24.0
-49.0
-59.0
-27.0
13.0
21.0
14.0
0.0
-5.0
-17.0
-2.0
17.0
-12.0
-16.0
-10.0
-15.0
-1.0
-36.0
-46.0
-21.0
-42.0
-39.0
-59.0
-60.0
-38.0
-67.0
-35.0
-37.0
-49.0
-31.0
-62.0
-69.0
-50.0
-40.0
-43.0
-20.0
-17.0
-10.0
-23.0
-35.0
-40.0
-4.0
22.0
-6.0
-9.0
-1.0
-5.0
-9.0
-21.0
-10.0
2.0
-7.0
-13.0
-2.0
-44.0
3.0
18.0
-23.0
-17.0
-8.0
-35.0
14.0
6.0
1.0
-20.0
-31.0
-33.0
-34.0
-13.0
-11.0
-9.0
1.0
-13.0
-45.0
-37.0
-63.0
-58.0
-61.0
-14.0
3.0
-20.0
-43.0
-24.0
7.0
-4.0
-20.0
-12.0
-8.0
-12.0
-31.0
-23.0
-11.0
-30.0
-39.0
-36.0
-31.0
-49.0
-31.0
-2.0
-20.0
-43.0
-41.0
-37.0
-53.0
-21.0
-30.0
-27.0
-11.0
-17.0
-11.0
-33.0
-39.0
-23.0
-7.0
-1.0
3.0
-14.0
-8.0
10.0
8.0
11.0
3.0
-6.0
2.0
-12.0
-2.0
-37.0
-39.0
-41.0
-35.0
-1.0
10.0
-14.0
-21.0
-22.0
4.0
16.0
14.0
21.0
8.0
-51.0
-44.0
-21.0
-23.0
-17.0
-40.0
-37.0
-22.0
-59.0
-27.0
-33.0
-35.0
-22.0
-37.0
-42.0
-68.0
-102.0
-38.0
-16.0
-10.0
-8.0
-25.0
-28.0
-43.0
-92.0
-5.0
8.0
-24.0
-21.0
-17.0
-5.0
-27.0
-52.0
18.0
-13.0
-32.0
-11.0
-11.0
-26.0
-31.0
1.0
7.0
0.0
-11.0
-21.0
-15.0
-1.0
-26.0
-56.0
-59.0
-35.0
-24.0
-41.0
-57.0
-33.0
-24.0
-13.0
-20.0
3.0
-3.0
-15.0
-36.0
-18.0
-8.0
1.0
-15.0
-41.0
-58.0
-37.0
-42.0
-40.0
-50.0
-53.0
-22.0
-25.0
4.0
-56.0
-60.0
-17.0
-48.0
-52.0
-36.0
-26.0
-33.0
-56.0
-88.0
-10.0
4.0
14.0
51.0
43.0
23.0
14.0
-7.0
12.0
44.0
11.0
14.0
7.0
-4.0
-15.0
-18.0
-6.0
26.0
-6.0
-27.0
-37.0
-27.0
-42.0
-64.0
-47.0
-53.0
-39.0
-31.0
-24.0
-17.0
-52.0
-36.0
5.0
0.0
-6.0
-3.0
1.0
-27.0
-18.0
-14.0
6.0
-5.0
-23.0
-22.0
-44.0
-16.0
8.0
-33.0
-28.0
-49.0
-68.0
-41.0
-30.0
-1.0
1.0
-36.0
-46.0
-53.0
-45.0
-36.0
-40.0
-16.0
-20.0
-12.0
8.0
16.0
9.0
40.0
16.0
-9.0
-9.0
1.0
-18.0
-42.0
-40.0
-1.0
-8.0
-23.0
-25.0
-44.0
-25.0
-35.0
-22.0
-3.0
-17.0
-9.0
-5.0
-1.0
-7.0
-68.0
-9.0
35.0
6.0
-14.0
-1.0
-12.0
-11.0
-52.0
-40.0
29.0
-1.0
-12.0
-2.0
-10.0
-5.0
-23.0
-32.0
-2.0
-24.0
-18.0
-16.0
-25.0
-24.0
-54.0
-8.0
24.0
-6.0
-23.0
5.0
-20.0
-3.0
-18.0
-15.0
1.0
-27.0
-18.0
-20.0
-26.0
-4.0
-37.0
-17.0
-8.0
-20.0
-22.0
-4.0
-17.0
-58.0
35.0
24.0
1.0
7.0
18.0
18.0
11.0
-4.0
-25.0
-6.0
-1.0
-22.0
-41.0
-48.0
-53.0
-67.0
-64.0
-27.0
-25.0
-46.0
-64.0
-74.0
-62.0
-36.0
-56.0
-38.0
1.0
-36.0
-18.0
-3.0
-5.0
15.0
13.0
-41.0
-30.0
46.0
34.0
18.0
14.0
17.0
2.0
-20.0
-22.0
23.0
21.0
12.0
-2.0
-13.0
-24.0
-16.0
33.0
32.0
10.0
21.0
19.0
17.0
2.0
-26.0
30.0
15.0
-15.0
12.0
-12.0
-55.0
-3.0
36.0
11.0
-2.0
22.0
5.0
0.0
17.0
-9.0
18.0
6.0
-33.0
20.0
15.0
20.0
31.0
16.0
-22.0
-4.0
5.0
-3.0
5.0
18.0
4.0
-23.0
-60.0
-3.0
7.0
6.0
10.0
-2.0
2.0
-6.0
-24.0
25.0
-15.0
-23.0
-21.0
-29.0
-17.0
-28.0
-32.0
16.0
16.0
12.0
19.0
13.0
11.0
10.0
19.0
39.0
-23.0
31.0
31.0
-11.0
7.0
-3.0
-22.0
-24.0
-53.0
-40.0
-38.0
-68.0
-33.0
6.0
-22.0
-15.0
-9.0
-1.0
-23.0
-37.0
-40.0
-34.0
-42.0
-21.0
-34.0
-49.0
-63.0
-63.0
-11.0
-5.0
-3.0
11.0
-13.0
-11.0
-20.0
-64.0
1.0
29.0
6.0
2.0
3.0
16.0
-1.0
-36.0
22.0
29.0
10.0
-6.0
-25.0
-1.0
8.0
-52.0
24.0
17.0
6.0
31.0
29.0
23.0
30.0
29.0
14.0
3.0
-7.0
15.0
30.0
12.0
-36.0
-42.0
-18.0
-21.0
-23.0
2.0
-33.0
-29.0
11.0
4.0
20.0
9.0
-3.0
12.0
15.0
-27.0
-21.0
-12.0
-3.0
-3.0
1.0
-5.0
-14.0
-22.0
-40.0
2.0
0.0
15.0
3.0
11.0
-4.0
-23.0
-24.0
-32.0
-46.0
-29.0
7.0
10.0
1.0
3.0
1.0
-16.0
-34.0
20.0
8.0
-24.0
-3.0
8.0
12.0
-12.0
14.0
39.0
21.0
45.0
30.0
6.0
-20.0
-21.0
37.0
16.0
12.0
34.0
23.0
-6.0
-16.0
10.0
-1.0
7.0
18.0
41.0
-25.0
10.0
48.0
9.0
7.0
-6.0
3.0
-2.0
-44.0
-1.0
14.0
-16.0
-33.0
-40.0
2.0
25.0
-23.0
23.0
19.0
-20.0
-16.0
-2.0
-16.0
1.0
9.0
-2.0
4.0
-36.0
-33.0
-6.0
-14.0
28.0
32.0
21.0
26.0
1.0
-16.0
-21.0
41.0
44.0
28.0
39.0
21.0
-40.0
-23.0
49.0
46.0
61.0
68.0
25.0
-3.0
34.0
51.0
16.0
25.0
29.0
-17.0
6.0
2.0
1.0
33.0
9.0
-35.0
15.0
21.0
11.0
40.0
43.0
42.0
24.0
-4.0
33.0
6.0
-12.0
1.0
-9.0
-7.0
-22.0
22.0
29.0
-8.0
0.0
-3.0
-41.0
-41.0
19.0
14.0
-6.0
-22.0
-12.0
-23.0
30.0
45.0
7.0
-21.0
3.0
16.0
-34.0
16.0
17.0
-11.0
-3.0
4.0
40.0
-15.0
-5.0
34.0
-11.0
-8.0
5.0
15.0
3.0
7.0
37.0
41.0
20.0
19.0
5.0
1.0
-11.0
22.0
27.0
4.0
-4.0
5.0
-5.0
-3.0
3.0
25.0
29.0
22.0
-23.0
-40.0
-29.0
-34.0
-30.0
5.0
11.0
7.0
-14.0
-12.0
-3.0
-23.0
-17.0
16.0
7.0
13.0
6.0
17.0
24.0
-24.0
-21.0
8.0
18.0
29.0
17.0
36.0
32.0
-15.0
-31.0
6.0
6.0
21.0
20.0
21.0
6.0
-50.0
-14.0
3.0
20.0
16.0
-2.0
-11.0
-45.0
-10.0
-11.0
-25.0
-13.0
-13.0
-62.0
-3.0
4.0
-30.0
-40.0
-55.0
-57.0
-37.0
-39.0
-6.0
-36.0
-35.0
-32.0
-44.0
-61.0
-55.0
11.0
25.0
8.0
1.0
14.0
-10.0
-65.0
-58.0
-23.0
-33.0
-33.0
-12.0
-9.0
-60.0
-41.0
6.0
-4.0
7.0
1.0
1.0
8.0
-20.0
17.0
53.0
46.0
20.0
14.0
7.0
-7.0
-24.0
-1.0
21.0
20.0
42.0
22.0
-5.0
-27.0
2.0
17.0
12.0
16.0
39.0
30.0
-8.0
-23.0
8.0
17.0
1.0
-23.0
3.0
6.0
-32.0
-4.0
-13.0
-26.0
-19.0
-33.0
-17.0
-11.0
-25.0
19.0
5.0
16.0
19.0
5.0
27.0
2.0
23.0
27.0
-1.0
34.0
34.0
31.0
42.0
-16.0
16.0
27.0
18.0
21.0
29.0
-13.0
-21.0
-20.0
15.0
10.0
-6.0
-26.0
-18.0
-54.0
-11.0
-2.0
-8.0
-24.0
-16.0
-36.0
-2.0
30.0
8.0
20.0
19.0
-1.0
-6.0
-22.0
40.0
14.0
17.0
43.0
27.0
37.0
3.0
11.0
32.0
15.0
0.0
-3.0
-18.0
26.0
27.0
1.0
6.0
-10.0
-28.0
-16.0
-4.0
-3.0
-10.0
5.0
20.0
10.0
-6.0
18.0
29.0
18.0
-4.0
-11.0
-4.0
-55.0
-18.0
11.0
8.0
-12.0
-22.0
-16.0
-31.0
-3.0
6.0
-14.0
-24.0
-23.0
-45.0
-56.0
-37.0
-8.0
-20.0
-21.0
-23.0
-40.0
-77.0
-17.0
-6.0
-12.0
8.0
-6.0
-20.0
-31.0
-1.0
41.0
45.0
11.0
12.0
16.0
-24.0
12.0
21.0
-1.0
6.0
-9.0
-1.0
-2.0
-22.0
11.0
10.0
14.0
-4.0
7.0
25.0
-9.0
-48.0
0.0
-10.0
-16.0
-22.0
-2.0
25.0
-2.0
-38.0
24.0
25.0
-4.0
-7.0
-3.0
3.0
-26.0
-16.0
33.0
5.0
2.0
12.0
3.0
-29.0
2.0
10.0
15.0
12.0
27.0
-8.0
-54.0
3.0
-8.0
-32.0
-21.0
-18.0
-39.0
-42.0
-32.0
8.0
20.0
-3.0
-12.0
-16.0
-37.0
-3.0
6.0
14.0
-7.0
-5.0
2.0
-22.0
17.0
16.0
-27.0
-19.0
-33.0
-46.0
3.0
-7.0
-11.0
-15.0
-11.0
34.0
26.0
43.0
54.0
20.0
21.0
1.0
-45.0
-37.0
-34.0
10.0
-1.0
-38.0
1.0
25.0
-24.0
-24.0
3.0
-20.0
-20.0
-13.0
-2.0
-15.0
-52.0
-37.0
5.0
-7.0
-9.0
-20.0
-40.0
-87.0
-34.0
-4.0
-47.0
-42.0
-21.0
-65.0
-79.0
-13.0
-13.0
-18.0
-20.0
-19.0
16.0
-39.0
-2.0
11.0
-12.0
-4.0
-5.0
-10.0
-8.0
-40.0
2.0
-4.0
-34.0
6.0
44.0
20.0
-10.0
-5.0
8.0
-3.0
3.0
-11.0
-19.0
-32.0
5.0
6.0
-3.0
3.0
-14.0
-5.0
-16.0
-49.0
-64.0
-11.0
7.0
-4.0
-18.0
-17.0
2.0
-4.0
-31.0
-6.0
-7.0
-20.0
-31.0
-34.0
-44.0
-45.0
11.0
16.0
-11.0
-17.0
-12.0
7.0
-35.0
-20.0
41.0
-13.0
-3.0
34.0
11.0
-8.0
24.0
20.0
21.0
25.0
36.0
19.0
-30.0
-10.0
14.0
3.0
26.0
15.0
-1.0
-15.0
-2.0
-7.0
-17.0
-23.0
-27.0
-3.0
-2.0
-29.0
-29.0
-31.0
-54.0
-36.0
18.0
3.0
-30.0
15.0
13.0
-3.0
22.0
7.0
25.0
12.0
33.0
5.0
14.0
31.0
5.0
-5.0
5.0
-3.0
-9.0
-6.0
34.0
69.0
54.0
22.0
25.0
-2.0
6.0
-23.0
8.0
40.0
4.0
-10.0
-10.0
-44.0
-28.0
15.0
-6.0
0.0
-24.0
-58.0
-66.0
-82.0
-36.0
-24.0
-44.0
-16.0
-12.0
-17.0
4.0
30.0
53.0
70.0
96.0
181.0
223.0
232.0
323.0
290.0
430.0
534.0
534.0
502.0
484.0
444.0
381.0
303.0
308.0
274.0
203.0
192.0
135.0
68.0
70.0
14.0
-23.0
-1.0
-24.0
-58.0
-93.0
-76.0
-108.0
-162.0
-208.0
-212.0
-200.0
-200.0
-213.0
-202.0
-182.0
-208.0
-248.0
-221.0
-246.0
-220.0
-197.0
-221.0
-224.0
-252.0
-252.0
-280.0
-270.0
-212.0
-215.0
-235.0
-237.0
-241.0
-257.0
-265.0
-262.0
-234.0
-219.0
-228.0
-220.0
-234.0
-227.0
-211.0
-195.0
-173.0
-231.0
-229.0
-220.0
-230.0
-206.0
-219.0
-214.0
-164.0
-158.0
-175.0
-172.0
-150.0
-145.0
-162.0
-167.0
-137.0
-119.0
-118.0
-121.0
-123.0
-117.0
-111.0
-107.0
-137.0
-153.0
-142.0
-109.0
-105.0
-103.0
-115.0
-148.0
-150.0
-160.0
-183.0
-121.0
-112.0
-112.0
-137.0
-119.0
-78.0
-67.0
-44.0
-54.0
-78.0
-46.0
-59.0
-64.0
-60.0
-87.0
-73.0
-93.0
-100.0
-53.0
-67.0
-66.0
-63.0
-83.0
-65.0
-58.0
-91.0
-96.0
-61.0
-56.0
-61.0
-53.0
-74.0
-51.0
-70.0
-84.0
-89.0
-89.0
-75.0
-77.0
-69.0
-53.0
-78.0
-55.0
-46.0
-59.0
-65.0
-32.0
-34.0
-42.0
-55.0
-56.0
-31.0
-51.0
-33.0
-16.0
-43.0
1.0
27.0
12.0
7.0
12.0
27.0
12.0
10.0
15.0
-40.0
5.0
25.0
14.0
31.0
11.0
18.0
3.0
-25.0
25.0
-10.0
-36.0
1.0
3.0
-14.0
-54.0
-27.0
-8.0
1.0
1.0
27.0
19.0
-6.0
-50.0
-30.0
-17.0
-24.0
-35.0
-40.0
-26.0
1.0
8.0
-24.0
-37.0
-63.0
-1.0
25.0
1.0
1.0
4.0
-8.0
-16.0
-27.0
-33.0
22.0
26.0
-22.0
-38.0
-44.0
1.0
17.0
-2.0
-26.0
-36.0
-1.0
-11.0
14.0
40.0
49.0
30.0
24.0
8.0
-21.0
17.0
54.0
29.0
7.0
-16.0
-27.0
-64.0
-7.0
19.0
-11.0
4.0
21.0
6.0
10.0
-12.0
-38.0
-22.0
-31.0
-26.0
-40.0
-41.0
-42.0
-69.0
-64.0
-30.0
-26.0
-30.0
-15.0
-23.0
-12.0
3.0
-15.0
3.0
-38.0
-64.0
-16.0
3.0
18.0
-15.0
-50.0
-43.0
-49.0
-43.0
-7.0
-21.0
-8.0
-16.0
-8.0
27.0
5.0
-13.0
-13.0
23.0
32.0
6.0
-42.0
-29.0
-27.0
-11.0
-3.0
-34.0
-35.0
-32.0
-40.0
-19.0
-25.0
-17.0
-30.0
-60.0
-51.0
-40.0
-21.0
-10.0
-7.0
13.0
-39.0
-35.0
14.0
1.0
-31.0
-7.0
22.0
4.0
-29.0
13.0
20.0
22.0
12.0
9.0
27.0
-18.0
-5.0
-20.0
3.0
8.0
-3.0
22.0
-12.0
-5.0
8.0
-40.0
-48.0
-76.0
-80.0
-61.0
-72.0
-76.0
-60.0
-17.0
-31.0
-54.0
-34.0
-7.0
22.0
35.0
-15.0
-1.0
32.0
-16.0
-49.0
-42.0
-58.0
-59.0
2.0
-30.0
14.0
8.0
-9.0
25.0
25.0
27.0
14.0
21.0
-1.0
8.0
32.0
13.0
-24.0
-17.0
-35.0
-64.0
-21.0
-16.0
-14.0
-37.0
-50.0
-27.0
-31.0
-21.0
-7.0
-26.0
-17.0
-23.0
-37.0
-17.0
8.0
-8.0
-20.0
-17.0
-24.0
-33.0
-48.0
-67.0
-49.0
-13.0
-5.0
-27.0
-18.0
-11.0
-43.0
15.0
6.0
-26.0
-3.0
-24.0
-37.0
-33.0
14.0
20.0
-4.0
-2.0
21.0
-1.0
-15.0
-24.0
-6.0
-34.0
-15.0
-37.0
-34.0
-24.0
-30.0
-79.0
-78.0
-41.0
-58.0
-73.0
-32.0
-49.0
-72.0
-98.0
-79.0
-71.0
-98.0
-117.0
-76.0
-62.0
-74.0
-81.0
-47.0
-21.0
-25.0
3.0
18.0
-6.0
-7.0
-15.0
-5.0
-26.0
-49.0
-64.0
-25.0
-37.0
-26.0
-24.0
-33.0
10.0
9.0
3.0
20.0
-13.0
-44.0
-47.0
-28.0
-7.0
-20.0
-49.0
-48.0
-45.0
-33.0
-51.0
-37.0
10.0
-9.0
-35.0
-31.0
-29.0
-42.0
-65.0
-41.0
-16.0
-50.0
-56.0
-35.0
-15.0
-31.0
-78.0
-16.0
-1.0
4.0
10.0
5.0
5.0
-57.0
22.0
35.0
15.0
14.0
5.0
-20.0
-29.0
-6.0
21.0
-22.0
-40.0
-14.0
-17.0
-13.0
-54.0
-32.0
-44.0
-70.0
-49.0
-64.0
-63.0
-39.0
-33.0
-38.0
-26.0
-35.0
-38.0
-44.0
-42.0
-26.0
-45.0
-27.0
12.0
-5.0
-13.0
6.0
5.0
34.0
3.0
-6.0
7.0
-17.0
13.0
30.0
-27.0
6.0
32.0
7.0
12.0
4.0
-2.0
41.0
26.0
21.0
26.0
17.0
43.0
8.0
8.0
-15.0
-7.0
76.0
29.0
-2.0
5.0
-29.0
-19.0
8.0
7.0
5.0
-32.0
-10.0
-20.0
-34.0
-19.0
-55.0
-37.0
5.0
30.0
15.0
-4.0
-49.0
9.0
1.0
-25.0
-27.0
-21.0
4.0
6.0
-1.0
-30.0
5.0
6.0
10.0
0.0
15.0
11.0
-3.0
-37.0
-34.0
-9.0
18.0
17.0
12.0
18.0
22.0
18.0
-10.0
-12.0
8.0
-30.0
1.0
17.0
-30.0
-46.0
-19.0
-4.0
5.0
5.0
-4.0
-33.0
-40.0
-27.0
-47.0
-25.0
-10.0
-33.0
-39.0
8.0
32.0
28.0
-45.0
-21.0
13.0
-12.0
-37.0
-3.0
-1.0
5.0
-35.0
-28.0
19.0
1.0
-3.0
26.0
-25.0
-42.0
-55.0
-53.0
-16.0
-35.0
-34.0
-22.0
-34.0
-15.0
-45.0
45.0
50.0
13.0
37.0
17.0
-10.0
-41.0
-55.0
21.0
40.0
-6.0
-7.0
1.0
-43.0
14.0
72.0
12.0
16.0
2.0
-16.0
10.0
-16.0
-13.0
2.0
15.0
11.0
-33.0
-20.0
-4.0
6.0
-5.0
-27.0
-31.0
-18.0
-22.0
-35.0
-13.0
-15.0
-7.0
-68.0
-40.0
-13.0
-24.0
-35.0
-30.0
-18.0
-14.0
-44.0
-22.0
-15.0
-49.0
-25.0
-21.0
-62.0
-42.0
-51.0
-49.0
-17.0
-34.0
-34.0
3.0
-24.0
-8.0
17.0
17.0
10.0
13.0
26.0
16.0
5.0
8.0
-18.0
3.0
38.0
25.0
18.0
30.0
24.0
-8.0
-39.0
-15.0
-3.0
8.0
27.0
20.0
-21.0
-18.0
-20.0
-70.0
-35.0
-30.0
-30.0
-41.0
-31.0
-17.0
-67.0
-42.0
-3.0
-39.0
-60.0
-29.0
-52.0
-53.0
-73.0
-64.0
-7.0
-25.0
-36.0
-11.0
-13.0
-32.0
39.0
43.0
22.0
14.0
13.0
6.0
-33.0
45.0
55.0
8.0
6.0
20.0
17.0
17.0
7.0
50.0
56.0
41.0
27.0
12.0
-36.0
-30.0
29.0
27.0
-3.0
-14.0
-10.0
-14.0
-45.0
33.0
33.0
-5.0
-6.0
-17.0
-28.0
-39.0
5.0
22.0
15.0
37.0
35.0
36.0
19.0
34.0
33.0
31.0
19.0
20.0
16.0
-35.0
-58.0
-13.0
2.0
7.0
1.0
6.0
6.0
-8.0
26.0
-18.0
-34.0
-7.0
-35.0
-30.0
-11.0
-23.0
4.0
1.0
-20.0
10.0
25.0
6.0
4.0
8.0
-3.0
-14.0
-4.0
-16.0
-30.0
-16.0
13.0
9.0
-10.0
-18.0
4.0
42.0
14.0
-7.0
-7.0
-50.0
-41.0
11.0
2.0
-11.0
-36.0
-11.0
-2.0
-11.0
-28.0
-33.0
-10.0
11.0
-2.0
-1.0
20.0
-30.0
11.0
26.0
14.0
34.0
6.0
-6.0
-7.0
-41.0
-17.0
-14.0
-13.0
8.0
-1.0
4.0
-20.0
-47.0
14.0
-7.0
-16.0
17.0
-7.0
4.0
-25.0
-26.0
-18.0
-17.0
-22.0
21.0
21.0
-21.0
-5.0
18.0
18.0
4.0
18.0
47.0
17.0
59.0
129.0
184.0
223.0
273.0
275.0
322.0
404.0
370.0
373.0
337.0
327.0
248.0
227.0
252.0
199.0
187.0
152.0
88.0
84.0
35.0
-9.0
-4.0
4.0
-18.0
-34.0
-34.0
-56.0
-65.0
-70.0
-105.0
-86.0
-99.0
-124.0
-131.0
-134.0
-149.0
-157.0
-203.0
-196.0
-128.0
-138.0
-142.0
-120.0
-137.0
-129.0
-134.0
-87.0
-74.0
-105.0
-89.0
-49.0
-49.0
-90.0
-144.0
-101.0
-68.0
-74.0
-72.0
-46.0
-38.0
-52.0
-69.0
-80.0
-40.0
-62.0
-76.0
-35.0
-36.0
-44.0
-32.0
-99.0
-99.0
-36.0
-39.0
-24.0
-46.0
-54.0
-67.0
-69.0
-76.0
-81.0
-54.0
-50.0
-60.0
-46.0
-61.0
-67.0
-51.0
-39.0
-60.0
-70.0
-41.0
-54.0
-50.0
-67.0
-45.0
-27.0
-59.0
-57.0
-49.0
-81.0
-27.0
-44.0
-47.0
-56.0
-87.0
-55.0
-27.0
-31.0
-64.0
-59.0
-51.0
-26.0
-40.0
-37.0
-37.0
-41.0
-49.0
-89.0
-50.0
-44.0
-69.0
-61.0
-59.0
-70.0
-13.0
2.0
-19.0
-11.0
-20.0
-31.0
-56.0
-4.0
-5.0
-61.0
-30.0
-25.0
-22.0
-43.0
-59.0
-42.0
-37.0
-17.0
-34.0
-17.0
-35.0
-35.0
-12.0
-39.0
-45.0
-25.0
-6.0
-16.0
-21.0
12.0
5.0
8.0
11.0
-12.0
-25.0
-36.0
-29.0
-14.0
2.0
-1.0
-30.0
-25.0
-26.0
-46.0
-51.0
-61.0
-16.0
-27.0
-41.0
-27.0
-42.0
-41.0
-25.0
-14.0
-59.0
-68.0
-42.0
-34.0
-40.0
-20.0
-1.0
-22.0
-14.0
-30.0
-16.0
-15.0
-9.0
4.0
-15.0
-34.0
5.0
-4.0
-8.0
-18.0
7.0
8.0
-6.0
-42.0
-35.0
-14.0
-16.0
-22.0
-23.0
-33.0
-52.0
-17.0
-17.0
-7.0
-13.0
-25.0
-42.0
-27.0
17.0
-20.0
-35.0
-14.0
1.0
-8.0
4.0
-42.0
-17.0
-29.0
13.0
28.0
-20.0
-50.0
-32.0
-40.0
-10.0
17.0
-5.0
-12.0
-37.0
-54.0
4.0
-15.0
-7.0
15.0
-31.0
-2.0
23.0
-46.0
0.0
23.0
-25.0
-20.0
-29.0
-7.0
19.0
-35.0
11.0
4.0
-25.0
-1.0
17.0
-10.0
-14.0
-34.0
14.0
18.0
19.0
29.0
16.0
17.0
25.0
13.0
-2.0
26.0
30.0
24.0
6.0
15.0
24.0
-10.0
7.0
42.0
22.0
8.0
-16.0
-9.0
-11.0
-39.0
-13.0
-16.0
-56.0
-20.0
-33.0
-31.0
-11.0
-10.0
10.0
-6.0
-45.0
20.0
43.0
27.0
-10.0
-31.0
-18.0
-18.0
-25.0
-33.0
-8.0
-9.0
-4.0
-31.0
-4.0
-2.0
-24.0
-3.0
-19.0
-48.0
3.0
8.0
-14.0
-41.0
-43.0
-36.0
-41.0
-42.0
-30.0
-37.0
-35.0
-62.0
-56.0
-42.0
-21.0
-2.0
-1.0
-39.0
-45.0
-59.0
-74.0
2.0
-4.0
-24.0
1.0
-34.0
-26.0
0.0
1.0
-8.0
-39.0
-19.0
-18.0
-30.0
-13.0
-25.0
-49.0
-39.0
-32.0
-48.0
-44.0
-48.0
-67.0
-56.0
-26.0
-8.0
-18.0
-11.0
7.0
-21.0
-49.0
-52.0
-9.0
-11.0
-20.0
-22.0
-33.0
-67.0
-25.0
-23.0
-75.0
-31.0
-21.0
-30.0
1.0
-22.0
-7.0
32.0
-4.0
-15.0
-25.0
34.0
52.0
37.0
36.0
9.0
-18.0
11.0
17.0
41.0
45.0
-10.0
31.0
45.0
33.0
49.0
21.0
13.0
36.0
27.0
38.0
43.0
16.0
51.0
33.0
2.0
15.0
2.0
-10.0
-10.0
-17.0
20.0
20.0
6.0
22.0
26.0
-17.0
-56.0
-23.0
38.0
24.0
14.0
26.0
15.0
0.0
-2.0
-6.0
-24.0
-14.0
0.0
8.0
10.0
5.0
-4.0
3.0
4.0
2.0
-9.0
-22.0
-48.0
-57.0
-71.0
-54.0
-30.0
-42.0
-18.0
-5.0
-34.0
-37.0
-43.0
-25.0
-6.0
-23.0
-1.0
11.0
7.0
34.0
2.0
-34.0
-29.0
-43.0
-49.0
-30.0
-24.0
4.0
0.0
-7.0
6.0
-51.0
-82.0
-58.0
-65.0
-32.0
-12.0
-27.0
-23.0
-39.0
-27.0
-6.0
-33.0
-67.0
-60.0
-26.0
-4.0
-5.0
6.0
4.0
-14.0
-13.0
3.0
10.0
5.0
12.0
20.0
4.0
2.0
39.0
52.0
51.0
62.0
3.0
1.0
18.0
2.0
-8.0
0.0
8.0
38.0
32.0
16.0
-2.0
25.0
22.0
-4.0
-11.0
35.0
-3.0
-19.0
-27.0
6.0
61.0
71.0
63.0
72.0
18.0
16.0
41.0
-9.0
-14.0
16.0
14.0
13.0
19.0
29.0
15.0
-3.0
54.0
25.0
5.0
13.0
-20.0
-23.0
21.0
-20.0
-27.0
17.0
4.0
-24.0
-64.0
-45.0
-27.0
-26.0
-12.0
-34.0
-23.0
-4.0
-15.0
2.0
19.0
3.0
13.0
-4.0
-43.0
1.0
-13.0
-20.0
8.0
20.0
20.0
7.0
-8.0
4.0
10.0
18.0
0.0
-18.0
16.0
39.0
1.0
-1.0
30.0
17.0
18.0
19.0
-21.0
-39.0
-24.0
-1.0
-25.0
-18.0
-45.0
-48.0
-11.0
-17.0
-74.0
-58.0
-71.0
-81.0
-80.0
-43.0
-20.0
-35.0
-33.0
-8.0
-19.0
-23.0
-3.0
-16.0
-10.0
-28.0
-50.0
-60.0
-68.0
-61.0
4.0
-11.0
-30.0
-40.0
-49.0
-49.0
-48.0
-23.0
-11.0
-31.0
-7.0
-17.0
-15.0
-10.0
-8.0
-18.0
-12.0
-34.0
-52.0
-14.0
-15.0
-3.0
-6.0
-28.0
-25.0
5.0
8.0
20.0
1.0
5.0
-10.0
-33.0
-38.0
-23.0
1.0
6.0
9.0
18.0
-15.0
-18.0
-40.0
0.0
34.0
5.0
-23.0
16.0
20.0
13.0
-12.0
21.0
30.0
7.0
33.0
31.0
-12.0
-55.0
-6.0
-18.0
-7.0
-13.0
-11.0
-22.0
14.0
26.0
-2.0
0.0
10.0
-23.0
0.0
32.0
-26.0
-1.0
24.0
-7.0
-11.0
11.0
-10.0
-16.0
30.0
-2.0
-15.0
-24.0
-23.0
-20.0
-40.0
-22.0
-8.0
-11.0
-33.0
-34.0
-39.0
-6.0
2.0
-21.0
-31.0
-32.0
-12.0
-38.0
-54.0
-36.0
-27.0
1.0
-21.0
-14.0
-29.0
-61.0
-34.0
-24.0
-53.0
-14.0
-21.0
-49.0
-18.0
-14.0
-32.0
-29.0
-8.0
-9.0
20.0
18.0
7.0
-23.0
-13.0
-67.0
-20.0
0.0
-29.0
-44.0
-38.0
-24.0
-30.0
-33.0
5.0
1.0
-26.0
-20.0
-11.0
-59.0
-14.0
12.0
-18.0
-44.0
-49.0
-18.0
1.0
-41.0
5.0
-20.0
-55.0
-14.0
-35.0
-25.0
-8.0
-31.0
-16.0
-41.0
-5.0
20.0
7.0
18.0
30.0
-35.0
10.0
-16.0
-26.0
-1.0
-5.0
-34.0
-65.0
-11.0
25.0
12.0
-34.0
-23.0
-18.0
-12.0
12.0
0.0
30.0
31.0
-27.0
-40.0
-12.0
2.0
-23.0
-11.0
3.0
21.0
25.0
9.0
-13.0
6.0
34.0
4.0
8.0
57.0
32.0
18.0
-4.0
-10.0
25.0
-7.0
-10.0
13.0
-11.0
-26.0
-42.0
-25.0
-56.0
-20.0
10.0
-28.0
-32.0
-3.0
-20.0
-39.0
-10.0
-2.0
-6.0
14.0
4.0
-19.0
-20.0
55.0
30.0
5.0
12.0
-26.0
-54.0
-3.0
-17.0
-22.0
-29.0
-61.0
-53.0
9.0
-35.0
-31.0
-33.0
-48.0
-50.0
-64.0
-60.0
-10.0
-11.0
-16.0
-58.0
-57.0
-45.0
-40.0
-13.0
-13.0
-35.0
-30.0
-58.0
-23.0
-7.0
-1.0
35.0
16.0
1.0
1.0
-16.0
3.0
-12.0
-12.0
4.0
-12.0
-31.0
21.0
33.0
-5.0
6.0
34.0
52.0
-1.0
16.0
44.0
20.0
7.0
10.0
12.0
39.0
-16.0
-12.0
37.0
22.0
8.0
18.0
7.0
-1.0
-9.0
-20.0
31.0
40.0
29.0
4.0
18.0
15.0
-35.0
-30.0
9.0
12.0
-18.0
-49.0
-49.0
-36.0
-58.0
-69.0
-29.0
-8.0
-8.0
-12.0
-13.0
1.0
-26.0
-4.0
24.0
17.0
23.0
16.0
13.0
12.0
-5.0
30.0
38.0
16.0
18.0
21.0
15.0
5.0
35.0
32.0
4.0
2.0
27.0
4.0
-8.0
22.0
-8.0
-32.0
3.0
8.0
23.0
-15.0
-36.0
17.0
36.0
19.0
4.0
-8.0
-24.0
-23.0
-44.0
7.0
44.0
3.0
-12.0
-24.0
-11.0
-16.0
-51.0
-12.0
-37.0
-59.0
-25.0
-26.0
-37.0
-50.0
-65.0
-26.0
-26.0
-21.0
-8.0
-29.0
-8.0
-5.0
-46.0
-5.0
-10.0
-6.0
-5.0
-12.0
-23.0
-31.0
-28.0
-29.0
-20.0
-4.0
-2.0
-11.0
-34.0
2.0
17.0
-7.0
-36.0
-14.0
19.0
-6.0
-13.0
22.0
1.0
31.0
12.0
5.0
35.0
4.0
-14.0
10.0
-1.0
-7.0
22.0
-4.0
-32.0
-11.0
34.0
37.0
-6.0
-4.0
14.0
50.0
73.0
15.0
5.0
13.0
5.0
12.0
-9.0
-29.0
14.0
-8.0
-17.0
23.0
-8.0
-11.0
10.0
17.0
5.0
-23.0
-2.0
-2.0
10.0
25.0
-23.0
-12.0
-20.0
18.0
21.0
1.0
-6.0
4.0
3.0
-4.0
-5.0
-18.0
5.0
32.0
1.0
-10.0
-1.0
-4.0
-1.0
-15.0
25.0
37.0
5.0
24.0
16.0
6.0
14.0
-16.0
16.0
14.0
15.0
46.0
6.0
-61.0
-7.0
-14.0
-8.0
13.0
-11.0
-26.0
-33.0
6.0
3.0
2.0
12.0
11.0
-9.0
50.0
45.0
31.0
35.0
-12.0
-51.0
-2.0
39.0
26.0
2.0
-5.0
-4.0
3.0
-22.0
34.0
25.0
16.0
32.0
5.0
-28.0
-60.0
-3.0
23.0
9.0
2.0
-8.0
-17.0
10.0
30.0
4.0
-3.0
-21.0
-11.0
7.0
-27.0
7.0
20.0
-6.0
7.0
-2.0
-30.0
20.0
30.0
21.0
24.0
5.0
24.0
-4.0
-56.0
17.0
-3.0
-24.0
-31.0
-22.0
-2.0
-31.0
-26.0
21.0
-8.0
-7.0
22.0
37.0
24.0
-18.0
-21.0
-44.0
6.0
18.0
-20.0
-24.0
-20.0
-31.0
-6.0
-14.0
-43.0
-22.0
11.0
-8.0
-3.0
-14.0
-4.0
-22.0
-21.0
14.0
4.0
18.0
32.0
27.0
47.0
22.0
50.0
31.0
8.0
3.0
12.0
-10.0
-40.0
-9.0
2.0
27.0
25.0
2.0
22.0
7.0
2.0
50.0
36.0
33.0
37.0
34.0
27.0
40.0
62.0
71.0
110.0
152.0
181.0
199.0
268.0
320.0
400.0
388.0
376.0
367.0
350.0
375.0
333.0
251.0
223.0
206.0
169.0
132.0
125.0
130.0
98.0
37.0
31.0
36.0
5.0
-26.0
-30.0
-91.0
-102.0
-117.0
-112.0
-147.0
-185.0
-174.0
-152.0
-207.0
-204.0
-137.0
-186.0
-269.0
-167.0
-162.0
-222.0
-201.0
-190.0
-199.0
-209.0
-187.0
-191.0
-166.0
-164.0
-169.0
-167.0
-167.0
-167.0
-164.0
-173.0
-164.0
-130.0
-125.0
-148.0
-140.0
-135.0
-161.0
-108.0
-89.0
-88.0
-100.0
-91.0
-109.0
-69.0
-61.0
-93.0
-43.0
-44.0
-106.0
-113.0
-94.0
-79.0
-61.0
-90.0
-62.0
-62.0
-95.0
-89.0
-45.0
-33.0
-83.0
-42.0
-21.0
-48.0
-46.0
-24.0
-46.0
-35.0
-60.0
-42.0
-4.0
-43.0
-57.0
-8.0
-11.0
-21.0
-68.0
-33.0
-17.0
-39.0
13.0
6.0
-21.0
-34.0
-2.0
-1.0
3.0
-3.0
-1.0
16.0
-31.0
-44.0
-18.0
-52.0
-43.0
-44.0
-21.0
-34.0
-21.0
27.0
-12.0
-56.0
-2.0
-5.0
-27.0
-49.0
-39.0
17.0
-10.0
-6.0
21.0
-15.0
-43.0
-33.0
-62.0
-29.0
-26.0
-37.0
-8.0
-31.0
-23.0
-10.0
-41.0
-37.0
-10.0
0.0
1.0
-29.0
-47.0
-37.0
-50.0
-23.0
-31.0
-23.0
-25.0
-46.0
-55.0
-38.0
-46.0
-43.0
-29.0
-1.0
-21.0
-35.0
-49.0
-39.0
-22.0
-33.0
-39.0
-40.0
-45.0
-21.0
-49.0
-62.0
-98.0
-44.0
-348.0
-139.0
60.0
-162.0
-272.0
-152.0
333.0
241.0
16.0
-143.0
-64.0
-222.0
6.0
244.0
71.0
-65.0
-10.0
23.0
-10.0
-81.0
5.0
-3.0
-14.0
-162.0
-164.0
-14.0
-79.0
151.0
216.0
19.0
-43.0
14.0
77.0
-60.0
-249.0
-215.0
184.0
363.0
127.0
62.0
-31.0
-55.0
55.0
92.0
83.0
77.0
-87.0
53.0
147.0
45.0
-3.0
51.0
100.0
90.0
114.0
97.0
-84.0
-103.0
81.0
234.0
195.0
99.0
-46.0
3.0
-20.0
-24.0
107.0
-259.0
-37.0
114.0
175.0
117.0
133.0
-31.0
48.0
-228.0
-164.0
188.0
-361.0
115.0
800.0
403.0
-168.0
73.0
59.0
479.0
185.0
-68.0
-122.0
-201.0
-15.0
-37.0
-301.0
61.0
432.0
244.0
-27.0
-190.0
-12.0
48.0
158.0
7.0
96.0
-95.0
125.0
-79.0
105.0
393.0
269.0
18.0
-13.0
154.0
339.0
249.0
-39.0
297.0
303.0
211.0
210.0
191.0
171.0
-23.0
373.0
268.0
252.0
174.0
188.0
101.0
45.0
309.0
314.0
238.0
295.0
121.0
-10.0
275.0
146.0
82.0
235.0
218.0
305.0
54.0
17.0
420.0
117.0
197.0
208.0
110.0
133.0
201.0
168.0
168.0
93.0
20.0
287.0
295.0
52.0
128.0
270.0
167.0
80.0
197.0
191.0
277.0
100.0
124.0
289.0
40.0
-1.0
271.0
304.0
98.0
121.0
114.0
-45.0
340.0
232.0
145.0
144.0
118.0
8.0
-1.0
275.0
154.0
116.0
55.0
109.0
237.0
82.0
87.0
-28.0
108.0
200.0
209.0
58.0
123.0
157.0
-19.0
154.0
150.0
128.0
87.0
106.0
100.0
95.0
43.0
86.0
163.0
107.0
60.0
6.0
31.0
120.0
99.0
20.0
100.0
61.0
-4.0
7.0
34.0
89.0
55.0
180.0
187.0
85.0
44.0
87.0
28.0
19.0
133.0
106.0
90.0
-1.0
74.0
78.0
-11.0
31.0
71.0
57.0
58.0
17.0
96.0
91.0
69.0
78.0
68.0
36.0
37.0
80.0
80.0
71.0
36.0
62.0
62.0
44.0
47.0
53.0
73.0
102.0
90.0
68.0
7.0
-7.0
75.0
84.0
72.0
84.0
25.0
62.0
64.0
30.0
58.0
38.0
37.0
43.0
12.0
18.0
57.0
24.0
34.0
62.0
13.0
-1.0
17.0
23.0
21.0
-9.0
7.0
1.0
8.0
35.0
-2.0
-6.0
-12.0
-20.0
-8.0
-2.0
4.0
16.0
-1.0
-23.0
13.0
17.0
24.0
7.0
10.0
20.0
-13.0
-46.0
4.0
-15.0
-24.0
-14.0
-33.0
-32.0
-29.0
-25.0
-35.0
-58.0
-25.0
-21.0
-39.0
-42.0
-22.0
22.0
21.0
-14.0
-23.0
-28.0
-39.0
-7.0
-23.0
-42.0
-4.0
-5.0
-33.0
-41.0
-35.0
-16.0
-22.0
-16.0
31.0
11.0
-15.0
-63.0
-7.0
16.0
-22.0
9.0
13.0
-24.0
18.0
27.0
14.0
5.0
12.0
23.0
42.0
41.0
48.0
42.0
16.0
24.0
24.0
8.0
-7.0
25.0
4.0
-14.0
-11.0
27.0
5.0
19.0
36.0
-33.0
-25.0
-9.0
-16.0
-22.0
-34.0
-15.0
-36.0
15.0
19.0
11.0
8.0
-4.0
-48.0
-58.0
-33.0
-58.0
-11.0
-5.0
-17.0
-9.0
-14.0
-10.0
-64.0
-87.0
-60.0
-36.0
-8.0
-9.0
-25.0
-10.0
1.0
-61.0
-36.0
-11.0
4.0
-15.0
-37.0
-43.0
-29.0
-32.0
-59.0
-34.0
3.0
-12.0
-20.0
-2.0
-5.0
-35.0
-25.0
-38.0
-30.0
37.0
25.0
19.0
30.0
14.0
-27.0
-40.0
-9.0
16.0
-23.0
-15.0
-15.0
-27.0
-33.0
-21.0
-49.0
-27.0
-25.0
-34.0
-17.0
-11.0
-23.0
-41.0
-53.0
-3.0
-18.0
-16.0
-34.0
-4.0
11.0
-1.0
3.0
-6.0
-61.0
10.0
21.0
-16.0
-22.0
-30.0
6.0
1.0
-39.0
-41.0
-1.0
27.0
35.0
-4.0
9.0
18.0
6.0
17.0
2.0
-30.0
-31.0
8.0
17.0
24.0
15.0
16.0
-6.0
-43.0
-17.0
15.0
13.0
-2.0
-35.0
-30.0
-28.0
-29.0
-5.0
-35.0
15.0
21.0
5.0
17.0
26.0
-17.0
-35.0
-23.0
-8.0
6.0
-3.0
33.0
22.0
-29.0
51.0
91.0
63.0
33.0
15.0
16.0
12.0
-44.0
2.0
15.0
-12.0
-1.0
-7.0
-5.0
10.0
-48.0
-23.0
21.0
20.0
37.0
41.0
55.0
18.0
-26.0
5.0
-11.0
-31.0
-18.0
-9.0
7.0
7.0
-13.0
-22.0
-30.0
-45.0
-15.0
8.0
25.0
-4.0
-7.0
37.0
20.0
-4.0
-16.0
9.0
24.0
37.0
43.0
28.0
-25.0
-18.0
22.0
-7.0
28.0
25.0
-5.0
-5.0
-15.0
-21.0
-19.0
-11.0
16.0
34.0
15.0
-3.0
-4.0
31.0
46.0
30.0
8.0
11.0
-6.0
17.0
15.0
18.0
11.0
-4.0
13.0
-16.0
22.0
25.0
15.0
-7.0
-42.0
-43.0
-10.0
-23.0
-27.0
21.0
3.0
5.0
-17.0
-27.0
-4.0
-20.0
-39.0
6.0
15.0
33.0
44.0
-3.0
-23.0
-26.0
-26.0
8.0
30.0
28.0
18.0
-16.0
-10.0
5.0
8.0
20.0
-31.0
1.0
5.0
-12.0
33.0
27.0
37.0
53.0
3.0
18.0
58.0
74.0
73.0
49.0
4.0
8.0
6.0
-23.0
27.0
-1.0
-18.0
-25.0
-15.0
27.0
10.0
-23.0
-27.0
5.0
-3.0
-2.0
7.0
23.0
21.0
-6.0
-6.0
-20.0
6.0
75.0
90.0
154.0
219.0
312.0
403.0
494.0
564.0
560.0
525.0
557.0
560.0
516.0
482.0
403.0
335.0
262.0
193.0
122.0
79.0
32.0
-27.0
-81.0
-144.0
-161.0
-181.0
-202.0
-232.0
-291.0
-235.0
-279.0
-312.0
-332.0
-326.0
-327.0
-343.0
-339.0
-364.0
-425.0
-351.0
-333.0
-344.0
-326.0
-345.0
-334.0
-329.0
-356.0
-330.0
-335.0
-347.0
-299.0
-301.0
-303.0
-259.0
-237.0
-223.0
-237.0
-260.0
-248.0
-269.0
-206.0
-192.0
-247.0
-214.0
-205.0
-236.0
-202.0
-195.0
-239.0
-162.0
-142.0
-151.0
-154.0
-171.0
-144.0
-130.0
-153.0
-132.0
-182.0
-164.0
-110.0
-128.0
-107.0
-100.0
-103.0
-111.0
-149.0
-142.0
-67.0
-88.0
-98.0
-120.0
-126.0
-85.0
-80.0
-100.0
-122.0
-90.0
-87.0
-103.0
-98.0
-101.0
-100.0
-75.0
-72.0
-93.0
-105.0
-93.0
-58.0
-61.0
-92.0
-84.0
-82.0
-80.0
-61.0
-75.0
-122.0
-64.0
-43.0
-55.0
-67.0
-61.0
-78.0
-77.0
-54.0
-27.0
-52.0
-73.0
-81.0
-59.0
-62.0
-85.0
-67.0
-31.0
-59.0
-53.0
-44.0
-59.0
-69.0
-25.0
-20.0
-14.0
-60.0
-65.0
-62.0
-72.0
-50.0
-67.0
-98.0
-96.0
-70.0
-64.0
-82.0
-106.0
-75.0
-50.0
-67.0
-64.0
-93.0
-88.0
-75.0
-52.0
-32.0
-47.0
-59.0
-50.0
-51.0
-67.0
-73.0
-88.0
-125.0
-106.0
-99.0
-90.0
-98.0
-55.0
-41.0
-59.0
-70.0
-67.0
-26.0
-23.0
-51.0
-18.0
-11.0
-14.0
-14.0
-20.0
-82.0
-58.0
-33.0
-32.0
-31.0
-27.0
4.0
-16.0
-35.0
-50.0
-50.0
-8.0
-31.0
-59.0
-39.0
-21.0
-11.0
-5.0
-41.0
-90.0
-45.0
-33.0
-21.0
-32.0
-34.0
-32.0
-29.0
-59.0
-36.0
-50.0
-35.0
-51.0
-36.0
-16.0
-2.0
-11.0
-50.0
-88.0
-62.0
-34.0
-1.0
-23.0
-59.0
-52.0
-63.0
-71.0
-68.0
-125.0
-86.0
-31.0
-13.0
4.0
-16.0
-63.0
-69.0
-87.0
-84.0
-70.0
-103.0
-69.0
-52.0
-54.0
-21.0
-27.0
-20.0
-6.0
-42.0
-69.0
-78.0
-53.0
-35.0
-42.0
-21.0
-13.0
-27.0
-12.0
-44.0
-25.0
-22.0
-43.0
-25.0
-18.0
-55.0
-43.0
-27.0
-44.0
-20.0
-15.0
-34.0
-36.0
-40.0
-36.0
-48.0
-47.0
-46.0
-69.0
-27.0
-22.0
-32.0
-22.0
-18.0
-15.0
-10.0
-59.0
-41.0
-16.0
-51.0
-71.0
-52.0
-26.0
-30.0
-62.0
-61.0
-95.0
-53.0
-13.0
-25.0
-46.0
-50.0
-41.0
-54.0
-67.0
-85.0
-72.0
-43.0
-67.0
-65.0
-77.0
-60.0
-5.0
-8.0
-5.0
-33.0
-59.0
3.0
-17.0
-46.0
-26.0
-35.0
-33.0
-34.0
-58.0
-15.0
9.0
-37.0
-31.0
-46.0
-52.0
-47.0
-50.0
-88.0
-95.0
-62.0
-65.0
-54.0
-15.0
-35.0
-52.0
-37.0
7.0
3.0
-23.0
-52.0
0.0
-31.0
-45.0
-24.0
-50.0
-53.0
-16.0
-54.0
-53.0
-4.0
-3.0
-25.0
-29.0
-30.0
-15.0
-7.0
-5.0
-45.0
-24.0
4.0
-38.0
-6.0
4.0
-23.0
-21.0
-20.0
-48.0
-35.0
14.0
5.0
-8.0
-23.0
-25.0
-5.0
-50.0
-28.0
-25.0
-37.0
-26.0
-30.0
-4.0
-15.0
-4.0
-46.0
-80.0
-64.0
-67.0
-68.0
-45.0
-39.0
-78.0
-76.0
-90.0
-58.0
-38.0
-30.0
-31.0
-55.0
-54.0
-41.0
-67.0
-28.0
5.0
-35.0
-23.0
-2.0
-18.0
-26.0
-11.0
-56.0
-31.0
-24.0
-37.0
-23.0
-23.0
-39.0
-20.0
-5.0
-35.0
-63.0
7.0
20.0
9.0
10.0
-33.0
-64.0
-12.0
-10.0
-7.0
26.0
22.0
36.0
6.0
3.0
54.0
32.0
24.0
26.0
29.0
53.0
20.0
41.0
40.0
2.0
6.0
34.0
8.0
-17.0
-26.0
-21.0
12.0
-10.0
-16.0
5.0
-3.0
-17.0
-24.0
-51.0
-10.0
7.0
-49.0
-61.0
-54.0
-69.0
-54.0
-17.0
-27.0
-53.0
-34.0
-9.0
-29.0
-29.0
-19.0
-9.0
-24.0
-29.0
-21.0
-30.0
-56.0
-49.0
-20.0
-17.0
-44.0
3.0
20.0
1.0
5.0
7.0
22.0
14.0
10.0
-10.0
-29.0
-8.0
-20.0
1.0
-3.0
-9.0
-13.0
-17.0
-5.0
-16.0
5.0
33.0
-7.0
-14.0
-15.0
-27.0
-53.0
-79.0
-65.0
-11.0
-24.0
-30.0
-32.0
-37.0
-32.0
-44.0
-45.0
-58.0
-41.0
-8.0
-11.0
-27.0
-9.0
-30.0
-56.0
-77.0
-49.0
15.0
-17.0
-28.0
-35.0
-39.0
-54.0
-29.0
13.0
29.0
5.0
-22.0
-4.0
4.0
-13.0
-46.0
-18.0
-8.0
-30.0
-40.0
-3.0
25.0
-4.0
-18.0
3.0
22.0
37.0
10.0
-6.0
13.0
-31.0
8.0
19.0
4.0
11.0
6.0
1.0
0.0
-22.0
-17.0
-38.0
4.0
27.0
22.0
29.0
8.0
15.0
48.0
53.0
10.0
-46.0
-42.0
0.0
-3.0
-13.0
14.0
13.0
-2.0
-8.0
-22.0
4.0
-9.0
2.0
-25.0
-15.0
10.0
4.0
-9.0
6.0
6.0
-4.0
-2.0
-5.0
-26.0
-41.0
-67.0
-19.0
-15.0
-44.0
-25.0
-46.0
-32.0
-19.0
-60.0
-71.0
-39.0
-42.0
-39.0
-24.0
-52.0
-40.0
-53.0
-14.0
11.0
-12.0
-15.0
-11.0
-23.0
7.0
-4.0
7.0
23.0
-3.0
-5.0
-32.0
-15.0
8.0
34.0
41.0
24.0
16.0
13.0
-2.0
23.0
36.0
-44.0
-11.0
-8.0
-10.0
14.0
6.0
13.0
-1.0
-35.0
20.0
15.0
2.0
14.0
-34.0
-37.0
-26.0
12.0
3.0
-1.0
-31.0
-37.0
-58.0
-34.0
29.0
-2.0
-2.0
5.0
-17.0
-10.0
-6.0
-39.0
7.0
3.0
-5.0
-1.0
-17.0
-8.0
-11.0
-40.0
-10.0
5.0
12.0
-1.0
-24.0
-6.0
-26.0
-2.0
15.0
1.0
15.0
21.0
21.0
8.0
-16.0
-7.0
-17.0
-50.0
-29.0
-5.0
-23.0
-27.0
-3.0
12.0
18.0
-12.0
-3.0
-5.0
-35.0
-28.0
6.0
6.0
-17.0
-29.0
-7.0
-1.0
-31.0
-4.0
32.0
21.0
-18.0
18.0
28.0
1.0
-28.0
-2.0
0.0
-6.0
-22.0
-18.0
11.0
-19.0
-5.0
-11.0
5.0
-26.0
-33.0
-13.0
10.0
-10.0
-27.0
-27.0
-50.0
-7.0
18.0
4.0
-26.0
-32.0
-30.0
-5.0
-37.0
-8.0
2.0
-19.0
5.0
38.0
35.0
-35.0
-23.0
10.0
13.0
5.0
12.0
1.0
-20.0
4.0
6.0
27.0
-3.0
-56.0
-32.0
7.0
-14.0
11.0
25.0
-6.0
-16.0
-50.0
10.0
10.0
-23.0
-13.0
-42.0
-32.0
-29.0
-55.0
-30.0
5.0
-11.0
-18.0
-15.0
-39.0
14.0
21.0
24.0
24.0
4.0
-3.0
-22.0
3.0
5.0
-24.0
-13.0
-32.0
-67.0
-12.0
-7.0
-19.0
-11.0
-34.0
-32.0
29.0
1.0
-5.0
-1.0
20.0
8.0
-15.0
-5.0
5.0
-19.0
-34.0
-15.0
39.0
12.0
-13.0
-3.0
-8.0
-32.0
-8.0
10.0
6.0
6.0
7.0
13.0
7.0
6.0
-41.0
-11.0
6.0
10.0
-2.0
-12.0
-26.0
-35.0
-57.0
-27.0
7.0
-11.0
-6.0
15.0
13.0
-22.0
-28.0
15.0
-24.0
-23.0
23.0
33.0
1.0
-39.0
-15.0
-31.0
-25.0
-24.0
-21.0
-16.0
-60.0
-50.0
-13.0
-22.0
-26.0
-25.0
-29.0
-42.0
1.0
-11.0
9.0
-4.0
-4.0
1.0
-30.0
12.0
34.0
12.0
24.0
3.0
5.0
-2.0
5.0
13.0
5.0
-6.0
5.0
0.0
-21.0
-6.0
49.0
32.0
1.0
0.0
8.0
-13.0
-14.0
34.0
-8.0
-13.0
-18.0
-24.0
-41.0
-49.0
-1.0
7.0
-10.0
7.0
8.0
-1.0
-44.0
-24.0
15.0
42.0
31.0
8.0
-22.0
16.0
60.0
13.0
23.0
33.0
11.0
31.0
14.0
-1.0
27.0
-4.0
-31.0
-34.0
-30.0
-23.0
4.0
9.0
24.0
-13.0
-25.0
-14.0
-38.0
-1.0
-16.0
-23.0
5.0
4.0
16.0
-11.0
1.0
14.0
8.0
-27.0
-14.0
3.0
-27.0
-29.0
-12.0
32.0
24.0
-3.0
31.0
22.0
18.0
-21.0
1.0
34.0
-9.0
-21.0
-4.0
-15.0
-39.0
3.0
19.0
4.0
-7.0
-10.0
40.0
24.0
5.0
-28.0
-3.0
7.0
-3.0
-10.0
-31.0
-27.0
14.0
-5.0
-7.0
24.0
-15.0
-48.0
39.0
17.0
-1.0
15.0
7.0
-29.0
-15.0
24.0
22.0
-15.0
-15.0
-13.0
-51.0
-17.0
11.0
-11.0
10.0
-1.0
-34.0
-13.0
-15.0
6.0
5.0
5.0
5.0
-48.0
-37.0
-6.0
-7.0
-16.0
-18.0
-28.0
-24.0
-14.0
0.0
-2.0
-35.0
-13.0
0.0
-24.0
-5.0
2.0
36.0
24.0
8.0
5.0
13.0
-13.0
-3.0
15.0
3.0
-14.0
-33.0
14.0
32.0
-17.0
-18.0
-13.0
-8.0
-23.0
-16.0
12.0
-7.0
-17.0
12.0
-23.0
-18.0
12.0
0.0
-5.0
-10.0
-83.0
-95.0
-55.0
-54.0
-27.0
-28.0
-18.0
-46.0
-79.0
-45.0
-34.0
-30.0
11.0
8.0
11.0
-34.0
-77.0
12.0
-8.0
-38.0
-35.0
-56.0
-43.0
-56.0
-37.0
2.0
-8.0
20.0
17.0
-18.0
-46.0
-28.0
-28.0
-10.0
-23.0
-34.0
-41.0
-90.0
-43.0
-42.0
-39.0
-32.0
-37.0
-74.0
-49.0
-25.0
-31.0
-29.0
-43.0
-67.0
-77.0
-52.0
-7.0
-27.0
-46.0
-29.0
-25.0
-43.0
-34.0
6.0
-10.0
-30.0
-13.0
-13.0
-34.0
-25.0
8.0
21.0
44.0
3.0
-6.0
-3.0
-18.0
-24.0
-26.0
7.0
1.0
-1.0
10.0
-21.0
-58.0
25.0
11.0
-11.0
-8.0
-5.0
-26.0
-2.0
11.0
27.0
23.0
15.0
31.0
22.0
7.0
14.0
4.0
48.0
24.0
5.0
22.0
-13.0
13.0
43.0
34.0
30.0
1.0
-3.0
-14.0
19.0
28.0
-5.0
-4.0
32.0
3.0
-23.0
40.0
41.0
11.0
41.0
52.0
25.0
-5.0
-37.0
-8.0
-11.0
-29.0
-18.0
-10.0
-16.0
-30.0
-36.0
-18.0
-40.0
-32.0
-58.0
-27.0
8.0
-13.0
4.0
-3.0
-1.0
23.0
-3.0
-21.0
39.0
7.0
-8.0
-26.0
-2.0
17.0
-11.0
-45.0
-41.0
-6.0
-10.0
-14.0
-48.0
-20.0
-3.0
-5.0
18.0
34.0
18.0
-17.0
5.0
24.0
13.0
4.0
14.0
1.0
-56.0
-20.0
-4.0
-7.0
-8.0
4.0
-4.0
-39.0
-54.0
-36.0
-10.0
-9.0
5.0
10.0
-6.0
-33.0
-65.0
-16.0
-17.0
4.0
1.0
-20.0
-47.0
-41.0
3.0
-25.0
-29.0
8.0
1.0
-24.0
-18.0
-36.0
-17.0
9.0
-18.0
2.0
1.0
-31.0
10.0
-10.0
-8.0
18.0
-4.0
6.0
1.0
-20.0
42.0
10.0
14.0
33.0
13.0
6.0
54.0
31.0
53.0
54.0
51.0
-3.0
-30.0
5.0
-27.0
-43.0
-26.0
-21.0
-44.0
-31.0
-4.0
11.0
-3.0
-9.0
-2.0
-35.0
-10.0
24.0
-2.0
28.0
-16.0
-36.0
-36.0
-16.0
-17.0
-13.0
-14.0
36.0
44.0
-13.0
-51.0
-64.0
-33.0
-64.0
-40.0
14.0
-15.0
-102.0
-146.0
58.0
67.0
0.0
1.0
-26.0
-60.0
-33.0
-5.0
2.0
-2.0
10.0
-4.0
-3.0
-26.0
-34.0
-56.0
-17.0
-3.0
-14.0
-22.0
-8.0
-18.0
-11.0
6.0
-50.0
-8.0
22.0
0.0
23.0
-6.0
-8.0
11.0
-30.0
15.0
31.0
-23.0
-2.0
16.0
-11.0
-21.0
-26.0
30.0
49.0
34.0
16.0
5.0
-30.0
-56.0
-18.0
-1.0
6.0
9.0
21.0
8.0
-4.0
-49.0
24.0
69.0
32.0
-11.0
-20.0
-16.0
-67.0
10.0
30.0
19.0
18.0
15.0
32.0
1.0
-31.0
-14.0
-16.0
-11.0
-8.0
-32.0
-15.0
-22.0
-57.0
-3.0
-29.0
-46.0
-30.0
-10.0
19.0
-44.0
-17.0
3.0
-13.0
6.0
-1.0
-17.0
10.0
-14.0
-13.0
3.0
-31.0
-23.0
-26.0
-56.0
-71.0
-40.0
-51.0
-41.0
12.0
6.0
59.0
33.0
-3.0
6.0
16.0
19.0
-3.0
19.0
-16.0
-57.0
17.0
-10.0
-28.0
28.0
11.0
14.0
12.0
-26.0
31.0
18.0
5.0
25.0
6.0
3.0
-44.0
-33.0
-2.0
-3.0
14.0
18.0
-16.0
-50.0
-32.0
-5.0
2.0
-22.0
-13.0
-24.0
-65.0
-22.0
-8.0
-10.0
4.0
13.0
-1.0
-35.0
-39.0
-31.0
37.0
30.0
4.0
-11.0
-22.0
-37.0
-21.0
-36.0
5.0
-15.0
-15.0
-16.0
-42.0
-23.0
-30.0
-61.0
-30.0
-15.0
1.0
-26.0
2.0
24.0
-25.0
-32.0
5.0
-11.0
-21.0
-5.0
-24.0
-65.0
-55.0
39.0
22.0
-23.0
-12.0
14.0
14.0
10.0
-35.0
23.0
37.0
8.0
25.0
11.0
4.0
3.0
16.0
8.0
58.0
36.0
25.0
11.0
49.0
48.0
25.0
34.0
41.0
18.0
-8.0
1.0
21.0
24.0
16.0
29.0
6.0
-9.0
67.0
43.0
7.0
-5.0
-27.0
-29.0
-3.0
-45.0
-2.0
1.0
-15.0
-13.0
21.0
31.0
-2.0
6.0
36.0
26.0
-10.0
8.0
-22.0
-10.0
-5.0
20.0
16.0
11.0
20.0
41.0
26.0
-24.0
-28.0
-11.0
-2.0
-27.0
-1.0
59.0
32.0
20.0
11.0
36.0
30.0
9.0
-26.0
-13.0
-47.0
-38.0
-13.0
-36.0
-42.0
-28.0
-35.0
-37.0
-50.0
-5.0
-10.0
-3.0
5.0
4.0
-36.0
-11.0
38.0
11.0
-20.0
2.0
-1.0
-30.0
-42.0
23.0
-15.0
-43.0
-50.0
-33.0
15.0
-11.0
-42.0
37.0
-34.0
-14.0
-15.0
21.0
29.0
-34.0
-27.0
1.0
-23.0
-6.0
33.0
6.0
11.0
-33.0
-19.0
32.0
15.0
1.0
-40.0
-53.0
-46.0
-90.0
-17.0
-8.0
-47.0
-53.0
-24.0
-63.0
-72.0
-20.0
8.0
-1.0
-35.0
-53.0
-59.0
-61.0
-10.0
30.0
19.0
11.0
-42.0
-58.0
5.0
28.0
20.0
13.0
51.0
66.0
38.0
9.0
41.0
42.0
8.0
10.0
13.0
-18.0
-25.0
-27.0
12.0
-1.0
1.0
-12.0
-51.0
13.0
3.0
-17.0
40.0
-4.0
-16.0
-49.0
-9.0
-22.0
-26.0
32.0
17.0
-31.0
-34.0
-40.0
-40.0
-15.0
8.0
8.0
-11.0
20.0
37.0
16.0
-25.0
35.0
17.0
29.0
5.0
-26.0
-46.0
-86.0
-8.0
17.0
-37.0
-13.0
-9.0
-38.0
-43.0
1.0
-20.0
-7.0
6.0
8.0
7.0
-51.0
5.0
-5.0
-33.0
-18.0
-37.0
-36.0
-50.0
-74.0
-39.0
-51.0
-29.0
-8.0
-36.0
-15.0
-39.0
-58.0
2.0
-29.0
-66.0
-44.0
-33.0
-30.0
-44.0
-73.0
-11.0
-17.0
-34.0
-5.0
-7.0
-43.0
-36.0
-24.0
10.0
10.0
11.0
35.0
8.0
21.0
13.0
13.0
20.0
13.0
-24.0
-18.0
-67.0
-12.0
-6.0
-33.0
-15.0
-31.0
-71.0
-38.0
3.0
19.0
53.0
47.0
11.0
7.0
62.0
15.0
-10.0
17.0
15.0
0.0
41.0
45.0
-15.0
54.0
17.0
5.0
32.0
16.0
-20.0
10.0
-25.0
-14.0
33.0
-6.0
-23.0
-8.0
15.0
-15.0
14.0
33.0
-5.0
3.0
-6.0
-48.0
-26.0
-42.0
1.0
-11.0
-45.0
-27.0
8.0
-41.0
-22.0
-9.0
-40.0
-46.0
-21.0
24.0
20.0
29.0
48.0
40.0
17.0
3.0
3.0
7.0
-43.0
7.0
47.0
13.0
-24.0
4.0
-11.0
-26.0
28.0
-8.0
26.0
56.0
11.0
18.0
-30.0
-10.0
15.0
-37.0
-6.0
0.0
0.0
0.0
0.0
0.0
0.0
0.0
0.0
0.0
0.0
0.0
0.0
0.0
0.0
0.0
0.0
0.0
0.0
0.0
0.0
0.0
0.0
0.0
0.0
0.0
0.0
0.0
0.0
0.0
0.0
0.0
0.0
0.0
0.0
0.0
0.0
0.0
0.0
0.0
0.0
0.0
0.0
0.0
0.0
0.0
0.0
0.0
0.0
0.0
0.0
0.0
0.0
0.0
0.0
0.0
0.0
0.0
0.0
0.0
0.0
0.0
0.0
0.0
0.0
0.0
0.0
0.0
0.0
0.0
0.0
0.0
0.0
0.0
0.0
0.0
0.0
0.0
0.0
0.0
0.0
0.0
0.0
0.0
0.0
0.0
0.0
0.0
0.0
0.0
0.0
0.0
0.0
0.0
0.0
0.0
0.0
0.0
0.0
0.0
0.0
0.0
0.0
0.0
0.0
0.0
0.0
0.0
0.0
0.0
0.0
0.0
0.0
0.0
0.0
0.0
0.0
0.0
0.0
0.0
0.0
0.0
0.0
0.0
0.0
0.0
0.0
0.0
0.0
