-34.0
-41.0
-41.0
-43.0
-44.0
-48.0
-39.0
-44.0
-50.0
-49.0
-49.0
-49.0
-52.0
-50.0
-40.0
-39.0
-40.0
-48.0
-46.0
-49.0
-48.0
-42.0
-41.0
-54.0
-59.0
-54.0
-49.0
-48.0
-49.0
-50.0
-46.0
-51.0
-46.0
-43.0
-56.0
-51.0
-53.0
-59.0
-59.0
-56.0
-56.0
-61.0
-42.0
-42.0
-59.0
-59.0
-52.0
-60.0
-58.0
-49.0
-39.0
-36.0
-35.0
-32.0
-28.0
-27.0
-26.0
-27.0
-29.0
-33.0
-38.0
-36.0
-43.0
-44.0
-40.0
-46.0
-53.0
-41.0
-31.0
-25.0
-21.0
-29.0
-22.0
-14.0
-15.0
-12.0
-11.0
-17.0
-24.0
-19.0
-25.0
-27.0
-31.0
-33.0
-29.0
-31.0
-29.0
-32.0
-33.0
-33.0
-39.0
-39.0
-35.0
-35.0
-33.0
-25.0
-25.0
-32.0
-35.0
-36.0
-31.0
-13.0
0.0
8.0
15.0
-8.0
-35.0
-33.0
-37.0
-50.0
-56.0
-59.0
-56.0
-64.0
-67.0
-64.0
-63.0
-55.0
-45.0
-42.0
-42.0
-46.0
-46.0
-48.0
-51.0
-42.0
-44.0
-46.0
-29.0
-15.0
-16.0
-11.0
-7.0
-21.0
-28.0
-27.0
-33.0
-39.0
-34.0
-37.0
-44.0
-44.0
-44.0
-44.0
-41.0
-46.0
-58.0
-68.0
-68.0
-66.0
-57.0
-53.0
-49.0
-61.0
-55.0
-31.0
-34.0
-41.0
-41.0
-39.0
-31.0
-23.0
-27.0
-30.0
-28.0
-27.0
-24.0
-27.0
-26.0
-25.0
-38.0
-42.0
-42.0
-45.0
-50.0
-50.0
-50.0
-49.0
-59.0
-59.0
-55.0
-50.0
-49.0
-48.0
-47.0
-41.0
-39.0
-41.0
-39.0
-32.0
-43.0
-46.0
-41.0
-37.0
-36.0
-41.0
-45.0
-46.0
-52.0
-48.0
-37.0
-37.0
-39.0
-48.0
-55.0
-49.0
-36.0
-46.0
-44.0
-38.0
-40.0
-39.0
-32.0
-21.0
-25.0
-33.0
-31.0
-33.0
-39.0
-36.0
-41.0
-33.0
-22.0
-26.0
-33.0
-37.0
-42.0
-41.0
-40.0
-39.0
-37.0
-39.0
-42.0
-49.0
-52.0
-39.0
-36.0
-36.0
-31.0
-46.0
-53.0
-42.0
-35.0
-29.0
-24.0
-29.0
-35.0
-41.0
-47.0
-46.0
-43.0
-38.0
-41.0
-35.0
-27.0
-29.0
-33.0
-31.0
-25.0
-11.0
10.0
16.0
13.0
7.0
-14.0
-35.0
-38.0
-44.0
-54.0
-49.0
-37.0
-40.0
-39.0
-41.0
-49.0
-43.0
-43.0
-45.0
-45.0
-37.0
-39.0
-43.0
-40.0
-43.0
-48.0
-44.0
-36.0
-34.0
-36.0
-44.0
-47.0
-42.0
-37.0
-27.0
-25.0
-20.0
-31.0
-39.0
-35.0
-43.0
-42.0
-24.0
-46.0
-62.0
-23.0
-13.0
-19.0
-20.0
-21.0
-21.0
-24.0
-29.0
-30.0
-26.0
-26.0
-27.0
-29.0
-30.0
-22.0
-16.0
-12.0
-20.0
-30.0
-25.0
-26.0
-29.0
-29.0
-26.0
-34.0
-34.0
-33.0
-42.0
-45.0
-38.0
-38.0
-41.0
-39.0
-41.0
-50.0
-44.0
-37.0
-34.0
-33.0
-33.0
-30.0
-30.0
-31.0
-37.0
-49.0
-46.0
-43.0
-29.0
-17.0
-13.0
-18.0
-33.0
-39.0
-35.0
-36.0
-31.0
-31.0
-24.0
-3.0
4.0
2.0
3.0
-10.0
-29.0
-32.0
-32.0
-30.0
-28.0
-29.0
-30.0
-23.0
-21.0
-30.0
-34.0
-42.0
-42.0
-40.0
-32.0
-39.0
-33.0
-28.0
-24.0
-18.0
-16.0
-18.0
-27.0
-32.0
-21.0
-26.0
-37.0
-40.0
-33.0
-31.0
-32.0
-22.0
-15.0
-14.0
-15.0
-27.0
-17.0
-3.0
22.0
55.0
106.0
169.0
214.0
249.0
252.0
246.0
238.0
228.0
197.0
174.0
155.0
129.0
115.0
97.0
78.0
58.0
37.0
34.0
40.0
60.0
61.0
51.0
32.0
-6.0
-34.0
-44.0
-53.0
-61.0
-60.0
-67.0
-67.0
-62.0
-60.0
-69.0
-84.0
-81.0
-71.0
-79.0
-73.0
-72.0
-70.0
-68.0
-73.0
-72.0
-70.0
-78.0
-73.0
-64.0
-58.0
-59.0
-61.0
-60.0
-62.0
-65.0
-60.0
-51.0
-57.0
-56.0
-54.0
-48.0
-44.0
-43.0
-36.0
-29.0
-31.0
-32.0
-33.0
-37.0
-39.0
-37.0
-39.0
-31.0
-35.0
-35.0
-31.0
-31.0
-30.0
-32.0
-31.0
-36.0
-38.0
-28.0
-32.0
-43.0
-45.0
-48.0
-42.0
-36.0
-36.0
-38.0
-49.0
-50.0
-44.0
-50.0
-53.0
-48.0
-45.0
-46.0
-49.0
-51.0
-42.0
-44.0
-43.0
-42.0
-45.0
-31.0
-39.0
-53.0
-40.0
-37.0
-36.0
-34.0
-42.0
-50.0
-42.0
-28.0
-17.0
-16.0
-26.0
-34.0
-29.0
-25.0
-39.0
-39.0
-33.0
-35.0
-38.0
-40.0
-40.0
-44.0
-45.0
-44.0
-48.0
-44.0
-40.0
-46.0
-44.0
-37.0
-43.0
-42.0
-39.0
-38.0
-33.0
-27.0
-35.0
-40.0
-35.0
-26.0
-21.0
-25.0
-28.0
-22.0
-17.0
-20.0
-28.0
-33.0
-33.0
-29.0
-23.0
-31.0
-23.0
-13.0
-23.0
-24.0
-17.0
-17.0
-20.0
-11.0
-9.0
-17.0
-21.0
-18.0
-17.0
-26.0
-21.0
-14.0
-17.0
-15.0
-6.0
-10.0
-12.0
-10.0
-6.0
13.0
22.0
21.0
16.0
-6.0
-22.0
-34.0
-35.0
-25.0
-20.0
-32.0
-41.0
-31.0
-40.0
-41.0
-32.0
-36.0
-46.0
-40.0
-43.0
-41.0
-37.0
-34.0
-33.0
-35.0
-34.0
-32.0
-30.0
-27.0
-24.0
-32.0
-38.0
-39.0
-45.0
-56.0
-59.0
-53.0
-44.0
-41.0
-40.0
-33.0
-36.0
-45.0
-50.0
-42.0
-23.0
-22.0
-24.0
-37.0
-36.0
-29.0
-30.0
-31.0
-31.0
-28.0
-46.0
-37.0
-21.0
-28.0
-38.0
-31.0
-23.0
-30.0
-35.0
-26.0
-22.0
-20.0
-12.0
-10.0
-22.0
-24.0
-30.0
-31.0
-21.0
-15.0
-22.0
-26.0
-24.0
-25.0
-26.0
-32.0
-37.0
-37.0
-42.0
-46.0
-48.0
-48.0
-45.0
-41.0
-44.0
-40.0
-46.0
-51.0
-49.0
-50.0
-40.0
-35.0
-41.0
-49.0
-52.0
-46.0
-48.0
-50.0
-45.0
-48.0
-51.0
-49.0
-46.0
-51.0
-58.0
-57.0
-46.0
-34.0
-40.0
-39.0
-43.0
-45.0
-37.0
-39.0
-55.0
-41.0
-39.0
-41.0
-41.0
-37.0
-35.0
-34.0
-33.0
-31.0
-39.0
-43.0
-43.0
-35.0
-36.0
-37.0
-34.0
-32.0
-30.0
-34.0
-37.0
-34.0
-42.0
-54.0
-46.0
-37.0
-44.0
-48.0
-55.0
-67.0
-73.0
-77.0
-71.0
-62.0
-52.0
-51.0
-46.0
-44.0
-39.0
-46.0
-58.0
-43.0
-24.0
-7.0
16.0
26.0
34.0
26.0
-3.0
-15.0
-13.0
-10.0
-17.0
-18.0
-22.0
-22.0
-13.0
-15.0
-22.0
-20.0
-21.0
-23.0
-32.0
-38.0
-31.0
-27.0
-30.0
-33.0
-33.0
-36.0
-29.0
-32.0
-30.0
-22.0
-18.0
-31.0
-19.0
-6.0
-10.0
-18.0
-14.0
-4.0
-14.0
-12.0
-10.0
-15.0
-13.0
-8.0
-4.0
-6.0
1.0
-1.0
-14.0
-18.0
-15.0
-17.0
-18.0
-25.0
-23.0
-14.0
-4.0
-6.0
-15.0
-25.0
-21.0
-21.0
-28.0
-20.0
-24.0
-33.0
-23.0
-29.0
-36.0
-32.0
-32.0
-45.0
-53.0
-45.0
-44.0
-40.0
-30.0
-27.0
-31.0
-24.0
-24.0
-27.0
-26.0
-27.0
-26.0
-19.0
-29.0
-36.0
-37.0
-30.0
-32.0
-42.0
-24.0
-11.0
-11.0
-19.0
-36.0
-36.0
-31.0
-34.0
-30.0
-31.0
-39.0
-43.0
-38.0
-34.0
-35.0
-36.0
-36.0
-40.0
-41.0
-33.0
-39.0
-40.0
-39.0
-34.0
-23.0
-26.0
-34.0
-36.0
-37.0
-36.0
-34.0
-24.0
-22.0
-24.0
-30.0
-31.0
-33.0
-32.0
-31.0
-40.0
-36.0
-29.0
-31.0
-39.0
-44.0
-37.0
-36.0
-32.0
-22.0
-7.0
-4.0
-7.0
-9.0
-16.0
-30.0
-30.0
-26.0
-34.0
-33.0
-29.0
-33.0
-32.0
-33.0
-35.0
-36.0
-46.0
-56.0
-51.0
-43.0
-32.0
-27.0
-30.0
-32.0
-23.0
-21.0
-22.0
-14.0
6.0
20.0
21.0
2.0
-38.0
-54.0
-46.0
-43.0
-46.0
-43.0
-43.0
-45.0
-42.0
-39.0
-43.0
-50.0
-49.0
-40.0
-37.0
-42.0
-38.0
-44.0
-48.0
-34.0
-26.0
-29.0
-29.0
-21.0
-21.0
-15.0
-24.0
-35.0
-31.0
-29.0
-31.0
-29.0
-45.0
-43.0
-25.0
-33.0
-32.0
-15.0
-24.0
-21.0
-12.0
-27.0
-37.0
-38.0
-31.0
-26.0
-32.0
-34.0
-38.0
-37.0
-30.0
-36.0
-42.0
-34.0
-37.0
-45.0
-36.0
-44.0
-47.0
-42.0
-36.0
-33.0
-31.0
-23.0
-22.0
-16.0
-5.0
-10.0
-25.0
-31.0
-23.0
-18.0
-14.0
-22.0
-23.0
-23.0
-23.0
-22.0
-31.0
-30.0
-22.0
-17.0
-21.0
-18.0
-16.0
-20.0
-26.0
-17.0
-11.0
-10.0
-11.0
-7.0
-12.0
-10.0
-12.0
-14.0
-9.0
-8.0
-2.0
14.0
33.0
58.0
83.0
122.0
193.0
250.0
275.0
281.0
268.0
253.0
246.0
218.0
193.0
171.0
149.0
125.0
106.0
92.0
71.0
49.0
34.0
26.0
8.0
-17.0
-24.0
-29.0
-51.0
-67.0
-75.0
-83.0
-84.0
-74.0
-82.0
-83.0
-78.0
-93.0
-98.0
-89.0
-89.0
-92.0
-93.0
-87.0
-95.0
-93.0
-98.0
-101.0
-94.0
-98.0
-108.0
-112.0
-112.0
-109.0
-106.0
-110.0
-107.0
-103.0
-100.0
-96.0
-98.0
-99.0
-85.0
-77.0
-81.0
-88.0
-88.0
-75.0
-54.0
-35.0
-18.0
-11.0
-16.0
-30.0
-46.0
-43.0
-48.0
-45.0
-50.0
-63.0
-67.0
-64.0
-67.0
-69.0
-71.0
-64.0
-59.0
-59.0
-56.0
-67.0
-70.0
-68.0
-79.0
-71.0
-62.0
-65.0
-58.0
-57.0
-60.0
-59.0
-67.0
-58.0
-49.0
-62.0
-73.0
-71.0
-56.0
-41.0
-42.0
-44.0
-40.0
-46.0
-40.0
-30.0
-28.0
-26.0
-24.0
-23.0
-18.0
-20.0
-27.0
-29.0
-27.0
-25.0
-39.0
-32.0
-26.0
-25.0
-29.0
-30.0
-29.0
-34.0
-40.0
-38.0
-33.0
-40.0
-45.0
-45.0
-44.0
-38.0
-39.0
-45.0
-42.0
-41.0
-48.0
-53.0
-44.0
-44.0
-56.0
-51.0
-46.0
-45.0
-35.0
-31.0
-35.0
-42.0
-49.0
-44.0
-37.0
-33.0
-32.0
-44.0
-44.0
-34.0
-33.0
-27.0
-22.0
-38.0
-42.0
-43.0
-48.0
-40.0
-46.0
-58.0
-55.0
-54.0
-44.0
-43.0
-53.0
-50.0
-43.0
-34.0
-31.0
-37.0
-39.0
-44.0
-43.0
-48.0
-45.0
-36.0
-26.0
-23.0
-12.0
-4.0
-3.0
-20.0
-29.0
-21.0
-24.0
-31.0
-40.0
-40.0
-37.0
-41.0
-41.0
-50.0
-29.0
-4.0
-7.0
-4.0
-8.0
-8.0
-15.0
-25.0
-26.0
-20.0
-22.0
-25.0
-25.0
-20.0
-20.0
-25.0
-17.0
-12.0
-12.0
-15.0
-13.0
-15.0
-15.0
-17.0
-33.0
-35.0
-5.0
25.0
29.0
23.0
4.0
-26.0
-48.0
-48.0
-42.0
-35.0
-43.0
-45.0
-50.0
-45.0
-37.0
-48.0
-63.0
-60.0
-42.0
-28.0
-29.0
-41.0
-49.0
-48.0
-45.0
-38.0
-45.0
-53.0
-52.0
-48.0
-58.0
-50.0
-54.0
-62.0
-60.0
-60.0
-63.0
-50.0
-35.0
-39.0
-30.0
-23.0
-38.0
-47.0
-43.0
-45.0
-57.0
-64.0
-54.0
-51.0
-40.0
-34.0
-25.0
-2.0
25.0
54.0
95.0
134.0
194.0
248.0
252.0
253.0
259.0
245.0
250.0
235.0
237.0
221.0
186.0
162.0
131.0
113.0
87.0
87.0
69.0
41.0
22.0
20.0
2.0
-4.0
4.0
-24.0
-31.0
-26.0
-42.0
-53.0
-68.0
-80.0
-75.0
-85.0
-108.0
-112.0
-98.0
-108.0
-101.0
-99.0
-116.0
-112.0
-105.0
-112.0
-125.0
-124.0
-115.0
-126.0
-114.0
-99.0
-97.0
-96.0
-95.0
-89.0
-74.0
-86.0
-90.0
-83.0
-81.0
-77.0
-75.0
-72.0
-73.0
-68.0
-55.0
-56.0
-51.0
-45.0
-62.0
-49.0
-51.0
-63.0
-52.0
-67.0
-80.0
-67.0
-61.0
-66.0
-67.0
-72.0
-77.0
-71.0
-66.0
-61.0
-63.0
-59.0
-53.0
-46.0
-49.0
-49.0
-46.0
-59.0
-54.0
-44.0
-26.0
-23.0
-36.0
-41.0
-29.0
-22.0
-38.0
-39.0
-30.0
-33.0
-35.0
-32.0
-37.0
-48.0
-41.0
-16.0
0.0
8.0
28.0
30.0
5.0
-28.0
-29.0
-31.0
-26.0
-24.0
-18.0
-18.0
-14.0
-17.0
-21.0
-20.0
-15.0
-26.0
-29.0
-14.0
-27.0
-33.0
-33.0
-35.0
-36.0
-46.0
-47.0
-35.0
-31.0
-38.0
-46.0
-46.0
-41.0
-45.0
-41.0
-37.0
-48.0
-36.0
-34.0
-29.0
-21.0
-26.0
-41.0
-36.0
-25.0
-26.0
-24.0
-34.0
-49.0
-44.0
-36.0
-40.0
-46.0
-48.0
-44.0
-35.0
-34.0
-40.0
-41.0
-43.0
-46.0
-42.0
-48.0
-51.0
-63.0
-55.0
-63.0
-78.0
-74.0
-75.0
-71.0
-74.0
-89.0
-83.0
-80.0
-84.0
-71.0
-73.0
-74.0
-61.0
-65.0
-90.0
-91.0
-91.0
-105.0
-100.0
-108.0
-106.0
-91.0
-101.0
-95.0
-99.0
-93.0
-86.0
-81.0
-72.0
-62.0
-69.0
-67.0
-59.0
-62.0
-64.0
-72.0
-69.0
-64.0
-65.0
-59.0
-67.0
-77.0
-70.0
-70.0
-76.0
-78.0
-76.0
-77.0
-82.0
-71.0
-59.0
-48.0
-45.0
-40.0
-47.0
-46.0
-42.0
-46.0
-49.0
-49.0
-48.0
-44.0
-39.0
-41.0
-49.0
-55.0
-53.0
-48.0
-48.0
-48.0
-49.0
-48.0
-44.0
-38.0
-32.0
-37.0
-41.0
-33.0
-29.0
-17.0
-25.0
-29.0
-33.0
-29.0
-27.0
-34.0
-39.0
-19.0
-15.0
-18.0
-20.0
-29.0
-26.0
-20.0
-34.0
-31.0
-21.0
-25.0
-33.0
-27.0
-22.0
-8.0
8.0
15.0
3.0
-24.0
-48.0
-58.0
-65.0
-62.0
-56.0
-64.0
-66.0
-64.0
-63.0
-61.0
-64.0
-52.0
-50.0
-57.0
-59.0
-58.0
-56.0
-60.0
-53.0
-38.0
-38.0
-39.0
-34.0
-39.0
-37.0
-35.0
-43.0
-35.0
-40.0
-45.0
-45.0
-44.0
-31.0
-27.0
-26.0
-21.0
-20.0
-8.0
15.0
43.0
70.0
100.0
148.0
188.0
190.0
187.0
179.0
173.0
169.0
150.0
141.0
117.0
88.0
73.0
54.0
39.0
25.0
12.0
13.0
5.0
-11.0
-17.0
-22.0
-35.0
-55.0
-62.0
-65.0
-70.0
-80.0
-76.0
-72.0
-79.0
-77.0
-74.0
-81.0
-81.0
-77.0
-71.0
-64.0
-68.0
-74.0
-71.0
-60.0
-47.0
-60.0
-67.0
-69.0
-76.0
-67.0
-69.0
-72.0
-73.0
-86.0
-90.0
-83.0
-89.0
-96.0
-91.0
-87.0
-77.0
-75.0
-73.0
-68.0
-66.0
-54.0
-46.0
-46.0
-53.0
-68.0
-65.0
-63.0
-54.0
-47.0
-45.0
-44.0
-54.0
-46.0
-42.0
-54.0
-56.0
-50.0
-50.0
-58.0
-54.0
-51.0
-53.0
-49.0
-59.0
-57.0
-52.0
-60.0
-61.0
-57.0
-54.0
-48.0
-51.0
-59.0
-69.0
-57.0
-51.0
-47.0
-32.0
-29.0
-25.0
-32.0
-43.0
-41.0
-34.0
-32.0
-38.0
-35.0
-38.0
-42.0
-48.0
-46.0
-44.0
-58.0
-60.0
-47.0
-37.0
-29.0
-24.0
-18.0
-29.0
-50.0
-53.0
-56.0
-56.0
-59.0
-58.0
-48.0
-48.0
-48.0
-33.0
-40.0
-50.0
-48.0
-48.0
-47.0
-57.0
-54.0
-42.0
-49.0
-60.0
-56.0
-47.0
-48.0
-43.0
-39.0
-46.0
-47.0
-42.0
-40.0
-34.0
-32.0
-35.0
-34.0
-35.0
-34.0
-44.0
-45.0
-44.0
-49.0
-46.0
-35.0
-41.0
-42.0
-38.0
-41.0
-46.0
-34.0
-32.0
-58.0
-61.0
-43.0
-35.0
-42.0
-45.0
-48.0
-42.0
-38.0
-41.0
-39.0
-23.0
-12.0
-21.0
-21.0
-33.0
-40.0
-26.0
-14.0
-11.0
-15.0
-15.0
-16.0
-12.0
-13.0
-16.0
-17.0
-17.0
-18.0
-31.0
-27.0
-22.0
-30.0
-21.0
-13.0
-15.0
-12.0
-5.0
-6.0
-8.0
-23.0
-25.0
-20.0
-20.0
-25.0
-20.0
-24.0
-41.0
-39.0
-34.0
-37.0
-34.0
-29.0
-26.0
-12.0
-11.0
-15.0
-20.0
-27.0
-17.0
-10.0
-27.0
-31.0
-24.0
-34.0
-34.0
-28.0
-25.0
-24.0
-29.0
-34.0
-30.0
-31.0
-26.0
-33.0
-50.0
-43.0
-37.0
-37.0
-30.0
-29.0
-24.0
-25.0
-27.0
-18.0
-14.0
-12.0
-21.0
-22.0
-20.0
-24.0
-25.0
-20.0
-24.0
-26.0
-24.0
-26.0
-29.0
-25.0
-26.0
-27.0
-26.0
-24.0
-10.0
10.0
28.0
72.0
124.0
185.0
232.0
242.0
234.0
206.0
198.0
187.0
173.0
180.0
187.0
175.0
148.0
127.0
121.0
104.0
93.0
85.0
69.0
50.0
41.0
21.0
-3.0
-16.0
-25.0
-26.0
-34.0
-42.0
-41.0
-44.0
-46.0
-54.0
-64.0
-57.0
-61.0
-67.0
-59.0
-52.0
-44.0
-46.0
-49.0
-55.0
-54.0
-53.0
-62.0
-55.0
-51.0
-57.0
-61.0
-69.0
-77.0
-64.0
-65.0
-77.0
-71.0
-67.0
-71.0
-61.0
-53.0
-58.0
-54.0
-44.0
-37.0
-45.0
-45.0
-42.0
-47.0
-35.0
-25.0
-29.0
-24.0
-21.0
-19.0
-26.0
-26.0
-17.0
-12.0
-15.0
-23.0
-18.0
-20.0
-26.0
-27.0
-28.0
-29.0
-33.0
-34.0
-41.0
-51.0
-50.0
-45.0
-47.0
-42.0
-37.0
-39.0
-44.0
-46.0
-29.0
-31.0
-32.0
-34.0
-39.0
-37.0
-39.0
-43.0
-32.0
-35.0
-37.0
-35.0
-31.0
-31.0
-45.0
-41.0
-24.0
-26.0
-33.0
-37.0
-44.0
-42.0
-43.0
-47.0
-39.0
-30.0
-32.0
-35.0
-27.0
-27.0
-30.0
-28.0
-19.0
-21.0
-21.0
-13.0
-9.0
-12.0
-11.0
-6.0
-14.0
-22.0
-14.0
-1.0
-15.0
-21.0
-13.0
-16.0
-11.0
-17.0
-25.0
-28.0
-25.0
-29.0
-36.0
-44.0
-43.0
-49.0
-51.0
-42.0
-37.0
-35.0
-42.0
-48.0
-52.0
-55.0
-45.0
-33.0
-18.0
3.0
11.0
-2.0
-33.0
-62.0
-62.0
-71.0
-79.0
-74.0
-71.0
-74.0
-85.0
-90.0
-79.0
-83.0
-103.0
-98.0
-82.0
-89.0
-92.0
-95.0
-95.0
-107.0
-108.0
-100.0
-100.0
-98.0
-93.0
-93.0
-91.0
-92.0
-90.0
-91.0
-97.0
-89.0
-80.0
-78.0
-82.0
-82.0
-71.0
-69.0
-77.0
-82.0
-70.0
-66.0
-78.0
-77.0
-68.0
-63.0
-64.0
-65.0
-56.0
-61.0
-56.0
-52.0
-57.0
-47.0
-39.0
-43.0
-42.0
-44.0
-36.0
-21.0
-29.0
-34.0
-23.0
-29.0
-29.0
-32.0
-37.0
-23.0
-25.0
-23.0
-18.0
-15.0
-21.0
-25.0
-21.0
-19.0
-24.0
-26.0
-38.0
-41.0
-37.0
-35.0
-40.0
-49.0
-48.0
-42.0
-51.0
-54.0
-50.0
-57.0
-60.0
-55.0
-54.0
-56.0
-48.0
-40.0
-40.0
-50.0
-55.0
-52.0
-56.0
-49.0
-35.0
-25.0
-34.0
-42.0
-43.0
-49.0
-54.0
-50.0
-49.0
-55.0
-46.0
-38.0
-29.0
-13.0
-8.0
-4.0
-8.0
-7.0
-1.0
1.0
4.0
8.0
7.0
1.0
4.0
2.0
1.0
-1.0
5.0
4.0
-2.0
6.0
5.0
6.0
18.0
9.0
10.0
14.0
10.0
2.0
-1.0
19.0
42.0
42.0
35.0
34.0
32.0
34.0
30.0
14.0
8.0
2.0
-3.0
-1.0
-7.0
-24.0
-29.0
-31.0
-25.0
-20.0
-26.0
-23.0
-31.0
-33.0
-33.0
-35.0
-37.0
-21.0
1.0
17.0
17.0
6.0
-20.0
-40.0
-46.0
-50.0
-60.0
-67.0
-53.0
-45.0
-46.0
-50.0
-53.0
-55.0
-65.0
-62.0
-49.0
-56.0
-65.0
-74.0
-78.0
-68.0
-65.0
-61.0
-49.0
-48.0
-53.0
-50.0
-41.0
-36.0
-45.0
-45.0
-41.0
-39.0
-39.0
-22.0
-29.0
-33.0
-28.0
-27.0
-25.0
-17.0
-12.0
-15.0
-18.0
-14.0
-7.0
0.0
7.0
9.0
8.0
5.0
3.0
-6.0
-5.0
-8.0
-17.0
-17.0
-16.0
-15.0
-20.0
-30.0
-36.0
-33.0
-36.0
-32.0
-14.0
2.0
7.0
7.0
14.0
12.0
12.0
15.0
14.0
11.0
10.0
2.0
-1.0
3.0
2.0
-4.0
-8.0
-17.0
-18.0
-18.0
-20.0
-30.0
-40.0
-36.0
-35.0
-34.0
-32.0
-32.0
-29.0
-39.0
-48.0
-43.0
-35.0
-41.0
-35.0
-34.0
-46.0
-43.0
-33.0
-35.0
-49.0
-41.0
-25.0
-38.0
-52.0
-47.0
-41.0
-38.0
-40.0
-26.0
-20.0
-26.0
-23.0
-18.0
-22.0
-14.0
-17.0
-13.0
1.0
-3.0
5.0
2.0
-5.0
-1.0
4.0
13.0
26.0
18.0
23.0
33.0
29.0
23.0
16.0
6.0
9.0
10.0
6.0
8.0
5.0
1.0
-7.0
-13.0
-6.0
-7.0
-14.0
-22.0
-23.0
-17.0
-14.0
-17.0
-14.0
-22.0
-36.0
-45.0
-40.0
-39.0
-34.0
-22.0
-15.0
-21.0
-27.0
-35.0
-41.0
-24.0
5.0
23.0
33.0
6.0
-37.0
-44.0
-43.0
-53.0
-60.0
-64.0
-70.0
-67.0
-55.0
-43.0
-36.0
-21.0
-2.0
22.0
58.0
94.0
117.0
136.0
135.0
134.0
124.0
111.0
102.0
88.0
88.0
92.0
95.0
92.0
96.0
107.0
107.0
104.0
119.0
122.0
111.0
114.0
108.0
106.0
105.0
97.0
84.0
68.0
55.0
44.0
26.0
16.0
2.0
-17.0
-29.0
-29.0
-32.0
-42.0
-59.0
-73.0
-69.0
-74.0
-84.0
-83.0
-82.0
-89.0
-81.0
-76.0
-87.0
-92.0
-83.0
-81.0
-91.0
-93.0
-96.0
-105.0
-103.0
-103.0
-109.0
-111.0
-100.0
-100.0
-107.0
-101.0
-103.0
-105.0
-102.0
-104.0
-106.0
-106.0
-107.0
-108.0
-100.0
-89.0
-84.0
-85.0
-84.0
-77.0
-73.0
-71.0
-73.0
-71.0
-65.0
-68.0
-69.0
-59.0
-56.0
-53.0
-52.0
-48.0
-40.0
-44.0
-54.0
-62.0
-54.0
-46.0
-52.0
-62.0
-65.0
-62.0
-59.0
-41.0
-40.0
-49.0
-46.0
-47.0
-49.0
-44.0
-44.0
-33.0
-31.0
-35.0
-24.0
-33.0
-35.0
-25.0
-24.0
-25.0
-33.0
-39.0
-45.0
-51.0
-62.0
-57.0
-51.0
-48.0
-48.0
-43.0
-36.0
-35.0
-40.0
-44.0
-51.0
-52.0
-46.0
-44.0
-37.0
-36.0
-34.0
-31.0
-23.0
-14.0
-5.0
10.0
25.0
26.0
29.0
8.0
-5.0
-6.0
-18.0
-11.0
1.0
-2.0
-13.0
-16.0
-18.0
-24.0
-26.0
-30.0
-22.0
-13.0
-6.0
-11.0
-19.0
-18.0
-18.0
-20.0
-15.0
-20.0
-15.0
-8.0
-17.0
-17.0
-24.0
-35.0
-41.0
-37.0
-27.0
-16.0
-15.0
-21.0
-23.0
-27.0
-32.0
-44.0
-44.0
-39.0
-46.0
-50.0
-47.0
-50.0
-45.0
-49.0
-52.0
-52.0
-55.0
-55.0
-62.0
-69.0
-73.0
-73.0
-66.0
-62.0
-70.0
-65.0
-54.0
-55.0
-55.0
-63.0
-52.0
-33.0
-33.0
-37.0
-44.0
-39.0
-32.0
-39.0
-36.0
-31.0
-29.0
-36.0
-46.0
-48.0
-41.0
-31.0
-33.0
-37.0
-39.0
-36.0
-36.0
-34.0
-34.0
-35.0
-29.0
-26.0
-26.0
-14.0
-20.0
-30.0
-27.0
-24.0
-20.0
-18.0
-24.0
-21.0
-25.0
-37.0
-39.0
-33.0
-24.0
-29.0
-28.0
-29.0
-44.0
-39.0
-34.0
-29.0
-39.0
-44.0
-41.0
-39.0
-35.0
-30.0
-35.0
-47.0
-55.0
-68.0
-72.0
-58.0
-53.0
-64.0
-65.0
-61.0
-63.0
-50.0
-55.0
-64.0
-59.0
-56.0
-46.0
-26.0
-12.0
17.0
53.0
95.0
127.0
178.0
238.0
261.0
251.0
239.0
221.0
201.0
189.0
178.0
159.0
119.0
104.0
89.0
63.0
50.0
40.0
31.0
16.0
0.0
-10.0
-12.0
3.0
9.0
0.0
-12.0
-48.0
-86.0
-92.0
-95.0
-105.0
-113.0
-112.0
-115.0
-122.0
-129.0
-127.0
-127.0
-121.0
-128.0
-131.0
-121.0
-117.0
-123.0
-117.0
-105.0
-106.0
-99.0
-101.0
-114.0
-112.0
-104.0
-105.0
-100.0
-97.0
-90.0
-93.0
-87.0
-68.0
-65.0
-64.0
-62.0
-70.0
-72.0
-73.0
-80.0
-88.0
-88.0
-82.0
-83.0
-80.0
-66.0
-66.0
-68.0
-61.0
-65.0
-69.0
-55.0
-59.0
-55.0
-56.0
-73.0
-78.0
-81.0
-89.0
-80.0
-73.0
-72.0
-71.0
-69.0
-76.0
-68.0
-51.0
-50.0
-58.0
-52.0
-54.0
-60.0
-59.0
-61.0
-53.0
-50.0
-46.0
-54.0
-60.0
-43.0
-36.0
-32.0
-34.0
-38.0
-37.0
-37.0
-36.0
-46.0
-45.0
-48.0
-45.0
-35.0
-33.0
-37.0
-47.0
-50.0
-42.0
-40.0
-43.0
-33.0
-32.0
-39.0
-36.0
-42.0
-52.0
-56.0
-59.0
-50.0
-50.0
-59.0
-52.0
-48.0
-45.0
-40.0
-39.0
-40.0
-48.0
-40.0
-39.0
-39.0
-25.0
-29.0
-43.0
-44.0
-37.0
-31.0
-40.0
-51.0
-46.0
-44.0
-48.0
-41.0
-36.0
-36.0
-33.0
-27.0
-18.0
-18.0
-23.0
-30.0
-32.0
-29.0
-29.0
-29.0
-26.0
-25.0
-26.0
-21.0
-26.0
-27.0
-35.0
-35.0
-30.0
-33.0
-28.0
-25.0
-31.0
-35.0
-36.0
-32.0
-30.0
-31.0
-22.0
-7.0
15.0
42.0
41.0
37.0
18.0
-8.0
-8.0
-8.0
-13.0
-20.0
-15.0
-9.0
-8.0
-8.0
-7.0
-5.0
-9.0
-1.0
1.0
-12.0
-27.0
-11.0
-4.0
-9.0
-6.0
-2.0
-7.0
-16.0
-3.0
-7.0
-17.0
-11.0
-11.0
-15.0
-20.0
-22.0
-24.0
-20.0
-27.0
-27.0
-19.0
-12.0
-17.0
-17.0
-16.0
-25.0
-18.0
-6.0
-12.0
-7.0
-8.0
-16.0
-16.0
-20.0
-27.0
-39.0
-51.0
-33.0
-30.0
-42.0
-41.0
-42.0
-40.0
-44.0
-58.0
-64.0
-65.0
-65.0
-59.0
-41.0
-47.0
-60.0
-57.0
-58.0
-64.0
-55.0
-56.0
-60.0
-58.0
-52.0
-55.0
-53.0
-59.0
-55.0
-45.0
-41.0
-51.0
-51.0
-49.0
-50.0
-49.0
-45.0
-45.0
-43.0
-41.0
-39.0
-36.0
-33.0
-37.0
-43.0
-35.0
-33.0
-42.0
-34.0
-39.0
-45.0
-36.0
-31.0
-26.0
-31.0
-25.0
-16.0
-17.0
-13.0
-13.0
-6.0
7.0
16.0
40.0
54.0
68.0
109.0
126.0
130.0
145.0
139.0
135.0
125.0
121.0
113.0
97.0
84.0
79.0
59.0
56.0
52.0
38.0
46.0
48.0
35.0
30.0
25.0
28.0
37.0
38.0
42.0
44.0
43.0
49.0
40.0
34.0
31.0
25.0
36.0
40.0
33.0
32.0
29.0
26.0
18.0
8.0
16.0
18.0
7.0
10.0
8.0
5.0
7.0
4.0
22.0
34.0
37.0
53.0
50.0
26.0
14.0
9.0
12.0
9.0
4.0
4.0
8.0
17.0
10.0
-12.0
3.0
19.0
14.0
11.0
6.0
5.0
6.0
-11.0
-25.0
-15.0
-8.0
-11.0
-8.0
-7.0
-5.0
-18.0
-27.0
-22.0
-24.0
-30.0
-32.0
-36.0
-33.0
-21.0
-22.0
-37.0
-38.0
-37.0
-40.0
-44.0
-43.0
-45.0
-53.0
-55.0
-56.0
-56.0
-53.0
-51.0
-49.0
-62.0
-63.0
-46.0
-54.0
-67.0
-73.0
-71.0
-64.0
-65.0
-59.0
-53.0
-58.0
-65.0
-66.0
-65.0
-63.0
-61.0
-55.0
-54.0
-57.0
-54.0
-60.0
-68.0
-64.0
-64.0
-58.0
-57.0
-54.0
-46.0
-61.0
-72.0
-81.0
-81.0
-67.0
-64.0
-65.0
-60.0
-54.0
-51.0
-43.0
-34.0
-12.0
0.0
23.0
44.0
97.0
141.0
162.0
164.0
164.0
150.0
147.0
127.0
87.0
64.0
45.0
26.0
18.0
14.0
2.0
-12.0
-29.0
-42.0
-45.0
-61.0
-71.0
-78.0
-86.0
-96.0
-92.0
-85.0
-95.0
-110.0
-118.0
-120.0
-129.0
-133.0
-136.0
-130.0
-134.0
-143.0
-136.0
-131.0
-126.0
-117.0
-116.0
-120.0
-128.0
-135.0
-135.0
-133.0
-129.0
-121.0
-120.0
-112.0
-107.0
-105.0
-107.0
-107.0
-105.0
-105.0
-110.0
-115.0
-119.0
-117.0
-107.0
-101.0
-89.0
-73.0
-52.0
-35.0
-24.0
-41.0
-64.0
-69.0
-70.0
-70.0
-66.0
-70.0
-77.0
-85.0
-74.0
-68.0
-85.0
-93.0
-86.0
-79.0
-71.0
-71.0
-80.0
-88.0
-80.0
-69.0
-69.0
-68.0
-74.0
-77.0
-65.0
-54.0
-61.0
-54.0
-56.0
-65.0
-72.0
-70.0
-51.0
-45.0
-41.0
-36.0
-36.0
-33.0
-41.0
-47.0
-41.0
-42.0
-42.0
-34.0
-30.0
-31.0
-40.0
-31.0
-25.0
-27.0
-22.0
-18.0
-24.0
-23.0
-28.0
-31.0
-24.0
-13.0
-12.0
-13.0
-24.0
-24.0
-7.0
-8.0
-22.0
-23.0
-11.0
1.0
-3.0
-7.0
-10.0
-10.0
2.0
-14.0
-30.0
-22.0
-20.0
-14.0
-11.0
-13.0
-6.0
-6.0
-19.0
-22.0
-25.0
-22.0
-25.0
-31.0
-34.0
-35.0
-43.0
-48.0
-42.0
-47.0
-35.0
-29.0
-43.0
-43.0
-41.0
-33.0
-34.0
-32.0
-33.0
-38.0
-37.0
-37.0
-39.0
-44.0
-50.0
-58.0
-61.0
-52.0
-43.0
-45.0
-45.0
-43.0
-52.0
-61.0
-53.0
-45.0
-44.0
-46.0
-39.0
-40.0
-45.0
-44.0
-49.0
-43.0
-49.0
-54.0
-56.0
-53.0
-54.0
-65.0
-69.0
-69.0
-55.0
-50.0
-48.0
-48.0
-50.0
-44.0
-42.0
-50.0
-43.0
-43.0
-58.0
-68.0
-53.0
-41.0
-40.0
-47.0
-41.0
-41.0
-50.0
-44.0
-36.0
-36.0
-37.0
-37.0
-32.0
-21.0
6.0
28.0
35.0
36.0
14.0
-21.0
-32.0
-32.0
-34.0
-26.0
-32.0
-37.0
-31.0
-31.0
-24.0
-31.0
-40.0
-24.0
-33.0
-55.0
-72.0
-89.0
-91.0
-90.0
-91.0
-93.0
-101.0
-93.0
-77.0
-80.0
-78.0
-78.0
-83.0
-81.0
-82.0
-84.0
-87.0
-83.0
-77.0
-77.0
-86.0
-83.0
-77.0
-83.0
-79.0
-79.0
-74.0
-69.0
-71.0
-67.0
-63.0
-65.0
-72.0
-68.0
-47.0
-47.0
-51.0
-42.0
-38.0
-44.0
-41.0
-36.0
-27.0
-25.0
-34.0
-39.0
-44.0
-50.0
-50.0
-49.0
-46.0
-48.0
-46.0
-40.0
-42.0
-36.0
-32.0
-39.0
-43.0
-46.0
-3.0
25.0
34.0
54.0
79.0
87.0
79.0
58.0
54.0
63.0
52.0
46.0
54.0
49.0
46.0
49.0
44.0
40.0
32.0
23.0
18.0
17.0
23.0
20.0
14.0
9.0
8.0
18.0
19.0
13.0
16.0
19.0
17.0
16.0
7.0
-2.0
3.0
2.0
-2.0
-3.0
-7.0
-6.0
-4.0
-4.0
3.0
-2.0
-12.0
-8.0
-8.0
-14.0
-12.0
-3.0
5.0
6.0
7.0
12.0
6.0
5.0
20.0
28.0
32.0
32.0
30.0
41.0
50.0
58.0
53.0
44.0
40.0
33.0
22.0
24.0
24.0
22.0
15.0
16.0
19.0
13.0
2.0
4.0
15.0
20.0
17.0
14.0
6.0
-6.0
-8.0
6.0
29.0
53.0
50.0
41.0
24.0
-13.0
-26.0
-34.0
-38.0
-16.0
-7.0
-7.0
9.0
6.0
-9.0
-18.0
-21.0
-20.0
-18.0
-18.0
-15.0
-5.0
1.0
14.0
21.0
14.0
12.0
13.0
2.0
2.0
14.0
26.0
42.0
49.0
38.0
43.0
44.0
43.0
49.0
64.0
71.0
83.0
88.0
92.0
96.0
89.0
84.0
101.0
109.0
119.0
136.0
132.0
131.0
135.0
134.0
117.0
116.0
125.0
119.0
109.0
102.0
100.0
97.0
88.0
76.0
77.0
63.0
46.0
35.0
29.0
21.0
4.0
1.0
13.0
9.0
1.0
6.0
7.0
9.0
4.0
-6.0
-10.0
-15.0
-9.0
-6.0
-22.0
-31.0
-27.0
-24.0
-15.0
-20.0
-30.0
-29.0
-24.0
-22.0
-26.0
-33.0
-34.0
-32.0
-32.0
-48.0
-49.0
-37.0
-33.0
-20.0
-3.0
-8.0
-18.0
-21.0
-37.0
-46.0
-53.0
-49.0
-44.0
-39.0
-39.0
-39.0
-36.0
-36.0
-39.0
-31.0
-21.0
-19.0
-11.0
-24.0
-36.0
-37.0
-40.0
-39.0
-42.0
-53.0
-52.0
-53.0
-50.0
-36.0
-38.0
-50.0
-51.0
-51.0
-47.0
-50.0
-57.0
-64.0
-60.0
-54.0
-51.0
-42.0
-45.0
-51.0
-52.0
-56.0
-62.0
-54.0
-41.0
-38.0
-36.0
-37.0
-46.0
-48.0
-36.0
-36.0
-43.0
-65.0
-68.0
-60.0
-63.0
-60.0
-47.0
-32.0
-11.0
-11.0
-14.0
-34.0
-71.0
-74.0
-66.0
-71.0
-71.0
-77.0
-81.0
-84.0
-84.0
-71.0
-60.0
-58.0
-51.0
-54.0
-56.0
-63.0
-80.0
-81.0
-77.0
-80.0
-74.0
-63.0
-51.0
-52.0
-69.0
-79.0
-85.0
-102.0
-106.0
-92.0
-83.0
-83.0
-80.0
-88.0
-99.0
-105.0
-104.0
-98.0
-86.0
-74.0
-74.0
-76.0
-83.0
-97.0
-98.0
-98.0
-95.0
-82.0
-70.0
-64.0
-62.0
-67.0
-62.0
-55.0
-56.0
-51.0
-53.0
-57.0
-51.0
-36.0
-25.0
-25.0
-31.0
-33.0
-38.0
-49.0
-60.0
-67.0
-55.0
-49.0
-52.0
-31.0
-22.0
-16.0
11.0
27.0
25.0
41.0
74.0
106.0
116.0
138.0
154.0
152.0
158.0
164.0
153.0
159.0
161.0
175.0
192.0
206.0
220.0
248.0
269.0
274.0
284.0
293.0
303.0
306.0
307.0
307.0
303.0
289.0
261.0
225.0
188.0
165.0
138.0
107.0
77.0
67.0
67.0
61.0
37.0
9.0
-24.0
-64.0
-82.0
-98.0
-109.0
-107.0
-105.0
-109.0
-116.0
-128.0
-139.0
-141.0
-146.0
-148.0
-147.0
-149.0
-155.0
-176.0
-185.0
-192.0
-208.0
-209.0
-211.0
-193.0
-168.0
-164.0
-165.0
-163.0
-164.0
-167.0
-177.0
-195.0
-200.0
-199.0
-188.0
-175.0
-165.0
-145.0
-129.0
-127.0
-103.0
-83.0
-74.0
-70.0
-95.0
-109.0
-105.0
-112.0
-121.0
-123.0
-123.0
-125.0
-118.0
-100.0
-87.0
-83.0
-81.0
-83.0
-88.0
-82.0
-76.0
-79.0
-78.0
-71.0
-63.0
-67.0
-74.0
-80.0
-80.0
-70.0
-65.0
-77.0
-80.0
-77.0
-65.0
-59.0
-53.0
-54.0
-63.0
-64.0
-62.0
-62.0
-62.0
-45.0
-47.0
-53.0
-55.0
-68.0
-70.0
-74.0
-67.0
-68.0
-72.0
-63.0
-46.0
-26.0
-34.0
-42.0
-39.0
-43.0
-46.0
-45.0
-58.0
-73.0
-76.0
-81.0
-71.0
-48.0
-41.0
-39.0
-37.0
-45.0
-43.0
-40.0
-31.0
-32.0
-36.0
-27.0
-14.0
-8.0
-3.0
-4.0
-5.0
-7.0
-7.0
1.0
-7.0
-13.0
-3.0
-7.0
-7.0
-13.0
-42.0
-45.0
-20.0
-21.0
-32.0
-34.0
-31.0
-20.0
-8.0
-3.0
-14.0
-27.0
-30.0
-43.0
-60.0
-63.0
-51.0
-44.0
-51.0
-41.0
-38.0
-46.0
-50.0
-57.0
-65.0
-61.0
-46.0
-30.0
-20.0
-21.0
-24.0
-20.0
-14.0
-7.0
4.0
20.0
36.0
56.0
71.0
65.0
78.0
98.0
86.0
76.0
86.0
84.0
90.0
82.0
79.0
87.0
96.0
102.0
115.0
128.0
155.0
165.0
163.0
185.0
198.0
185.0
174.0
161.0
140.0
116.0
92.0
78.0
68.0
52.0
45.0
35.0
21.0
13.0
6.0
10.0
6.0
-5.0
-34.0
-65.0
-72.0
-73.0
-77.0
-71.0
-62.0
-60.0
-61.0
-62.0
-61.0
-72.0
-82.0
-74.0
-74.0
-77.0
-78.0
-90.0
-92.0
-85.0
-81.0
-80.0
-77.0
-82.0
-82.0
-85.0
-81.0
-80.0
-81.0
-81.0
-78.0
-73.0
-67.0
-67.0
-62.0
-60.0
-59.0
-56.0
-52.0
-58.0
-59.0
-58.0
-49.0
-42.0
-46.0
-50.0
-53.0
-55.0
-52.0
-47.0
-48.0
-51.0
-61.0
-65.0
-64.0
-60.0
-46.0
-46.0
-48.0
-49.0
-46.0
-43.0
-51.0
-52.0
-52.0
-52.0
-48.0
-48.0
-41.0
-36.0
-48.0
-57.0
-54.0
-51.0
-43.0
-39.0
-42.0
-36.0
-37.0
-37.0
-40.0
-54.0
-52.0
-43.0
-49.0
-50.0
-50.0
-43.0
-42.0
-56.0
-50.0
-44.0
-41.0
-36.0
-52.0
-60.0
-52.0
-50.0
-56.0
-42.0
-40.0
-44.0
-46.0
-53.0
-57.0
-56.0
-61.0
-50.0
-43.0
-43.0
-43.0
-48.0
-50.0
-49.0
-58.0
-63.0
-68.0
-64.0
-58.0
-56.0
-60.0
-72.0
-72.0
-76.0
-76.0
-71.0
-74.0
-70.0
-63.0
-67.0
-76.0
-71.0
-70.0
-72.0
-67.0
-64.0
-65.0
-71.0
-81.0
-74.0
-58.0
-56.0
-62.0
-63.0
-59.0
-67.0
-64.0
-56.0
-58.0
-52.0
-48.0
-54.0
-55.0
-55.0
-55.0
-51.0
-49.0
-42.0
-24.0
2.0
28.0
26.0
8.0
-16.0
-32.0
-36.0
-46.0
-48.0
-42.0
-38.0
-39.0
-43.0
-51.0
-54.0
-55.0
-58.0
-47.0
-53.0
-54.0
-54.0
-55.0
-57.0
-53.0
-53.0
-53.0
-45.0
-40.0
-42.0
-40.0
-20.0
-16.0
-31.0
-37.0
-35.0
-39.0
-45.0
-41.0
-37.0
-34.0
-25.0
-23.0
-34.0
-44.0
-53.0
-58.0
-52.0
-44.0
-44.0
-48.0
-56.0
-64.0
-68.0
-75.0
-76.0
-65.0
-62.0
-54.0
-54.0
-50.0
-47.0
-46.0
-51.0
-69.0
-82.0
-83.0
-82.0
-71.0
-56.0
-41.0
-31.0
-32.0
-33.0
-33.0
-40.0
-46.0
-55.0
-61.0
-56.0
-53.0
-51.0
-45.0
-37.0
-41.0
-52.0
-63.0
-69.0
-72.0
-68.0
-58.0
-60.0
-56.0
-50.0
-56.0
-67.0
-61.0
-65.0
-76.0
-67.0
-53.0
-39.0
-33.0
-25.0
-25.0
-44.0
-49.0
-49.0
-53.0
-50.0
-47.0
-39.0
-31.0
-33.0
-37.0
-37.0
-38.0
-37.0
-42.0
-38.0
-33.0
-35.0
-28.0
-20.0
-19.0
-33.0
-25.0
2.0
-1.0
-8.0
-5.0
-7.0
-13.0
-22.0
-28.0
-25.0
-22.0
-25.0
-22.0
-15.0
-16.0
-20.0
-22.0
-15.0
-20.0
-29.0
-33.0
-40.0
-41.0
-42.0
-51.0
-49.0
-53.0
-59.0
-46.0
-25.0
-14.0
-8.0
-17.0
-37.0
-55.0
-51.0
-48.0
-44.0
-48.0
-51.0
-52.0
-40.0
-41.0
-43.0
-46.0
-56.0
-57.0
-54.0
-58.0
-61.0
-61.0
-55.0
-48.0
-52.0
-56.0
-43.0
-49.0
-68.0
-58.0
-23.0
-13.0
-12.0
-22.0
-33.0
-30.0
-19.0
-20.0
-23.0
0.0
20.0
33.0
62.0
113.0
163.0
203.0
228.0
220.0
198.0
189.0
181.0
166.0
149.0
129.0
100.0
74.0
52.0
41.0
25.0
6.0
-9.0
-24.0
-42.0
-56.0
-67.0
-77.0
-93.0
-105.0
-105.0
-101.0
-99.0
-96.0
-110.0
-124.0
-127.0
-132.0
-136.0
-143.0
-136.0
-127.0
-128.0
-129.0
-119.0
-125.0
-129.0
-131.0
-138.0
-134.0
-128.0
-125.0
-126.0
-124.0
-126.0
-127.0
-121.0
-122.0
-121.0
-105.0
-96.0
-104.0
-80.0
-72.0
-79.0
-77.0
-75.0
-71.0
-69.0
-68.0
-61.0
-50.0
-44.0
-42.0
-46.0
-41.0
-34.0
-39.0
-32.0
-23.0
-31.0
-31.0
-36.0
-39.0
-31.0
-31.0
-31.0
-33.0
-40.0
-37.0
-35.0
-29.0
-23.0
-26.0
-23.0
-24.0
-32.0
-27.0
-20.0
-29.0
-36.0
-33.0
-31.0
-33.0
-35.0
-40.0
-40.0
-36.0
-31.0
-33.0
-38.0
-39.0
-37.0
-30.0
-36.0
-40.0
-31.0
-29.0
-21.0
-5.0
11.0
29.0
22.0
-4.0
-23.0
-26.0
-26.0
-32.0
-29.0
-21.0
-24.0
-23.0
-24.0
-35.0
-32.0
-26.0
-20.0
-12.0
-11.0
-2.0
-2.0
-10.0
-27.0
-23.0
-7.0
-13.0
-15.0
-11.0
-6.0
-23.0
-32.0
-30.0
-34.0
-34.0
-35.0
-42.0
-29.0
-17.0
-8.0
5.0
21.0
35.0
50.0
79.0
126.0
152.0
169.0
188.0
195.0
202.0
199.0
192.0
182.0
158.0
137.0
119.0
86.0
63.0
53.0
46.0
32.0
14.0
15.0
13.0
-12.0
-30.0
-32.0
-39.0
-46.0
-49.0
-50.0
-60.0
-64.0
-61.0
-67.0
-69.0
-69.0
-68.0
-56.0
-59.0
-64.0
-64.0
-65.0
-61.0
-60.0
-70.0
-74.0
-82.0
-83.0
-84.0
-83.0
-74.0
-76.0
-82.0
-75.0
-64.0
-70.0
-76.0
-79.0
-74.0
-68.0
-60.0
-63.0
-65.0
-55.0
-42.0
-48.0
-54.0
-56.0
-58.0
-50.0
-42.0
-44.0
-45.0
-48.0
-53.0
-61.0
-60.0
-56.0
-54.0
-49.0
-41.0
-41.0
-48.0
-49.0
-51.0
-54.0
-52.0
-48.0
-52.0
-59.0
-58.0
-45.0
-45.0
-42.0
-43.0
-41.0
-41.0
-52.0
-54.0
-61.0
-65.0
-59.0
-58.0
-62.0
-64.0
-70.0
-76.0
-68.0
-56.0
-44.0
-45.0
-54.0
-58.0
-67.0
-69.0
-62.0
-49.0
-22.0
4.0
18.0
25.0
6.0
-24.0
-34.0
-36.0
-39.0
-32.0
-28.0
-22.0
-26.0
-31.0
-26.0
-28.0
-35.0
-42.0
-42.0
-34.0
-27.0
-21.0
-18.0
-25.0
-18.0
-11.0
-8.0
-12.0
-12.0
-6.0
-9.0
-18.0
-15.0
-4.0
-5.0
-6.0
-11.0
-8.0
-3.0
-13.0
-23.0
-10.0
-3.0
-20.0
-31.0
-37.0
-41.0
-40.0
-41.0
-36.0
-36.0
-36.0
-30.0
-29.0
-25.0
-21.0
-20.0
-17.0
-23.0
-33.0
-36.0
-31.0
-29.0
-33.0
-45.0
-56.0
-46.0
-33.0
-26.0
-23.0
-25.0
-37.0
-42.0
-49.0
-59.0
-56.0
-56.0
-48.0
-46.0
-44.0
-39.0
-46.0
-56.0
-41.0
-39.0
-45.0
-47.0
-40.0
-30.0
-32.0
-34.0
-34.0
-48.0
-52.0
-46.0
-41.0
-24.0
-8.0
1.0
15.0
23.0
14.0
1.0
-8.0
-8.0
-14.0
-17.0
0.0
6.0
-1.0
3.0
3.0
8.0
3.0
-5.0
-3.0
-9.0
-11.0
-17.0
-13.0
2.0
-3.0
-5.0
13.0
36.0
61.0
87.0
112.0
143.0
160.0
167.0
171.0
164.0
154.0
154.0
153.0
136.0
108.0
83.0
62.0
45.0
38.0
36.0
24.0
25.0
27.0
18.0
13.0
-5.0
-18.0
-19.0
-28.0
-34.0
-31.0
-32.0
-36.0
-43.0
-39.0
-23.0
-7.0
5.0
3.0
-4.0
-24.0
-44.0
-47.0
-49.0
-49.0
-39.0
-40.0
-48.0
-52.0
-52.0
-52.0
-56.0
-62.0
-55.0
-58.0
-68.0
-62.0
-56.0
-67.0
-60.0
-48.0
-46.0
-40.0
-39.0
-43.0
-48.0
-42.0
-33.0
-40.0
-48.0
-55.0
-64.0
-64.0
-64.0
-57.0
-57.0
-71.0
-73.0
-74.0
-72.0
-70.0
-64.0
-54.0
-46.0
-56.0
-57.0
-60.0
-71.0
-74.0
-75.0
-76.0
-65.0
-66.0
-65.0
-55.0
-43.0
-35.0
-46.0
-55.0
-48.0
-49.0
-54.0
-55.0
-54.0
-58.0
-61.0
-50.0
-32.0
-30.0
-27.0
-32.0
-50.0
-47.0
-40.0
-35.0
-43.0
-45.0
-31.0
-25.0
-17.0
-16.0
-41.0
-53.0
-36.0
-31.0
-31.0
-35.0
-40.0
-37.0
-30.0
-20.0
-33.0
-43.0
-39.0
-44.0
-54.0
-55.0
-59.0
-64.0
-53.0
-47.0
-47.0
-45.0
-52.0
-61.0
-62.0
-60.0
-54.0
-54.0
-60.0
-64.0
-71.0
-73.0
-78.0
-78.0
-65.0
-59.0
-50.0
-50.0
-58.0
-65.0
-66.0
-52.0
-36.0
-25.0
-21.0
-19.0
-18.0
-13.0
-12.0
-21.0
-22.0
-24.0
-16.0
2.0
16.0
10.0
6.0
10.0
8.0
7.0
16.0
36.0
49.0
60.0
66.0
70.0
71.0
58.0
61.0
65.0
76.0
92.0
86.0
71.0
47.0
17.0
17.0
20.0
13.0
11.0
-2.0
-14.0
-7.0
2.0
8.0
-1.0
-11.0
-7.0
3.0
3.0
9.0
8.0
1.0
-7.0
-13.0
-3.0
1.0
1.0
11.0
16.0
16.0
17.0
20.0
17.0
8.0
7.0
10.0
7.0
6.0
4.0
0.0
-16.0
-22.0
7.0
3.0
-2.0
12.0
20.0
23.0
32.0
29.0
16.0
14.0
7.0
-4.0
-5.0
-8.0
-21.0
-31.0
-36.0
-33.0
-45.0
-56.0
-56.0
-54.0
-49.0
-52.0
-55.0
-56.0
-68.0
-63.0
-62.0
-61.0
-49.0
-50.0
-51.0
-50.0
-57.0
-42.0
-39.0
-42.0
-46.0
-46.0
-41.0
-33.0
-32.0
-41.0
-33.0
-17.0
-11.0
-15.0
-15.0
-14.0
-21.0
-18.0
-17.0
-27.0
-30.0
-22.0
-17.0
-18.0
-14.0
-13.0
-31.0
-45.0
-41.0
-49.0
-52.0
-52.0
-60.0
-64.0
-60.0
-58.0
-61.0
-61.0
-59.0
-55.0
-54.0
-58.0
-70.0
-73.0
-64.0
-54.0
-43.0
-44.0
-53.0
-56.0
-55.0
-54.0
-48.0
-50.0
-49.0
-40.0
-40.0
-43.0
-29.0
-17.0
-5.0
-4.0
-5.0
6.0
14.0
24.0
40.0
58.0
69.0
86.0
128.0
155.0
169.0
184.0
186.0
181.0
192.0
196.0
195.0
187.0
180.0
185.0
177.0
165.0
150.0
144.0
165.0
188.0
199.0
205.0
182.0
129.0
109.0
95.0
80.0
83.0
87.0
88.0
77.0
80.0
80.0
67.0
44.0
27.0
11.0
-4.0
-15.0
-20.0
-27.0
-37.0
-34.0
-39.0
-59.0
-79.0
-93.0
-93.0
-81.0
-68.0
-65.0
-65.0
-67.0
-84.0
-86.0
-73.0
-62.0
-60.0
-63.0
-61.0
-62.0
-73.0
-93.0
-92.0
-76.0
-71.0
-63.0
-64.0
-61.0
-63.0
-69.0
-62.0
-56.0
-61.0
-60.0
-60.0
-66.0
-61.0
-64.0
-74.0
-66.0
-60.0
-59.0
-58.0
-56.0
-47.0
-54.0
-71.0
-64.0
-70.0
-68.0
-64.0
-82.0
-80.0
-70.0
-73.0
-65.0
-62.0
-58.0
-55.0
-60.0
-71.0
-86.0
-89.0
-81.0
-74.0
-68.0
-72.0
-72.0
-68.0
-67.0
-67.0
-68.0
-60.0
-51.0
-53.0
-49.0
-49.0
-56.0
-64.0
-72.0
-87.0
-82.0
-73.0
-76.0
-76.0
-89.0
-94.0
-78.0
-74.0
-65.0
-49.0
-48.0
-44.0
-44.0
-52.0
-24.0
-17.0
-17.0
-7.0
-5.0
0.0
2.0
-3.0
7.0
8.0
8.0
17.0
15.0
15.0
23.0
21.0
20.0
16.0
12.0
12.0
15.0
20.0
20.0
20.0
28.0
32.0
30.0
32.0
30.0
34.0
33.0
32.0
21.0
4.0
3.0
8.0
3.0
-1.0
-5.0
-4.0
-11.0
-29.0
-37.0
-46.0
-26.0
10.0
32.0
40.0
37.0
10.0
-9.0
-1.0
-11.0
-26.0
-32.0
-28.0
-27.0
-33.0
-32.0
-36.0
-46.0
-45.0
-36.0
-30.0
-24.0
-21.0
-30.0
-43.0
-52.0
-48.0
-40.0
-39.0
-35.0
-36.0
-36.0
-45.0
-50.0
-46.0
-56.0
-60.0
-46.0
-40.0
-56.0
-63.0
-43.0
-26.0
-22.0
-30.0
-24.0
-22.0
-27.0
-21.0
-20.0
-21.0
-30.0
-41.0
-37.0
-28.0
-39.0
-33.0
-30.0
-30.0
-31.0
-36.0
-43.0
-31.0
-22.0
-24.0
-27.0
-23.0
-10.0
-6.0
-6.0
-7.0
-9.0
-7.0
-19.0
-10.0
-9.0
-18.0
-12.0
-6.0
-11.0
-11.0
5.0
13.0
-1.0
-3.0
8.0
4.0
-2.0
-2.0
-7.0
-8.0
-12.0
-13.0
-5.0
-7.0
-17.0
-20.0
-35.0
-34.0
-28.0
-35.0
-33.0
-23.0
-22.0
-16.0
-14.0
-11.0
-15.0
-18.0
-21.0
-26.0
-26.0
-14.0
-12.0
-15.0
-25.0
-36.0
-47.0
-49.0
-44.0
-33.0
-31.0
-39.0
-34.0
-31.0
-32.0
-33.0
-39.0
-41.0
-43.0
-41.0
-32.0
-29.0
-30.0
-33.0
-36.0
-29.0
-29.0
-33.0
-40.0
-43.0
-31.0
-32.0
-38.0
-41.0
-55.0
-45.0
-43.0
-58.0
-60.0
-58.0
-63.0
-66.0
-61.0
-49.0
-41.0
-32.0
-11.0
-5.0
-11.0
-38.0
-57.0
-44.0
-38.0
-30.0
-2.0
27.0
30.0
44.0
77.0
99.0
123.0
136.0
125.0
114.0
118.0
123.0
114.0
93.0
71.0
73.0
84.0
88.0
96.0
104.0
102.0
86.0
70.0
48.0
33.0
20.0
6.0
10.0
20.0
22.0
11.0
1.0
0.0
-12.0
-26.0
-23.0
-19.0
-31.0
-51.0
-56.0
-57.0
-65.0
-70.0
-77.0
-97.0
-115.0
-120.0
-122.0
-127.0
-138.0
-133.0
-117.0
-117.0
-117.0
-119.0
-111.0
-115.0
-128.0
-134.0
-139.0
-137.0
-132.0
-125.0
-111.0
-103.0
-108.0
-106.0
-91.0
-84.0
-80.0
-78.0
-84.0
-78.0
-77.0
-72.0
-62.0
-58.0
-63.0
-64.0
-52.0
-36.0
-41.0
-57.0
-55.0
-54.0
-60.0
-63.0
-71.0
-76.0
-79.0
-85.0
-73.0
-66.0
-74.0
-79.0
-75.0
-80.0
-89.0
-86.0
-85.0
-94.0
-96.0
-93.0
-93.0
-96.0
-101.0
-95.0
-92.0
-98.0
-108.0
-110.0
-105.0
-97.0
-82.0
-72.0
-76.0
-78.0
-79.0
-84.0
-87.0
-78.0
-73.0
-68.0
-58.0
-57.0
-58.0
-56.0
-55.0
-52.0
-51.0
-56.0
-60.0
-56.0
-50.0
-49.0
-50.0
-40.0
-35.0
-39.0
-37.0
-35.0
-33.0
-37.0
-39.0
-39.0
-51.0
-49.0
-30.0
-13.0
9.0
15.0
10.0
-10.0
-42.0
-49.0
-43.0
-50.0
-51.0
-50.0
-48.0
-45.0
-41.0
-39.0
-40.0
-34.0
-28.0
-18.0
-12.0
-28.0
-34.0
-24.0
-16.0
-17.0
-23.0
-22.0
-30.0
-33.0
-39.0
-39.0
-34.0
-36.0
-33.0
-32.0
-43.0
-48.0
-46.0
-46.0
-52.0
-60.0
-54.0
-40.0
-43.0
-47.0
-51.0
-54.0
-57.0
-60.0
-63.0
-65.0
-71.0
-77.0
-77.0
-75.0
-79.0
-72.0
-60.0
-56.0
-57.0
-53.0
-48.0
-54.0
-54.0
-55.0
-52.0
-48.0
-44.0
-45.0
-63.0
-71.0
-66.0
-60.0
-49.0
-40.0
-42.0
-48.0
-40.0
-29.0
-36.0
-59.0
-59.0
-51.0
-52.0
-56.0
-59.0
-50.0
-46.0
-48.0
-52.0
-54.0
-58.0
-51.0
-52.0
-58.0
-43.0
-38.0
-31.0
-24.0
-36.0
-29.0
-32.0
-50.0
-58.0
-57.0
-40.0
-20.0
-20.0
-23.0
-20.0
-23.0
-30.0
-30.0
-15.0
-3.0
10.0
38.0
52.0
55.0
43.0
17.0
10.0
8.0
11.0
31.0
56.0
76.0
115.0
155.0
199.0
216.0
210.0
213.0
211.0
220.0
233.0
227.0
213.0
211.0
177.0
138.0
99.0
73.0
56.0
40.0
37.0
38.0
18.0
10.0
12.0
-2.0
-20.0
-31.0
-34.0
-48.0
-60.0
-59.0
-58.0
-33.0
-7.0
-5.0
-10.0
-29.0
-76.0
-105.0
-108.0
-110.0
-108.0
-111.0
-117.0
-124.0
-131.0
-144.0
-148.0
-149.0
-155.0
-159.0
-166.0
-162.0
-161.0
-162.0
-161.0
-147.0
-137.0
-135.0
-128.0
-122.0
-118.0
-117.0
-113.0
-112.0
-111.0
-102.0
-94.0
-87.0
-82.0
-78.0
-86.0
-87.0
-83.0
-82.0
-76.0
-67.0
-63.0
-63.0
-61.0
-60.0
-62.0
-64.0
-64.0
-59.0
-61.0
-60.0
-54.0
-64.0
-68.0
-72.0
-67.0
-61.0
-63.0
-70.0
-61.0
-49.0
-55.0
-68.0
-61.0
-49.0
-38.0
-30.0
-24.0
-10.0
-5.0
-16.0
-10.0
-12.0
-22.0
-17.0
-11.0
-12.0
-12.0
-6.0
7.0
22.0
22.0
12.0
5.0
-3.0
-5.0
-21.0
-14.0
12.0
20.0
6.0
-6.0
-6.0
-11.0
-20.0
-27.0
-37.0
-36.0
-26.0
-21.0
-20.0
-17.0
-22.0
-23.0
-15.0
-8.0
-8.0
-7.0
-2.0
3.0
1.0
-3.0
0.0
2.0
12.0
18.0
21.0
24.0
26.0
25.0
21.0
29.0
40.0
42.0
40.0
41.0
35.0
41.0
40.0
24.0
20.0
25.0
23.0
17.0
22.0
34.0
39.0
40.0
49.0
43.0
36.0
52.0
56.0
52.0
64.0
76.0
95.0
137.0
169.0
225.0
254.0
278.0
282.0
272.0
264.0
261.0
254.0
239.0
212.0
185.0
172.0
153.0
132.0
118.0
107.0
101.0
90.0
72.0
53.0
36.0
26.0
2.0
-16.0
-20.0
-24.0
-20.0
-12.0
-11.0
-11.0
-24.0
-39.0
-64.0
-84.0
-87.0
-81.0
-71.0
-62.0
-55.0
-49.0
-49.0
-60.0
-83.0
-105.0
-117.0
-114.0
-107.0
-106.0
-101.0
-106.0
-121.0
-129.0
-133.0
-131.0
-122.0
-107.0
-102.0
-101.0
-99.0
-91.0
-100.0
-102.0
-106.0
-107.0
-105.0
-116.0
-116.0
-100.0
-97.0
-83.0
-76.0
-76.0
-79.0
-80.0
-76.0
-75.0
-73.0
-63.0
-64.0
-75.0
-83.0
-93.0
-90.0
-78.0
-69.0
-50.0
-36.0
-40.0
-45.0
-49.0
-54.0
-52.0
-49.0
-47.0
-45.0
-39.0
-42.0
-47.0
-35.0
-40.0
-45.0
-46.0
-57.0
-52.0
-37.0
-38.0
-34.0
-30.0
-40.0
-56.0
-45.0
-43.0
-46.0
-48.0
-44.0
-46.0
-49.0
-53.0
-70.0
-78.0
-76.0
-75.0
-75.0
-74.0
-70.0
-51.0
-42.0
-44.0
-46.0
-50.0
-41.0
-39.0
-47.0
-38.0
-31.0
-23.0
-12.0
-8.0
-2.0
-5.0
-4.0
3.0
14.0
26.0
68.0
117.0
170.0
209.0
205.0
183.0
159.0
160.0
178.0
188.0
204.0
205.0
197.0
165.0
110.0
79.0
65.0
58.0
66.0
73.0
65.0
48.0
24.0
12.0
4.0
-16.0
-26.0
-27.0
-32.0
-37.0
-40.0
-51.0
-58.0
-76.0
-89.0
-88.0
-87.0
-89.0
-81.0
-78.0
-92.0
-101.0
-92.0
-90.0
-91.0
-87.0
-81.0
-83.0
-72.0
-69.0
-71.0
-71.0
-73.0
-73.0
-68.0
-65.0
-56.0
-52.0
-50.0
-37.0
-35.0
-33.0
-37.0
-37.0
-26.0
-18.0
-5.0
-2.0
-6.0
-13.0
-22.0
-33.0
-35.0
-37.0
-37.0
-42.0
-44.0
-45.0
-41.0
-35.0
-29.0
-23.0
-16.0
-16.0
-25.0
-31.0
-42.0
-54.0
-59.0
-63.0
-62.0
-62.0
-63.0
-68.0
-72.0
-65.0
-53.0
-58.0
-62.0
-71.0
-81.0
-85.0
-84.0
-80.0
-75.0
-78.0
-78.0
-71.0
-69.0
-71.0
-82.0
-89.0
-83.0
-78.0
-78.0
-75.0
-69.0
-76.0
-84.0
-86.0
-86.0
-83.0
-82.0
-85.0
-89.0
-87.0
-83.0
-84.0
-88.0
-97.0
-100.0
-89.0
-84.0
-79.0
-71.0
-64.0
-61.0
-64.0
-65.0
-58.0
-50.0
-44.0
-26.0
-8.0
3.0
8.0
9.0
5.0
-4.0
-2.0
-1.0
8.0
23.0
33.0
57.0
79.0
87.0
109.0
145.0
177.0
208.0
233.0
233.0
197.0
176.0
162.0
143.0
134.0
135.0
133.0
111.0
61.0
31.0
33.0
26.0
12.0
-5.0
-17.0
-16.0
-9.0
-15.0
-13.0
-10.0
-14.0
-11.0
-7.0
-12.0
-20.0
-14.0
3.0
6.0
4.0
-3.0
-14.0
-15.0
-14.0
-31.0
-36.0
-51.0
-72.0
-71.0
-82.0
-103.0
-105.0
-109.0
-114.0
-111.0
-105.0
-108.0
-116.0
-124.0
-140.0
-171.0
-175.0
-164.0
-169.0
-165.0
-159.0
-147.0
-146.0
-153.0
-151.0
-148.0
-141.0
-130.0
-120.0
-103.0
-91.0
-82.0
-65.0
-70.0
-71.0
-59.0
-66.0
-64.0
-56.0
-67.0
-67.0
-78.0
-90.0
-96.0
-107.0
-117.0
-125.0
-122.0
-109.0
-111.0
-121.0
-115.0
-100.0
-97.0
-90.0
-83.0
-86.0
-85.0
-71.0
-62.0
-62.0
-56.0
-63.0
-71.0
-63.0
-59.0
-67.0
-74.0
-71.0
-58.0
-64.0
-74.0
-73.0
-81.0
-84.0
-78.0
-73.0
-63.0
-62.0
-65.0
-63.0
-62.0
-56.0
-48.0
-47.0
-46.0
-32.0
-16.0
5.0
16.0
11.0
13.0
18.0
12.0
10.0
10.0
5.0
0.0
-4.0
-3.0
-10.0
-11.0
-8.0
-7.0
8.0
21.0
31.0
50.0
71.0
103.0
128.0
129.0
168.0
212.0
218.0
215.0
212.0
219.0
216.0
199.0
194.0
187.0
168.0
120.0
63.0
25.0
3.0
-4.0
-23.0
-50.0
-71.0
-81.0
-88.0
-91.0
-87.0
-87.0
-83.0
-93.0
-107.0
-111.0
-119.0
-128.0
-116.0
-100.0
-82.0
-71.0
-67.0
-63.0
-61.0
-73.0
-87.0
-84.0
-73.0
-67.0
-66.0
-64.0
-71.0
-71.0
-58.0
-63.0
-64.0
-58.0
-59.0
-46.0
-29.0
-14.0
-13.0
-22.0
-25.0
-32.0
-44.0
-47.0
-46.0
-46.0
-49.0
-43.0
-46.0
-66.0
-75.0
-76.0
-85.0
-80.0
-77.0
-78.0
-69.0
-77.0
-79.0
-80.0
-90.0
-95.0
-85.0
-68.0
-54.0
-54.0
-41.0
-29.0
-35.0
-41.0
-33.0
-35.0
-45.0
-43.0
-34.0
-39.0
-40.0
-35.0
-33.0
-40.0
-36.0
-45.0
-44.0
-34.0
-35.0
-47.0
-48.0
-40.0
-22.0
-22.0
-23.0
-10.0
-5.0
-8.0
-7.0
-8.0
-9.0
-9.0
3.0
15.0
23.0
30.0
21.0
3.0
-5.0
-1.0
0.0
0.0
10.0
21.0
29.0
35.0
33.0
28.0
48.0
68.0
78.0
102.0
142.0
176.0
231.0
280.0
295.0
298.0
278.0
264.0
252.0
242.0
215.0
188.0
173.0
166.0
146.0
122.0
108.0
87.0
57.0
45.0
27.0
3.0
-16.0
-21.0
-18.0
-12.0
-1.0
-6.0
-26.0
-49.0
-80.0
-90.0
-87.0
-89.0
-92.0
-92.0
-94.0
-106.0
-117.0
-125.0
-136.0
-143.0
-139.0
-146.0
-163.0
-166.0
-175.0
-187.0
-198.0
-205.0
-196.0
-182.0
-177.0
-170.0
-165.0
-165.0
-162.0
-164.0
-155.0
-152.0
-153.0
-146.0
-130.0
-108.0
-91.0
-88.0
-82.0
-77.0
-71.0
-59.0
-50.0
-44.0
-44.0
-45.0
-35.0
-31.0
-39.0
-52.0
-65.0
-70.0
-73.0
-92.0
-97.0
-96.0
-98.0
-100.0
-98.0
-92.0
-79.0
-76.0
-74.0
-87.0
-97.0
-89.0
-93.0
-89.0
-85.0
-95.0
-90.0
-85.0
-75.0
-65.0
-70.0
-75.0
-70.0
-51.0
-25.0
2.0
26.0
68.0
110.0
151.0
196.0
231.0
261.0
283.0
293.0
293.0
282.0
262.0
231.0
191.0
158.0
128.0
93.0
63.0
41.0
29.0
21.0
16.0
13.0
-4.0
-32.0
-43.0
-59.0
-77.0
-82.0
-87.0
-90.0
-94.0
-102.0
-98.0
-103.0
-112.0
-110.0
-116.0
-124.0
-127.0
-129.0
-122.0
-120.0
-118.0
-111.0
-113.0
-119.0
-131.0
-142.0
-143.0
-146.0
-146.0
-150.0
-161.0
-159.0
-151.0
-153.0
-152.0
-152.0
-159.0
-159.0
-150.0
-142.0
-135.0
-126.0
-116.0
-114.0
-103.0
-90.0
-79.0
-62.0
-53.0
-49.0
-59.0
-95.0
-117.0
-117.0
-119.0
-120.0
-118.0
-118.0
-98.0
-88.0
-90.0
-94.0
-97.0
-100.0
-97.0
-95.0
-90.0
-89.0
-90.0
-89.0
-90.0
-83.0
-78.0
-82.0
-88.0
-94.0
-95.0
-81.0
-64.0
-58.0
-61.0
-68.0
-61.0
-62.0
-62.0
-58.0
-64.0
-54.0
-46.0
-50.0
-46.0
-52.0
-62.0
-58.0
-50.0
-41.0
-38.0
-45.0
-48.0
-53.0
-53.0
-51.0
-47.0
-40.0
-38.0
-33.0
-15.0
-14.0
-11.0
-14.0
-31.0
-25.0
-20.0
-17.0
-6.0
-7.0
-17.0
-13.0
-11.0
-14.0
-23.0
-24.0
-21.0
-33.0
-39.0
-40.0
-44.0
-45.0
-51.0
-55.0
-49.0
-45.0
-42.0
-40.0
-36.0
-24.0
-5.0
18.0
55.0
88.0
114.0
161.0
190.0
208.0
206.0
195.0
193.0
169.0
131.0
108.0
85.0
56.0
27.0
7.0
-10.0
-20.0
-28.0
-41.0
-59.0
-63.0
-63.0
-74.0
-81.0
-91.0
-96.0
-96.0
-100.0
-103.0
-101.0
-90.0
-77.0
-76.0
-74.0
-79.0
-84.0
-87.0
-85.0
-86.0
-84.0
-87.0
-89.0
-98.0
-109.0
-113.0
-117.0
-118.0
-119.0
-127.0
-127.0
-115.0
-103.0
-95.0
-101.0
-119.0
-130.0
-128.0
-125.0
-111.0
-91.0
-68.0
-62.0
-70.0
-89.0
-114.0
-119.0
-113.0
-111.0
-108.0
-112.0
-118.0
-115.0
-116.0
-111.0
-102.0
-102.0
-106.0
-105.0
-103.0
-95.0
-93.0
-93.0
-86.0
-86.0
-89.0
-87.0
-83.0
-78.0
-79.0
-80.0
-74.0
-76.0
-81.0
-82.0
-83.0
-75.0
-72.0
-81.0
-79.0
-71.0
-69.0
-65.0
-64.0
-61.0
-69.0
-81.0
-84.0
-87.0
-79.0
-73.0
-79.0
-84.0
-84.0
-87.0
-91.0
-91.0
-88.0
-81.0
-73.0
-77.0
-87.0
-88.0
-84.0
-81.0
-66.0
-56.0
-53.0
-57.0
-60.0
-56.0
-54.0
-52.0
-58.0
-74.0
-80.0
-73.0
-67.0
-63.0
-70.0
-74.0
-69.0
-72.0
-78.0
-76.0
-73.0
-75.0
-65.0
-55.0
-54.0
-47.0
-44.0
-42.0
-45.0
-46.0
-50.0
-49.0
-41.0
-41.0
-48.0
-50.0
-55.0
-53.0
-45.0
-42.0
-34.0
-30.0
-23.0
-20.0
-27.0
-26.0
-18.0
-10.0
-3.0
-5.0
-9.0
-15.0
-21.0
-31.0
-28.0
-17.0
-21.0
-29.0
-29.0
-29.0
-35.0
-35.0
-36.0
-39.0
-30.0
-21.0
-15.0
-9.0
-13.0
-21.0
-25.0
-28.0
-30.0
-34.0
-44.0
-41.0
-33.0
-21.0
-20.0
-24.0
-16.0
-15.0
-10.0
10.0
11.0
29.0
77.0
115.0
159.0
189.0
186.0
185.0
185.0
191.0
198.0
183.0
150.0
105.0
72.0
47.0
27.0
15.0
-6.0
-27.0
-31.0
-32.0
-37.0
-48.0
-63.0
-79.0
-87.0
-88.0
-90.0
-96.0
-106.0
-119.0
-126.0
-132.0
-138.0
-139.0
-130.0
-127.0
-122.0
-120.0
-133.0
-139.0
-133.0
-121.0
-114.0
-111.0
-111.0
-100.0
-85.0
-82.0
-84.0
-83.0
-74.0
-69.0
-67.0
-56.0
-45.0
-44.0
-48.0
-52.0
-51.0
-54.0
-60.0
-61.0
-58.0
-52.0
-46.0
-42.0
-40.0
-34.0
-33.0
-32.0
-44.0
-52.0
-43.0
-32.0
-25.0
-32.0
-39.0
-31.0
-21.0
-20.0
-31.0
-45.0
-48.0
-45.0
-47.0
-43.0
-46.0
-55.0
-64.0
-68.0
-60.0
-57.0
-61.0
-53.0
-49.0
-46.0
-40.0
-38.0
-39.0
-39.0
-30.0
-24.0
-19.0
-18.0
-28.0
-43.0
-38.0
-31.0
-34.0
-41.0
-45.0
-45.0
-46.0
-56.0
-59.0
-60.0
-52.0
-29.0
-28.0
-36.0
-25.0
-23.0
-21.0
-17.0
-19.0
-20.0
-22.0
-16.0
-8.0
-7.0
-6.0
-5.0
6.0
29.0
48.0
55.0
71.0
99.0
148.0
186.0
200.0
212.0
215.0
219.0
218.0
201.0
187.0
171.0
173.0
180.0
172.0
144.0
121.0
106.0
87.0
77.0
63.0
62.0
53.0
35.0
26.0
16.0
1.0
-10.0
-17.0
-25.0
-26.0
-20.0
-13.0
-23.0
-53.0
-90.0
-113.0
-130.0
-144.0
-154.0
-146.0
-140.0
-140.0
-137.0
-138.0
-150.0
-173.0
-184.0
-185.0
-178.0
-159.0
-147.0
-130.0
-116.0
-116.0
-130.0
-123.0
-115.0
-119.0
-112.0
-114.0
-116.0
-110.0
-106.0
-98.0
-98.0
-104.0
-109.0
-122.0
-130.0
-125.0
-110.0
-105.0
-111.0
-108.0
-99.0
-96.0
-91.0
-91.0
-93.0
-90.0
-97.0
-79.0
-63.0
-74.0
-78.0
-86.0
-106.0
-125.0
-127.0
-120.0
-118.0
-112.0
-103.0
-106.0
-104.0
-106.0
-103.0
-97.0
-98.0
-111.0
-117.0
-112.0
-110.0
-107.0
-110.0
-106.0
-101.0
-98.0
-93.0
-90.0
-82.0
-74.0
-80.0
-105.0
-115.0
-79.0
-58.0
-65.0
-69.0
-69.0
-77.0
-77.0
-71.0
-70.0
-65.0
-67.0
-76.0
-79.0
-77.0
-82.0
-91.0
-92.0
-80.0
-65.0
-60.0
-51.0
-50.0
-23.0
16.0
21.0
31.0
52.0
58.0
48.0
30.0
30.0
33.0
28.0
17.0
-3.0
-18.0
-17.0
-16.0
-20.0
-14.0
-15.0
-15.0
-16.0
-15.0
-16.0
-27.0
-15.0
5.0
21.0
44.0
51.0
71.0
100.0
121.0
155.0
179.0
185.0
182.0
174.0
163.0
147.0
128.0
105.0
86.0
55.0
28.0
16.0
4.0
-10.0
-12.0
-14.0
-28.0
-29.0
-12.0
4.0
15.0
27.0
30.0
14.0
-15.0
-42.0
-51.0
-58.0
-56.0
-52.0
-63.0
-62.0
-52.0
-52.0
-58.0
-60.0
-59.0
-44.0
-44.0
-46.0
-42.0
-44.0
-41.0
-44.0
-51.0
-39.0
-33.0
-35.0
-34.0
-35.0
-29.0
-32.0
-30.0
-27.0
-27.0
-34.0
-41.0
-37.0
-31.0
-33.0
-31.0
-33.0
-32.0
-4.0
10.0
-5.0
-3.0
-1.0
-14.0
-18.0
-23.0
-25.0
-28.0
-29.0
-26.0
-26.0
-30.0
-22.0
-20.0
-19.0
-18.0
-18.0
-14.0
-16.0
-26.0
-26.0
-35.0
-38.0
-37.0
-41.0
-39.0
-30.0
-18.0
-20.0
-26.0
-24.0
-32.0
-47.0
-34.0
-39.0
-43.0
-42.0
-49.0
-35.0
-39.0
-52.0
-41.0
-35.0
-35.0
-34.0
-37.0
-41.0
-42.0
-39.0
-37.0
-43.0
-42.0
-42.0
-47.0
-56.0
-61.0
-60.0
-52.0
-51.0
-58.0
-57.0
-56.0
-51.0
-37.0
-26.0
-20.0
-8.0
1.0
4.0
-4.0
-13.0
-20.0
-29.0
-33.0
-37.0
-34.0
-30.0
-37.0
-34.0
-27.0
-26.0
-36.0
-44.0
-38.0
-23.0
-19.0
-17.0
-5.0
-7.0
-12.0
-10.0
-17.0
-18.0
-21.0
-16.0
-11.0
-15.0
-25.0
-41.0
-50.0
-37.0
-49.0
-64.0
-69.0
-71.0
-70.0
-82.0
-90.0
-83.0
-81.0
-78.0
-68.0
-66.0
-70.0
-78.0
-76.0
-39.0
-7.0
14.0
10.0
-22.0
-54.0
-64.0
-64.0
-70.0
-74.0
-62.0
-55.0
-52.0
-36.0
-32.0
-23.0
-10.0
2.0
22.0
55.0
83.0
113.0
143.0
172.0
189.0
197.0
192.0
182.0
168.0
147.0
122.0
111.0
95.0
74.0
66.0
53.0
31.0
34.0
37.0
29.0
24.0
16.0
9.0
8.0
5.0
4.0
-6.0
-17.0
-12.0
-10.0
-14.0
-25.0
-35.0
-36.0
-35.0
-42.0
-40.0
-40.0
-39.0
-31.0
-34.0
-42.0
-50.0
-52.0
-35.0
-32.0
-41.0
-46.0
-54.0
-62.0
-63.0
-61.0
-57.0
-58.0
-60.0
-64.0
-65.0
-59.0
-61.0
-64.0
-67.0
-64.0
-54.0
-49.0
-57.0
-61.0
-64.0
-65.0
-48.0
-43.0
-57.0
-50.0
-39.0
-37.0
-36.0
-34.0
-39.0
-46.0
-44.0
-41.0
-40.0
-46.0
-54.0
-51.0
-48.0
-51.0
-44.0
-34.0
-38.0
-39.0
-37.0
-35.0
-33.0
-39.0
-53.0
-49.0
-37.0
-25.0
-8.0
-5.0
-10.0
-24.0
-36.0
-36.0
-36.0
-39.0
-44.0
-52.0
-55.0
-55.0
-54.0
-52.0
-56.0
-51.0
-51.0
-51.0
-50.0
-53.0
-55.0
-61.0
-54.0
-39.0
-37.0
-48.0
-52.0
-58.0
-70.0
-77.0
-89.0
-96.0
-97.0
-94.0
-89.0
-78.0
-55.0
-33.0
-21.0
-6.0
-14.0
-36.0
-47.0
-51.0
-55.0
-54.0
-48.0
-40.0
-28.0
-30.0
-32.0
-30.0
-30.0
-32.0
-34.0
-37.0
-40.0
-42.0
-40.0
-35.0
-40.0
-40.0
-35.0
-38.0
-42.0
-41.0
-43.0
-45.0
-33.0
-33.0
-46.0
-54.0
-51.0
-44.0
-44.0
-53.0
-55.0
-48.0
-40.0
-37.0
-40.0
-44.0
-43.0
-37.0
-22.0
-7.0
-1.0
18.0
52.0
72.0
103.0
144.0
157.0
150.0
144.0
140.0
115.0
89.0
79.0
66.0
55.0
42.0
25.0
13.0
1.0
-3.0
-10.0
-30.0
-44.0
-51.0
-68.0
-72.0
-65.0
-64.0
-61.0
-66.0
-77.0
-75.0
-79.0
-78.0
-78.0
-72.0
-66.0
-75.0
-80.0
-88.0
-106.0
-109.0
-110.0
-112.0
-110.0
-109.0
-104.0
-109.0
-115.0
-118.0
-122.0
-128.0
-126.0
-127.0
-125.0
-110.0
-111.0
-105.0
-98.0
-101.0
-93.0
-90.0
-92.0
-85.0
-84.0
-82.0
-82.0
-90.0
-84.0
-83.0
-87.0
-83.0
-88.0
-95.0
-101.0
-102.0
-106.0
-109.0
-106.0
-98.0
-91.0
-85.0
-80.0
-72.0
-64.0
-59.0
-43.0
-26.0
-25.0
-12.0
-5.0
-12.0
-8.0
-13.0
-14.0
-16.0
-25.0
-29.0
-33.0
-32.0
-28.0
-27.0
-18.0
-18.0
-29.0
-31.0
-21.0
-6.0
-3.0
-3.0
-15.0
-63.0
-93.0
-98.0
-112.0
-129.0
-132.0
-135.0
-135.0
-133.0
-136.0
-128.0
-116.0
-107.0
-98.0
-102.0
-98.0
-95.0
-100.0
-96.0
-97.0
-96.0
-102.0
-105.0
-92.0
-90.0
-89.0
-79.0
-70.0
-65.0
-59.0
-60.0
-55.0
-49.0
-46.0
-39.0
-31.0
-26.0
-17.0
-13.0
-13.0
-18.0
-26.0
-11.0
14.0
29.0
49.0
63.0
94.0
127.0
142.0
140.0
122.0
112.0
127.0
138.0
132.0
125.0
116.0
109.0
89.0
66.0
57.0
42.0
30.0
26.0
18.0
18.0
15.0
3.0
4.0
4.0
10.0
1.0
-25.0
-37.0
-42.0
-38.0
-32.0
-36.0
-34.0
-24.0
-25.0
-28.0
-31.0
-40.0
-36.0
-24.0
-24.0
-23.0
-24.0
-32.0
-40.0
-42.0
-42.0
-41.0
-35.0
-19.0
-10.0
-8.0
-18.0
-31.0
-36.0
-46.0
-51.0
-49.0
-55.0
-55.0
-50.0
-59.0
-64.0
-48.0
-41.0
-42.0
-46.0
-46.0
-52.0
-52.0
-42.0
-42.0
-48.0
-53.0
-66.0
-67.0
-72.0
-74.0
-71.0
-68.0
-61.0
-68.0
-79.0
-84.0
-86.0
-81.0
-72.0
-68.0
-68.0
-63.0
-62.0
-52.0
-53.0
-62.0
-54.0
-54.0
-63.0
-54.0
-56.0
-56.0
-45.0
-33.0
-23.0
-13.0
-15.0
-36.0
-52.0
-54.0
-52.0
-51.0
-54.0
-58.0
-58.0
-60.0
-64.0
-54.0
-52.0
-62.0
-50.0
-32.0
-25.0
-24.0
-26.0
-27.0
-34.0
-45.0
-44.0
-37.0
-21.0
-18.0
-29.0
-33.0
-49.0
-57.0
-48.0
-42.0
-43.0
-40.0
-41.0
-33.0
-23.0
-37.0
-48.0
-60.0
-65.0
-62.0
-62.0
-52.0
-52.0
-55.0
-53.0
-64.0
-72.0
-80.0
-85.0
-72.0
-58.0
-53.0
-45.0
-48.0
-50.0
-56.0
-64.0
-70.0
-81.0
-94.0
-88.0
-79.0
-73.0
-66.0
-62.0
-62.0
-63.0
-58.0
-53.0
-53.0
-51.0
-35.0
-36.0
-45.0
-57.0
-67.0
-74.0
-74.0
-77.0
-70.0
-64.0
-58.0
-49.0
-46.0
-39.0
-41.0
-43.0
-50.0
-59.0
-62.0
-62.0
-58.0
-49.0
-46.0
-43.0
-45.0
-50.0
-42.0
-40.0
-47.0
-45.0
-47.0
-44.0
-37.0
-31.0
-23.0
-14.0
-14.0
-7.0
3.0
10.0
28.0
48.0
69.0
87.0
110.0
146.0
183.0
204.0
210.0
217.0
223.0
214.0
197.0
186.0
155.0
127.0
106.0
78.0
63.0
49.0
34.0
29.0
20.0
19.0
17.0
1.0
-13.0
-29.0
-43.0
-39.0
-38.0
-53.0
-53.0
-42.0
-20.0
-1.0
2.0
-8.0
-38.0
-57.0
-56.0
-66.0
-79.0
-71.0
-60.0
-50.0
-37.0
-31.0
-39.0
-49.0
-56.0
-53.0
-57.0
-58.0
-64.0
-56.0
-50.0
-44.0
-31.0
-32.0
-44.0
-36.0
-29.0
-22.0
-25.0
-29.0
-17.0
-16.0
-26.0
-30.0
-35.0
-23.0
-10.0
-5.0
-5.0
-6.0
-10.0
-12.0
-16.0
-11.0
-6.0
-12.0
-10.0
-7.0
1.0
4.0
-6.0
-16.0
-11.0
-11.0
-10.0
-16.0
-27.0
-24.0
-22.0
-22.0
-21.0
-28.0
-31.0
-37.0
-46.0
-38.0
-35.0
-34.0
-30.0
-26.0
-25.0
-31.0
-33.0
-33.0
-35.0
-37.0
-37.0
-44.0
-46.0
-44.0
-55.0
-57.0
-52.0
-54.0
-58.0
-63.0
-67.0
-62.0
-55.0
-43.0
-37.0
-36.0
-26.0
-12.0
-7.0
-4.0
6.0
7.0
0.0
-5.0
-4.0
7.0
13.0
1.0
-14.0
-17.0
-27.0
-38.0
-39.0
-39.0
-32.0
-24.0
-23.0
-20.0
-26.0
-37.0
-41.0
-42.0
-46.0
-37.0
-34.0
-29.0
-30.0
-30.0
-26.0
-26.0
-31.0
-34.0
-41.0
-37.0
-39.0
-37.0
-40.0
-46.0
-35.0
-28.0
-17.0
-4.0
3.0
-1.0
2.0
4.0
3.0
12.0
13.0
8.0
5.0
2.0
-3.0
-2.0
11.0
40.0
54.0
50.0
14.0
-12.0
-11.0
-15.0
-27.0
-32.0
-34.0
-27.0
-17.0
-20.0
-25.0
-28.0
-21.0
-16.0
-21.0
-22.0
-18.0
-19.0
-20.0
-17.0
-11.0
-6.0
-14.0
-18.0
-22.0
-19.0
-13.0
-17.0
-16.0
-15.0
-14.0
3.0
6.0
-6.0
-8.0
-4.0
-10.0
-9.0
-5.0
-7.0
-11.0
-18.0
-19.0
-25.0
-34.0
-40.0
-41.0
-40.0
-46.0
-63.0
-70.0
-77.0
-74.0
-79.0
-77.0
-69.0
-73.0
-82.0
-83.0
-87.0
-90.0
-87.0
-86.0
-80.0
-70.0
-65.0
-64.0
-71.0
-65.0
-36.0
-21.0
4.0
33.0
62.0
92.0
113.0
129.0
136.0
145.0
144.0
134.0
127.0
119.0
109.0
97.0
72.0
55.0
46.0
28.0
16.0
8.0
-1.0
-20.0
-38.0
-48.0
-51.0
-62.0
-62.0
-55.0
-53.0
-52.0
-63.0
-70.0
-76.0
-95.0
-102.0
-99.0
-100.0
-92.0
-90.0
-97.0
-99.0
-97.0
-97.0
-104.0
-121.0
-122.0
-124.0
-128.0
-130.0
-129.0
-134.0
-126.0
-122.0
-114.0
-101.0
-97.0
-95.0
-90.0
-83.0
-81.0
-97.0
-102.0
-93.0
-90.0
-89.0
-80.0
-84.0
-88.0
-88.0
-90.0
-90.0
-89.0
-86.0
-80.0
-81.0
-80.0
-82.0
-77.0
-61.0
-51.0
-29.0
-20.0
-33.0
-52.0
-62.0
-66.0
-67.0
-70.0
-65.0
-58.0
-54.0
-55.0
-53.0
-60.0
-63.0
-64.0
-61.0
-58.0
-59.0
-56.0
-55.0
-47.0
-50.0
-54.0
-51.0
-49.0
-48.0
-52.0
-65.0
-66.0
-70.0
-84.0
-91.0
-89.0
-82.0
-76.0
-82.0
-93.0
-98.0
-103.0
-108.0
-109.0
-111.0
-114.0
-123.0
-128.0
-119.0
-123.0
-127.0
-131.0
-136.0
-138.0
-142.0
-134.0
-130.0
-133.0
-137.0
-139.0
-138.0
-138.0
-140.0
-138.0
-137.0
-129.0
-130.0
-131.0
-135.0
-137.0
-135.0
-129.0
-124.0
-125.0
-123.0
-106.0
-93.0
-93.0
-101.0
-104.0
-105.0
-106.0
-101.0
-93.0
-92.0
-80.0
-72.0
-75.0
-72.0
-68.0
-69.0
-69.0
-54.0
-56.0
-69.0
-72.0
-69.0
-64.0
-64.0
-67.0
-69.0
-65.0
-64.0
-61.0
-63.0
-56.0
-44.0
-44.0
-49.0
-49.0
-49.0
-46.0
-29.0
-12.0
8.0
34.0
58.0
101.0
146.0
180.0
221.0
265.0
302.0
311.0
306.0
305.0
297.0
284.0
264.0
240.0
213.0
190.0
162.0
126.0
95.0
65.0
46.0
30.0
12.0
2.0
-2.0
-9.0
-20.0
-20.0
-19.0
-23.0
-27.0
-45.0
-57.0
-41.0
-14.0
24.0
58.0
55.0
34.0
-1.0
-14.0
-11.0
-13.0
-4.0
9.0
8.0
4.0
-5.0
-12.0
-15.0
-23.0
-25.0
-26.0
-11.0
3.0
3.0
-4.0
-4.0
-4.0
-6.0
-2.0
-5.0
-8.0
-8.0
-4.0
-2.0
-6.0
2.0
7.0
-1.0
3.0
-5.0
-12.0
-9.0
-16.0
-21.0
-16.0
-11.0
-17.0
-23.0
-23.0
-16.0
-13.0
-22.0
-29.0
-36.0
-33.0
-29.0
-29.0
-35.0
-43.0
-39.0
-32.0
-37.0
-39.0
-45.0
-40.0
-15.0
-14.0
-22.0
-26.0
-29.0
-36.0
-40.0
-43.0
-44.0
-39.0
-41.0
-45.0
-43.0
-49.0
-56.0
-54.0
-43.0
-48.0
-52.0
-54.0
-58.0
-58.0
-51.0
-49.0
-48.0
-56.0
-59.0
-60.0
-68.0
-71.0
-72.0
-61.0
-52.0
-55.0
-46.0
-36.0
-30.0
-32.0
-37.0
-36.0
-42.0
-40.0
-25.0
-17.0
-24.0
-23.0
-29.0
-36.0
-30.0
-22.0
-7.0
17.0
35.0
64.0
91.0
107.0
146.0
180.0
189.0
185.0
176.0
177.0
169.0
156.0
150.0
126.0
102.0
90.0
65.0
44.0
41.0
31.0
18.0
8.0
-8.0
-26.0
-42.0
-48.0
-54.0
-58.0
-59.0
-59.0
-61.0
-64.0
-64.0
-68.0
-74.0
-79.0
-85.0
-91.0
-87.0
-77.0
-51.0
-31.0
-33.0
-51.0
-73.0
-91.0
-100.0
-105.0
-111.0
-111.0
-117.0
-117.0
-122.0
-132.0
-133.0
-144.0
-152.0
-152.0
-154.0
-150.0
-148.0
-149.0
-138.0
-140.0
-146.0
-139.0
-143.0
-147.0
-147.0
-157.0
-154.0
-159.0
-167.0
-167.0
-158.0
-147.0
-137.0
-133.0
-130.0
-135.0
-140.0
-131.0
-117.0
-111.0
-116.0
-114.0
-106.0
-104.0
-114.0
-121.0
-121.0
-116.0
-105.0
-105.0
-102.0
-103.0
-113.0
-116.0
-124.0
-116.0
-112.0
-119.0
-106.0
-92.0
-89.0
-81.0
-71.0
-64.0
-64.0
-72.0
-70.0
-70.0
-78.0
-79.0
-86.0
-92.0
-90.0
-83.0
-80.0
-81.0
-95.0
-94.0
-94.0
-101.0
-97.0
-100.0
-99.0
-92.0
-93.0
-98.0
-103.0
-104.0
-102.0
-97.0
-86.0
-82.0
-87.0
-76.0
-60.0
-50.0
-43.0
-40.0
-30.0
-27.0
-39.0
-38.0
-28.0
-16.0
-3.0
-4.0
-8.0
-10.0
-10.0
-10.0
-24.0
-40.0
-39.0
-48.0
-56.0
-65.0
-78.0
-78.0
-76.0
-71.0
-68.0
-69.0
-69.0
-72.0
-68.0
-54.0
-51.0
-51.0
-63.0
-78.0
-81.0
-83.0
-92.0
-95.0
-89.0
-90.0
-85.0
-81.0
-73.0
-54.0
-45.0
-48.0
-63.0
-78.0
-71.0
-52.0
-32.0
-5.0
14.0
4.0
-33.0
-62.0
-70.0
-71.0
-74.0
-77.0
-73.0
-67.0
-65.0
-55.0
-36.0
-29.0
3.0
45.0
74.0
120.0
172.0
204.0
204.0
205.0
203.0
188.0
166.0
147.0
133.0
118.0
103.0
77.0
51.0
34.0
19.0
15.0
3.0
-20.0
-31.0
-34.0
-33.0
-39.0
-53.0
-65.0
-72.0
-77.0
-81.0
-82.0
-75.0
-75.0
-84.0
-83.0
-86.0
-96.0
-104.0
-108.0
-96.0
-81.0
-86.0
-92.0
-99.0
-105.0
-110.0
-114.0
-119.0
-134.0
-134.0
-121.0
-109.0
-106.0
-103.0
-109.0
-109.0
-108.0
-115.0
-100.0
-95.0
-109.0
-105.0
-97.0
-86.0
-83.0
-88.0
-88.0
-82.0
-76.0
-76.0
-84.0
-76.0
-67.0
-66.0
-59.0
-55.0
-54.0
-54.0
-61.0
-58.0
-56.0
-56.0
-51.0
-54.0
-60.0
-55.0
-61.0
-73.0
-64.0
-59.0
-66.0
-65.0
-55.0
-47.0
-40.0
-36.0
-45.0
-48.0
-50.0
-57.0
-62.0
-56.0
-54.0
-48.0
-48.0
-47.0
-32.0
-29.0
-25.0
-16.0
-11.0
-8.0
-5.0
-5.0
-5.0
-3.0
-10.0
-5.0
-1.0
1.0
0.0
-8.0
1.0
-4.0
-12.0
0.0
15.0
27.0
37.0
45.0
68.0
84.0
98.0
112.0
97.0
61.0
35.0
23.0
20.0
10.0
-2.0
-2.0
-6.0
-9.0
0.0
11.0
23.0
25.0
13.0
5.0
1.0
3.0
13.0
18.0
22.0
24.0
39.0
51.0
51.0
56.0
56.0
47.0
43.0
44.0
49.0
46.0
42.0
48.0
47.0
42.0
46.0
37.0
21.0
8.0
-2.0
2.0
11.0
3.0
-2.0
0.0
3.0
-1.0
-14.0
-16.0
-12.0
-15.0
-17.0
-24.0
-28.0
-22.0
-29.0
-41.0
-49.0
-54.0
-48.0
-48.0
-50.0
-40.0
-40.0
-38.0
-37.0
-49.0
-61.0
-69.0
-79.0
-81.0
-80.0
-80.0
-81.0
-78.0
-69.0
-76.0
-78.0
-72.0
-70.0
-65.0
-60.0
-60.0
-44.0
-43.0
-45.0
-49.0
-54.0
-52.0
-57.0
-65.0
-56.0
-44.0
-36.0
-27.0
-29.0
-34.0
-32.0
-29.0
-26.0
-31.0
-34.0
-25.0
-28.0
-30.0
-35.0
-39.0
-42.0
-38.0
-31.0
-27.0
-17.0
-2.0
-3.0
-1.0
12.0
20.0
21.0
15.0
6.0
22.0
31.0
35.0
40.0
40.0
36.0
31.0
21.0
14.0
9.0
4.0
4.0
-10.0
-10.0
-2.0
-2.0
-3.0
-10.0
-13.0
-7.0
2.0
16.0
35.0
41.0
64.0
120.0
168.0
197.0
223.0
253.0
275.0
263.0
234.0
202.0
190.0
176.0
144.0
122.0
116.0
98.0
79.0
68.0
63.0
45.0
28.0
27.0
23.0
10.0
0.0
-2.0
-13.0
-21.0
-25.0
-34.0
-36.0
-38.0
-48.0
-56.0
-59.0
-60.0
-57.0
-58.0
-54.0
-47.0
-52.0
-59.0
-57.0
-55.0
-61.0
-67.0
-62.0
-71.0
-87.0
-83.0
-79.0
-78.0
-78.0
-86.0
-82.0
-80.0
-73.0
-70.0
-77.0
-77.0
-87.0
-90.0
-81.0
-85.0
-91.0
-87.0
-82.0
-79.0
-81.0
-81.0
-76.0
-80.0
-83.0
-82.0
-87.0
-81.0
-70.0
-71.0
-60.0
-43.0
-40.0
-51.0
-39.0
-22.0
-24.0
-24.0
-24.0
-30.0
-34.0
-34.0
-35.0
-24.0
-19.0
-37.0
-48.0
-37.0
-40.0
-48.0
-55.0
-60.0
-58.0
-49.0
-44.0
-52.0
-52.0
-46.0
-46.0
-44.0
-39.0
-39.0
-40.0
-45.0
-46.0
-40.0
-46.0
-54.0
-46.0
-41.0
-39.0
-41.0
-45.0
-50.0
-59.0
-49.0
-41.0
-45.0
-42.0
-39.0
-49.0
-48.0
-33.0
-30.0
-39.0
-40.0
-45.0
-52.0
-55.0
-43.0
-43.0
-50.0
-51.0
-50.0
-52.0
-57.0
-57.0
-48.0
-48.0
-48.0
-46.0
-50.0
-54.0
-55.0
-52.0
-44.0
-29.0
-11.0
5.0
-2.0
-30.0
-55.0
-52.0
-53.0
-69.0
-63.0
-51.0
-54.0
-51.0
-67.0
-69.0
-56.0
-59.0
-57.0
-52.0
-56.0
-66.0
-74.0
-67.0
-60.0
-60.0
-55.0
-60.0
-62.0
-62.0
-62.0
-63.0
-55.0
-48.0
-53.0
-54.0
-54.0
-43.0
-39.0
-33.0
-10.0
2.0
11.0
31.0
56.0
89.0
136.0
178.0
216.0
229.0
234.0
237.0
230.0
218.0
196.0
175.0
162.0
145.0
129.0
107.0
84.0
71.0
54.0
38.0
33.0
25.0
17.0
17.0
2.0
-13.0
-12.0
-20.0
-31.0
-45.0
-56.0
-59.0
-73.0
-84.0
-88.0
-93.0
-87.0
-89.0
-94.0
-95.0
-105.0
-106.0
-93.0
-87.0
-95.0
-102.0
-100.0
-106.0
-115.0
-115.0
-114.0
-109.0
-102.0
-104.0
-111.0
-118.0
-122.0
-121.0
-125.0
-122.0
-119.0
-121.0
-121.0
-120.0
-116.0
-104.0
-92.0
-95.0
-92.0
-90.0
-89.0
-80.0
-83.0
-90.0
-89.0
-89.0
-88.0
-87.0
-88.0
-84.0
-85.0
-78.0
-73.0
-72.0
-72.0
-67.0
-67.0
-68.0
-65.0
-58.0
-58.0
-64.0
-61.0
-68.0
-63.0
-51.0
-56.0
-54.0
-59.0
-57.0
-48.0
-64.0
-75.0
-70.0
-59.0
-31.0
-12.0
2.0
-3.0
-36.0
-56.0
-58.0
-60.0
-56.0
-55.0
-51.0
-42.0
-43.0
-48.0
-47.0
-48.0
-42.0
-46.0
-53.0
-50.0
-53.0
-54.0
-56.0
-59.0
-59.0
-68.0
-70.0
-64.0
-62.0
-59.0
-54.0
-51.0
-42.0
-49.0
-62.0
-57.0
-45.0
-45.0
-45.0
-50.0
-50.0
-44.0
-50.0
-51.0
-44.0
-48.0
-44.0
-35.0
-30.0
-24.0
-17.0
-14.0
-21.0
-29.0
-24.0
-21.0
-20.0
-15.0
-7.0
5.0
22.0
29.0
41.0
76.0
113.0
146.0
176.0
198.0
189.0
180.0
193.0
201.0
190.0
195.0
194.0
190.0
182.0
176.0
168.0
155.0
150.0
140.0
129.0
113.0
99.0
90.0
78.0
58.0
43.0
28.0
16.0
-1.0
-25.0
-32.0
-32.0
-41.0
-44.0
-40.0
-56.0
-71.0
-77.0
-84.0
-92.0
-96.0
-92.0
-95.0
-100.0
-95.0
-99.0
-119.0
-133.0
-130.0
-129.0
-122.0
-121.0
-125.0
0.0
0.0
0.0
0.0
0.0
0.0
0.0
0.0
0.0
0.0
0.0
0.0
0.0
0.0
0.0
0.0
0.0
0.0
0.0
0.0
0.0
0.0
0.0
0.0
0.0
0.0
0.0
0.0
0.0
0.0
0.0
0.0
0.0
0.0
0.0
0.0
0.0
0.0
0.0
0.0
0.0
0.0
0.0
0.0
0.0
0.0
0.0
0.0
0.0
0.0
0.0
0.0
0.0
0.0
0.0
0.0
0.0
0.0
0.0
0.0
0.0
0.0
0.0
0.0
0.0
0.0
0.0
0.0
0.0
0.0
0.0
0.0
0.0
0.0
0.0
0.0
0.0
0.0
0.0
0.0
0.0
0.0
0.0
0.0
0.0
0.0
0.0
0.0
0.0
0.0
0.0
0.0
0.0
0.0
0.0
0.0
0.0
0.0
0.0
0.0
0.0
0.0
0.0
0.0
0.0
0.0
0.0
0.0
0.0
0.0
0.0
0.0
0.0
0.0
0.0
0.0
0.0
0.0
0.0
0.0
0.0
0.0
0.0
0.0
0.0
0.0
0.0
0.0
0.0
0.0
0.0
0.0
0.0
0.0
0.0
0.0
0.0
0.0
0.0
0.0
0.0
0.0
0.0
0.0
