-61.0
-50.0
-31.0
-11.0
26.0
30.0
54.0
84.0
67.0
36.0
23.0
-10.0
-7.0
3.0
7.0
-2.0
-10.0
-7.0
-14.0
-41.0
-34.0
-29.0
-18.0
-21.0
-34.0
-33.0
-42.0
-34.0
-20.0
-24.0
8.0
125.0
271.0
457.0
605.0
582.0
572.0
584.0
586.0
590.0
592.0
560.0
478.0
390.0
267.0
163.0
48.0
-32.0
-115.0
-182.0
-229.0
-293.0
-359.0
-410.0
-436.0
-456.0
-504.0
-503.0
-498.0
-499.0
-476.0
-479.0
-475.0
-457.0
-478.0
-477.0
-499.0
-505.0
-491.0
-485.0
-468.0
-452.0
-444.0
-423.0
-412.0
-413.0
-432.0
-446.0
-436.0
-428.0
-386.0
-356.0
-364.0
-351.0
-346.0
-376.0
-378.0
-370.0
-368.0
-353.0
-362.0
-380.0
-426.0
-379.0
-359.0
-367.0
-375.0
-371.0
-356.0
-356.0
-371.0
-389.0
-380.0
-389.0
-375.0
-371.0
-362.0
-354.0
-351.0
-369.0
-350.0
-346.0
-345.0
-338.0
-324.0
-326.0
-328.0
-319.0
-285.0
-271.0
-311.0
-322.0
-328.0
-318.0
-301.0
-297.0
-274.0
-282.0
-281.0
-291.0
-301.0
-315.0
-290.0
-290.0
-289.0
-282.0
-275.0
-284.0
-295.0
-287.0
-278.0
-278.0
-256.0
-236.0
-256.0
-247.0
-241.0
-243.0
-244.0
-238.0
-241.0
-249.0
-241.0
-227.0
-199.0
-178.0
-169.0
-179.0
-183.0
-200.0
-222.0
-214.0
-190.0
-182.0
-185.0
-204.0
-206.0
-208.0
-211.0
-190.0
-166.0
-165.0
-167.0
-180.0
-165.0
-155.0
-171.0
-150.0
-146.0
-148.0
-144.0
-171.0
-151.0
-89.0
-39.0
5.0
108.0
218.0
372.0
491.0
598.0
588.0
580.0
590.0
592.0
579.0
527.0
431.0
348.0
278.0
203.0
126.0
67.0
5.0
-49.0
-111.0
-142.0
-180.0
-268.0
-287.0
-346.0
-378.0
-395.0
-411.0
-398.0
-406.0
-452.0
-465.0
-468.0
-463.0
-443.0
-439.0
-435.0
-444.0
-441.0
-431.0
-442.0
-426.0
-406.0
-399.0
-408.0
-410.0
-428.0
-435.0
-413.0
-390.0
-390.0
-394.0
-400.0
-386.0
-376.0
-371.0
-367.0
-361.0
-330.0
-317.0
-332.0
-329.0
-346.0
-336.0
-350.0
-352.0
-329.0
-310.0
-327.0
-312.0
-322.0
-313.0
-297.0
-303.0
-299.0
-298.0
-315.0
-301.0
-314.0
-305.0
-305.0
-326.0
-298.0
-300.0
-314.0
-313.0
-330.0
-321.0
-290.0
-282.0
-266.0
-267.0
-273.0
-279.0
-294.0
-317.0
-317.0
-300.0
-290.0
-296.0
-276.0
-273.0
-291.0
-273.0
-247.0
-237.0
-253.0
-269.0
-270.0
-289.0
-290.0
-249.0
-247.0
-249.0
-240.0
-271.0
-280.0
-278.0
-277.0
-238.0
-236.0
-250.0
-253.0
-252.0
-246.0
-256.0
-269.0
-215.0
-209.0
-222.0
-209.0
-231.0
-256.0
-254.0
-232.0
-227.0
-221.0
-214.0
-240.0
-238.0
-232.0
-202.0
-174.0
-196.0
-224.0
-209.0
-212.0
-220.0
-199.0
-178.0
-194.0
-203.0
-211.0
-233.0
-224.0
-229.0
-242.0
-228.0
-236.0
-227.0
-189.0
-191.0
-182.0
-183.0
-158.0
-154.0
-181.0
-169.0
-153.0
-153.0
-135.0
-147.0
-127.0
-136.0
-164.0
-162.0
-178.0
-187.0
-169.0
-173.0
-161.0
-148.0
-136.0
-148.0
-153.0
-174.0
-155.0
-154.0
-162.0
-172.0
-184.0
-170.0
-179.0
-200.0
-183.0
-167.0
-161.0
-166.0
-174.0
-153.0
-139.0
-142.0
-136.0
-135.0
-129.0
-165.0
-162.0
-175.0
-175.0
-209.0
-207.0
-208.0
-195.0
-218.0
-231.0
-200.0
-200.0
-198.0
-166.0
-166.0
-154.0
-166.0
-168.0
-120.0
-138.0
-165.0
-160.0
-180.0
-175.0
-166.0
-173.0
-166.0
-175.0
-176.0
-169.0
-184.0
-188.0
-171.0
-174.0
-169.0
-199.0
-186.0
-137.0
-132.0
-116.0
-118.0
-141.0
-138.0
-146.0
-144.0
-133.0
-138.0
-131.0
-128.0
-144.0
-129.0
-136.0
-128.0
-109.0
-108.0
-108.0
-99.0
-128.0
-143.0
-142.0
-160.0
-163.0
-139.0
-118.0
-112.0
-133.0
-128.0
-128.0
-150.0
-137.0
-110.0
-125.0
-110.0
-106.0
-121.0
-118.0
-110.0
-118.0
-117.0
-117.0
-124.0
-132.0
-112.0
-100.0
-98.0
-97.0
-92.0
-69.0
-84.0
-78.0
-46.0
-30.0
-52.0
-48.0
-47.0
-44.0
-73.0
-92.0
-67.0
-84.0
-90.0
-74.0
-77.0
-52.0
-73.0
-83.0
-75.0
-34.0
-29.0
-19.0
-6.0
-14.0
-39.0
-48.0
-68.0
-52.0
-62.0
-75.0
-85.0
-84.0
-79.0
-83.0
-71.0
-77.0
-68.0
-34.0
-52.0
-45.0
-37.0
-50.0
-22.0
-24.0
-30.0
-15.0
-48.0
-56.0
-44.0
-49.0
-48.0
-56.0
-54.0
-41.0
-46.0
-36.0
-53.0
-77.0
-78.0
-58.0
-97.0
-44.0
-66.0
-63.0
-42.0
-63.0
-100.0
-84.0
-76.0
-30.0
-46.0
-69.0
-83.0
-58.0
-47.0
-59.0
-61.0
-68.0
-69.0
-94.0
-83.0
-83.0
-98.0
-106.0
-96.0
-80.0
-97.0
-107.0
-80.0
-50.0
-69.0
-60.0
-81.0
-65.0
-76.0
-60.0
-40.0
-50.0
-41.0
-51.0
-69.0
-72.0
-79.0
-76.0
-63.0
-75.0
-53.0
-60.0
-70.0
-44.0
-48.0
-44.0
-51.0
-67.0
-47.0
-41.0
-36.0
-21.0
-4.0
-14.0
-25.0
-22.0
-26.0
-53.0
-15.0
29.0
-5.0
3.0
26.0
10.0
-5.0
-11.0
-22.0
-9.0
-2.0
-18.0
-4.0
15.0
43.0
50.0
31.0
21.0
22.0
-5.0
-2.0
7.0
6.0
-16.0
7.0
53.0
52.0
121.0
175.0
228.0
303.0
392.0
526.0
616.0
578.0
579.0
586.0
588.0
588.0
592.0
592.0
569.0
500.0
401.0
301.0
210.0
135.0
70.0
-8.0
-82.0
-139.0
-225.0
-248.0
-273.0
-309.0
-345.0
-383.0
-401.0
-427.0
-441.0
-409.0
-411.0
-420.0
-433.0
-439.0
-430.0
-455.0
-455.0
-458.0
-452.0
-429.0
-442.0
-448.0
-444.0
-435.0
-433.0
-418.0
-439.0
-446.0
-447.0
-452.0
-425.0
-434.0
-429.0
-411.0
-412.0
-417.0
-393.0
-391.0
-410.0
-368.0
-353.0
-351.0
-349.0
-359.0
-356.0
-358.0
-347.0
-366.0
-352.0
-342.0
-346.0
-339.0
-360.0
-366.0
-372.0
-348.0
-343.0
-398.0
-344.0
-314.0
-322.0
-297.0
-317.0
-348.0
-349.0
-322.0
-295.0
-305.0
-305.0
-319.0
-308.0
-306.0
-316.0
-310.0
-317.0
-325.0
-315.0
-302.0
-300.0
-304.0
-291.0
-303.0
-290.0
-301.0
-276.0
-281.0
-286.0
-278.0
-286.0
-262.0
-263.0
-259.0
-266.0
-268.0
-242.0
-268.0
-262.0
-267.0
-266.0
-268.0
-267.0
-284.0
-272.0
-287.0
-269.0
-247.0
-230.0
-231.0
-234.0
-263.0
-261.0
-242.0
-233.0
-238.0
-229.0
-217.0
-212.0
-237.0
-226.0
-234.0
-223.0
-208.0
-209.0
-212.0
-229.0
-244.0
-230.0
-223.0
-214.0
-220.0
-215.0
-222.0
-238.0
-218.0
-213.0
-240.0
-252.0
-232.0
-221.0
-210.0
-222.0
-214.0
-222.0
-218.0
-211.0
-210.0
-214.0
-214.0
-192.0
-190.0
-192.0
-202.0
-219.0
-215.0
-214.0
-176.0
-175.0
-183.0
-163.0
-164.0
-152.0
-153.0
-158.0
-148.0
-136.0
-164.0
-168.0
-157.0
-157.0
-152.0
-148.0
-136.0
-155.0
-160.0
-165.0
-160.0
-168.0
-160.0
-156.0
-158.0
-158.0
-166.0
-148.0
-145.0
-156.0
-147.0
-157.0
-145.0
-141.0
-141.0
-154.0
-147.0
-194.0
-178.0
-163.0
-178.0
-188.0
-175.0
-140.0
-155.0
-125.0
-108.0
-125.0
-127.0
-118.0
-133.0
-109.0
-113.0
-77.0
-41.0
-1.0
76.0
182.0
310.0
492.0
592.0
588.0
581.0
591.0
591.0
591.0
593.0
559.0
490.0
444.0
367.0
290.0
224.0
126.0
24.0
-23.0
-75.0
-139.0
-191.0
-224.0
-266.0
-309.0
-325.0
-364.0
-403.0
-441.0
-427.0
-446.0
-452.0
-464.0
-461.0
-468.0
-468.0
-466.0
-474.0
-476.0
-486.0
-488.0
-455.0
-446.0
-446.0
-446.0
-417.0
-432.0
-427.0
-425.0
-424.0
-436.0
-365.0
-374.0
-371.0
-366.0
-391.0
-393.0
-411.0
-419.0
-407.0
-391.0
-385.0
-383.0
-386.0
-378.0
-363.0
-347.0
-365.0
-364.0
-351.0
-333.0
-321.0
-331.0
-338.0
-316.0
-326.0
-298.0
-280.0
-311.0
-310.0
-309.0
-328.0
-323.0
-331.0
-343.0
-330.0
-319.0
-313.0
-304.0
-311.0
-286.0
-299.0
-283.0
-279.0
-284.0
-284.0
-295.0
-303.0
-277.0
-278.0
-284.0
-274.0
-275.0
-252.0
-263.0
-263.0
-239.0
-252.0
-258.0
-253.0
-231.0
-232.0
-227.0
-229.0
-234.0
-206.0
-207.0
-203.0
-213.0
-225.0
-229.0
-221.0
-219.0
-214.0
-222.0
-233.0
-251.0
-238.0
-236.0
-221.0
-202.0
-220.0
-213.0
-216.0
-213.0
-206.0
-244.0
-199.0
-211.0
-216.0
-227.0
-242.0
-238.0
-244.0
-263.0
-241.0
-229.0
-242.0
-215.0
-203.0
-216.0
-214.0
-221.0
-208.0
-218.0
-244.0
-225.0
-204.0
-209.0
-200.0
-188.0
-192.0
-203.0
-199.0
-194.0
-190.0
-181.0
-162.0
-147.0
-153.0
-146.0
-149.0
-140.0
-137.0
-144.0
-150.0
-146.0
-139.0
-131.0
-140.0
-145.0
-140.0
-142.0
-168.0
-173.0
-154.0
-161.0
-165.0
-155.0
-157.0
-195.0
-167.0
-176.0
-177.0
-187.0
-184.0
-190.0
-183.0
-183.0
-150.0
-129.0
-154.0
-122.0
-134.0
-170.0
-163.0
-78.0
-110.0
-81.0
-55.0
-76.0
-73.0
-90.0
-102.0
-110.0
-116.0
-105.0
-105.0
-117.0
-110.0
-90.0
-88.0
-98.0
-102.0
-105.0
-116.0
-101.0
-109.0
-89.0
-77.0
-77.0
-61.0
-82.0
-95.0
-79.0
-74.0
-81.0
-61.0
-74.0
-70.0
-53.0
-54.0
-72.0
-76.0
-88.0
-100.0
-82.0
-56.0
-54.0
-73.0
-74.0
-95.0
-67.0
-65.0
-69.0
-54.0
-86.0
-100.0
-82.0
-89.0
-59.0
-60.0
-80.0
-105.0
-90.0
-78.0
-52.0
-55.0
-62.0
-48.0
-92.0
-76.0
-21.0
40.0
83.0
153.0
257.0
348.0
429.0
592.0
605.0
578.0
586.0
587.0
589.0
592.0
581.0
546.0
510.0
395.0
319.0
260.0
191.0
106.0
36.0
-3.0
-35.0
-84.0
-130.0
-209.0
-242.0
-275.0
-290.0
-309.0
-347.0
-371.0
-348.0
-365.0
-408.0
-428.0
-438.0
-435.0
-455.0
-459.0
-473.0
-471.0
-451.0
-444.0
-464.0
-449.0
-412.0
-427.0
-415.0
-418.0
-412.0
-374.0
-380.0
-390.0
-375.0
-383.0
-399.0
-400.0
-384.0
-383.0
-409.0
-419.0
-418.0
-403.0
-384.0
-374.0
-392.0
-403.0
-392.0
-405.0
-394.0
-369.0
-334.0
-316.0
-336.0
-317.0
-321.0
-328.0
-307.0
-311.0
-333.0
-348.0
-338.0
-354.0
-358.0
-323.0
-323.0
-326.0
-333.0
-348.0
-309.0
-299.0
-309.0
-306.0
-310.0
-326.0
-311.0
-279.0
-261.0
-283.0
-279.0
-320.0
-274.0
-284.0
-278.0
-286.0
-289.0
-301.0
-297.0
-293.0
-302.0
-292.0
-288.0
-300.0
-302.0
-297.0
-295.0
-289.0
-300.0
-344.0
-265.0
-256.0
-267.0
-285.0
-295.0
-238.0
-227.0
-228.0
-213.0
-235.0
-243.0
-260.0
-254.0
-232.0
-243.0
-272.0
-256.0
-252.0
-238.0
-240.0
-255.0
-255.0
-236.0
-230.0
-224.0
-211.0
-179.0
-188.0
-206.0
-200.0
-190.0
-196.0
-200.0
-230.0
-219.0
-208.0
-220.0
-211.0
-211.0
-216.0
-201.0
-259.0
-220.0
-198.0
-206.0
-211.0
-202.0
-209.0
-203.0
-197.0
-195.0
-178.0
-161.0
-164.0
-188.0
-208.0
-195.0
-196.0
-208.0
-174.0
-183.0
-214.0
-200.0
-168.0
-167.0
-174.0
-179.0
-170.0
-152.0
-148.0
-166.0
-174.0
-157.0
-149.0
-166.0
-157.0
-145.0
-138.0
-134.0
-144.0
-165.0
-165.0
-180.0
-171.0
-164.0
-157.0
-156.0
-170.0
-163.0
-142.0
-139.0
-143.0
-137.0
-131.0
-116.0
-113.0
-122.0
-131.0
-115.0
-118.0
-140.0
-138.0
-117.0
-133.0
-92.0
-110.0
-98.0
-95.0
-99.0
-95.0
-86.0
-77.0
-75.0
-76.0
-81.0
-100.0
-93.0
-83.0
-83.0
-78.0
-71.0
-82.0
-72.0
-55.0
-67.0
-60.0
-67.0
-79.0
-66.0
-54.0
-52.0
-65.0
-90.0
-86.0
-69.0
-71.0
-64.0
-83.0
-108.0
-86.0
-61.0
-63.0
-55.0
-53.0
-50.0
-61.0
-65.0
-53.0
-49.0
-39.0
-34.0
-51.0
-42.0
-95.0
-52.0
-58.0
-67.0
-78.0
-88.0
-109.0
-127.0
-131.0
-131.0
-133.0
-131.0
-106.0
-119.0
-121.0
-116.0
-116.0
-126.0
-118.0
-131.0
-115.0
-104.0
-131.0
-137.0
-145.0
-147.0
-143.0
-155.0
-155.0
-132.0
-135.0
-131.0
-154.0
-144.0
-129.0
-134.0
-126.0
-106.0
-109.0
-86.0
-117.0
-98.0
-30.0
-13.0
98.0
279.0
456.0
598.0
582.0
577.0
582.0
586.0
589.0
594.0
588.0
510.0
417.0
363.0
288.0
179.0
117.0
21.0
-74.0
-112.0
-180.0
-222.0
-274.0
-326.0
-348.0
-371.0
-425.0
-429.0
-441.0
-451.0
-450.0
-479.0
-475.0
-488.0
-480.0
-479.0
-486.0
-493.0
-460.0
-458.0
-479.0
-492.0
-492.0
-502.0
-495.0
-483.0
-448.0
-457.0
-464.0
-447.0
-455.0
-429.0
-436.0
-430.0
-408.0
-429.0
-441.0
-421.0
-417.0
-393.0
-367.0
-345.0
-348.0
-359.0
-401.0
-417.0
-341.0
-360.0
-330.0
-293.0
-296.0
-301.0
-310.0
-343.0
-348.0
-326.0
-307.0
-301.0
-306.0
-309.0
-305.0
-297.0
-324.0
-330.0
-317.0
-315.0
-295.0
-305.0
-290.0
-280.0
-274.0
-274.0
-271.0
-275.0
-286.0
-314.0
-316.0
-315.0
-283.0
-276.0
-282.0
-267.0
-233.0
-244.0
-243.0
-232.0
-229.0
-254.0
-279.0
-270.0
-246.0
-269.0
-262.0
-288.0
-313.0
-283.0
-278.0
-280.0
-263.0
-266.0
-252.0
-252.0
-249.0
-244.0
-228.0
-204.0
-190.0
-204.0
-227.0
-214.0
-222.0
-224.0
-241.0
-251.0
-244.0
-243.0
-221.0
-232.0
-229.0
-219.0
-209.0
-231.0
-219.0
-249.0
-269.0
-235.0
-239.0
-239.0
-267.0
-266.0
-246.0
-221.0
-220.0
-203.0
-178.0
-168.0
-158.0
-181.0
-198.0
-193.0
-172.0
-175.0
-190.0
-193.0
-199.0
-180.0
-171.0
-166.0
-170.0
-200.0
-207.0
-195.0
-203.0
-215.0
-211.0
-213.0
-219.0
-216.0
-222.0
-191.0
-190.0
-205.0
-194.0
-187.0
-186.0
-175.0
-156.0
-152.0
-176.0
-182.0
-176.0
-174.0
-169.0
-171.0
-147.0
-141.0
-145.0
-164.0
-154.0
-168.0
-171.0
-190.0
-131.0
-109.0
-127.0
-110.0
-99.0
-130.0
-131.0
-136.0
-126.0
-139.0
-119.0
-112.0
-118.0
-119.0
-102.0
-108.0
-112.0
-124.0
-112.0
-103.0
-100.0
-120.0
-118.0
-100.0
-108.0
-94.0
-90.0
-104.0
-91.0
-74.0
-77.0
-88.0
-98.0
-104.0
-77.0
-73.0
-68.0
-70.0
-96.0
-101.0
-111.0
-81.0
-78.0
-99.0
-109.0
-90.0
-101.0
-92.0
-93.0
-66.0
-64.0
-90.0
-97.0
-95.0
-73.0
-64.0
-63.0
-58.0
-59.0
-74.0
-72.0
-89.0
-78.0
-74.0
-67.0
-89.0
-121.0
-105.0
-111.0
-91.0
-82.0
-35.0
-3.0
34.0
83.0
218.0
283.0
414.0
616.0
596.0
579.0
590.0
591.0
590.0
593.0
594.0
583.0
559.0
507.0
466.0
403.0
340.0
309.0
244.0
252.0
196.0
164.0
149.0
149.0
132.0
89.0
-3.0
-58.0
-81.0
-131.0
-205.0
-240.0
-237.0
-264.0
-330.0
-342.0
-369.0
-351.0
-357.0
-390.0
-390.0
-384.0
-414.0
-399.0
-384.0
-413.0
-437.0
-413.0
-387.0
-392.0
-390.0
-413.0
-433.0
-449.0
-435.0
-433.0
-451.0
-432.0
-444.0
-441.0
-429.0
-423.0
-422.0
-433.0
-444.0
-448.0
-438.0
-426.0
-412.0
-402.0
-392.0
-364.0
-370.0
-359.0
-373.0
-381.0
-358.0
-372.0
-373.0
-372.0
-362.0
-336.0
-339.0
-344.0
-352.0
-329.0
-325.0
-334.0
-344.0
-364.0
-371.0
-362.0
-355.0
-346.0
-355.0
-369.0
-349.0
-312.0
-308.0
-306.0
-276.0
-258.0
-259.0
-256.0
-280.0
-262.0
-271.0
-269.0
-260.0
-280.0
-299.0
-312.0
-305.0
-282.0
-295.0
-272.0
-241.0
-247.0
-261.0
-274.0
-261.0
-244.0
-257.0
-265.0
-285.0
-301.0
-297.0
-280.0
-260.0
-234.0
-272.0
-244.0
-176.0
-204.0
-153.0
-144.0
-173.0
-190.0
-199.0
-201.0
-196.0
-189.0
-136.0
-153.0
-159.0
-159.0
-159.0
-169.0
-164.0
-175.0
-161.0
-174.0
-156.0
-158.0
-178.0
-187.0
-176.0
-181.0
-180.0
-149.0
-121.0
-135.0
-135.0
-151.0
-148.0
-123.0
-134.0
-124.0
-132.0
-141.0
-162.0
-186.0
-167.0
-128.0
-125.0
-134.0
-128.0
-121.0
-133.0
-124.0
-129.0
-130.0
-115.0
-131.0
-167.0
-97.0
-99.0
-103.0
-79.0
-79.0
-111.0
-112.0
-100.0
-103.0
-100.0
-86.0
-86.0
-72.0
-93.0
-116.0
-129.0
-139.0
-114.0
-79.0
-81.0
-92.0
-90.0
-80.0
-68.0
-90.0
-110.0
-85.0
-61.0
-79.0
-86.0
-103.0
-115.0
-93.0
-71.0
-93.0
-105.0
-59.0
-33.0
-36.0
-50.0
-40.0
99.0
170.0
238.0
348.0
461.0
596.0
601.0
584.0
589.0
591.0
592.0
593.0
594.0
591.0
569.0
578.0
577.0
532.0
483.0
494.0
472.0
397.0
416.0
406.0
333.0
312.0
319.0
333.0
288.0
323.0
323.0
279.0
264.0
281.0
279.0
266.0
282.0
229.0
215.0
182.0
123.0
93.0
34.0
-38.0
-106.0
-185.0
-260.0
-314.0
-345.0
-370.0
-401.0
-448.0
-454.0
-472.0
-493.0
-494.0
-504.0
-495.0
-504.0
-499.0
-499.0
-493.0
-478.0
-480.0
-469.0
-471.0
-462.0
-456.0
-444.0
-475.0
-487.0
-457.0
-403.0
-389.0
-429.0
-455.0
-451.0
-445.0
-428.0
-415.0
-398.0
-397.0
-412.0
-419.0
-423.0
-417.0
-437.0
-432.0
-427.0
-404.0
-380.0
-370.0
-355.0
-351.0
-398.0
-404.0
-316.0
-332.0
-333.0
-351.0
-351.0
-359.0
-348.0
-354.0
-371.0
-361.0
-379.0
-366.0
-353.0
-340.0
-340.0
-348.0
-353.0
-342.0
-320.0
-316.0
-331.0
-331.0
-329.0
-341.0
-338.0
-334.0
-317.0
-294.0
-325.0
-341.0
-321.0
-315.0
-303.0
-281.0
-283.0
-300.0
-292.0
-268.0
-287.0
-271.0
-274.0
-288.0
-299.0
-243.0
-225.0
-167.0
-92.0
-14.0
83.0
251.0
368.0
457.0
600.0
600.0
586.0
589.0
577.0
514.0
475.0
413.0
328.0
259.0
174.0
150.0
70.0
37.0
1.0
-37.0
-58.0
-88.0
-114.0
-135.0
-173.0
-217.0
-226.0
-257.0
-302.0
-319.0
-331.0
-354.0
-389.0
-380.0
-384.0
-385.0
-373.0
-395.0
-397.0
-365.0
-381.0
-399.0
-395.0
-417.0
-409.0
-397.0
-385.0
-379.0
-400.0
-411.0
-409.0
-418.0
-407.0
-382.0
-368.0
-369.0
-385.0
-386.0
-354.0
-340.0
-358.0
-361.0
-345.0
-351.0
-355.0
-335.0
-334.0
-359.0
-330.0
-324.0
-312.0
-307.0
-306.0
-304.0
-279.0
-290.0
-282.0
-267.0
-272.0
-267.0
-275.0
-298.0
-301.0
-288.0
-279.0
-297.0
-268.0
-263.0
-275.0
-247.0
-245.0
-259.0
-244.0
-241.0
-267.0
-251.0
-249.0
-231.0
-220.0
-221.0
-224.0
-232.0
-231.0
-227.0
-251.0
-236.0
-220.0
-214.0
-216.0
-219.0
-224.0
-210.0
-210.0
-261.0
-256.0
-169.0
-179.0
-157.0
-156.0
-165.0
-184.0
-194.0
-197.0
-199.0
-195.0
-208.0
-220.0
-200.0
-193.0
-192.0
-192.0
-198.0
-197.0
-209.0
-202.0
-213.0
-212.0
-196.0
-194.0
-190.0
-166.0
-139.0
-128.0
-112.0
-133.0
-153.0
-168.0
-186.0
-175.0
-168.0
-151.0
-142.0
-159.0
-148.0
-150.0
-181.0
-195.0
-193.0
-178.0
-169.0
-173.0
-197.0
-183.0
-178.0
-161.0
-187.0
-194.0
-176.0
-165.0
-145.0
-140.0
-145.0
-165.0
-188.0
-180.0
-179.0
-175.0
-157.0
-154.0
-145.0
-162.0
-160.0
-146.0
-136.0
-148.0
-148.0
-157.0
-138.0
-103.0
-113.0
-108.0
-95.0
-54.0
-19.0
43.0
91.0
176.0
290.0
444.0
590.0
592.0
579.0
590.0
590.0
591.0
592.0
593.0
593.0
593.0
582.0
517.0
535.0
525.0
398.0
450.0
422.0
346.0
399.0
359.0
334.0
372.0
363.0
316.0
302.0
305.0
315.0
320.0
332.0
326.0
306.0
259.0
210.0
140.0
96.0
12.0
-82.0
-177.0
-272.0
-371.0
-441.0
-436.0
-484.0
-501.0
-518.0
-514.0
-513.0
-523.0
-520.0
-516.0
-518.0
-518.0
-510.0
-495.0
-487.0
-485.0
-479.0
-480.0
-464.0
-477.0
-481.0
-476.0
-463.0
-467.0
-446.0
-447.0
-460.0
-452.0
-433.0
-422.0
-428.0
-431.0
-423.0
-422.0
-385.0
-371.0
-380.0
-382.0
-370.0
-382.0
-380.0
-343.0
-361.0
-382.0
-376.0
-368.0
-353.0
-362.0
-361.0
-341.0
-369.0
-372.0
-373.0
-348.0
-349.0
-381.0
-376.0
-360.0
-352.0
-345.0
-344.0
-338.0
-341.0
-356.0
-366.0
-364.0
-347.0
-323.0
-329.0
-331.0
-349.0
-343.0
-314.0
-310.0
-303.0
-314.0
-292.0
-266.0
-296.0
-322.0
-301.0
-303.0
-295.0
-262.0
-263.0
-304.0
-284.0
-223.0
-228.0
-239.0
-273.0
-282.0
-260.0
-245.0
-241.0
-250.0
-264.0
-275.0
-257.0
-224.0
-213.0
-180.0
-189.0
-193.0
-199.0
-210.0
-178.0
-178.0
-205.0
-195.0
-208.0
-231.0
-232.0
-234.0
-233.0
-239.0
-236.0
-231.0
-224.0
-218.0
-208.0
-221.0
-215.0
-198.0
-189.0
-164.0
-159.0
-157.0
-162.0
-205.0
-157.0
-125.0
-98.0
-55.0
27.0
106.0
240.0
366.0
477.0
592.0
600.0
585.0
592.0
592.0
594.0
596.0
574.0
539.0
462.0
432.0
340.0
267.0
224.0
131.0
59.0
23.0
-31.0
-93.0
-122.0
-163.0
-183.0
-230.0
-267.0
-277.0
-295.0
-314.0
-343.0
-353.0
-380.0
-417.0
-413.0
-428.0
-440.0
-445.0
-460.0
-454.0
-449.0
-461.0
-458.0
-447.0
-429.0
-418.0
-413.0
-425.0
-412.0
-398.0
-396.0
-393.0
-406.0
-420.0
-411.0
-401.0
-393.0
-403.0
-368.0
-377.0
-375.0
-369.0
-400.0
-392.0
-352.0
-353.0
-358.0
-369.0
-380.0
-392.0
-383.0
-386.0
-348.0
-338.0
-340.0
-328.0
-326.0
-329.0
-320.0
-333.0
-324.0
-318.0
-327.0
-315.0
-287.0
-287.0
-308.0
-311.0
-295.0
-292.0
-280.0
-281.0
-264.0
-271.0
-280.0
-260.0
-248.0
-243.0
-252.0
-257.0
-246.0
-239.0
-232.0
-246.0
-235.0
-257.0
-249.0
-239.0
-234.0
-225.0
-233.0
-244.0
-217.0
-219.0
-223.0
-260.0
-201.0
-163.0
-164.0
-128.0
-137.0
-160.0
-161.0
-184.0
-195.0
-181.0
-159.0
-165.0
-152.0
-146.0
-127.0
-106.0
-101.0
-108.0
-122.0
-130.0
-123.0
-130.0
-96.0
-91.0
-109.0
-119.0
-136.0
-134.0
-116.0
-110.0
-104.0
-127.0
-142.0
-136.0
-139.0
-135.0
-122.0
-116.0
-116.0
-127.0
-136.0
-117.0
-110.0
-115.0
-129.0
-122.0
-139.0
-84.0
-100.0
-133.0
-133.0
-110.0
-95.0
-88.0
-117.0
-130.0
-127.0
-113.0
-118.0
-140.0
-112.0
-118.0
-136.0
-127.0
-132.0
-106.0
-90.0
-88.0
-72.0
-71.0
-68.0
-48.0
-82.0
-74.0
-85.0
-71.0
-42.0
-2.0
67.0
114.0
216.0
314.0
447.0
601.0
596.0
582.0
593.0
588.0
591.0
593.0
591.0
503.0
417.0
398.0
337.0
265.0
165.0
99.0
13.0
-89.0
-111.0
-149.0
-214.0
-254.0
-320.0
-335.0
-380.0
-401.0
-414.0
-455.0
-462.0
-444.0
-437.0
-441.0
-447.0
-454.0
-435.0
-429.0
-442.0
-426.0
-412.0
-416.0
-415.0
-408.0
-404.0
-395.0
-408.0
-428.0
-439.0
-441.0
-408.0
-395.0
-400.0
-395.0
-393.0
-383.0
-373.0
-379.0
-395.0
-378.0
-339.0
-338.0
-360.0
-356.0
-333.0
-319.0
-331.0
-316.0
-312.0
-317.0
-348.0
-353.0
-340.0
-326.0
-332.0
-343.0
-337.0
-343.0
-331.0
-293.0
-294.0
-316.0
-314.0
-312.0
-288.0
-286.0
-284.0
-253.0
-250.0
-263.0
-259.0
-246.0
-251.0
-260.0
-241.0
-248.0
-249.0
-249.0
-252.0
-248.0
-240.0
-279.0
-273.0
-244.0
-239.0
-230.0
-239.0
-254.0
-235.0
-235.0
-211.0
-203.0
-204.0
-192.0
-174.0
-192.0
-200.0
-204.0
-206.0
-201.0
-211.0
-203.0
-197.0
-178.0
-198.0
-220.0
-232.0
-222.0
-221.0
-199.0
-207.0
-217.0
-200.0
-210.0
-215.0
-225.0
-206.0
-182.0
-206.0
-228.0
-240.0
-250.0
-223.0
-201.0
-191.0
-175.0
-190.0
-217.0
-212.0
-231.0
-191.0
-172.0
-165.0
-160.0
-107.0
-52.0
7.0
72.0
159.0
251.0
340.0
470.0
550.0
604.0
593.0
592.0
595.0
591.0
561.0
531.0
469.0
417.0
342.0
239.0
150.0
82.0
35.0
-17.0
-73.0
-102.0
-152.0
-176.0
-226.0
-262.0
-277.0
-304.0
-336.0
-375.0
-361.0
-358.0
-391.0
-395.0
-399.0
-403.0
-407.0
-386.0
-404.0
-402.0
-390.0
-392.0
-405.0
-391.0
-407.0
-416.0
-395.0
-391.0
-393.0
-375.0
-389.0
-393.0
-386.0
-376.0
-370.0
-365.0
-351.0
-344.0
-337.0
-332.0
-344.0
-354.0
-332.0
-337.0
-321.0
-322.0
-293.0
-292.0
-306.0
-314.0
-320.0
-328.0
-317.0
-315.0
-307.0
-307.0
-303.0
-300.0
-290.0
-299.0
-325.0
-335.0
-324.0
-328.0
-359.0
-337.0
-327.0
-331.0
-319.0
-307.0
-326.0
-316.0
-295.0
-293.0
-266.0
-291.0
-307.0
-282.0
-287.0
-284.0
-280.0
-272.0
-275.0
-272.0
-269.0
-275.0
-295.0
-297.0
-316.0
-288.0
-234.0
-217.0
-241.0
-261.0
-270.0
-275.0
-257.0
-272.0
-293.0
-272.0
-255.0
-280.0
-257.0
-211.0
-221.0
-216.0
-221.0
-242.0
-238.0
-218.0
-243.0
-257.0
-242.0
-216.0
-218.0
-206.0
-210.0
-199.0
-188.0
-181.0
-179.0
-180.0
-161.0
-165.0
-187.0
-189.0
-174.0
-201.0
-181.0
-166.0
-155.0
-184.0
-182.0
-175.0
-162.0
-166.0
-170.0
-158.0
-125.0
-151.0
-157.0
-166.0
-179.0
-154.0
-139.0
-180.0
-119.0
-92.0
-91.0
-105.0
-129.0
-123.0
-136.0
-133.0
-116.0
-131.0
-167.0
-146.0
-140.0
-136.0
-126.0
-118.0
-102.0
-137.0
-121.0
-133.0
-136.0
-129.0
-125.0
-111.0
-118.0
-139.0
-127.0
-117.0
-128.0
-96.0
-89.0
-46.0
25.0
55.0
132.0
208.0
260.0
312.0
460.0
612.0
587.0
586.0
590.0
591.0
595.0
595.0
593.0
553.0
485.0
412.0
368.0
299.0
209.0
171.0
84.0
28.0
8.0
-32.0
-60.0
-87.0
-129.0
-152.0
-192.0
-204.0
-220.0
-250.0
-258.0
-284.0
-335.0
-344.0
-350.0
-365.0
-377.0
-381.0
-373.0
-402.0
-432.0
-419.0
-437.0
-417.0
-405.0
-423.0
-423.0
-433.0
-417.0
-388.0
-390.0
-407.0
-390.0
-376.0
-380.0
-357.0
-347.0
-363.0
-393.0
-374.0
-364.0
-382.0
-360.0
-344.0
-360.0
-375.0
-379.0
-381.0
-382.0
-366.0
-348.0
-340.0
-347.0
-331.0
-312.0
-344.0
-356.0
-343.0
-325.0
-324.0
-330.0
-327.0
-315.0
-325.0
-326.0
-318.0
-298.0
-311.0
-314.0
-299.0
-301.0
-291.0
-290.0
-290.0
-281.0
-288.0
-293.0
-268.0
-253.0
-270.0
-286.0
-318.0
-317.0
-315.0
-334.0
-310.0
-288.0
-285.0
-271.0
-274.0
-265.0
-245.0
-250.0
-261.0
-256.0
-289.0
-316.0
-253.0
-245.0
-247.0
-240.0
-248.0
-256.0
-258.0
-240.0
-260.0
-253.0
-224.0
-230.0
-244.0
-258.0
-288.0
-262.0
-272.0
-251.0
-239.0
-243.0
-263.0
-257.0
-241.0
-222.0
-206.0
-212.0
-238.0
-241.0
-237.0
-238.0
-237.0
-209.0
-190.0
-211.0
-225.0
-247.0
-239.0
-243.0
-223.0
-224.0
-246.0
-243.0
-228.0
-211.0
-183.0
-198.0
-178.0
-206.0
-176.0
-173.0
-123.0
-50.0
11.0
73.0
170.0
272.0
324.0
422.0
550.0
612.0
589.0
589.0
591.0
591.0
591.0
593.0
592.0
593.0
593.0
589.0
589.0
582.0
570.0
522.0
514.0
537.0
455.0
409.0
357.0
279.0
197.0
105.0
16.0
-79.0
-125.0
-223.0
-299.0
-368.0
-437.0
-497.0
-511.0
-522.0
-529.0
-524.0
-522.0
-515.0
-516.0
-514.0
-500.0
-507.0
-511.0
-511.0
-506.0
-480.0
-485.0
-483.0
-471.0
-453.0
-413.0
-444.0
-470.0
-455.0
-439.0
-443.0
-439.0
-447.0
-454.0
-474.0
-483.0
-462.0
-466.0
-432.0
-400.0
-421.0
-386.0
-389.0
-367.0
-359.0
-370.0
-364.0
-350.0
-341.0
-345.0
-356.0
-344.0
-335.0
-335.0
-328.0
-318.0
-308.0
-296.0
-293.0
-292.0
-307.0
-318.0
-301.0
-305.0
-298.0
-289.0
-280.0
-269.0
-249.0
-242.0
-242.0
-263.0
-269.0
-283.0
-277.0
-266.0
-262.0
-272.0
-261.0
-256.0
-253.0
-261.0
-258.0
-239.0
-231.0
-261.0
-264.0
-195.0
-218.0
-223.0
-210.0
-222.0
-182.0
-215.0
-218.0
-224.0
-241.0
-227.0
-214.0
-226.0
-239.0
-247.0
-239.0
-232.0
-235.0
-229.0
-239.0
-224.0
-218.0
-204.0
-212.0
-240.0
-263.0
-247.0
-235.0
-253.0
-224.0
-246.0
-229.0
-229.0
-238.0
-188.0
-180.0
-192.0
-187.0
-214.0
-216.0
-201.0
-202.0
-192.0
-187.0
-209.0
-197.0
-224.0
-206.0
-205.0
-192.0
-195.0
-211.0
-196.0
-169.0
-145.0
-100.0
-26.0
52.0
173.0
306.0
432.0
591.0
598.0
582.0
587.0
590.0
589.0
590.0
594.0
576.0
558.0
477.0
388.0
309.0
231.0
153.0
73.0
-11.0
-103.0
-158.0
-197.0
-266.0
-331.0
-376.0
-397.0
-407.0
-424.0
-465.0
-456.0
-482.0
-493.0
-495.0
-481.0
-480.0
-472.0
-460.0
-461.0
-483.0
-479.0
-486.0
-493.0
-463.0
-455.0
-457.0
-437.0
-460.0
-466.0
-479.0
-446.0
-415.0
-403.0
-406.0
-395.0
-380.0
-388.0
-376.0
-381.0
-370.0
-395.0
-391.0
-375.0
-386.0
-375.0
-353.0
-360.0
-348.0
-368.0
-391.0
-384.0
-356.0
-325.0
-326.0
-329.0
-324.0
-310.0
-313.0
-305.0
-291.0
-290.0
-298.0
-331.0
-320.0
-313.0
-317.0
-295.0
-289.0
-282.0
-261.0
-282.0
-273.0
-265.0
-259.0
-251.0
-252.0
-261.0
-279.0
-216.0
-192.0
-213.0
-217.0
-242.0
-260.0
-266.0
-259.0
-257.0
-224.0
-195.0
-203.0
-205.0
-221.0
-243.0
-253.0
-250.0
-223.0
-227.0
-233.0
-221.0
-233.0
-219.0
-209.0
-193.0
-175.0
-181.0
-177.0
-181.0
-192.0
-185.0
-177.0
-191.0
-200.0
-204.0
-197.0
-207.0
-186.0
-185.0
-231.0
-238.0
-213.0
-203.0
-202.0
-208.0
-219.0
-205.0
-195.0
-182.0
-154.0
-171.0
-193.0
-180.0
-176.0
-188.0
-204.0
-231.0
-206.0
-187.0
-199.0
-210.0
-213.0
-153.0
-131.0
-138.0
-150.0
-168.0
-165.0
-131.0
-125.0
-107.0
-81.0
-128.0
-114.0
-109.0
-128.0
-134.0
-139.0
-135.0
-158.0
-157.0
-155.0
-143.0
-135.0
-137.0
-168.0
-144.0
-143.0
-148.0
-148.0
-137.0
-127.0
-98.0
-93.0
-103.0
-88.0
-73.0
-81.0
-78.0
-65.0
-43.0
-44.0
-51.0
-87.0
-111.0
-115.0
-110.0
-100.0
-67.0
-83.0
-92.0
-96.0
-94.0
-116.0
-86.0
-42.0
-18.0
-31.0
-35.0
-35.0
-65.0
-86.0
-91.0
-69.0
-58.0
-42.0
-50.0
-87.0
-106.0
-101.0
-95.0
-73.0
-63.0
-57.0
-47.0
-66.0
-69.0
-13.0
11.0
83.0
142.0
229.0
260.0
462.0
550.0
572.0
588.0
579.0
583.0
587.0
590.0
586.0
584.0
561.0
536.0
498.0
416.0
385.0
345.0
228.0
124.0
31.0
-65.0
-127.0
-198.0
-309.0
-359.0
-427.0
-475.0
-482.0
-488.0
-500.0
-480.0
-465.0
-472.0
-510.0
-511.0
-513.0
-508.0
-503.0
-495.0
-499.0
-467.0
-456.0
-460.0
-479.0
-497.0
-494.0
-476.0
-469.0
-502.0
-455.0
-454.0
-419.0
-403.0
-436.0
-435.0
-463.0
-468.0
-432.0
-408.0
-390.0
-397.0
-391.0
-361.0
-355.0
-359.0
-363.0
-355.0
-345.0
-361.0
-362.0
-362.0
-368.0
-386.0
-399.0
-387.0
-385.0
-385.0
-376.0
-359.0
-335.0
-315.0
-307.0
-287.0
-293.0
-326.0
-349.0
-338.0
-334.0
-307.0
-316.0
-340.0
-351.0
-366.0
-357.0
-353.0
-359.0
-333.0
-327.0
-302.0
-298.0
-291.0
-271.0
-257.0
-243.0
-251.0
-243.0
-248.0
-290.0
-291.0
-261.0
-263.0
-264.0
-270.0
-275.0
-272.0
-272.0
-265.0
-238.0
-227.0
-218.0
-223.0
-223.0
-234.0
-230.0
-231.0
-224.0
-211.0
-214.0
-205.0
-240.0
-236.0
-239.0
-247.0
-240.0
-235.0
-220.0
-216.0
-218.0
-230.0
-224.0
-196.0
-234.0
-207.0
-220.0
-247.0
-227.0
-222.0
-211.0
-198.0
-214.0
-215.0
-218.0
-174.0
-162.0
-147.0
-134.0
-161.0
-165.0
-168.0
-178.0
-194.0
-209.0
-211.0
-188.0
-174.0
-170.0
-161.0
-163.0
-160.0
-166.0
-194.0
-201.0
-197.0
-156.0
-118.0
-125.0
-112.0
-104.0
-107.0
-94.0
-87.0
-83.0
-105.0
-134.0
-128.0
-122.0
-111.0
-88.0
-84.0
-102.0
-99.0
-78.0
-69.0
-64.0
-81.0
-110.0
-64.0
-53.0
-40.0
-48.0
-79.0
-91.0
-88.0
-122.0
-143.0
-146.0
-124.0
-125.0
-100.0
-88.0
-108.0
-80.0
-73.0
-64.0
-45.0
-48.0
-69.0
-64.0
-62.0
-64.0
-64.0
-67.0
-56.0
-72.0
-81.0
-96.0
-89.0
-82.0
-102.0
-96.0
-98.0
-109.0
-116.0
-120.0
-115.0
-98.0
-79.0
-69.0
-65.0
-108.0
-109.0
-92.0
-115.0
-115.0
-74.0
-51.0
-57.0
-52.0
-56.0
-64.0
-62.0
-60.0
-55.0
-63.0
-52.0
-62.0
-58.0
-50.0
-43.0
-39.0
-31.0
-43.0
-34.0
-21.0
-20.0
-43.0
-24.0
-14.0
-27.0
-42.0
-57.0
-49.0
-54.0
-73.0
-67.0
-75.0
-89.0
-89.0
-78.0
-64.0
-37.0
-38.0
-39.0
-43.0
-50.0
-46.0
-56.0
-53.0
-50.0
-40.0
-61.0
-51.0
-71.0
-66.0
-52.0
-63.0
-54.0
-26.0
13.0
53.0
143.0
215.0
287.0
402.0
584.0
601.0
576.0
586.0
589.0
591.0
590.0
576.0
580.0
499.0
463.0
423.0
319.0
225.0
166.0
73.0
-12.0
-90.0
-147.0
-180.0
-223.0
-295.0
-320.0
-345.0
-400.0
-435.0
-439.0
-451.0
-485.0
-476.0
-479.0
-486.0
-497.0
-494.0
-474.0
-454.0
-436.0
-435.0
-416.0
-445.0
-453.0
-422.0
-428.0
-418.0
-433.0
-428.0
-412.0
-422.0
-423.0
-418.0
-421.0
-412.0
-379.0
-376.0
-375.0
-346.0
-328.0
-338.0
-347.0
-346.0
-366.0
-374.0
-387.0
-354.0
-373.0
-365.0
-354.0
-346.0
-361.0
-360.0
-338.0
-329.0
-348.0
-337.0
-341.0
-371.0
-281.0
-293.0
-276.0
-238.0
-256.0
-286.0
-283.0
-269.0
-256.0
-240.0
-241.0
-263.0
-260.0
-273.0
-273.0
-276.0
-259.0
-243.0
-259.0
-261.0
-262.0
-260.0
-263.0
-265.0
-262.0
-253.0
-239.0
-253.0
-246.0
-242.0
-269.0
-247.0
-265.0
-269.0
-248.0
-294.0
-306.0
-275.0
-264.0
-239.0
-237.0
-247.0
-231.0
-262.0
-224.0
-226.0
-232.0
-204.0
-199.0
-219.0
-230.0
-241.0
-244.0
-240.0
-213.0
-225.0
-221.0
-238.0
-249.0
-238.0
-209.0
-221.0
-258.0
-215.0
-171.0
-169.0
-128.0
-149.0
-175.0
-193.0
-191.0
-163.0
-166.0
-140.0
-158.0
-157.0
-157.0
-183.0
-200.0
-181.0
-185.0
-187.0
-170.0
-188.0
-171.0
-153.0
-174.0
-181.0
-175.0
-163.0
-139.0
-136.0
-149.0
-161.0
-154.0
-168.0
-176.0
-176.0
-181.0
-200.0
-188.0
-180.0
-185.0
-173.0
-164.0
-162.0
-166.0
-152.0
-161.0
-162.0
-149.0
-205.0
-176.0
-132.0
-135.0
-125.0
-127.0
-134.0
-133.0
-127.0
-131.0
-152.0
-180.0
-144.0
-133.0
-126.0
-114.0
-127.0
-154.0
-166.0
-135.0
-141.0
-151.0
-135.0
-162.0
-162.0
-154.0
-146.0
-166.0
-173.0
-158.0
-155.0
-178.0
-185.0
-168.0
-163.0
-134.0
-140.0
-121.0
-107.0
-112.0
-97.0
-111.0
-120.0
-111.0
-101.0
-117.0
-119.0
-122.0
-146.0
-142.0
-112.0
-115.0
-135.0
-149.0
-134.0
-132.0
-142.0
-143.0
-138.0
-128.0
-113.0
-78.0
-63.0
-77.0
-64.0
-71.0
-70.0
-62.0
-25.0
16.0
44.0
68.0
152.0
258.0
380.0
543.0
604.0
586.0
592.0
592.0
589.0
591.0
592.0
593.0
593.0
588.0
583.0
579.0
574.0
511.0
554.0
541.0
491.0
527.0
472.0
502.0
489.0
465.0
518.0
463.0
469.0
457.0
427.0
432.0
403.0
382.0
353.0
271.0
230.0
175.0
70.0
-7.0
-84.0
-209.0
-281.0
-336.0
-415.0
-498.0
-522.0
-519.0
-518.0
-519.0
-520.0
-516.0
-518.0
-512.0
-512.0
-503.0
-497.0
-499.0
-496.0
-483.0
-485.0
-470.0
-460.0
-457.0
-444.0
-460.0
-478.0
-495.0
-449.0
-386.0
-395.0
-430.0
-421.0
-463.0
-461.0
-431.0
-443.0
-454.0
-455.0
-461.0
-426.0
-426.0
-417.0
-424.0
-434.0
-419.0
-414.0
-414.0
-390.0
-400.0
-404.0
-374.0
-373.0
-379.0
-372.0
-375.0
-339.0
-344.0
-370.0
-381.0
-360.0
-364.0
-364.0
-359.0
-351.0
-363.0
-360.0
-342.0
-355.0
-348.0
-334.0
-337.0
-343.0
-322.0
-310.0
-309.0
-319.0
-278.0
-278.0
-278.0
-249.0
-266.0
-263.0
-265.0
-298.0
-277.0
-263.0
-262.0
-270.0
-286.0
-274.0
-261.0
-246.0
-238.0
-257.0
-260.0
-221.0
-221.0
-210.0
-211.0
-213.0
-209.0
-202.0
-186.0
-197.0
-266.0
-224.0
-167.0
-194.0
-174.0
-192.0
-201.0
-191.0
-201.0
-191.0
-188.0
-193.0
-197.0
-208.0
-219.0
-201.0
-171.0
-169.0
-174.0
-180.0
-169.0
-190.0
-192.0
-172.0
-168.0
-166.0
-171.0
-172.0
-168.0
-172.0
-172.0
-170.0
-148.0
-137.0
-104.0
-121.0
-157.0
-170.0
-176.0
-166.0
-125.0
-103.0
-108.0
-132.0
-144.0
-175.0
-138.0
-79.0
-75.0
-77.0
-119.0
-124.0
-92.0
-104.0
-110.0
-95.0
-100.0
-108.0
-108.0
-114.0
-115.0
-113.0
-89.0
-80.0
-61.0
-55.0
-62.0
-92.0
-84.0
-74.0
-77.0
-50.0
-27.0
-1.0
72.0
115.0
193.0
299.0
399.0
584.0
602.0
578.0
589.0
590.0
590.0
588.0
584.0
505.0
389.0
308.0
229.0
155.0
69.0
-13.0
-82.0
-122.0
-158.0
-219.0
-289.0
-323.0
-348.0
-387.0
-414.0
-427.0
-426.0
-422.0
-435.0
-436.0
-439.0
-448.0
-460.0
-488.0
-483.0
-469.0
-460.0
-450.0
-456.0
-432.0
-435.0
-421.0
-416.0
-423.0
-400.0
-393.0
-408.0
-402.0
-410.0
-418.0
-398.0
-382.0
-383.0
-399.0
-400.0
-324.0
-354.0
-325.0
-284.0
-285.0
-306.0
-326.0
-329.0
-310.0
-331.0
-312.0
-303.0
-299.0
-300.0
-296.0
-288.0
-276.0
-290.0
-281.0
-276.0
-288.0
-294.0
-320.0
-328.0
-305.0
-295.0
-285.0
-306.0
-285.0
-250.0
-220.0
-212.0
-266.0
-310.0
-303.0
-296.0
-277.0
-256.0
-244.0
-241.0
-262.0
-285.0
-267.0
-250.0
-269.0
-261.0
-253.0
-259.0
-263.0
-256.0
-234.0
-250.0
-240.0
-230.0
-221.0
-208.0
-211.0
-219.0
-221.0
-206.0
-195.0
-205.0
-208.0
-205.0
-220.0
-247.0
-228.0
-214.0
-205.0
-204.0
-207.0
-199.0
-217.0
-240.0
-242.0
-250.0
-263.0
-245.0
-222.0
-196.0
-201.0
-235.0
-236.0
-197.0
-208.0
-208.0
-206.0
-186.0
-192.0
-187.0
-182.0
-204.0
-211.0
-209.0
-213.0
-221.0
-218.0
-215.0
-229.0
-196.0
-169.0
-161.0
-182.0
-164.0
-149.0
-123.0
-97.0
-51.0
-1.0
60.0
134.0
260.0
347.0
459.0
606.0
595.0
582.0
592.0
592.0
592.0
571.0
501.0
484.0
413.0
353.0
307.0
239.0
158.0
67.0
6.0
-41.0
-95.0
-175.0
-230.0
-265.0
-303.0
-349.0
-355.0
-384.0
-406.0
-420.0
-410.0
-395.0
-395.0
-413.0
-419.0
-408.0
-422.0
-427.0
-437.0
-440.0
-445.0
-438.0
-436.0
-436.0
-448.0
-458.0
-446.0
-442.0
-424.0
-409.0
-423.0
-411.0
-404.0
-395.0
-399.0
-399.0
-390.0
-384.0
-377.0
-378.0
-383.0
-361.0
-370.0
-379.0
-368.0
-368.0
-352.0
-328.0
-312.0
-329.0
-319.0
-292.0
-300.0
-307.0
-324.0
-326.0
-379.0
-344.0
-256.0
-291.0
-272.0
-278.0
-309.0
-316.0
-310.0
-324.0
-304.0
-299.0
-295.0
-294.0
-290.0
-265.0
-277.0
-278.0
-274.0
-261.0
-250.0
-247.0
-246.0
-245.0
-249.0
-237.0
-246.0
-241.0
-217.0
-216.0
-239.0
-244.0
-222.0
-231.0
-220.0
-221.0
-225.0
-225.0
-228.0
-225.0
-230.0
-220.0
-234.0
-238.0
-237.0
-263.0
-242.0
-308.0
-330.0
-304.0
-279.0
-286.0
-305.0
-291.0
-273.0
-271.0
-272.0
-276.0
-269.0
-274.0
-275.0
-277.0
-265.0
-258.0
-297.0
-298.0
-221.0
-193.0
-188.0
-209.0
-248.0
-250.0
-229.0
-238.0
-236.0
-237.0
-213.0
-218.0
-239.0
-220.0
-224.0
-230.0
-204.0
-190.0
-186.0
-192.0
-201.0
-195.0
-197.0
-197.0
-172.0
-165.0
-168.0
-174.0
-187.0
-163.0
-173.0
-185.0
-178.0
-184.0
-191.0
-154.0
-151.0
-145.0
-145.0
-151.0
-142.0
-148.0
-143.0
-124.0
-146.0
-146.0
-138.0
-154.0
-149.0
-136.0
-146.0
-132.0
-129.0
-140.0
-144.0
-142.0
-137.0
-156.0
-138.0
-130.0
-127.0
-127.0
-134.0
-115.0
-44.0
-37.0
-37.0
-59.0
-71.0
-55.0
-70.0
-83.0
-52.0
-24.0
12.0
61.0
103.0
158.0
241.0
304.0
411.0
539.0
594.0
584.0
587.0
590.0
590.0
593.0
588.0
576.0
551.0
503.0
456.0
407.0
336.0
274.0
221.0
140.0
82.0
42.0
-29.0
-72.0
-122.0
-131.0
-149.0
-208.0
-237.0
-257.0
-278.0
-295.0
-314.0
-362.0
-373.0
-370.0
-389.0
-410.0
-413.0
-414.0
-423.0
-404.0
-414.0
-453.0
-446.0
-449.0
-452.0
-426.0
-440.0
-466.0
-459.0
-463.0
-438.0
-418.0
-422.0
-408.0
-394.0
-392.0
-360.0
-363.0
-380.0
-380.0
-385.0
-369.0
-348.0
-357.0
-328.0
-326.0
-336.0
-332.0
-338.0
-330.0
-317.0
-327.0
-306.0
-288.0
-299.0
-292.0
-307.0
-300.0
-288.0
-294.0
-298.0
-310.0
-306.0
-298.0
-310.0
-292.0
-296.0
-301.0
-280.0
-274.0
-276.0
-285.0
-297.0
-280.0
-281.0
-270.0
-263.0
-278.0
-266.0
-274.0
-272.0
-253.0
-258.0
-258.0
-258.0
-249.0
-239.0
-241.0
-259.0
-253.0
-241.0
-250.0
-256.0
-272.0
-245.0
-224.0
-229.0
-215.0
-234.0
-229.0
-216.0
-233.0
-254.0
-191.0
-171.0
-175.0
-171.0
-193.0
-174.0
-171.0
-195.0
-196.0
-195.0
-195.0
-188.0
-177.0
-168.0
-185.0
-194.0
-176.0
-183.0
-195.0
-192.0
-192.0
-175.0
-184.0
-179.0
-166.0
-171.0
-162.0
-172.0
-174.0
-159.0
-183.0
-190.0
-170.0
-181.0
-187.0
-191.0
-182.0
-175.0
-184.0
-181.0
-158.0
-132.0
-138.0
-145.0
-138.0
-139.0
-138.0
-154.0
-125.0
-116.0
-102.0
-147.0
-183.0
-85.0
-90.0
-60.0
-53.0
-91.0
-67.0
-64.0
-98.0
-108.0
-102.0
-114.0
-124.0
-105.0
-99.0
-95.0
-91.0
-78.0
-82.0
-87.0
-78.0
-82.0
-75.0
-92.0
-107.0
-105.0
-110.0
-114.0
-121.0
-103.0
-62.0
-53.0
29.0
96.0
170.0
288.0
390.0
538.0
613.0
581.0
588.0
590.0
593.0
578.0
548.0
553.0
485.0
444.0
447.0
360.0
306.0
220.0
172.0
125.0
62.0
2.0
-52.0
-74.0
-129.0
-197.0
-225.0
-254.0
-295.0
-350.0
-370.0
-365.0
-377.0
-398.0
-411.0
-439.0
-423.0
-433.0
-441.0
-430.0
-410.0
-379.0
-367.0
-390.0
-394.0
-408.0
-398.0
-394.0
-408.0
-399.0
-389.0
-397.0
-402.0
-392.0
-388.0
-405.0
-391.0
-402.0
-373.0
-354.0
-352.0
-364.0
-423.0
-437.0
-300.0
-327.0
-322.0
-311.0
-327.0
-324.0
-320.0
-299.0
-303.0
-326.0
-327.0
-316.0
-302.0
-301.0
-304.0
-324.0
-332.0
-340.0
-331.0
-315.0
-319.0
-331.0
-325.0
-300.0
-303.0
-291.0
-318.0
-344.0
-326.0
-327.0
-324.0
-296.0
-303.0
-297.0
-293.0
-288.0
-260.0
-275.0
-294.0
-293.0
-274.0
-282.0
-313.0
-317.0
-288.0
-261.0
-254.0
-276.0
-276.0
-268.0
-267.0
-277.0
-281.0
-254.0
-261.0
-260.0
-252.0
-238.0
-248.0
-260.0
-256.0
-249.0
-257.0
-262.0
-269.0
-266.0
-282.0
-267.0
-252.0
-289.0
-261.0
-240.0
-250.0
-248.0
-208.0
-206.0
-212.0
-211.0
-213.0
-206.0
-208.0
-182.0
-167.0
-178.0
-182.0
-209.0
-208.0
-183.0
-186.0
-174.0
-165.0
-155.0
-168.0
-200.0
-251.0
-159.0
-185.0
-228.0
-204.0
-225.0
-233.0
-239.0
-227.0
-233.0
-230.0
-239.0
-237.0
-249.0
-221.0
-177.0
-192.0
-208.0
-227.0
-228.0
-203.0
-202.0
-197.0
-196.0
-203.0
-186.0
-190.0
-212.0
-194.0
-199.0
-205.0
-190.0
-206.0
-254.0
-251.0
-235.0
-243.0
-267.0
-243.0
-255.0
-268.0
-229.0
-233.0
-222.0
-215.0
-219.0
-233.0
-226.0
-219.0
-206.0
-201.0
-199.0
-211.0
-235.0
-240.0
-239.0
-215.0
-181.0
-209.0
-214.0
-197.0
-199.0
-192.0
-184.0
-185.0
-192.0
-203.0
-196.0
-186.0
-185.0
-195.0
-201.0
-206.0
-161.0
-221.0
-187.0
-160.0
-147.0
-191.0
-222.0
-213.0
-216.0
-201.0
-221.0
-238.0
-239.0
-224.0
-217.0
-222.0
-197.0
-207.0
-212.0
-191.0
-191.0
-195.0
-179.0
-144.0
-143.0
-140.0
-147.0
-170.0
-107.0
-79.0
-110.0
-102.0
-97.0
-103.0
-93.0
-107.0
-115.0
-101.0
-119.0
-126.0
-110.0
-116.0
-98.0
-83.0
-85.0
-84.0
-90.0
-96.0
-89.0
-84.0
-82.0
-78.0
-103.0
-102.0
-108.0
-105.0
-103.0
-101.0
-105.0
-95.0
-107.0
-84.0
-100.0
-98.0
-91.0
-85.0
-77.0
-73.0
-99.0
-107.0
-130.0
-94.0
-71.0
-87.0
-74.0
-63.0
-91.0
-91.0
-91.0
-118.0
-113.0
-98.0
-117.0
-109.0
-52.0
-46.0
-17.0
-19.0
-41.0
-52.0
-46.0
-64.0
-37.0
-12.0
-1.0
46.0
110.0
156.0
208.0
284.0
336.0
490.0
619.0
592.0
588.0
596.0
593.0
592.0
593.0
595.0
595.0
590.0
534.0
507.0
478.0
467.0
408.0
364.0
316.0
278.0
284.0
198.0
120.0
60.0
23.0
-46.0
-116.0
-157.0
-165.0
-217.0
-292.0
-310.0
-331.0
-365.0
-379.0
-377.0
-382.0
-408.0
-427.0
-456.0
-459.0
-457.0
-446.0
-463.0
-487.0
-447.0
-441.0
-418.0
-425.0
-435.0
-440.0
-427.0
-408.0
-397.0
-401.0
-409.0
-405.0
-402.0
-392.0
-411.0
-414.0
-431.0
-427.0
-398.0
-383.0
-373.0
-372.0
-356.0
-346.0
-367.0
-352.0
-352.0
-347.0
-331.0
-338.0
-355.0
-328.0
-301.0
-304.0
-298.0
-300.0
-295.0
-294.0
-301.0
-336.0
-346.0
-346.0
-338.0
-307.0
-292.0
-308.0
-313.0
-317.0
-330.0
-314.0
-314.0
-313.0
-316.0
-297.0
-292.0
-288.0
-289.0
-290.0
-287.0
-312.0
-305.0
-290.0
-279.0
-289.0
-302.0
-323.0
-319.0
-312.0
-291.0
-291.0
-280.0
-253.0
-265.0
-244.0
-242.0
-242.0
-248.0
-243.0
-261.0
-282.0
-196.0
-141.0
-136.0
-117.0
-153.0
-154.0
-177.0
-169.0
-169.0
-175.0
-186.0
-158.0
-154.0
-184.0
-172.0
-156.0
-164.0
-167.0
-169.0
-162.0
-167.0
-172.0
-175.0
-173.0
-167.0
-169.0
-180.0
-168.0
-171.0
-162.0
-140.0
-120.0
-125.0
-138.0
-126.0
-129.0
-157.0
-143.0
-131.0
-120.0
-138.0
-120.0
-112.0
-109.0
-143.0
-158.0
-155.0
-135.0
-94.0
-64.0
-71.0
-97.0
-92.0
-90.0
-87.0
-91.0
-91.0
-103.0
-84.0
-94.0
-88.0
-84.0
-98.0
-106.0
-143.0
-123.0
-91.0
-59.0
-66.0
-96.0
-89.0
-93.0
-96.0
-114.0
-123.0
-123.0
-128.0
-121.0
-107.0
-117.0
-117.0
-111.0
-131.0
-135.0
-102.0
-91.0
-87.0
-90.0
-113.0
-99.0
-70.0
-95.0
-97.0
-114.0
-119.0
-124.0
-119.0
-152.0
-150.0
-66.0
-32.0
-13.0
-24.0
-48.0
-55.0
-42.0
-60.0
-64.0
-46.0
-64.0
-60.0
-54.0
-60.0
-62.0
-55.0
-66.0
-52.0
-63.0
-79.0
-54.0
-39.0
-51.0
-49.0
-60.0
-39.0
-34.0
-35.0
-11.0
-7.0
-26.0
-36.0
-21.0
-16.0
-9.0
7.0
-44.0
-93.0
22.0
62.0
50.0
76.0
93.0
91.0
95.0
84.0
61.0
76.0
98.0
118.0
117.0
143.0
177.0
234.0
252.0
308.0
418.0
571.0
606.0
586.0
590.0
590.0
592.0
590.0
592.0
592.0
593.0
587.0
559.0
518.0
513.0
517.0
431.0
360.0
371.0
297.0
246.0
209.0
187.0
165.0
128.0
78.0
24.0
-11.0
-22.0
-74.0
-134.0
-161.0
-176.0
-224.0
-289.0
-318.0
-354.0
-398.0
-422.0
-418.0
-457.0
-475.0
-476.0
-487.0
-476.0
-473.0
-479.0
-477.0
-489.0
-466.0
-421.0
-404.0
-373.0
-374.0
-393.0
-421.0
-438.0
-435.0
-446.0
-447.0
-432.0
-428.0
-420.0
-394.0
-402.0
-419.0
-410.0
-389.0
-370.0
-366.0
-339.0
-337.0
-333.0
-324.0
-354.0
-373.0
-360.0
-378.0
-380.0
-381.0
-375.0
-371.0
-370.0
-359.0
-339.0
-345.0
-341.0
-336.0
-342.0
-380.0
-389.0
-337.0
-328.0
-288.0
-274.0
-293.0
-307.0
-325.0
-324.0
-322.0
-299.0
-307.0
-303.0
-297.0
-288.0
-301.0
-304.0
-301.0
-270.0
-266.0
-277.0
-271.0
-249.0
-247.0
-271.0
-261.0
-260.0
-270.0
-265.0
-276.0
-263.0
-239.0
-265.0
-236.0
-232.0
-259.0
-272.0
-261.0
-274.0
-281.0
-313.0
-305.0
-297.0
-303.0
-262.0
-252.0
-261.0
-252.0
-249.0
-244.0
-252.0
-235.0
-211.0
-211.0
-218.0
-224.0
-223.0
-242.0
-234.0
-231.0
-216.0
-232.0
-254.0
-258.0
-253.0
-240.0
-228.0
-249.0
-259.0
-265.0
-239.0
-229.0
-240.0
-233.0
-211.0
-239.0
-213.0
-216.0
-220.0
-199.0
-187.0
-191.0
-176.0
-203.0
-221.0
-211.0
-203.0
-199.0
-197.0
-202.0
-233.0
-271.0
-260.0
-233.0
-229.0
-199.0
-193.0
-180.0
-193.0
-212.0
-209.0
-191.0
-182.0
-169.0
-175.0
-192.0
-200.0
-179.0
-174.0
-181.0
-186.0
-175.0
-166.0
-166.0
-155.0
-145.0
-138.0
-152.0
-175.0
-165.0
-144.0
-129.0
-74.0
-80.0
-50.0
3.0
53.0
129.0
208.0
304.0
471.0
587.0
596.0
588.0
592.0
590.0
580.0
570.0
587.0
526.0
515.0
527.0
436.0
343.0
251.0
193.0
142.0
86.0
24.0
-17.0
-74.0
-109.0
-185.0
-235.0
-296.0
-317.0
-342.0
-364.0
-406.0
-421.0
-425.0
-450.0
-464.0
-485.0
-478.0
-457.0
-454.0
-442.0
-452.0
-421.0
-422.0
-438.0
-429.0
-444.0
-460.0
-445.0
-425.0
-444.0
-438.0
-444.0
-452.0
-429.0
-392.0
-364.0
-371.0
-376.0
-383.0
-393.0
-381.0
-361.0
-362.0
-361.0
-372.0
-363.0
-342.0
-335.0
-351.0
-333.0
-354.0
-366.0
-363.0
-332.0
-311.0
-308.0
-336.0
-350.0
-356.0
-350.0
-313.0
-300.0
-303.0
-332.0
-353.0
-343.0
-343.0
-324.0
-299.0
-303.0
-312.0
-322.0
-323.0
-317.0
-303.0
-272.0
-256.0
-273.0
-274.0
-280.0
-282.0
-274.0
-231.0
-256.0
-274.0
-263.0
-265.0
-263.0
-303.0
-301.0
-239.0
-232.0
-231.0
-223.0
-239.0
-261.0
-268.0
-268.0
-270.0
-264.0
-267.0
-271.0
-281.0
-280.0
-268.0
-266.0
-253.0
-225.0
-224.0
-222.0
-240.0
-242.0
-244.0
-229.0
-224.0
-212.0
-229.0
-219.0
-197.0
-190.0
-183.0
-177.0
-185.0
-177.0
-200.0
-203.0
-196.0
-214.0
-212.0
-205.0
-213.0
-210.0
-202.0
-208.0
-205.0
-193.0
-190.0
-190.0
-189.0
-177.0
-183.0
-181.0
-182.0
-186.0
-177.0
-187.0
-224.0
-218.0
-210.0
-225.0
-200.0
-196.0
-204.0
-192.0
-190.0
-165.0
-147.0
-162.0
-169.0
-190.0
-184.0
-161.0
-156.0
-152.0
-161.0
-159.0
-144.0
-159.0
-157.0
-148.0
-140.0
-144.0
-163.0
-153.0
-132.0
-107.0
-109.0
-111.0
-145.0
-111.0
-111.0
-131.0
-130.0
-110.0
-63.0
8.0
73.0
74.0
119.0
186.0
248.0
362.0
446.0
566.0
609.0
591.0
594.0
595.0
594.0
593.0
561.0
562.0
590.0
545.0
552.0
532.0
545.0
485.0
470.0
470.0
485.0
505.0
421.0
399.0
419.0
362.0
307.0
297.0
278.0
238.0
186.0
133.0
72.0
41.0
-28.0
-118.0
-159.0
-185.0
-202.0
-257.0
-283.0
-320.0
-356.0
-398.0
-416.0
-425.0
-444.0
-438.0
-438.0
-459.0
-470.0
-487.0
-486.0
-474.0
-463.0
-470.0
-466.0
-463.0
-471.0
-456.0
-435.0
-423.0
-423.0
-430.0
-413.0
-412.0
-412.0
-407.0
-396.0
-375.0
-395.0
-396.0
-376.0
-380.0
-401.0
-421.0
-426.0
-395.0
-379.0
-383.0
-359.0
-361.0
-360.0
-356.0
-355.0
-363.0
-344.0
-347.0
-350.0
-336.0
-337.0
-335.0
-351.0
-338.0
-332.0
-315.0
-297.0
-310.0
-312.0
-293.0
-304.0
-321.0
-320.0
-315.0
-318.0
-292.0
-305.0
-333.0
-297.0
-290.0
-305.0
-316.0
-309.0
-328.0
-313.0
-270.0
-296.0
-295.0
-294.0
-318.0
-297.0
-308.0
-323.0
-308.0
-307.0
-279.0
-282.0
-259.0
-253.0
-294.0
-289.0
-262.0
-290.0
-312.0
-290.0
-278.0
-280.0
-280.0
-273.0
-280.0
-260.0
-254.0
-265.0
-244.0
-250.0
-225.0
-210.0
-193.0
-183.0
-176.0
-192.0
-192.0
-187.0
-213.0
-218.0
-224.0
-262.0
-216.0
-215.0
-207.0
-237.0
-233.0
-204.0
-173.0
-197.0
-194.0
-196.0
-197.0
-163.0
-127.0
-115.0
-134.0
-144.0
-152.0
-152.0
-140.0
-137.0
-150.0
-153.0
-135.0
-162.0
-159.0
-159.0
-169.0
-143.0
-157.0
-148.0
-190.0
-154.0
-93.0
-111.0
-85.0
-75.0
-80.0
-93.0
-111.0
-115.0
-110.0
-88.0
-70.0
-41.0
-15.0
29.0
38.0
51.0
114.0
165.0
238.0
310.0
360.0
454.0
563.0
600.0
593.0
593.0
594.0
593.0
590.0
593.0
595.0
568.0
540.0
489.0
484.0
451.0
401.0
385.0
363.0
320.0
305.0
289.0
258.0
232.0
201.0
194.0
228.0
194.0
156.0
118.0
90.0
52.0
16.0
-21.0
-53.0
-83.0
-115.0
-139.0
-181.0
-208.0
-253.0
-310.0
-334.0
-353.0
-377.0
-390.0
-418.0
-432.0
-449.0
-440.0
-444.0
-464.0
-464.0
-457.0
-445.0
-453.0
-461.0
-445.0
-416.0
-444.0
-441.0
-427.0
-418.0
-406.0
-423.0
-428.0
-402.0
-401.0
-410.0
-408.0
-411.0
-398.0
-376.0
-342.0
-356.0
-365.0
-350.0
-352.0
-352.0
-343.0
-366.0
-340.0
-329.0
-344.0
-341.0
-339.0
-345.0
-342.0
-343.0
-336.0
-335.0
-335.0
-340.0
-332.0
-329.0
-328.0
-343.0
-331.0
-313.0
-308.0
-287.0
-303.0
-305.0
-297.0
-297.0
-302.0
-286.0
-287.0
-281.0
-285.0
-276.0
-294.0
-320.0
-298.0
-267.0
-290.0
-259.0
-240.0
-261.0
-257.0
-263.0
-254.0
-266.0
-279.0
-288.0
-299.0
-297.0
-256.0
-242.0
-235.0
-246.0
-236.0
-213.0
-221.0
-241.0
-234.0
-204.0
-208.0
-208.0
-213.0
-220.0
-233.0
-221.0
-220.0
-211.0
-208.0
-195.0
-197.0
-172.0
-190.0
-204.0
-174.0
-188.0
-195.0
-189.0
-200.0
-204.0
-186.0
-184.0
-170.0
-180.0
-178.0
-183.0
-178.0
-172.0
-191.0
-195.0
-195.0
-203.0
-171.0
-112.0
-118.0
-88.0
18.0
102.0
184.0
277.0
341.0
427.0
547.0
597.0
588.0
586.0
590.0
589.0
592.0
593.0
594.0
590.0
566.0
530.0
439.0
384.0
316.0
224.0
136.0
71.0
4.0
-94.0
-153.0
-217.0
-267.0
-314.0
-350.0
-376.0
-431.0
-475.0
-482.0
-486.0
-486.0
-496.0
-506.0
-505.0
-498.0
-487.0
-482.0
-492.0
-483.0
-461.0
-446.0
-446.0
-456.0
-450.0
-441.0
-457.0
-463.0
-448.0
-438.0
-419.0
-439.0
-416.0
-391.0
-393.0
-365.0
-375.0
-390.0
-369.0
-370.0
-380.0
-363.0
-357.0
-352.0
-348.0
-360.0
-342.0
-342.0
-340.0
-336.0
-320.0
-329.0
-292.0
-277.0
-307.0
-298.0
-297.0
-305.0
-329.0
-341.0
-331.0
-337.0
-332.0
-329.0
-329.0
-313.0
-330.0
-315.0
-301.0
-312.0
-301.0
-271.0
-304.0
-304.0
-295.0
-308.0
-292.0
-299.0
-293.0
-258.0
-258.0
-247.0
-257.0
-270.0
-289.0
-311.0
-286.0
-218.0
-269.0
-270.0
-247.0
-253.0
-233.0
-251.0
-240.0
-240.0
-238.0
-225.0
-210.0
-198.0
-195.0
-200.0
-220.0
-219.0
-205.0
-190.0
-209.0
-229.0
-222.0
-224.0
-206.0
-195.0
-190.0
-198.0
-196.0
-173.0
-158.0
-164.0
-161.0
-182.0
-179.0
-192.0
-195.0
-172.0
-183.0
-194.0
-174.0
-169.0
-167.0
-164.0
-155.0
-121.0
-131.0
-147.0
-141.0
-128.0
-153.0
-149.0
-157.0
-160.0
-137.0
-141.0
-153.0
-162.0
-150.0
-142.0
-144.0
-127.0
-116.0
-119.0
-96.0
-69.0
-59.0
-3.0
29.0
101.0
186.0
246.0
297.0
347.0
461.0
605.0
599.0
588.0
594.0
591.0
592.0
594.0
594.0
592.0
584.0
568.0
501.0
492.0
469.0
374.0
347.0
297.0
213.0
140.0
117.0
65.0
-14.0
-83.0
-125.0
-172.0
-193.0
-231.0
-254.0
-285.0
-325.0
-353.0
-378.0
-401.0
-426.0
-423.0
-424.0
-440.0
-422.0
-442.0
-473.0
-451.0
-450.0
-441.0
-419.0
-422.0
-431.0
-440.0
-435.0
-421.0
-428.0
-420.0
-425.0
-419.0
-417.0
-422.0
-420.0
-410.0
-389.0
-380.0
-385.0
-396.0
-383.0
-386.0
-381.0
-372.0
-362.0
-360.0
-347.0
-359.0
-331.0
-323.0
-329.0
-332.0
-313.0
-297.0
-294.0
-307.0
-315.0
-331.0
-316.0
-307.0
-315.0
-310.0
-298.0
-318.0
-298.0
-307.0
-318.0
-315.0
-291.0
-291.0
-276.0
-277.0
-275.0
-282.0
-271.0
-276.0
-314.0
-314.0
-288.0
-279.0
-268.0
-278.0
-300.0
-302.0
-319.0
-305.0
-298.0
-298.0
-256.0
-266.0
-290.0
-277.0
-278.0
-277.0
-299.0
-301.0
-285.0
-288.0
-295.0
-301.0
-300.0
-280.0
-258.0
-256.0
-234.0
-212.0
-237.0
-238.0
-254.0
-280.0
-261.0
-262.0
-265.0
-263.0
-267.0
-249.0
-259.0
-243.0
-246.0
-243.0
-239.0
-235.0
-223.0
-197.0
-198.0
-198.0
-201.0
-205.0
-215.0
-215.0
-222.0
-205.0
-199.0
-201.0
-194.0
-188.0
-205.0
-234.0
-143.0
-152.0
-150.0
-140.0
-145.0
-149.0
-144.0
-149.0
-149.0
-144.0
-135.0
-144.0
-133.0
-133.0
-133.0
-108.0
-117.0
-119.0
-128.0
-110.0
-127.0
-124.0
-117.0
-106.0
-113.0
-107.0
-95.0
-95.0
-81.0
-105.0
-108.0
-100.0
-102.0
-77.0
-92.0
-123.0
-109.0
-120.0
-115.0
-107.0
-121.0
-127.0
-116.0
-116.0
-130.0
-144.0
-131.0
-135.0
-146.0
-114.0
-132.0
-135.0
-89.0
-100.0
-119.0
-72.0
-50.0
-7.0
72.0
136.0
228.0
308.0
403.0
553.0
611.0
589.0
592.0
592.0
591.0
587.0
586.0
552.0
531.0
475.0
445.0
388.0
357.0
277.0
204.0
150.0
72.0
34.0
-20.0
-84.0
-144.0
-212.0
-249.0
-277.0
-300.0
-308.0
-376.0
-387.0
-391.0
-406.0
-392.0
-407.0
-408.0
-400.0
-402.0
-410.0
-402.0
-430.0
-423.0
-409.0
-407.0
-395.0
-404.0
-407.0
-425.0
-446.0
-393.0
-364.0
-331.0
-311.0
-317.0
-337.0
-336.0
-345.0
-354.0
-358.0
-361.0
-365.0
-382.0
-383.0
-388.0
-394.0
-400.0
-381.0
-371.0
-350.0
-344.0
-337.0
-328.0
-335.0
-309.0
-290.0
-299.0
-285.0
-294.0
-297.0
-299.0
-303.0
-308.0
-338.0
-341.0
-323.0
-305.0
-268.0
-239.0
-242.0
-222.0
-219.0
-243.0
-261.0
-274.0
-270.0
-251.0
-247.0
-246.0
-253.0
-256.0
-229.0
-247.0
-267.0
-269.0
-278.0
-274.0
-289.0
-301.0
-289.0
-264.0
-229.0
-210.0
-211.0
-217.0
-229.0
-231.0
-211.0
-213.0
-230.0
-241.0
-199.0
-182.0
-214.0
-219.0
-228.0
-209.0
-225.0
-228.0
-236.0
-241.0
-242.0
-257.0
-247.0
-236.0
-237.0
-222.0
-239.0
-254.0
-228.0
-209.0
-208.0
-205.0
-198.0
-190.0
-197.0
-191.0
-175.0
-164.0
-176.0
-197.0
-228.0
-205.0
-252.0
-257.0
-200.0
-196.0
-214.0
-246.0
-224.0
-220.0
-233.0
-225.0
-219.0
-232.0
-247.0
-224.0
-207.0
-192.0
-202.0
-232.0
-232.0
-205.0
-208.0
-203.0
-201.0
-215.0
-218.0
-203.0
-214.0
-222.0
-204.0
-215.0
-223.0
-193.0
-203.0
-213.0
-216.0
-209.0
-188.0
-168.0
-182.0
-180.0
-184.0
-172.0
-192.0
-182.0
-177.0
-164.0
-148.0
-150.0
-142.0
-134.0
-127.0
-153.0
-154.0
-159.0
-159.0
-151.0
-146.0
-140.0
-129.0
-152.0
-137.0
-129.0
-83.0
-31.0
41.0
124.0
196.0
336.0
451.0
604.0
601.0
583.0
592.0
595.0
593.0
592.0
580.0
526.0
459.0
417.0
339.0
300.0
228.0
143.0
95.0
37.0
-10.0
-34.0
-76.0
-140.0
-190.0
-224.0
-234.0
-259.0
-299.0
-333.0
-356.0
-359.0
-402.0
-417.0
-416.0
-423.0
-429.0
-423.0
-443.0
-462.0
-460.0
-449.0
-429.0
-425.0
-427.0
-430.0
-430.0
-436.0
-426.0
-422.0
-400.0
-400.0
-399.0
-378.0
-367.0
-369.0
-355.0
-397.0
-384.0
-393.0
-354.0
-285.0
-312.0
-341.0
-338.0
-342.0
-332.0
-346.0
-350.0
-341.0
-338.0
-298.0
-298.0
-310.0
-295.0
-319.0
-321.0
-325.0
-355.0
-248.0
-267.0
-238.0
-226.0
-231.0
-238.0
-224.0
-228.0
-218.0
-236.0
-270.0
-245.0
-247.0
-247.0
-257.0
-249.0
-233.0
-254.0
-279.0
-277.0
-297.0
-304.0
-282.0
-285.0
-265.0
-273.0
-278.0
-267.0
-257.0
-254.0
-238.0
-210.0
-210.0
-229.0
-222.0
-214.0
-227.0
-207.0
-199.0
-195.0
-188.0
-195.0
-209.0
-204.0
-209.0
-202.0
-217.0
-219.0
-215.0
-193.0
-177.0
-187.0
-200.0
-207.0
-200.0
-184.0
-172.0
-166.0
-163.0
-145.0
-143.0
-131.0
-133.0
-149.0
-161.0
-148.0
-134.0
-137.0
-143.0
-149.0
-173.0
-109.0
-125.0
-112.0
-47.0
-45.0
-62.0
-70.0
-68.0
-77.0
-82.0
-64.0
-81.0
-88.0
-65.0
-33.0
-5.0
24.0
45.0
103.0
197.0
293.0
391.0
549.0
605.0
586.0
591.0
590.0
593.0
595.0
581.0
567.0
499.0
435.0
402.0
346.0
262.0
175.0
111.0
37.0
-37.0
-98.0
-145.0
-179.0
-210.0
-237.0
-270.0
-307.0
-346.0
-381.0
-388.0
-380.0
-425.0
-417.0
-428.0
-452.0
-464.0
-482.0
-474.0
-483.0
-473.0
-436.0
-416.0
-417.0
-407.0
-385.0
-378.0
-366.0
-404.0
-405.0
-347.0
-351.0
-360.0
-348.0
-370.0
-368.0
-334.0
-325.0
-353.0
-360.0
-334.0
-344.0
-335.0
-340.0
-350.0
-343.0
-346.0
-352.0
-329.0
-337.0
-308.0
-291.0
-280.0
-279.0
-296.0
-309.0
-306.0
-329.0
-327.0
-329.0
-323.0
-305.0
-315.0
-316.0
-324.0
-329.0
-345.0
-344.0
-376.0
-342.0
-331.0
-340.0
-332.0
-334.0
-328.0
-341.0
-338.0
-316.0
-354.0
-356.0
-320.0
-312.0
-306.0
-297.0
-281.0
-290.0
-274.0
-252.0
-256.0
-243.0
-251.0
-252.0
-250.0
-244.0
-234.0
-230.0
-235.0
-238.0
-229.0
-229.0
-245.0
-226.0
-233.0
-249.0
-241.0
-222.0
-210.0
-187.0
-207.0
-226.0
-231.0
-236.0
-223.0
-211.0
-184.0
-205.0
-235.0
-174.0
-212.0
-213.0
-200.0
-224.0
-208.0
-192.0
-213.0
-211.0
-220.0
-211.0
-196.0
-205.0
-195.0
-182.0
-221.0
-219.0
-214.0
-189.0
-204.0
-215.0
-198.0
-177.0
-170.0
-180.0
-205.0
-185.0
-188.0
-192.0
-191.0
-193.0
-214.0
-193.0
-195.0
-194.0
-208.0
-211.0
-204.0
-182.0
-178.0
-186.0
-187.0
-183.0
-163.0
-136.0
-112.0
-122.0
-135.0
-127.0
-139.0
-149.0
-136.0
-124.0
-144.0
-200.0
-183.0
-143.0
-122.0
-102.0
-126.0
-155.0
-132.0
-133.0
-147.0
-125.0
-117.0
-101.0
-102.0
-122.0
-127.0
-130.0
-152.0
-131.0
-111.0
-122.0
-115.0
-124.0
-135.0
-135.0
-136.0
-148.0
-118.0
-139.0
-137.0
-134.0
-109.0
-125.0
-111.0
-119.0
-124.0
-122.0
-125.0
-134.0
-116.0
-107.0
-92.0
-67.0
-61.0
-66.0
-56.0
-97.0
-115.0
-38.0
-10.0
4.0
9.0
-8.0
-1.0
-2.0
-10.0
-25.0
-47.0
-43.0
-53.0
-35.0
3.0
-3.0
-43.0
-42.0
-42.0
-45.0
-61.0
-64.0
-51.0
-31.0
-19.0
-15.0
-12.0
-14.0
-29.0
-43.0
-41.0
-37.0
-37.0
-23.0
-27.0
-22.0
-12.0
-5.0
-24.0
-15.0
-10.0
-24.0
-23.0
3.0
-10.0
6.0
-2.0
-8.0
2.0
-4.0
-19.0
13.0
58.0
36.0
28.0
55.0
88.0
127.0
141.0
224.0
265.0
373.0
546.0
619.0
583.0
588.0
594.0
590.0
592.0
593.0
593.0
591.0
582.0
510.0
466.0
407.0
318.0
243.0
203.0
149.0
100.0
87.0
21.0
-44.0
-87.0
-146.0
-155.0
-187.0
-229.0
-251.0
-277.0
-296.0
-294.0
-301.0
-311.0
-333.0
-365.0
-381.0
-413.0
-403.0
-410.0
-413.0
-430.0
-438.0
-429.0
-442.0
-430.0
-425.0
-431.0
-422.0
-407.0
-409.0
-381.0
-353.0
-382.0
-387.0
-364.0
-341.0
-343.0
-365.0
-362.0
-373.0
-373.0
-374.0
-378.0
-359.0
-359.0
-369.0
-366.0
-352.0
-333.0
-317.0
-333.0
-318.0
-319.0
-356.0
-354.0
-343.0
-347.0
-348.0
-348.0
-337.0
-338.0
-269.0
-229.0
-270.0
-249.0
-253.0
-304.0
-304.0
-284.0
-285.0
-284.0
-275.0
-270.0
-277.0
-301.0
-296.0
-259.0
-242.0
-234.0
-248.0
-278.0
-293.0
-291.0
-306.0
-279.0
-256.0
-260.0
-264.0
-254.0
-248.0
-267.0
-251.0
-224.0
-221.0
-231.0
-257.0
-260.0
-280.0
-281.0
-270.0
-248.0
-246.0
-222.0
-229.0
-208.0
-205.0
-232.0
-256.0
-254.0
-205.0
-194.0
-193.0
-186.0
-189.0
-201.0
-218.0
-222.0
-222.0
-201.0
-186.0
-189.0
-171.0
-185.0
-195.0
-189.0
-198.0
-204.0
-210.0
-224.0
-220.0
-213.0
-210.0
-199.0
-207.0
-190.0
-175.0
-177.0
-173.0
-171.0
-178.0
-195.0
-198.0
-197.0
-186.0
-187.0
-173.0
-146.0
-163.0
-160.0
-128.0
-128.0
-153.0
-171.0
-93.0
-92.0
-88.0
-99.0
-140.0
-154.0
-166.0
-158.0
-143.0
-147.0
-149.0
-136.0
-134.0
-138.0
-127.0
-115.0
-133.0
-160.0
-171.0
-159.0
-168.0
-139.0
-136.0
-155.0
-136.0
-146.0
-147.0
-133.0
-129.0
-114.0
-148.0
-194.0
-180.0
-160.0
-131.0
-134.0
-134.0
-155.0
-159.0
-164.0
-145.0
-169.0
-182.0
-169.0
-165.0
-142.0
-136.0
-152.0
-155.0
-148.0
-140.0
-146.0
-161.0
-131.0
-112.0
-116.0
-119.0
-135.0
-146.0
-134.0
-133.0
-129.0
-129.0
-122.0
-96.0
-105.0
-86.0
-88.0
-97.0
-96.0
-98.0
-91.0
-54.0
-64.0
-72.0
-54.0
-77.0
-97.0
-91.0
-68.0
-49.0
-73.0
-59.0
-61.0
-79.0
-80.0
-89.0
-105.0
-86.0
-65.0
-72.0
-90.0
-104.0
-100.0
-83.0
-83.0
-71.0
-102.0
-113.0
-73.0
-77.0
-87.0
-101.0
-114.0
-121.0
-114.0
-144.0
-126.0
-110.0
-96.0
-95.0
-83.0
-24.0
-2.0
7.0
51.0
90.0
146.0
202.0
340.0
467.0
560.0
595.0
591.0
593.0
592.0
593.0
592.0
592.0
593.0
578.0
561.0
500.0
452.0
440.0
386.0
339.0
294.0
186.0
130.0
83.0
-9.0
-78.0
-121.0
-159.0
-232.0
-253.0
-298.0
-350.0
-377.0
-409.0
-449.0
-459.0
-473.0
-475.0
-475.0
-452.0
-423.0
-428.0
-435.0
-426.0
-436.0
-451.0
-469.0
-464.0
-437.0
-419.0
-420.0
-421.0
-460.0
-466.0
-466.0
-470.0
-448.0
-427.0
-429.0
-418.0
-409.0
-410.0
-385.0
-405.0
-406.0
-401.0
-402.0
-368.0
-357.0
-320.0
-315.0
-341.0
-320.0
-329.0
-343.0
-344.0
-348.0
-351.0
-336.0
-325.0
-319.0
-305.0
-323.0
-326.0
-326.0
-323.0
-313.0
-312.0
-294.0
-313.0
-341.0
-329.0
-301.0
-301.0
-298.0
-308.0
-314.0
-297.0
-292.0
-277.0
-283.0
-289.0
-280.0
-276.0
-276.0
-271.0
-257.0
-246.0
-249.0
-265.0
-293.0
-304.0
-231.0
-267.0
-320.0
-320.0
-305.0
-302.0
-292.0
-300.0
-299.0
-312.0
-298.0
-278.0
-265.0
-276.0
-305.0
-313.0
-255.0
-276.0
-278.0
-278.0
-290.0
-288.0
-285.0
-289.0
-268.0
-254.0
-239.0
-229.0
-241.0
-247.0
-240.0
-223.0
-222.0
-230.0
-234.0
-233.0
-209.0
-225.0
-225.0
-235.0
-233.0
-228.0
-232.0
-217.0
-209.0
-220.0
-250.0
-220.0
-175.0
-189.0
-186.0
-196.0
-191.0
-186.0
-183.0
-180.0
-165.0
-172.0
-178.0
-186.0
-160.0
-147.0
-155.0
-152.0
-129.0
-111.0
-110.0
-106.0
-119.0
-137.0
-137.0
-144.0
-149.0
-128.0
-120.0
-119.0
-115.0
-121.0
-133.0
-165.0
-130.0
-149.0
-166.0
-160.0
-134.0
-124.0
-141.0
-168.0
-163.0
-172.0
-177.0
-150.0
-146.0
-147.0
-155.0
-177.0
-177.0
-164.0
-159.0
-156.0
-129.0
-127.0
-129.0
-121.0
-99.0
-104.0
-109.0
-82.0
-90.0
-94.0
-82.0
-92.0
-107.0
-105.0
-106.0
-88.0
-97.0
-102.0
-116.0
-110.0
-96.0
-83.0
-102.0
-54.0
-26.0
-8.0
-1.0
30.0
91.0
121.0
210.0
280.0
375.0
543.0
617.0
588.0
590.0
592.0
595.0
595.0
594.0
594.0
594.0
588.0
587.0
576.0
581.0
564.0
525.0
519.0
525.0
446.0
515.0
555.0
535.0
505.0
488.0
502.0
461.0
432.0
430.0
380.0
340.0
349.0
270.0
186.0
139.0
84.0
32.0
-40.0
-116.0
-201.0
-269.0
-363.0
-458.0
-486.0
-506.0
-511.0
-513.0
-521.0
-517.0
-508.0
-509.0
-523.0
-516.0
-510.0
-515.0
-507.0
-512.0
-505.0
-495.0
-482.0
-452.0
-469.0
-484.0
-477.0
-477.0
-482.0
-469.0
-463.0
-459.0
-451.0
-413.0
-386.0
-398.0
-404.0
-388.0
-365.0
-365.0
-360.0
-340.0
-336.0
-345.0
-337.0
-320.0
-326.0
-345.0
-355.0
-352.0
-346.0
-365.0
-354.0
-331.0
-329.0
-322.0
-326.0
-337.0
-320.0
-307.0
-298.0
-291.0
-298.0
-276.0
-241.0
-224.0
-220.0
-268.0
-270.0
-185.0
-196.0
-178.0
-183.0
-221.0
-267.0
-278.0
-254.0
-250.0
-252.0
-252.0
-269.0
-262.0
-239.0
-251.0
-255.0
-240.0
-234.0
-224.0
-192.0
-191.0
-183.0
-169.0
-168.0
-169.0
-170.0
-166.0
-193.0
-206.0
-187.0
-196.0
-204.0
-189.0
-222.0
-191.0
-172.0
-182.0
-182.0
-199.0
-197.0
-176.0
-177.0
-178.0
-160.0
-164.0
-177.0
-159.0
-177.0
-185.0
-192.0
-201.0
-175.0
-166.0
-158.0
-149.0
-155.0
-129.0
-131.0
-142.0
-152.0
-179.0
-169.0
-168.0
-185.0
-167.0
-190.0
-166.0
-149.0
-167.0
-177.0
-179.0
-185.0
-183.0
-183.0
-166.0
-156.0
-160.0
-152.0
-160.0
-161.0
-166.0
-154.0
-126.0
-134.0
-149.0
-150.0
-178.0
-162.0
-140.0
-126.0
-137.0
-144.0
-150.0
-203.0
-139.0
-59.0
-81.0
-98.0
-96.0
-98.0
-100.0
-89.0
-97.0
-99.0
-83.0
-102.0
-108.0
-92.0
-99.0
-103.0
-100.0
-84.0
-86.0
-73.0
-65.0
-69.0
-93.0
-87.0
-74.0
-79.0
-63.0
-76.0
-112.0
-87.0
-95.0
-105.0
-99.0
-84.0
-80.0
-91.0
-84.0
-111.0
-112.0
-107.0
-112.0
-98.0
-72.0
-72.0
-80.0
-41.0
-42.0
-34.0
-22.0
-29.0
-24.0
-16.0
-5.0
3.0
3.0
4.0
50.0
111.0
186.0
231.0
313.0
410.0
503.0
606.0
596.0
590.0
592.0
592.0
592.0
593.0
595.0
584.0
545.0
521.0
516.0
453.0
425.0
347.0
260.0
231.0
175.0
110.0
53.0
-3.0
-40.0
-79.0
-151.0
-213.0
-253.0
-311.0
-307.0
-325.0
-363.0
-404.0
-436.0
-448.0
-464.0
-477.0
-466.0
-469.0
-484.0
-477.0
-475.0
-473.0
-460.0
-468.0
-450.0
-439.0
-426.0
-388.0
-417.0
-435.0
-427.0
-431.0
-407.0
-414.0
-414.0
-417.0
-405.0
-379.0
-385.0
-398.0
-392.0
-376.0
-356.0
-340.0
-339.0
-336.0
-331.0
-332.0
-332.0
-334.0
-361.0
-354.0
-324.0
-310.0
-309.0
-299.0
-298.0
-324.0
-309.0
-336.0
-347.0
-359.0
-356.0
-348.0
-343.0
-320.0
-289.0
-276.0
-258.0
-244.0
-246.0
-238.0
-252.0
-244.0
-218.0
-229.0
-230.0
-219.0
-262.0
-258.0
-231.0
-206.0
-155.0
-174.0
-219.0
-206.0
-212.0
-201.0
-194.0
-222.0
-237.0
-140.0
-131.0
-129.0
-120.0
-139.0
-175.0
-193.0
-174.0
-165.0
-169.0
-162.0
-176.0
-203.0
-216.0
-198.0
-191.0
-170.0
-186.0
-188.0
-172.0
-166.0
-175.0
-188.0
-181.0
-181.0
-163.0
-142.0
-167.0
-191.0
-191.0
-201.0
-189.0
-186.0
-173.0
-145.0
-163.0
-175.0
-127.0
-130.0
-178.0
-187.0
-228.0
-158.0
-148.0
-157.0
-150.0
-153.0
-157.0
-157.0
-161.0
-156.0
-165.0
-167.0
-155.0
-152.0
-147.0
-140.0
-129.0
-115.0
-99.0
-120.0
-134.0
-150.0
-87.0
-52.0
-89.0
-76.0
-71.0
-97.0
-102.0
-84.0
-91.0
-93.0
-101.0
-128.0
-140.0
-134.0
-114.0
-114.0
-96.0
-126.0
-118.0
-102.0
-92.0
-97.0
-102.0
-93.0
-109.0
-137.0
-118.0
-103.0
-116.0
-114.0
-100.0
-100.0
-107.0
-97.0
-90.0
-77.0
-75.0
-92.0
-83.0
-95.0
-79.0
-75.0
-72.0
-51.0
-18.0
28.0
52.0
76.0
130.0
187.0
270.0
419.0
464.0
585.0
610.0
584.0
589.0
595.0
593.0
592.0
596.0
557.0
554.0
552.0
463.0
413.0
382.0
336.0
290.0
212.0
108.0
31.0
-45.0
-114.0
-149.0
-188.0
-265.0
-309.0
-339.0
-403.0
-409.0
-428.0
-478.0
-504.0
-510.0
-508.0
-509.0
-516.0
-508.0
-507.0
-504.0
-502.0
-505.0
-466.0
-449.0
-461.0
-441.0
-428.0
-428.0
-406.0
-430.0
-445.0
-409.0
-369.0
-359.0
-381.0
-393.0
-369.0
-395.0
-386.0
-374.0
-394.0
-380.0
-389.0
-367.0
-345.0
-367.0
-369.0
-365.0
-364.0
-360.0
-331.0
-339.0
-321.0
-326.0
-316.0
-294.0
-321.0
-322.0
-343.0
-324.0
-270.0
-286.0
-290.0
-277.0
-268.0
-260.0
-275.0
-267.0
-254.0
-258.0
-249.0
-242.0
-270.0
-256.0
-268.0
-277.0
-253.0
-237.0
-225.0
-213.0
-192.0
-195.0
-203.0
-211.0
-227.0
-214.0
-215.0
-199.0
-172.0
-152.0
-175.0
-194.0
-196.0
-183.0
-196.0
-181.0
-195.0
-192.0
-188.0
-194.0
-171.0
-173.0
-206.0
-201.0
-186.0
-178.0
-206.0
-187.0
-226.0
-222.0
-177.0
-180.0
-219.0
-230.0
-252.0
-241.0
-223.0
-220.0
-211.0
-194.0
-203.0
-208.0
-213.0
-197.0
-184.0
-205.0
-223.0
-196.0
-197.0
-193.0
-180.0
-218.0
-215.0
-205.0
-213.0
-196.0
-186.0
-174.0
-176.0
-196.0
-205.0
-182.0
-155.0
-165.0
-164.0
-155.0
-154.0
-150.0
-158.0
-173.0
-156.0
-152.0
-128.0
-130.0
-159.0
-167.0
-194.0
-183.0
-166.0
-164.0
-174.0
-142.0
-162.0
-173.0
-182.0
-195.0
-181.0
-171.0
-152.0
-147.0
-157.0
-177.0
-174.0
-155.0
-145.0
-162.0
-170.0
-156.0
-146.0
-146.0
-158.0
-177.0
-152.0
-116.0
-109.0
-137.0
-136.0
-125.0
-129.0
-138.0
-151.0
-152.0
-169.0
-160.0
-153.0
-133.0
-122.0
-112.0
-122.0
-124.0
-123.0
-117.0
-110.0
-87.0
-88.0
-100.0
-95.0
-100.0
-131.0
-128.0
-122.0
-107.0
-84.0
-79.0
-69.0
-46.0
-74.0
-100.0
-70.0
-63.0
-74.0
-88.0
-78.0
-27.0
-53.0
-51.0
-68.0
-60.0
-50.0
-56.0
-41.0
-34.0
-57.0
-46.0
-42.0
-29.0
-12.0
-20.0
-36.0
-17.0
-20.0
-4.0
-5.0
-4.0
-11.0
-12.0
1.0
9.0
-13.0
-19.0
-19.0
-12.0
2.0
25.0
44.0
43.0
23.0
29.0
2.0
-3.0
17.0
-1.0
-3.0
-3.0
-24.0
6.0
19.0
-45.0
-23.0
38.0
63.0
30.0
-7.0
-22.0
-46.0
-58.0
-72.0
-67.0
-58.0
-50.0
-38.0
-34.0
-16.0
-11.0
-3.0
15.0
29.0
44.0
31.0
40.0
39.0
-5.0
-15.0
-35.0
-50.0
-39.0
-37.0
-46.0
-77.0
-105.0
-40.0
-8.0
-16.0
9.0
-26.0
-12.0
18.0
6.0
7.0
8.0
2.0
-11.0
-7.0
-14.0
-26.0
-16.0
-3.0
-18.0
-1.0
-2.0
-1.0
2.0
24.0
71.0
82.0
86.0
136.0
231.0
274.0
480.0
646.0
581.0
588.0
592.0
590.0
592.0
578.0
588.0
593.0
583.0
510.0
439.0
390.0
349.0
282.0
228.0
186.0
122.0
71.0
40.0
3.0
-42.0
-46.0
-56.0
-119.0
-161.0
-201.0
-196.0
-188.0
-218.0
-290.0
-320.0
-338.0
-368.0
-391.0
-417.0
-419.0
-423.0
-474.0
-420.0
-384.0
-404.0
-398.0
-418.0
-429.0
-413.0
-408.0
-429.0
-435.0
-420.0
-404.0
-402.0
-378.0
-372.0
-379.0
-384.0
-381.0
-351.0
-361.0
-365.0
-351.0
-350.0
-363.0
-376.0
-380.0
-380.0
-343.0
-320.0
-306.0
-292.0
-296.0
-291.0
-304.0
-329.0
-320.0
-282.0
-272.0
-306.0
-343.0
-249.0
-267.0
-258.0
-247.0
-286.0
-304.0
-290.0
-301.0
-301.0
-290.0
-291.0
-272.0
-266.0
-256.0
-264.0
-268.0
-259.0
-268.0
-268.0
-254.0
-233.0
-235.0
-229.0
-220.0
-229.0
-234.0
-248.0
-238.0
-249.0
-241.0
-219.0
-223.0
-219.0
-204.0
-212.0
-224.0
-232.0
-261.0
-255.0
-273.0
-242.0
-250.0
-246.0
-208.0
-187.0
-165.0
-159.0
-178.0
-201.0
-206.0
-207.0
-205.0
-192.0
-174.0
-174.0
-142.0
-142.0
-163.0
-188.0
-191.0
-173.0
-161.0
-146.0
-153.0
-180.0
-172.0
-168.0
-178.0
-197.0
-228.0
-87.0
-114.0
-109.0
-96.0
-129.0
-148.0
-169.0
-166.0
-127.0
-136.0
-140.0
-131.0
-112.0
-93.0
-118.0
-127.0
-140.0
-157.0
-141.0
-119.0
-142.0
-141.0
-137.0
-119.0
-122.0
-131.0
-137.0
-141.0
-152.0
-149.0
-127.0
-93.0
-65.0
-83.0
-43.0
7.0
63.0
155.0
243.0
381.0
557.0
611.0
584.0
588.0
589.0
593.0
593.0
575.0
569.0
593.0
561.0
450.0
402.0
375.0
314.0
261.0
183.0
143.0
67.0
-22.0
-88.0
-131.0
-163.0
-213.0
-269.0
-312.0
-320.0
-338.0
-398.0
-415.0
-413.0
-448.0
-461.0
-463.0
-453.0
-460.0
-462.0
-475.0
-474.0
-474.0
-469.0
-465.0
-434.0
-458.0
-496.0
-440.0
-412.0
-404.0
-400.0
-398.0
-397.0
-406.0
-410.0
-403.0
-386.0
-393.0
-383.0
-366.0
-350.0
-344.0
-337.0
-333.0
-344.0
-349.0
-355.0
-366.0
-390.0
-385.0
-364.0
-324.0
-315.0
-312.0
-331.0
-338.0
-328.0
-334.0
-345.0
-325.0
-312.0
-322.0
-324.0
-335.0
-313.0
-305.0
-306.0
-309.0
-338.0
-306.0
-325.0
-307.0
-307.0
-317.0
-340.0
-335.0
-333.0
-337.0
-315.0
-302.0
-311.0
-323.0
-305.0
-305.0
-322.0
-329.0
-344.0
-347.0
-337.0
-348.0
-328.0
-300.0
-316.0
-319.0
-317.0
-322.0
-300.0
-275.0
-283.0
-284.0
-276.0
-268.0
-254.0
-262.0
-305.0
-239.0
-254.0
-269.0
-255.0
-249.0
-272.0
-263.0
-234.0
-244.0
-234.0
-221.0
-231.0
-224.0
-210.0
-213.0
-228.0
-228.0
-246.0
-244.0
-231.0
-252.0
-240.0
-217.0
-207.0
-182.0
-171.0
-160.0
-146.0
-155.0
-135.0
-125.0
-126.0
-136.0
-124.0
-116.0
-148.0
-155.0
-172.0
-178.0
-156.0
-163.0
-166.0
-172.0
-202.0
-187.0
-149.0
-139.0
-117.0
-128.0
-140.0
-123.0
-121.0
-122.0
-109.0
-103.0
-121.0
-129.0
-138.0
-145.0
-168.0
-155.0
-147.0
-171.0
-171.0
-163.0
-175.0
-163.0
-158.0
-167.0
-153.0
-149.0
-172.0
-182.0
-191.0
-158.0
-162.0
-143.0
-125.0
-125.0
-120.0
-112.0
-127.0
-123.0
-140.0
-138.0
-134.0
-148.0
-105.0
-124.0
-125.0
-136.0
-141.0
-106.0
-114.0
-144.0
-122.0
-113.0
-144.0
-131.0
-116.0
-110.0
-131.0
-122.0
-117.0
-146.0
-165.0
-143.0
-118.0
-106.0
-108.0
-117.0
-119.0
-119.0
-135.0
-115.0
-85.0
-84.0
-81.0
-78.0
-63.0
-60.0
-74.0
-97.0
-62.0
-72.0
-79.0
-68.0
-45.0
-32.0
-30.0
-32.0
-27.0
-36.0
-29.0
20.0
59.0
89.0
168.0
246.0
276.0
401.0
515.0
583.0
601.0
595.0
594.0
592.0
592.0
591.0
588.0
565.0
570.0
593.0
550.0
546.0
570.0
494.0
521.0
552.0
496.0
538.0
498.0
431.0
401.0
316.0
317.0
239.0
190.0
178.0
150.0
108.0
91.0
37.0
-65.0
-103.0
-179.0
-216.0
-247.0
-326.0
-369.0
-368.0
-390.0
-405.0
-402.0
-407.0
-443.0
-500.0
-507.0
-504.0
-495.0
-510.0
-493.0
-479.0
-458.0
-461.0
-483.0
-455.0
-452.0
-469.0
-477.0
-470.0
-468.0
-475.0
-446.0
-428.0
-440.0
-431.0
-428.0
-425.0
-432.0
-428.0
-431.0
-422.0
-394.0
-392.0
-394.0
-391.0
-396.0
-395.0
-371.0
-360.0
-364.0
-365.0
-361.0
-369.0
-344.0
-351.0
-334.0
-327.0
-313.0
-307.0
-292.0
-284.0
-321.0
-331.0
-342.0
-370.0
-350.0
-356.0
-330.0
-299.0
-302.0
-280.0
-300.0
-265.0
-278.0
-293.0
-272.0
-287.0
-294.0
-263.0
-220.0
-200.0
-224.0
-237.0
-256.0
-251.0
-227.0
-250.0
-249.0
-261.0
-262.0
-268.0
-272.0
-257.0
-238.0
-244.0
-266.0
-229.0
-216.0
-242.0
-227.0
-234.0
-252.0
-229.0
-217.0
-224.0
-237.0
-231.0
-224.0
-190.0
-162.0
-175.0
-190.0
-195.0
-157.0
-185.0
-194.0
-199.0
-213.0
-197.0
-186.0
-164.0
-168.0
-181.0
-190.0
-187.0
-191.0
-175.0
-171.0
-178.0
-171.0
-165.0
-166.0
-138.0
-156.0
-163.0
-172.0
-185.0
-176.0
-159.0
-157.0
-152.0
-173.0
-167.0
-162.0
-155.0
-134.0
-119.0
-136.0
-143.0
-165.0
-171.0
-165.0
-153.0
-126.0
-148.0
-133.0
-140.0
-157.0
-137.0
-130.0
-142.0
-147.0
-146.0
-165.0
-124.0
-21.0
46.0
118.0
238.0
318.0
400.0
563.0
613.0
583.0
587.0
591.0
590.0
587.0
579.0
589.0
597.0
583.0
583.0
586.0
556.0
517.0
514.0
478.0
394.0
345.0
288.0
231.0
223.0
201.0
107.0
175.0
127.0
31.0
1.0
-34.0
-125.0
-206.0
-235.0
-280.0
-374.0
-442.0
-469.0
-514.0
-514.0
-520.0
-520.0
-508.0
-514.0
-522.0
-520.0
-522.0
-521.0
-521.0
-516.0
-505.0
-498.0
-512.0
-502.0
-492.0
-482.0
-488.0
-497.0
-442.0
-379.0
-396.0
-404.0
-418.0
-437.0
-423.0
-439.0
-429.0
-426.0
-404.0
-376.0
-374.0
-356.0
-332.0
-348.0
-334.0
0.0
0.0
0.0
0.0
0.0
0.0
0.0
0.0
0.0
0.0
0.0
0.0
0.0
0.0
0.0
0.0
0.0
0.0
0.0
0.0
0.0
0.0
0.0
0.0
0.0
0.0
0.0
0.0
0.0
0.0
0.0
0.0
0.0
0.0
0.0
0.0
0.0
0.0
0.0
0.0
0.0
0.0
0.0
0.0
0.0
0.0
0.0
0.0
0.0
0.0
0.0
0.0
0.0
0.0
0.0
0.0
0.0
0.0
0.0
0.0
0.0
0.0
0.0
0.0
0.0
0.0
0.0
0.0
0.0
0.0
0.0
0.0
0.0
0.0
0.0
0.0
0.0
0.0
0.0
0.0
0.0
0.0
0.0
0.0
0.0
0.0
0.0
0.0
0.0
0.0
0.0
0.0
0.0
0.0
0.0
0.0
0.0
0.0
0.0
0.0
0.0
0.0
0.0
0.0
0.0
0.0
0.0
0.0
0.0
0.0
0.0
0.0
0.0
0.0
0.0
0.0
0.0
0.0
0.0
0.0
0.0
0.0
0.0
0.0
0.0
0.0
0.0
0.0
0.0
0.0
0.0
0.0
0.0
0.0
0.0
0.0
0.0
0.0
0.0
0.0
0.0
0.0
0.0
0.0
