-15.0
-42.0
-69.0
-44.0
-1.0
-6.0
1.0
-25.0
-48.0
-2.0
22.0
35.0
44.0
56.0
6.0
23.0
15.0
-71.0
-24.0
-25.0
-40.0
-61.0
-55.0
-57.0
-43.0
-49.0
-53.0
1.0
54.0
25.0
-45.0
-55.0
-27.0
-43.0
-70.0
-52.0
-60.0
-59.0
-9.0
-21.0
-7.0
-13.0
10.0
-27.0
-6.0
-18.0
-69.0
-61.0
-60.0
-93.0
-98.0
-46.0
-35.0
-17.0
7.0
-35.0
-51.0
5.0
54.0
-6.0
-30.0
-24.0
-10.0
-2.0
-18.0
-58.0
-21.0
-42.0
-5.0
27.0
-32.0
-37.0
-12.0
37.0
23.0
-49.0
-57.0
15.0
3.0
-36.0
-46.0
14.0
33.0
4.0
-7.0
57.0
34.0
14.0
15.0
18.0
46.0
56.0
64.0
-12.0
-41.0
77.0
39.0
-3.0
14.0
-6.0
-31.0
-17.0
37.0
16.0
-11.0
4.0
5.0
27.0
-7.0
1.0
72.0
69.0
37.0
77.0
36.0
13.0
43.0
17.0
-21.0
-17.0
-7.0
29.0
17.0
20.0
50.0
50.0
20.0
31.0
23.0
6.0
77.0
106.0
64.0
88.0
100.0
39.0
74.0
125.0
47.0
24.0
75.0
96.0
59.0
7.0
59.0
88.0
69.0
56.0
43.0
41.0
34.0
33.0
18.0
59.0
27.0
43.0
35.0
43.0
21.0
23.0
33.0
15.0
-16.0
8.0
24.0
45.0
27.0
4.0
24.0
17.0
48.0
36.0
-30.0
8.0
51.0
51.0
32.0
-6.0
-14.0
-18.0
-42.0
-40.0
-38.0
-98.0
-55.0
9.0
37.0
29.0
-8.0
-6.0
33.0
-42.0
-88.0
-3.0
10.0
-13.0
26.0
0.0
-26.0
-30.0
-24.0
-27.0
12.0
-43.0
-74.0
15.0
-44.0
-51.0
8.0
14.0
-21.0
-28.0
-10.0
11.0
-3.0
-16.0
19.0
31.0
62.0
91.0
61.0
10.0
-57.0
-42.0
-67.0
-66.0
3.0
-3.0
-60.0
-103.0
-10.0
92.0
74.0
103.0
96.0
96.0
73.0
-3.0
-75.0
20.0
12.0
5.0
-46.0
-29.0
-38.0
-11.0
35.0
64.0
80.0
50.0
69.0
68.0
81.0
92.0
64.0
86.0
114.0
57.0
53.0
59.0
-1.0
31.0
13.0
33.0
66.0
69.0
80.0
65.0
87.0
119.0
104.0
88.0
87.0
68.0
30.0
-20.0
-4.0
-47.0
-15.0
35.0
14.0
48.0
96.0
64.0
65.0
16.0
18.0
59.0
54.0
-1.0
16.0
20.0
-16.0
-21.0
-59.0
-22.0
26.0
-3.0
39.0
16.0
-17.0
6.0
52.0
58.0
2.0
-29.0
-1.0
-4.0
-12.0
43.0
91.0
57.0
71.0
49.0
103.0
121.0
80.0
2.0
41.0
10.0
2.0
-13.0
-48.0
-64.0
-37.0
-26.0
-23.0
54.0
114.0
102.0
122.0
96.0
-9.0
-5.0
-11.0
35.0
11.0
-12.0
-7.0
18.0
-6.0
19.0
-6.0
58.0
129.0
105.0
34.0
33.0
51.0
24.0
-41.0
12.0
11.0
5.0
-12.0
-33.0
-6.0
-16.0
-35.0
11.0
43.0
33.0
-4.0
19.0
23.0
-30.0
-20.0
-51.0
-20.0
7.0
-20.0
-21.0
-43.0
-6.0
10.0
18.0
37.0
27.0
24.0
109.0
47.0
-7.0
-40.0
-21.0
-39.0
-56.0
45.0
51.0
11.0
26.0
4.0
-6.0
5.0
-5.0
16.0
-2.0
-40.0
9.0
77.0
87.0
23.0
2.0
-15.0
-30.0
44.0
69.0
71.0
55.0
48.0
35.0
65.0
22.0
50.0
77.0
95.0
93.0
70.0
101.0
95.0
52.0
54.0
43.0
82.0
33.0
42.0
57.0
46.0
43.0
61.0
67.0
67.0
116.0
73.0
52.0
100.0
100.0
59.0
105.0
115.0
67.0
101.0
117.0
85.0
53.0
25.0
5.0
-1.0
34.0
61.0
51.0
40.0
49.0
34.0
22.0
42.0
69.0
26.0
26.0
21.0
17.0
24.0
18.0
2.0
-24.0
17.0
39.0
26.0
87.0
44.0
82.0
119.0
52.0
2.0
-30.0
-45.0
-46.0
-31.0
-18.0
1.0
11.0
-33.0
56.0
70.0
46.0
76.0
91.0
46.0
45.0
58.0
12.0
-37.0
-48.0
-1.0
9.0
-24.0
13.0
18.0
18.0
79.0
101.0
63.0
23.0
0.0
22.0
-19.0
40.0
98.0
64.0
39.0
23.0
32.0
26.0
6.0
21.0
-20.0
-53.0
-22.0
-29.0
-3.0
13.0
-4.0
-10.0
-3.0
-53.0
-42.0
-34.0
-26.0
-53.0
-32.0
-14.0
9.0
-45.0
-23.0
44.0
1.0
12.0
24.0
14.0
58.0
24.0
12.0
38.0
-2.0
24.0
31.0
2.0
-4.0
31.0
27.0
31.0
43.0
42.0
1.0
8.0
-6.0
-22.0
-39.0
-72.0
-24.0
-36.0
1.0
5.0
-5.0
-53.0
-70.0
-35.0
-84.0
-42.0
-26.0
17.0
-19.0
-57.0
37.0
48.0
-4.0
-39.0
-60.0
-65.0
-54.0
-29.0
39.0
39.0
42.0
49.0
32.0
-11.0
14.0
10.0
-17.0
-79.0
-86.0
-50.0
-81.0
-80.0
-36.0
-49.0
-36.0
-16.0
-58.0
-64.0
-4.0
-31.0
-53.0
-63.0
-120.0
-93.0
-53.0
-53.0
-69.0
-30.0
-22.0
-41.0
-59.0
-78.0
-51.0
-80.0
-120.0
-111.0
-100.0
-89.0
-67.0
-59.0
-69.0
-45.0
-33.0
-60.0
-42.0
-29.0
-49.0
-53.0
-30.0
-54.0
-49.0
-91.0
-129.0
-144.0
-77.0
-83.0
-81.0
-33.0
-14.0
-10.0
-21.0
-22.0
-62.0
-45.0
-40.0
-63.0
-74.0
-22.0
12.0
-9.0
-4.0
-10.0
5.0
23.0
53.0
52.0
46.0
-22.0
-37.0
-35.0
-55.0
-59.0
-34.0
-44.0
-33.0
18.0
-43.0
-24.0
-9.0
-36.0
-17.0
10.0
11.0
-18.0
3.0
-19.0
-57.0
-42.0
-46.0
-56.0
-29.0
-35.0
-56.0
-13.0
-13.0
-70.0
21.0
31.0
-17.0
-4.0
15.0
-13.0
-5.0
-26.0
-30.0
-14.0
35.0
42.0
-7.0
48.0
4.0
-45.0
-7.0
-5.0
-4.0
-2.0
-17.0
-35.0
-53.0
-62.0
-59.0
-49.0
-46.0
16.0
20.0
0.0
2.0
-10.0
-36.0
19.0
23.0
6.0
-15.0
-3.0
29.0
-12.0
-45.0
4.0
40.0
25.0
20.0
5.0
-14.0
-33.0
-35.0
-33.0
-36.0
-26.0
5.0
-7.0
-25.0
46.0
-16.0
-32.0
52.0
40.0
36.0
20.0
18.0
16.0
-67.0
-68.0
-52.0
-49.0
-72.0
-29.0
-16.0
17.0
20.0
19.0
16.0
22.0
55.0
41.0
51.0
49.0
25.0
31.0
8.0
-59.0
-29.0
-44.0
-87.0
-84.0
5.0
3.0
-8.0
39.0
84.0
114.0
127.0
163.0
100.0
37.0
51.0
33.0
-21.0
-32.0
-32.0
-82.0
-89.0
-87.0
-98.0
-43.0
52.0
26.0
40.0
115.0
125.0
68.0
37.0
31.0
28.0
-52.0
-117.0
-69.0
-74.0
-46.0
-22.0
9.0
34.0
-1.0
-44.0
19.0
-2.0
53.0
75.0
4.0
0.0
-27.0
-38.0
-5.0
-27.0
-54.0
-41.0
-25.0
-62.0
46.0
46.0
58.0
107.0
85.0
25.0
31.0
54.0
7.0
26.0
15.0
-2.0
6.0
42.0
27.0
-42.0
-1.0
37.0
33.0
38.0
59.0
60.0
71.0
100.0
72.0
31.0
33.0
12.0
-16.0
-67.0
-73.0
-9.0
-1.0
-60.0
-8.0
95.0
67.0
34.0
114.0
84.0
6.0
-47.0
-99.0
-85.0
-6.0
27.0
11.0
-12.0
8.0
32.0
34.0
34.0
43.0
35.0
11.0
-26.0
-43.0
-63.0
-73.0
-101.0
-69.0
-69.0
-54.0
-41.0
-39.0
9.0
-11.0
-29.0
-28.0
15.0
25.0
10.0
22.0
-25.0
16.0
-1.0
-69.0
-71.0
-71.0
-99.0
-51.0
11.0
-2.0
2.0
36.0
44.0
35.0
55.0
22.0
0.0
39.0
14.0
-50.0
-46.0
-42.0
-44.0
-58.0
40.0
45.0
45.0
52.0
24.0
20.0
1.0
5.0
49.0
19.0
-21.0
-24.0
-39.0
-65.0
-53.0
-16.0
-20.0
8.0
25.0
27.0
48.0
54.0
-9.0
-3.0
-29.0
-33.0
-28.0
-45.0
-46.0
-63.0
-50.0
-16.0
-50.0
-63.0
25.0
50.0
5.0
-62.0
-50.0
2.0
11.0
-19.0
-65.0
-40.0
-72.0
-92.0
-28.0
-37.0
-60.0
-78.0
-34.0
-22.0
3.0
11.0
46.0
47.0
-4.0
13.0
20.0
-17.0
-64.0
-62.0
23.0
56.0
35.0
14.0
24.0
2.0
12.0
-24.0
-56.0
-48.0
-74.0
-71.0
-60.0
-36.0
-45.0
-12.0
75.0
16.0
51.0
128.0
117.0
78.0
-48.0
-6.0
25.0
-17.0
-53.0
-62.0
-72.0
-121.0
-71.0
-11.0
-42.0
12.0
18.0
4.0
33.0
95.0
67.0
22.0
37.0
27.0
-14.0
3.0
-70.0
-74.0
27.0
-20.0
-42.0
10.0
5.0
-8.0
-10.0
17.0
20.0
62.0
39.0
-5.0
10.0
9.0
-23.0
-55.0
-73.0
-33.0
-47.0
-63.0
-56.0
-40.0
-45.0
-98.0
-29.0
-6.0
-24.0
-16.0
-37.0
-15.0
-17.0
-29.0
-58.0
40.0
19.0
3.0
12.0
-22.0
12.0
14.0
-26.0
-19.0
-26.0
11.0
54.0
71.0
49.0
27.0
71.0
41.0
-11.0
-20.0
-40.0
-44.0
-59.0
-50.0
6.0
10.0
35.0
52.0
26.0
50.0
24.0
-15.0
12.0
-1.0
11.0
-12.0
-40.0
-36.0
-64.0
-67.0
-29.0
-22.0
-25.0
-74.0
-56.0
-16.0
-14.0
-16.0
34.0
-2.0
-50.0
-57.0
-103.0
-68.0
-23.0
-89.0
-34.0
-24.0
-36.0
-33.0
-14.0
37.0
49.0
37.0
64.0
65.0
-7.0
-15.0
3.0
15.0
-44.0
-33.0
-39.0
-55.0
-45.0
-48.0
-32.0
-15.0
3.0
69.0
83.0
99.0
94.0
44.0
-13.0
-25.0
-60.0
-65.0
-38.0
-66.0
-21.0
-26.0
-33.0
2.0
27.0
17.0
16.0
12.0
32.0
35.0
48.0
49.0
25.0
14.0
2.0
-10.0
-38.0
-36.0
-22.0
-51.0
-39.0
-34.0
-32.0
-41.0
-17.0
-61.0
-112.0
-49.0
-3.0
6.0
49.0
-24.0
-67.0
-33.0
-56.0
-41.0
-65.0
-43.0
-40.0
-29.0
-13.0
6.0
6.0
-43.0
-65.0
-93.0
-59.0
19.0
-16.0
-10.0
-24.0
-40.0
-14.0
-20.0
-27.0
-39.0
-11.0
10.0
-37.0
-85.0
-112.0
-110.0
-116.0
-72.0
-52.0
-66.0
-99.0
-111.0
-44.0
-36.0
15.0
32.0
-44.0
7.0
50.0
27.0
1.0
26.0
0.0
-44.0
-65.0
-56.0
-42.0
-27.0
-40.0
-58.0
-42.0
-25.0
-23.0
43.0
57.0
79.0
64.0
64.0
78.0
36.0
-10.0
27.0
8.0
-23.0
-26.0
-34.0
-18.0
11.0
33.0
14.0
57.0
93.0
53.0
49.0
41.0
10.0
6.0
10.0
-17.0
-37.0
-31.0
-12.0
-8.0
-7.0
52.0
36.0
25.0
50.0
38.0
63.0
55.0
26.0
28.0
26.0
49.0
71.0
62.0
72.0
48.0
-11.0
-26.0
-27.0
-30.0
-3.0
16.0
0.0
-1.0
-32.0
-30.0
-17.0
-42.0
-97.0
-100.0
-84.0
-109.0
-151.0
-57.0
-55.0
-103.0
-79.0
-95.0
-101.0
-112.0
-64.0
-40.0
-70.0
-50.0
-50.0
-31.0
-47.0
-58.0
-21.0
-17.0
-7.0
6.0
10.0
2.0
-1.0
30.0
17.0
3.0
-29.0
-17.0
-7.0
5.0
0.0
10.0
-3.0
-16.0
-46.0
-14.0
4.0
11.0
-5.0
-11.0
-8.0
12.0
30.0
41.0
40.0
17.0
34.0
60.0
12.0
-2.0
4.0
5.0
2.0
-4.0
-3.0
-37.0
-25.0
31.0
32.0
10.0
8.0
36.0
41.0
21.0
-22.0
7.0
49.0
3.0
3.0
27.0
10.0
-7.0
-18.0
-1.0
-1.0
-11.0
-4.0
11.0
10.0
19.0
-13.0
-18.0
15.0
-3.0
-2.0
-22.0
14.0
1.0
-60.0
-40.0
-39.0
-57.0
-70.0
-17.0
-27.0
-50.0
-44.0
-19.0
2.0
-20.0
-3.0
-9.0
-7.0
-33.0
-43.0
-15.0
-34.0
-59.0
-60.0
-26.0
-20.0
-6.0
-8.0
12.0
5.0
37.0
70.0
43.0
5.0
11.0
-30.0
-61.0
-10.0
-21.0
-34.0
-7.0
-33.0
-17.0
2.0
5.0
-4.0
-1.0
-9.0
-9.0
51.0
33.0
13.0
29.0
15.0
33.0
14.0
4.0
15.0
-9.0
1.0
30.0
29.0
40.0
30.0
-9.0
4.0
37.0
-12.0
-12.0
16.0
-6.0
-6.0
-4.0
-21.0
-21.0
-22.0
-37.0
-45.0
-58.0
-62.0
-46.0
-7.0
-9.0
8.0
21.0
21.0
24.0
43.0
15.0
-6.0
0.0
-6.0
-42.0
-40.0
-44.0
-18.0
-44.0
-25.0
-1.0
0.0
-5.0
-11.0
-7.0
52.0
70.0
64.0
68.0
27.0
-11.0
-31.0
-48.0
-39.0
-27.0
-33.0
-6.0
-36.0
-11.0
15.0
-12.0
24.0
47.0
41.0
68.0
32.0
17.0
17.0
-14.0
-33.0
-20.0
-44.0
-43.0
-64.0
-30.0
21.0
21.0
27.0
77.0
49.0
81.0
90.0
68.0
51.0
26.0
58.0
45.0
56.0
14.0
-36.0
-70.0
-21.0
-13.0
-50.0
-27.0
-24.0
-25.0
-35.0
-12.0
19.0
26.0
42.0
40.0
15.0
31.0
18.0
29.0
43.0
-2.0
3.0
13.0
-17.0
15.0
4.0
-17.0
-14.0
-14.0
19.0
9.0
24.0
36.0
10.0
-8.0
12.0
21.0
30.0
53.0
49.0
5.0
-35.0
-45.0
-20.0
-32.0
-29.0
-31.0
-44.0
-33.0
-26.0
-4.0
6.0
-37.0
-53.0
-62.0
-115.0
-158.0
-157.0
-112.0
-124.0
-93.0
-41.0
-46.0
-21.0
-21.0
-12.0
16.0
30.0
15.0
34.0
27.0
-49.0
-51.0
-15.0
-50.0
-58.0
-29.0
-21.0
1.0
13.0
24.0
35.0
43.0
32.0
25.0
15.0
-12.0
-12.0
15.0
-10.0
-50.0
-42.0
-21.0
-5.0
4.0
6.0
35.0
30.0
35.0
23.0
-3.0
3.0
14.0
6.0
-1.0
5.0
45.0
73.0
91.0
107.0
135.0
129.0
107.0
107.0
107.0
53.0
23.0
36.0
35.0
27.0
-14.0
22.0
73.0
50.0
74.0
88.0
91.0
96.0
125.0
90.0
80.0
91.0
78.0
59.0
59.0
31.0
20.0
23.0
45.0
65.0
69.0
66.0
31.0
68.0
91.0
95.0
90.0
49.0
44.0
42.0
32.0
25.0
11.0
53.0
58.0
56.0
39.0
41.0
54.0
48.0
55.0
54.0
43.0
-13.0
-4.0
25.0
17.0
-24.0
-12.0
-14.0
-10.0
29.0
5.0
13.0
24.0
15.0
-1.0
1.0
20.0
30.0
40.0
25.0
26.0
64.0
39.0
-10.0
-34.0
-15.0
20.0
0.0
5.0
32.0
50.0
50.0
59.0
58.0
37.0
21.0
-10.0
-10.0
18.0
39.0
58.0
50.0
24.0
18.0
34.0
41.0
54.0
32.0
51.0
60.0
29.0
41.0
68.0
43.0
38.0
20.0
2.0
-3.0
6.0
25.0
40.0
23.0
16.0
11.0
50.0
59.0
19.0
19.0
27.0
0.0
20.0
21.0
14.0
21.0
3.0
2.0
-42.0
-33.0
-27.0
-23.0
5.0
-32.0
-70.0
-42.0
-19.0
-16.0
-21.0
-14.0
0.0
32.0
31.0
31.0
24.0
11.0
13.0
15.0
-12.0
1.0
36.0
50.0
17.0
-3.0
23.0
15.0
37.0
23.0
36.0
65.0
39.0
46.0
43.0
10.0
11.0
11.0
-18.0
-7.0
-2.0
-11.0
-12.0
-10.0
18.0
25.0
-11.0
-7.0
-6.0
-20.0
1.0
6.0
-8.0
-14.0
-37.0
-5.0
17.0
3.0
-30.0
-25.0
21.0
17.0
22.0
21.0
9.0
-2.0
-12.0
-8.0
8.0
-1.0
-3.0
55.0
49.0
19.0
-11.0
8.0
27.0
22.0
7.0
19.0
-2.0
3.0
22.0
40.0
44.0
15.0
2.0
23.0
13.0
49.0
61.0
37.0
34.0
21.0
37.0
46.0
35.0
27.0
12.0
2.0
14.0
0.0
12.0
13.0
11.0
-8.0
-27.0
-53.0
-62.0
-66.0
-71.0
-67.0
-56.0
-54.0
-75.0
-66.0
-67.0
-87.0
-72.0
-34.0
-37.0
-40.0
-36.0
-53.0
-65.0
-50.0
-41.0
-41.0
-4.0
-5.0
-20.0
-23.0
-16.0
7.0
0.0
22.0
46.0
44.0
31.0
16.0
18.0
32.0
40.0
32.0
30.0
34.0
45.0
31.0
-11.0
-12.0
-46.0
-49.0
-22.0
-22.0
-14.0
-24.0
-50.0
-40.0
-17.0
14.0
-6.0
8.0
7.0
5.0
14.0
21.0
19.0
21.0
-10.0
-40.0
-53.0
-73.0
-48.0
-59.0
-53.0
-15.0
-13.0
-21.0
42.0
56.0
40.0
106.0
110.0
83.0
50.0
14.0
41.0
44.0
34.0
1.0
2.0
16.0
-15.0
2.0
59.0
76.0
74.0
96.0
143.0
140.0
110.0
90.0
72.0
41.0
-12.0
-42.0
-34.0
-67.0
-103.0
-56.0
-36.0
-3.0
27.0
52.0
60.0
59.0
31.0
47.0
42.0
-18.0
-25.0
-32.0
-84.0
-84.0
-77.0
-82.0
-80.0
-53.0
-29.0
11.0
27.0
49.0
40.0
21.0
32.0
39.0
13.0
6.0
-14.0
-4.0
-27.0
-26.0
-4.0
-30.0
-31.0
-34.0
-38.0
-1.0
35.0
42.0
39.0
36.0
39.0
34.0
21.0
20.0
-13.0
-48.0
-30.0
-28.0
-21.0
-9.0
-13.0
-23.0
-31.0
5.0
14.0
-11.0
-16.0
-36.0
-53.0
-67.0
-33.0
-26.0
-20.0
-22.0
-19.0
-2.0
14.0
-3.0
17.0
42.0
40.0
24.0
29.0
15.0
12.0
25.0
40.0
30.0
18.0
-12.0
26.0
20.0
-8.0
21.0
31.0
49.0
55.0
55.0
53.0
1.0
-7.0
1.0
-29.0
-39.0
-3.0
7.0
13.0
10.0
32.0
44.0
13.0
16.0
13.0
17.0
23.0
13.0
-12.0
-41.0
-76.0
-79.0
-21.0
4.0
17.0
13.0
8.0
17.0
20.0
-4.0
17.0
39.0
30.0
31.0
16.0
10.0
53.0
14.0
11.0
15.0
11.0
7.0
29.0
54.0
40.0
24.0
-4.0
-4.0
5.0
14.0
16.0
28.0
39.0
-3.0
-6.0
8.0
8.0
8.0
31.0
45.0
32.0
7.0
17.0
14.0
23.0
6.0
15.0
20.0
16.0
21.0
29.0
-6.0
35.0
60.0
58.0
76.0
95.0
101.0
131.0
136.0
131.0
117.0
48.0
33.0
35.0
2.0
-8.0
-30.0
-12.0
48.0
43.0
44.0
64.0
40.0
17.0
17.0
21.0
4.0
17.0
2.0
-21.0
-47.0
-55.0
-30.0
-24.0
-10.0
5.0
11.0
-16.0
-44.0
-35.0
-35.0
-38.0
-15.0
-21.0
-23.0
-23.0
-41.0
-61.0
-79.0
-54.0
15.0
53.0
52.0
46.0
24.0
23.0
24.0
16.0
9.0
-9.0
-27.0
-32.0
-15.0
-12.0
8.0
29.0
25.0
26.0
15.0
-22.0
-46.0
-23.0
5.0
-15.0
-11.0
-10.0
-1.0
-25.0
-22.0
-28.0
-51.0
-25.0
-24.0
-37.0
-17.0
-23.0
-22.0
-39.0
-88.0
-96.0
-100.0
-134.0
-117.0
-91.0
-125.0
-100.0
-89.0
-84.0
-67.0
-45.0
-9.0
2.0
9.0
36.0
38.0
-4.0
-24.0
-8.0
-4.0
-26.0
10.0
7.0
-3.0
13.0
21.0
36.0
46.0
45.0
27.0
1.0
2.0
31.0
50.0
42.0
11.0
24.0
3.0
-18.0
-43.0
-31.0
-54.0
-56.0
-28.0
-26.0
-25.0
-15.0
-5.0
6.0
6.0
-8.0
8.0
-5.0
-59.0
-83.0
-66.0
-43.0
-49.0
-79.0
-82.0
-40.0
-21.0
-23.0
-11.0
-31.0
-41.0
-18.0
-37.0
-25.0
-17.0
19.0
25.0
16.0
-15.0
-28.0
10.0
4.0
14.0
41.0
20.0
14.0
3.0
-28.0
-15.0
-13.0
-38.0
-64.0
-60.0
-35.0
-44.0
-45.0
-25.0
-20.0
-41.0
-45.0
-46.0
-86.0
-102.0
-51.0
-17.0
-18.0
-25.0
-25.0
-24.0
-15.0
-11.0
-13.0
-21.0
-26.0
-11.0
26.0
40.0
43.0
43.0
7.0
-9.0
31.0
8.0
28.0
39.0
53.0
65.0
46.0
62.0
45.0
22.0
20.0
6.0
2.0
-12.0
3.0
12.0
-35.0
-31.0
-9.0
-1.0
1.0
5.0
14.0
33.0
43.0
41.0
36.0
17.0
13.0
24.0
5.0
-37.0
13.0
29.0
35.0
52.0
62.0
64.0
53.0
26.0
5.0
-7.0
15.0
20.0
14.0
13.0
25.0
49.0
37.0
12.0
23.0
45.0
27.0
32.0
32.0
8.0
21.0
38.0
34.0
23.0
44.0
57.0
17.0
20.0
32.0
26.0
13.0
-9.0
-32.0
-21.0
-24.0
-35.0
-23.0
5.0
-12.0
-2.0
2.0
-24.0
-28.0
-19.0
2.0
11.0
-12.0
-36.0
-30.0
-24.0
-34.0
-16.0
-6.0
10.0
43.0
45.0
-16.0
-40.0
-23.0
-63.0
-60.0
-48.0
-48.0
-68.0
-51.0
-49.0
-66.0
-42.0
-50.0
-61.0
-52.0
-58.0
-86.0
-73.0
-41.0
-38.0
-44.0
-37.0
-42.0
-55.0
-40.0
-53.0
-42.0
-22.0
-34.0
-29.0
-25.0
-53.0
-52.0
-33.0
-35.0
-35.0
-40.0
-26.0
-38.0
-62.0
-44.0
-21.0
-33.0
-35.0
-26.0
-43.0
-21.0
-2.0
-13.0
5.0
12.0
-14.0
-20.0
-12.0
-28.0
-61.0
-25.0
-18.0
-22.0
-4.0
-11.0
-33.0
-20.0
-11.0
-3.0
3.0
-46.0
-29.0
-4.0
-15.0
-11.0
-11.0
-13.0
8.0
3.0
8.0
5.0
14.0
18.0
8.0
5.0
-11.0
-7.0
-1.0
-11.0
-13.0
10.0
23.0
32.0
26.0
21.0
0.0
-31.0
-37.0
-39.0
-14.0
-7.0
-12.0
-2.0
-4.0
-13.0
-30.0
-41.0
-35.0
-25.0
-23.0
-21.0
1.0
0.0
18.0
8.0
-12.0
-6.0
-3.0
-5.0
-10.0
5.0
26.0
4.0
-10.0
-14.0
-4.0
-6.0
-10.0
-8.0
-3.0
1.0
-13.0
-19.0
-10.0
-7.0
-24.0
-3.0
18.0
-4.0
-12.0
3.0
25.0
26.0
47.0
13.0
-14.0
-30.0
-55.0
-67.0
-64.0
-60.0
-31.0
-20.0
-17.0
-24.0
-30.0
-36.0
-44.0
-48.0
-38.0
-50.0
-31.0
-30.0
-56.0
-80.0
-72.0
-78.0
-64.0
-36.0
-20.0
-35.0
-50.0
-53.0
-64.0
-44.0
-36.0
-44.0
-60.0
-75.0
-98.0
-51.0
-40.0
-42.0
-16.0
-52.0
-73.0
-27.0
-16.0
-10.0
-17.0
-35.0
-27.0
-50.0
-79.0
-52.0
-8.0
8.0
-18.0
-52.0
-31.0
-7.0
-10.0
-34.0
-48.0
-10.0
14.0
2.0
-1.0
29.0
16.0
-6.0
-49.0
-12.0
21.0
36.0
52.0
24.0
7.0
42.0
50.0
39.0
34.0
48.0
45.0
2.0
-32.0
-20.0
-6.0
7.0
-3.0
22.0
31.0
16.0
20.0
12.0
26.0
25.0
13.0
-25.0
-39.0
-34.0
-6.0
-3.0
25.0
82.0
66.0
27.0
16.0
6.0
32.0
52.0
45.0
74.0
100.0
73.0
57.0
48.0
53.0
39.0
34.0
84.0
76.0
63.0
66.0
76.0
73.0
73.0
66.0
76.0
91.0
72.0
65.0
56.0
12.0
-8.0
9.0
58.0
67.0
79.0
103.0
106.0
106.0
99.0
59.0
6.0
48.0
62.0
86.0
115.0
90.0
65.0
50.0
56.0
67.0
103.0
139.0
119.0
110.0
95.0
49.0
21.0
9.0
7.0
12.0
4.0
-10.0
-3.0
4.0
17.0
25.0
-11.0
4.0
8.0
-21.0
-36.0
-56.0
-47.0
-26.0
5.0
39.0
42.0
55.0
56.0
-1.0
-50.0
-35.0
-10.0
-18.0
-31.0
-27.0
-9.0
2.0
17.0
36.0
45.0
55.0
20.0
7.0
-9.0
-49.0
-10.0
-14.0
-17.0
-17.0
-6.0
-26.0
-81.0
-86.0
-74.0
-58.0
-52.0
-36.0
-32.0
-42.0
-41.0
-14.0
-4.0
-36.0
-21.0
-41.0
-84.0
-100.0
-111.0
-95.0
-87.0
-86.0
-88.0
-43.0
-48.0
-77.0
-76.0
-74.0
-42.0
-22.0
-17.0
-15.0
-30.0
-60.0
-43.0
-8.0
-19.0
-45.0
-22.0
-10.0
-12.0
0.0
-7.0
-13.0
-22.0
0.0
17.0
22.0
21.0
11.0
-8.0
-15.0
30.0
27.0
13.0
-11.0
-54.0
-44.0
-35.0
-46.0
-29.0
-25.0
-29.0
8.0
-23.0
-31.0
-39.0
-33.0
-56.0
-78.0
-67.0
-105.0
-127.0
-146.0
-174.0
-154.0
-134.0
-137.0
-159.0
-206.0
-257.0
-295.0
-332.0
-315.0
-306.0
-338.0
-342.0
-322.0
-322.0
-359.0
-378.0
-394.0
-381.0
-376.0
-360.0
-372.0
-378.0
-360.0
-383.0
-389.0
-343.0
-331.0
-322.0
-339.0
-342.0
-330.0
-330.0
-330.0
-325.0
-326.0
-319.0
-329.0
-306.0
-289.0
-319.0
-343.0
-367.0
-369.0
-356.0
-351.0
-341.0
-316.0
-306.0
-280.0
-256.0
-241.0
-215.0
-218.0
-204.0
-182.0
-150.0
-97.0
-46.0
-17.0
37.0
156.0
189.0
264.0
336.0
380.0
449.0
538.0
551.0
551.0
560.0
560.0
555.0
546.0
549.0
538.0
523.0
491.0
475.0
445.0
424.0
417.0
360.0
320.0
271.0
229.0
198.0
183.0
157.0
116.0
106.0
99.0
82.0
99.0
84.0
32.0
17.0
35.0
52.0
48.0
31.0
24.0
21.0
14.0
18.0
36.0
33.0
1.0
-44.0
24.0
20.0
-1.0
-2.0
-10.0
-11.0
-1.0
8.0
-20.0
-40.0
-15.0
6.0
-45.0
-54.0
-79.0
-60.0
-27.0
-59.0
-70.0
-60.0
-57.0
-73.0
-60.0
-51.0
-69.0
-62.0
-61.0
-92.0
-93.0
-103.0
-68.0
-49.0
-60.0
-68.0
-41.0
-49.0
-71.0
-69.0
-91.0
-102.0
-87.0
-81.0
-121.0
-131.0
-139.0
-93.0
-92.0
-130.0
-119.0
-130.0
-146.0
-121.0
-115.0
-134.0
-136.0
-157.0
-153.0
-115.0
-103.0
-115.0
-124.0
-134.0
-134.0
-133.0
-171.0
-186.0
-156.0
-114.0
-98.0
-88.0
-120.0
-124.0
-111.0
-116.0
-149.0
-124.0
-143.0
-139.0
-122.0
-140.0
-122.0
-116.0
-127.0
-131.0
-122.0
-122.0
-140.0
-130.0
-89.0
-125.0
-147.0
-130.0
-170.0
-156.0
-68.0
-78.0
-86.0
-92.0
-96.0
-116.0
-135.0
-142.0
-157.0
-129.0
-112.0
-119.0
-133.0
-130.0
-162.0
-140.0
-129.0
-152.0
-133.0
-117.0
-101.0
-114.0
-163.0
-165.0
-130.0
-134.0
-128.0
-125.0
-128.0
-98.0
-80.0
-95.0
-87.0
-88.0
-114.0
-90.0
-109.0
-155.0
-215.0
-174.0
-138.0
-138.0
-93.0
-67.0
-75.0
-95.0
-141.0
-120.0
-122.0
-118.0
-104.0
-93.0
-96.0
-125.0
-107.0
-65.0
-66.0
-60.0
-106.0
-114.0
-71.0
-68.0
-115.0
-68.0
-9.0
-25.0
-6.0
-24.0
7.0
-22.0
-65.0
-69.0
-67.0
-53.0
-72.0
-42.0
-18.0
-2.0
72.0
88.0
34.0
-3.0
-46.0
-68.0
-31.0
-43.0
-48.0
-28.0
-20.0
-72.0
-68.0
-41.0
-50.0
-50.0
-13.0
-4.0
-60.0
-58.0
-46.0
-68.0
-74.0
-84.0
-83.0
-84.0
-53.0
-45.0
-62.0
-63.0
-66.0
-65.0
-52.0
-63.0
-92.0
-70.0
-27.0
-30.0
-40.0
-83.0
-59.0
-71.0
-98.0
-102.0
-126.0
-109.0
-92.0
-91.0
-85.0
-71.0
-77.0
-80.0
-85.0
-111.0
-83.0
-67.0
-90.0
-69.0
-56.0
-56.0
-82.0
-89.0
-100.0
-123.0
-120.0
-129.0
-135.0
-119.0
-84.0
-63.0
-77.0
-111.0
-139.0
-134.0
-125.0
-110.0
-105.0
-107.0
-122.0
-150.0
-172.0
-154.0
-191.0
-191.0
-187.0
-194.0
-211.0
-211.0
-180.0
-170.0
-154.0
-135.0
-165.0
-168.0
-171.0
-190.0
-181.0
-205.0
-212.0
-206.0
-228.0
-230.0
-253.0
-302.0
-309.0
-337.0
-326.0
-321.0
-312.0
-328.0
-361.0
-373.0
-407.0
-388.0
-374.0
-386.0
-351.0
-345.0
-353.0
-322.0
-278.0
-288.0
-284.0
-275.0
-293.0
-298.0
-278.0
-262.0
-249.0
-218.0
-196.0
-214.0
-161.0
-182.0
-194.0
-177.0
-161.0
-125.0
-150.0
-164.0
-182.0
-188.0
-166.0
-181.0
-204.0
-204.0
-172.0
-157.0
-154.0
-139.0
-126.0
-133.0
-139.0
-118.0
-98.0
-94.0
-47.0
-82.0
-122.0
-117.0
-140.0
-146.0
-182.0
-171.0
-193.0
-191.0
-171.0
-121.0
-98.0
-82.0
-119.0
-116.0
-117.0
-106.0
-87.0
-63.0
-61.0
-76.0
-70.0
-72.0
-106.0
-81.0
-106.0
-92.0
-130.0
-125.0
-63.0
-46.0
-58.0
-65.0
-73.0
-63.0
-6.0
-60.0
-76.0
-27.0
-32.0
-60.0
-68.0
-89.0
-64.0
3.0
-2.0
-15.0
-10.0
-67.0
-88.0
-58.0
-70.0
-31.0
-6.0
-3.0
-14.0
24.0
51.0
50.0
28.0
-33.0
32.0
34.0
104.0
149.0
212.0
243.0
290.0
303.0
342.0
339.0
379.0
390.0
403.0
442.0
411.0
457.0
467.0
450.0
399.0
347.0
331.0
326.0
320.0
329.0
330.0
311.0
270.0
261.0
237.0
229.0
199.0
174.0
209.0
192.0
210.0
147.0
139.0
139.0
107.0
136.0
155.0
133.0
116.0
158.0
157.0
126.0
106.0
174.0
227.0
214.0
223.0
278.0
310.0
331.0
329.0
351.0
380.0
352.0
365.0
369.0
343.0
359.0
347.0
365.0
385.0
404.0
393.0
378.0
343.0
299.0
280.0
292.0
280.0
239.0
300.0
285.0
259.0
284.0
199.0
212.0
204.0
173.0
189.0
162.0
168.0
175.0
163.0
140.0
138.0
126.0
137.0
140.0
106.0
134.0
101.0
105.0
62.0
1.0
-13.0
-39.0
-62.0
-86.0
-82.0
-89.0
-154.0
-173.0
-183.0
-222.0
-229.0
-225.0
-235.0
-244.0
-256.0
-250.0
-274.0
-281.0
-325.0
-323.0
-305.0
-335.0
-293.0
-259.0
-296.0
-298.0
-350.0
-386.0
-347.0
-298.0
-266.0
-215.0
-230.0
-183.0
-91.0
-81.0
-33.0
19.0
51.0
90.0
108.0
111.0
145.0
137.0
193.0
239.0
248.0
242.0
187.0
199.0
226.0
166.0
184.0
168.0
202.0
189.0
155.0
124.0
115.0
101.0
125.0
39.0
65.0
43.0
18.0
45.0
7.0
-33.0
-32.0
147.0
102.0
-125.0
-43.0
-69.0
-116.0
8.0
-15.0
-142.0
-233.0
-60.0
-73.0
11.0
-55.0
-313.0
-85.0
177.0
14.0
-8.0
23.0
-63.0
45.0
89.0
-158.0
-291.0
-211.0
46.0
-112.0
-234.0
-81.0
-202.0
-396.0
-109.0
-68.0
-187.0
-272.0
89.0
-192.0
-174.0
209.0
24.0
-149.0
-184.0
-39.0
-212.0
-199.0
80.0
-60.0
-9.0
-275.0
-167.0
35.0
18.0
-88.0
26.0
42.0
92.0
75.0
71.0
144.0
-41.0
-55.0
-47.0
33.0
170.0
66.0
133.0
124.0
111.0
-45.0
-27.0
109.0
39.0
-7.0
-127.0
-74.0
-37.0
-43.0
-103.0
14.0
1.0
-7.0
-46.0
-79.0
-76.0
-32.0
-39.0
87.0
-80.0
-110.0
-9.0
43.0
-145.0
61.0
16.0
-43.0
107.0
11.0
174.0
-4.0
-112.0
-5.0
-156.0
-153.0
-122.0
-231.0
-178.0
-132.0
-208.0
-239.0
-240.0
-228.0
-81.0
-227.0
-209.0
-288.0
-259.0
-219.0
-202.0
-251.0
-274.0
-388.0
-353.0
-257.0
-330.0
-247.0
-228.0
-278.0
-209.0
-293.0
-249.0
-267.0
-214.0
-236.0
-159.0
-161.0
-119.0
-189.0
-162.0
-115.0
-158.0
-145.0
-83.0
-81.0
45.0
51.0
-7.0
63.0
-26.0
32.0
76.0
51.0
68.0
67.0
57.0
117.0
58.0
-12.0
-10.0
32.0
56.0
20.0
82.0
118.0
145.0
131.0
95.0
97.0
114.0
98.0
58.0
164.0
159.0
116.0
117.0
106.0
93.0
134.0
111.0
138.0
192.0
168.0
168.0
150.0
161.0
165.0
130.0
170.0
142.0
146.0
146.0
148.0
198.0
142.0
145.0
175.0
163.0
150.0
185.0
169.0
164.0
208.0
224.0
138.0
128.0
181.0
142.0
108.0
161.0
146.0
175.0
176.0
149.0
146.0
154.0
154.0
176.0
228.0
151.0
110.0
120.0
118.0
107.0
161.0
175.0
212.0
138.0
163.0
191.0
101.0
107.0
73.0
113.0
136.0
109.0
83.0
148.0
181.0
174.0
148.0
181.0
153.0
148.0
192.0
173.0
145.0
139.0
125.0
139.0
187.0
139.0
110.0
112.0
121.0
111.0
115.0
121.0
107.0
144.0
158.0
125.0
159.0
176.0
178.0
228.0
234.0
156.0
176.0
195.0
186.0
151.0
170.0
155.0
147.0
143.0
96.0
103.0
90.0
102.0
103.0
144.0
155.0
199.0
215.0
174.0
158.0
146.0
131.0
127.0
59.0
46.0
214.0
267.0
284.0
319.0
319.0
399.0
450.0
433.0
469.0
493.0
470.0
465.0
501.0
496.0
429.0
437.0
437.0
458.0
413.0
378.0
357.0
363.0
364.0
407.0
413.0
412.0
405.0
332.0
275.0
290.0
316.0
314.0
276.0
237.0
249.0
264.0
271.0
277.0
261.0
265.0
282.0
261.0
251.0
248.0
282.0
323.0
304.0
259.0
208.0
201.0
178.0
201.0
196.0
179.0
162.0
229.0
214.0
228.0
228.0
204.0
246.0
287.0
305.0
297.0
261.0
204.0
190.0
183.0
166.0
222.0
213.0
187.0
191.0
197.0
183.0
210.0
203.0
175.0
176.0
136.0
126.0
126.0
101.0
65.0
48.0
8.0
-41.0
-16.0
-43.0
-37.0
-1.0
-1.0
-2.0
25.0
1.0
-57.0
-36.0
-75.0
-129.0
-146.0
-112.0
-108.0
-97.0
-105.0
-116.0
-143.0
-173.0
-148.0
-94.0
-67.0
-79.0
-93.0
-115.0
-152.0
-149.0
-197.0
-261.0
-247.0
-221.0
-196.0
-121.0
-90.0
-161.0
-128.0
-73.0
-37.0
-52.0
-53.0
-107.0
-211.0
-218.0
-190.0
-171.0
-115.0
-120.0
-162.0
-140.0
-121.0
-78.0
-28.0
-82.0
-80.0
-53.0
-84.0
-77.0
-124.0
-173.0
-192.0
-202.0
-212.0
-202.0
-206.0
-164.0
-165.0
-155.0
-112.0
-119.0
-122.0
-179.0
-219.0
-215.0
-223.0
-223.0
-229.0
-244.0
-242.0
-248.0
-249.0
-239.0
-234.0
-218.0
-187.0
-161.0
-158.0
-225.0
-285.0
-298.0
-317.0
-335.0
-316.0
-305.0
-313.0
-268.0
-251.0
-249.0
-201.0
-170.0
-200.0
-221.0
-260.0
-284.0
-250.0
-259.0
-300.0
-293.0
-296.0
-314.0
-281.0
-265.0
-235.0
-208.0
-184.0
-144.0
-113.0
-137.0
-147.0
-149.0
-209.0
-241.0
-250.0
-240.0
-234.0
-241.0
-224.0
-241.0
-268.0
-212.0
-180.0
-159.0
-162.0
-175.0
-215.0
-241.0
-235.0
-263.0
-273.0
-250.0
-215.0
-180.0
-156.0
-109.0
-103.0
-110.0
-125.0
-136.0
-155.0
-166.0
-127.0
-113.0
-140.0
-194.0
-187.0
-169.0
-137.0
-164.0
-181.0
-193.0
-171.0
-139.0
-121.0
-131.0
-150.0
-162.0
-159.0
-150.0
-136.0
-151.0
-150.0
-151.0
-126.0
-98.0
-56.0
-83.0
-104.0
-113.0
-102.0
-96.0
-86.0
-103.0
-112.0
-122.0
-96.0
-82.0
-94.0
-101.0
-107.0
-105.0
-72.0
-61.0
-49.0
-82.0
-79.0
-72.0
-90.0
-122.0
-147.0
-145.0
-126.0
-100.0
-101.0
-68.0
-65.0
-52.0
-38.0
-41.0
-29.0
12.0
-34.0
-74.0
-42.0
-45.0
-60.0
-49.0
-53.0
-36.0
-14.0
55.0
82.0
130.0
92.0
56.0
96.0
122.0
154.0
146.0
143.0
136.0
129.0
101.0
117.0
144.0
109.0
133.0
148.0
113.0
85.0
63.0
78.0
75.0
43.0
30.0
14.0
-6.0
7.0
-1.0
30.0
43.0
17.0
36.0
52.0
25.0
8.0
-7.0
26.0
49.0
52.0
40.0
53.0
60.0
81.0
87.0
95.0
79.0
49.0
90.0
190.0
229.0
257.0
239.0
178.0
122.0
96.0
85.0
61.0
67.0
85.0
91.0
117.0
124.0
161.0
194.0
209.0
194.0
172.0
128.0
105.0
99.0
60.0
54.0
45.0
31.0
47.0
83.0
115.0
152.0
183.0
185.0
240.0
231.0
174.0
136.0
114.0
76.0
68.0
68.0
22.0
-3.0
-18.0
-26.0
-21.0
17.0
20.0
34.0
40.0
37.0
38.0
23.0
-12.0
-51.0
-54.0
-32.0
-68.0
-66.0
-8.0
-34.0
-45.0
-6.0
26.0
98.0
136.0
105.0
83.0
46.0
15.0
-15.0
-52.0
-80.0
-93.0
-104.0
-97.0
-85.0
-47.0
-27.0
3.0
15.0
4.0
3.0
-36.0
-30.0
-8.0
11.0
-13.0
-33.0
-48.0
-48.0
-45.0
11.0
48.0
64.0
73.0
69.0
14.0
-9.0
0.0
-30.0
-48.0
-10.0
-3.0
58.0
90.0
67.0
-7.0
-83.0
-87.0
-36.0
35.0
35.0
29.0
5.0
15.0
16.0
0.0
-10.0
-36.0
-39.0
30.0
63.0
67.0
47.0
8.0
-12.0
-46.0
-84.0
-78.0
-37.0
1.0
59.0
73.0
33.0
2.0
-26.0
-29.0
-23.0
-8.0
1.0
9.0
-4.0
-29.0
-25.0
-1.0
25.0
-13.0
-41.0
-45.0
-21.0
10.0
30.0
-35.0
-56.0
-45.0
-51.0
-41.0
-44.0
-51.0
-25.0
-32.0
-15.0
-42.0
-62.0
-65.0
-39.0
-44.0
-28.0
-23.0
3.0
31.0
25.0
24.0
26.0
18.0
32.0
4.0
-7.0
-12.0
-7.0
3.0
1.0
17.0
23.0
40.0
65.0
110.0
103.0
81.0
55.0
30.0
27.0
2.0
-9.0
-5.0
-16.0
-23.0
-9.0
30.0
48.0
74.0
93.0
130.0
129.0
71.0
34.0
-28.0
-26.0
-18.0
-58.0
-24.0
30.0
17.0
52.0
73.0
94.0
103.0
135.0
141.0
126.0
111.0
96.0
48.0
46.0
60.0
24.0
37.0
58.0
78.0
127.0
140.0
120.0
144.0
216.0
243.0
243.0
173.0
153.0
108.0
100.0
120.0
54.0
20.0
3.0
4.0
12.0
36.0
-15.0
18.0
39.0
78.0
77.0
24.0
-22.0
-65.0
-35.0
-24.0
-29.0
-5.0
-12.0
-5.0
-18.0
6.0
58.0
60.0
26.0
64.0
77.0
82.0
84.0
62.0
18.0
11.0
-2.0
-37.0
-30.0
-17.0
-52.0
-86.0
-51.0
-28.0
-64.0
-34.0
17.0
11.0
1.0
-1.0
-11.0
-17.0
-1.0
-8.0
13.0
63.0
77.0
92.0
81.0
73.0
54.0
77.0
114.0
99.0
49.0
68.0
79.0
76.0
62.0
56.0
56.0
26.0
24.0
58.0
80.0
104.0
134.0
173.0
193.0
216.0
207.0
157.0
122.0
125.0
127.0
107.0
88.0
87.0
87.0
82.0
65.0
37.0
16.0
35.0
44.0
52.0
67.0
61.0
39.0
24.0
18.0
26.0
27.0
29.0
22.0
22.0
12.0
-1.0
-35.0
-10.0
23.0
19.0
35.0
11.0
-32.0
-49.0
-71.0
-91.0
-105.0
-87.0
-97.0
-98.0
-55.0
-24.0
-36.0
-32.0
-33.0
-31.0
-35.0
-45.0
-72.0
-102.0
-128.0
-148.0
-145.0
-140.0
-114.0
-77.0
-63.0
-78.0
-95.0
-98.0
-124.0
-115.0
-88.0
-93.0
-95.0
-105.0
-128.0
-159.0
-133.0
-97.0
-78.0
-41.0
-43.0
-65.0
-80.0
-71.0
-95.0
-111.0
-114.0
-114.0
-98.0
-112.0
-111.0
-80.0
-93.0
-119.0
-129.0
-121.0
-137.0
-135.0
-137.0
-162.0
-167.0
-155.0
-134.0
-140.0
-106.0
-67.0
-65.0
-67.0
-89.0
-99.0
-86.0
-99.0
-139.0
-149.0
-146.0
-117.0
-96.0
-104.0
-117.0
-130.0
-147.0
-148.0
-115.0
-81.0
-85.0
-84.0
-64.0
-61.0
-73.0
-101.0
-142.0
-180.0
-198.0
-171.0
-129.0
-93.0
-89.0
-73.0
-54.0
-42.0
-55.0
-71.0
-83.0
-95.0
-72.0
-57.0
-42.0
-23.0
-40.0
-61.0
-108.0
-111.0
-77.0
-44.0
-40.0
-10.0
3.0
-25.0
-27.0
-48.0
-57.0
-40.0
-61.0
-69.0
-73.0
-58.0
-51.0
-49.0
-39.0
-31.0
-33.0
-26.0
2.0
1.0
0.0
-43.0
-69.0
-64.0
-59.0
-43.0
-29.0
-44.0
-37.0
-30.0
-48.0
-31.0
-15.0
11.0
13.0
6.0
5.0
2.0
-11.0
-48.0
-59.0
-15.0
4.0
-7.0
-17.0
-8.0
-21.0
-21.0
-12.0
8.0
12.0
16.0
11.0
-14.0
-24.0
-21.0
-15.0
7.0
44.0
91.0
118.0
82.0
22.0
-26.0
-50.0
-45.0
-20.0
-33.0
-24.0
21.0
45.0
68.0
76.0
80.0
58.0
23.0
4.0
-15.0
-18.0
-17.0
-11.0
-33.0
-44.0
-37.0
-14.0
-11.0
-32.0
-61.0
-60.0
-48.0
-33.0
-7.0
-1.0
-35.0
-27.0
-12.0
-30.0
-19.0
-13.0
-33.0
-37.0
-61.0
-69.0
-47.0
-20.0
-9.0
-9.0
-10.0
-5.0
24.0
13.0
-10.0
-17.0
-46.0
-50.0
-35.0
-23.0
-21.0
10.0
2.0
1.0
10.0
10.0
1.0
4.0
-7.0
17.0
29.0
8.0
5.0
12.0
8.0
17.0
25.0
21.0
26.0
6.0
3.0
-5.0
21.0
-6.0
-31.0
-15.0
-34.0
-15.0
15.0
21.0
8.0
8.0
-4.0
1.0
-10.0
-15.0
14.0
12.0
13.0
12.0
-2.0
-7.0
-26.0
-33.0
-2.0
10.0
4.0
1.0
-24.0
-29.0
-9.0
5.0
30.0
42.0
34.0
26.0
-5.0
1.0
-22.0
-21.0
3.0
10.0
1.0
21.0
7.0
5.0
-14.0
-9.0
-25.0
-62.0
-53.0
-26.0
-68.0
-56.0
-50.0
-56.0
-48.0
-32.0
-5.0
18.0
15.0
-24.0
-58.0
-74.0
-62.0
-61.0
-55.0
-53.0
-45.0
-30.0
-16.0
-13.0
-33.0
-34.0
-27.0
-22.0
-27.0
-24.0
-49.0
-72.0
-73.0
-48.0
-57.0
-66.0
-46.0
-51.0
-58.0
-43.0
-51.0
-63.0
-45.0
-10.0
-37.0
-11.0
-50.0
-62.0
-45.0
-54.0
-24.0
-31.0
-11.0
1.0
24.0
-1.0
-18.0
-8.0
-24.0
0.0
14.0
29.0
32.0
7.0
-13.0
-23.0
-5.0
-42.0
-39.0
3.0
6.0
17.0
9.0
-12.0
-30.0
-7.0
22.0
13.0
-5.0
0.0
-30.0
-31.0
-14.0
-25.0
-17.0
-14.0
-26.0
-1.0
-19.0
-18.0
2.0
-8.0
-19.0
-15.0
-2.0
-2.0
-2.0
24.0
22.0
11.0
24.0
18.0
8.0
17.0
2.0
-21.0
-27.0
-27.0
-18.0
-28.0
-22.0
-15.0
-9.0
5.0
10.0
16.0
22.0
1.0
-9.0
-12.0
-15.0
1.0
1.0
-23.0
-44.0
-56.0
-16.0
-1.0
0.0
-16.0
-27.0
-57.0
-40.0
-18.0
-30.0
-33.0
-43.0
-32.0
-16.0
-2.0
22.0
18.0
17.0
22.0
34.0
8.0
9.0
-3.0
-23.0
-26.0
-22.0
-21.0
-6.0
-21.0
-2.0
19.0
51.0
70.0
40.0
54.0
52.0
54.0
53.0
37.0
46.0
61.0
10.0
-36.0
-61.0
-29.0
31.0
45.0
13.0
44.0
62.0
46.0
59.0
56.0
36.0
37.0
6.0
22.0
32.0
6.0
-5.0
-12.0
15.0
4.0
20.0
61.0
63.0
63.0
72.0
65.0
64.0
36.0
2.0
-11.0
-45.0
-68.0
-76.0
-72.0
-81.0
-49.0
-5.0
56.0
108.0
140.0
157.0
115.0
86.0
68.0
65.0
60.0
54.0
6.0
-3.0
-40.0
-84.0
-89.0
-56.0
-23.0
1.0
54.0
96.0
97.0
103.0
83.0
59.0
48.0
10.0
-17.0
-55.0
-69.0
-51.0
-28.0
-21.0
11.0
41.0
60.0
84.0
101.0
135.0
143.0
114.0
81.0
56.0
27.0
-22.0
-43.0
-51.0
-61.0
-53.0
-31.0
1.0
16.0
60.0
37.0
63.0
108.0
78.0
36.0
7.0
-22.0
-12.0
-16.0
-27.0
-51.0
-80.0
-72.0
-41.0
8.0
49.0
97.0
167.0
151.0
97.0
41.0
3.0
-34.0
-41.0
-44.0
-52.0
-37.0
-49.0
-47.0
-13.0
29.0
39.0
44.0
47.0
62.0
89.0
92.0
90.0
77.0
56.0
20.0
-38.0
-55.0
-51.0
-34.0
-25.0
16.0
64.0
46.0
45.0
52.0
49.0
42.0
13.0
-8.0
-8.0
-38.0
-51.0
-56.0
-77.0
-37.0
7.0
17.0
46.0
84.0
106.0
130.0
101.0
104.0
106.0
119.0
110.0
56.0
10.0
-22.0
-52.0
-30.0
-10.0
-16.0
-18.0
-15.0
24.0
78.0
100.0
95.0
92.0
87.0
80.0
42.0
17.0
9.0
6.0
12.0
23.0
11.0
11.0
30.0
40.0
51.0
51.0
71.0
97.0
103.0
56.0
32.0
16.0
-6.0
-41.0
-26.0
-10.0
8.0
52.0
114.0
155.0
174.0
176.0
111.0
70.0
22.0
-17.0
-40.0
-41.0
-40.0
-29.0
-19.0
-11.0
1.0
26.0
74.0
108.0
129.0
150.0
138.0
109.0
96.0
79.0
68.0
58.0
34.0
24.0
9.0
-21.0
-35.0
-73.0
-51.0
27.0
84.0
114.0
126.0
134.0
143.0
122.0
87.0
72.0
60.0
42.0
37.0
42.0
6.0
-12.0
-10.0
-9.0
-1.0
33.0
56.0
38.0
49.0
83.0
89.0
71.0
47.0
20.0
3.0
-4.0
-37.0
-29.0
-42.0
-40.0
8.0
25.0
61.0
86.0
91.0
62.0
65.0
81.0
68.0
60.0
33.0
3.0
-15.0
-25.0
-21.0
-21.0
11.0
41.0
42.0
90.0
64.0
65.0
8.0
-18.0
-22.0
-40.0
-17.0
0.0
40.0
63.0
60.0
64.0
82.0
89.0
103.0
40.0
-8.0
-19.0
-37.0
-24.0
15.0
56.0
68.0
41.0
30.0
43.0
41.0
39.0
26.0
-5.0
-31.0
-54.0
-71.0
-77.0
-106.0
-135.0
-118.0
-102.0
-59.0
-22.0
-7.0
45.0
83.0
70.0
84.0
71.0
67.0
77.0
57.0
13.0
-5.0
8.0
12.0
28.0
31.0
56.0
62.0
45.0
59.0
69.0
43.0
8.0
-17.0
-23.0
6.0
21.0
10.0
1.0
-20.0
-35.0
-43.0
-52.0
-33.0
0.0
17.0
27.0
39.0
30.0
31.0
10.0
-10.0
-10.0
18.0
30.0
-14.0
-49.0
-72.0
-93.0
-77.0
-70.0
-37.0
0.0
-16.0
-58.0
-88.0
-108.0
-125.0
-120.0
-115.0
-103.0
-101.0
-94.0
-44.0
-4.0
-13.0
-19.0
-32.0
-22.0
21.0
29.0
17.0
36.0
31.0
48.0
65.0
68.0
80.0
71.0
55.0
40.0
17.0
-2.0
-7.0
10.0
9.0
7.0
19.0
48.0
61.0
55.0
28.0
10.0
-10.0
-18.0
-33.0
-35.0
-58.0
-46.0
-50.0
-48.0
-34.0
-23.0
-20.0
-16.0
-23.0
-30.0
-23.0
-50.0
-70.0
-76.0
-81.0
-82.0
-53.0
-45.0
-59.0
-74.0
-55.0
-62.0
-51.0
-44.0
-61.0
-99.0
-69.0
-53.0
-46.0
-29.0
-29.0
-59.0
-39.0
-27.0
-20.0
-25.0
-58.0
-69.0
-74.0
-71.0
-75.0
-40.0
-12.0
-15.0
-23.0
-25.0
-23.0
-5.0
10.0
7.0
-16.0
-41.0
-61.0
-67.0
-83.0
-80.0
-71.0
-71.0
-74.0
-88.0
-84.0
-68.0
-69.0
-69.0
-84.0
-68.0
-55.0
-37.0
-24.0
-18.0
-44.0
-73.0
-61.0
-52.0
-70.0
-72.0
-80.0
-64.0
-45.0
-14.0
14.0
19.0
27.0
33.0
34.0
11.0
-25.0
-64.0
-89.0
-99.0
-121.0
-138.0
-136.0
-122.0
-89.0
-90.0
-77.0
-51.0
-31.0
-13.0
3.0
-5.0
3.0
19.0
-6.0
-27.0
-49.0
-52.0
-57.0
-60.0
-26.0
-18.0
-32.0
-29.0
-47.0
-49.0
-46.0
-67.0
-45.0
-29.0
-38.0
-16.0
2.0
-3.0
-11.0
-14.0
-27.0
-24.0
-48.0
-42.0
-35.0
-44.0
-43.0
-46.0
-25.0
-14.0
-33.0
-23.0
-32.0
-41.0
-30.0
-22.0
-31.0
-26.0
-34.0
-50.0
-45.0
-34.0
-19.0
5.0
12.0
-1.0
-2.0
5.0
8.0
11.0
17.0
-3.0
-17.0
-18.0
-13.0
-15.0
-8.0
-12.0
-33.0
-42.0
-24.0
-10.0
-16.0
-27.0
-31.0
-63.0
-77.0
-73.0
-67.0
-65.0
-62.0
-63.0
-54.0
-61.0
-54.0
-45.0
-36.0
-30.0
-20.0
-17.0
-36.0
-14.0
0.0
-20.0
-16.0
-7.0
-29.0
-35.0
-50.0
-51.0
-61.0
-46.0
-32.0
-10.0
9.0
22.0
-8.0
-12.0
2.0
6.0
1.0
-36.0
-36.0
-34.0
-53.0
-18.0
-5.0
-27.0
0.0
4.0
-25.0
-36.0
-39.0
-31.0
-4.0
7.0
20.0
-2.0
-29.0
-34.0
-40.0
-34.0
-32.0
-48.0
-49.0
-54.0
-54.0
-22.0
-4.0
-35.0
-17.0
-20.0
-32.0
-32.0
-29.0
-33.0
-44.0
-51.0
-25.0
-3.0
-6.0
-8.0
-11.0
-8.0
-5.0
-6.0
1.0
-34.0
-30.0
-4.0
4.0
-7.0
-37.0
-47.0
-39.0
-33.0
-11.0
-1.0
-14.0
-26.0
-17.0
-33.0
-39.0
-36.0
-22.0
-18.0
-18.0
-2.0
15.0
32.0
43.0
53.0
45.0
3.0
5.0
23.0
5.0
2.0
27.0
21.0
20.0
16.0
22.0
29.0
37.0
63.0
68.0
27.0
9.0
41.0
54.0
51.0
48.0
12.0
1.0
-11.0
-34.0
-42.0
-6.0
34.0
16.0
14.0
36.0
28.0
20.0
11.0
10.0
-4.0
-23.0
-19.0
-6.0
5.0
33.0
27.0
15.0
30.0
33.0
23.0
24.0
13.0
10.0
24.0
7.0
14.0
32.0
35.0
17.0
10.0
15.0
48.0
91.0
103.0
87.0
59.0
69.0
48.0
48.0
56.0
29.0
32.0
36.0
14.0
27.0
31.0
29.0
27.0
16.0
18.0
21.0
29.0
42.0
59.0
81.0
105.0
98.0
81.0
48.0
20.0
26.0
46.0
61.0
56.0
39.0
23.0
10.0
-1.0
-24.0
-5.0
8.0
22.0
35.0
34.0
14.0
18.0
35.0
18.0
16.0
30.0
36.0
44.0
50.0
48.0
53.0
27.0
23.0
29.0
51.0
63.0
61.0
58.0
39.0
18.0
31.0
39.0
47.0
49.0
34.0
4.0
1.0
21.0
23.0
58.0
70.0
70.0
75.0
63.0
33.0
15.0
29.0
15.0
0.0
-3.0
3.0
14.0
14.0
9.0
-8.0
-15.0
7.0
1.0
-18.0
-22.0
-23.0
-57.0
-41.0
-15.0
-5.0
14.0
25.0
47.0
54.0
45.0
46.0
36.0
24.0
17.0
-11.0
-6.0
-14.0
-4.0
0.0
-2.0
-8.0
-13.0
-14.0
4.0
41.0
35.0
20.0
7.0
12.0
-1.0
7.0
8.0
-5.0
-2.0
10.0
4.0
-18.0
10.0
39.0
37.0
58.0
83.0
70.0
42.0
7.0
-6.0
23.0
28.0
34.0
44.0
30.0
-1.0
13.0
22.0
14.0
17.0
45.0
36.0
1.0
-23.0
-22.0
-5.0
6.0
13.0
15.0
-10.0
-33.0
-45.0
-32.0
-11.0
-3.0
1.0
11.0
10.0
-7.0
-40.0
-34.0
-18.0
-14.0
-17.0
-4.0
21.0
33.0
31.0
23.0
16.0
-10.0
-31.0
-6.0
-1.0
1.0
12.0
-1.0
-4.0
-50.0
-63.0
-42.0
-34.0
-21.0
-24.0
-2.0
-5.0
-21.0
-29.0
-6.0
-2.0
14.0
22.0
35.0
41.0
33.0
24.0
31.0
5.0
-16.0
-24.0
-23.0
2.0
14.0
16.0
27.0
61.0
56.0
37.0
10.0
-1.0
-9.0
-1.0
4.0
11.0
20.0
7.0
-44.0
-65.0
-22.0
2.0
14.0
27.0
40.0
30.0
10.0
-27.0
-51.0
-60.0
-56.0
-24.0
-29.0
-2.0
16.0
16.0
43.0
44.0
28.0
27.0
22.0
-1.0
-8.0
-2.0
19.0
20.0
18.0
20.0
7.0
0.0
2.0
13.0
20.0
61.0
106.0
108.0
98.0
78.0
48.0
33.0
-3.0
-80.0
-158.0
-195.0
-203.0
-184.0
-169.0
-136.0
-114.0
-72.0
-15.0
26.0
54.0
83.0
24.0
-49.0
-54.0
-37.0
-30.0
-18.0
-9.0
-2.0
17.0
23.0
53.0
91.0
114.0
143.0
142.0
152.0
144.0
103.0
63.0
34.0
1.0
-19.0
-36.0
-70.0
-69.0
-37.0
2.0
37.0
62.0
38.0
23.0
11.0
-1.0
5.0
-27.0
-25.0
-45.0
-57.0
-43.0
-38.0
-45.0
-60.0
-42.0
-5.0
61.0
89.0
80.0
29.0
-24.0
-86.0
-115.0
-116.0
-78.0
-72.0
-83.0
-91.0
-96.0
-74.0
-55.0
-22.0
-1.0
13.0
-4.0
-33.0
-58.0
-73.0
-111.0
-124.0
-100.0
-95.0
-78.0
-41.0
-5.0
14.0
-1.0
-16.0
-41.0
-53.0
-51.0
-82.0
-99.0
-114.0
-110.0
-98.0
-91.0
-69.0
-36.0
-40.0
-49.0
-49.0
-51.0
-52.0
-32.0
-43.0
-61.0
-99.0
-103.0
-86.0
-75.0
-73.0
-89.0
-50.0
-5.0
37.0
64.0
67.0
56.0
45.0
4.0
-31.0
-56.0
-100.0
-126.0
-125.0
-137.0
-145.0
-134.0
-92.0
-65.0
-41.0
-51.0
-52.0
-38.0
-22.0
-16.0
-21.0
-39.0
-47.0
-42.0
-39.0
-62.0
-67.0
-57.0
-45.0
-32.0
-24.0
-15.0
3.0
-11.0
-32.0
-35.0
-41.0
-21.0
-31.0
-65.0
-70.0
-61.0
-62.0
-47.0
-45.0
-19.0
5.0
10.0
-3.0
-23.0
-27.0
-44.0
-63.0
-41.0
-20.0
-44.0
-46.0
-59.0
-82.0
-80.0
-100.0
-70.0
-35.0
16.0
55.0
59.0
48.0
14.0
0.0
26.0
25.0
11.0
21.0
31.0
18.0
-2.0
-39.0
-37.0
-18.0
-14.0
3.0
18.0
24.0
37.0
34.0
26.0
9.0
-9.0
-9.0
-20.0
-31.0
-51.0
-55.0
-20.0
-16.0
-9.0
10.0
22.0
25.0
27.0
28.0
43.0
20.0
-5.0
-10.0
-34.0
-45.0
-35.0
-22.0
-32.0
-40.0
-41.0
-1.0
20.0
17.0
22.0
8.0
8.0
-16.0
16.0
37.0
26.0
37.0
26.0
17.0
20.0
29.0
43.0
60.0
54.0
65.0
101.0
73.0
36.0
24.0
25.0
30.0
38.0
22.0
-16.0
-30.0
-17.0
7.0
58.0
95.0
78.0
66.0
51.0
25.0
21.0
20.0
32.0
22.0
-2.0
-20.0
-5.0
-25.0
-21.0
1.0
20.0
41.0
75.0
107.0
97.0
83.0
64.0
61.0
34.0
35.0
17.0
13.0
24.0
31.0
41.0
61.0
66.0
68.0
71.0
92.0
123.0
131.0
121.0
97.0
57.0
34.0
24.0
14.0
12.0
-10.0
-41.0
-42.0
-36.0
-25.0
-3.0
7.0
31.0
20.0
31.0
36.0
58.0
74.0
54.0
59.0
64.0
24.0
23.0
22.0
-23.0
-23.0
-43.0
-48.0
-17.0
14.0
23.0
31.0
68.0
90.0
92.0
97.0
87.0
67.0
56.0
38.0
32.0
9.0
31.0
49.0
48.0
33.0
15.0
-8.0
-12.0
3.0
-3.0
21.0
31.0
37.0
34.0
43.0
52.0
43.0
7.0
3.0
26.0
33.0
36.0
31.0
6.0
0.0
-13.0
-21.0
-10.0
-4.0
31.0
45.0
40.0
50.0
33.0
43.0
67.0
50.0
48.0
42.0
42.0
31.0
3.0
-16.0
-13.0
-21.0
-15.0
-16.0
-27.0
-17.0
-26.0
-33.0
6.0
11.0
14.0
14.0
13.0
16.0
-1.0
11.0
16.0
1.0
-6.0
-5.0
-17.0
-15.0
-10.0
24.0
54.0
73.0
67.0
62.0
40.0
15.0
12.0
28.0
25.0
12.0
22.0
27.0
53.0
58.0
54.0
73.0
56.0
35.0
27.0
30.0
37.0
27.0
2.0
-7.0
-26.0
-29.0
-36.0
-30.0
-21.0
-13.0
-4.0
-23.0
-15.0
-12.0
-2.0
6.0
10.0
39.0
27.0
11.0
36.0
45.0
40.0
14.0
1.0
1.0
-18.0
-7.0
-23.0
-6.0
30.0
26.0
68.0
77.0
64.0
69.0
68.0
30.0
32.0
14.0
15.0
22.0
-1.0
-6.0
16.0
23.0
14.0
27.0
37.0
45.0
56.0
50.0
49.0
28.0
33.0
42.0
60.0
72.0
74.0
56.0
46.0
48.0
32.0
36.0
58.0
38.0
26.0
37.0
58.0
52.0
53.0
25.0
18.0
43.0
37.0
26.0
7.0
-24.0
-8.0
-11.0
-19.0
-6.0
-3.0
-5.0
-1.0
14.0
33.0
51.0
66.0
85.0
69.0
40.0
15.0
1.0
32.0
42.0
64.0
88.0
90.0
77.0
58.0
34.0
8.0
-30.0
-43.0
-30.0
-20.0
-21.0
-18.0
-7.0
23.0
1.0
-2.0
4.0
-7.0
-29.0
-35.0
-67.0
-63.0
-44.0
-36.0
-44.0
-34.0
-56.0
-68.0
-71.0
-95.0
-84.0
-88.0
-92.0
-61.0
-42.0
-34.0
-13.0
-6.0
5.0
8.0
7.0
-7.0
-17.0
-46.0
-56.0
-66.0
-91.0
-82.0
-55.0
-45.0
-6.0
11.0
-25.0
-17.0
-11.0
-7.0
-6.0
-12.0
15.0
32.0
60.0
71.0
97.0
84.0
48.0
15.0
3.0
-10.0
-29.0
-43.0
-57.0
-39.0
-25.0
-18.0
11.0
16.0
8.0
14.0
12.0
5.0
0.0
8.0
-11.0
-40.0
-54.0
-74.0
-81.0
-64.0
-43.0
-30.0
-11.0
-3.0
-5.0
20.0
15.0
-10.0
-11.0
-30.0
-46.0
-41.0
-45.0
-56.0
-48.0
-37.0
-28.0
-15.0
5.0
26.0
16.0
18.0
16.0
16.0
10.0
-12.0
-28.0
-54.0
-71.0
-68.0
-73.0
-81.0
-60.0
-55.0
-56.0
-21.0
-10.0
-13.0
-8.0
-36.0
-38.0
-29.0
-24.0
-29.0
-46.0
-27.0
2.0
23.0
26.0
20.0
5.0
17.0
14.0
18.0
31.0
11.0
8.0
-10.0
-15.0
-31.0
-31.0
-18.0
-14.0
4.0
36.0
27.0
37.0
58.0
34.0
10.0
25.0
11.0
6.0
16.0
14.0
-3.0
0.0
13.0
2.0
4.0
14.0
31.0
44.0
44.0
46.0
49.0
54.0
79.0
71.0
45.0
2.0
4.0
25.0
60.0
64.0
60.0
73.0
55.0
34.0
39.0
53.0
74.0
76.0
58.0
52.0
39.0
21.0
12.0
13.0
23.0
17.0
26.0
34.0
56.0
87.0
82.0
60.0
58.0
53.0
35.0
20.0
-6.0
-3.0
-14.0
-44.0
-45.0
-33.0
-41.0
-39.0
-32.0
-9.0
7.0
-9.0
-29.0
-22.0
-26.0
-25.0
-41.0
-59.0
-68.0
-73.0
-63.0
-49.0
-33.0
-33.0
-24.0
-17.0
-16.0
-10.0
-1.0
-1.0
1.0
-9.0
-14.0
-25.0
-18.0
-10.0
-11.0
-18.0
3.0
25.0
22.0
38.0
26.0
7.0
19.0
43.0
56.0
65.0
65.0
58.0
16.0
-5.0
5.0
8.0
15.0
53.0
54.0
48.0
61.0
45.0
16.0
10.0
8.0
25.0
44.0
49.0
49.0
22.0
-3.0
-40.0
-52.0
-45.0
-29.0
11.0
37.0
37.0
50.0
53.0
45.0
50.0
48.0
37.0
41.0
18.0
11.0
18.0
-2.0
-7.0
-11.0
-20.0
5.0
24.0
31.0
52.0
42.0
25.0
3.0
-13.0
-20.0
-4.0
-13.0
-25.0
-27.0
-31.0
-17.0
-1.0
4.0
14.0
14.0
17.0
27.0
15.0
14.0
21.0
5.0
-7.0
4.0
3.0
-7.0
-18.0
-46.0
-36.0
-20.0
18.0
24.0
21.0
10.0
-1.0
-5.0
-18.0
-32.0
-18.0
-12.0
-33.0
-50.0
-56.0
-61.0
-70.0
-71.0
-68.0
-85.0
-80.0
-60.0
-27.0
-3.0
-7.0
6.0
2.0
-4.0
-5.0
-4.0
-19.0
-31.0
-21.0
-20.0
-12.0
-7.0
-26.0
-26.0
-3.0
-30.0
-41.0
-31.0
-35.0
-24.0
-22.0
-25.0
-21.0
-17.0
-9.0
-8.0
-8.0
-6.0
-16.0
5.0
30.0
6.0
12.0
21.0
12.0
13.0
8.0
9.0
5.0
-34.0
-8.0
21.0
2.0
15.0
10.0
14.0
33.0
41.0
59.0
78.0
58.0
35.0
41.0
39.0
22.0
25.0
27.0
36.0
59.0
90.0
90.0
80.0
96.0
93.0
93.0
114.0
121.0
135.0
119.0
125.0
119.0
73.0
79.0
80.0
90.0
109.0
110.0
97.0
54.0
32.0
24.0
17.0
42.0
46.0
45.0
55.0
46.0
23.0
7.0
-9.0
-24.0
-33.0
-34.0
-43.0
-34.0
-29.0
-30.0
-16.0
-25.0
-23.0
-8.0
-22.0
-18.0
-4.0
-4.0
1.0
-12.0
-25.0
-31.0
-30.0
-21.0
-26.0
-32.0
-32.0
-53.0
-55.0
-40.0
-29.0
-23.0
-27.0
-18.0
-19.0
-24.0
-8.0
3.0
-6.0
2.0
8.0
4.0
25.0
49.0
49.0
50.0
54.0
59.0
42.0
-2.0
12.0
1.0
-39.0
-34.0
-12.0
-6.0
-29.0
-33.0
-46.0
-54.0
-37.0
-42.0
-49.0
-30.0
-30.0
-37.0
-39.0
-33.0
-11.0
-17.0
-53.0
-62.0
-50.0
-53.0
-50.0
-38.0
-64.0
-79.0
-71.0
-68.0
-66.0
-74.0
-75.0
-72.0
-71.0
-58.0
-72.0
-49.0
-39.0
-43.0
-60.0
-57.0
-51.0
-80.0
-82.0
-69.0
-78.0
-70.0
-53.0
-32.0
-32.0
-23.0
2.0
19.0
6.0
-8.0
-22.0
-13.0
6.0
-5.0
2.0
16.0
9.0
-4.0
-6.0
13.0
8.0
10.0
-7.0
-12.0
-22.0
-47.0
-44.0
-52.0
-52.0
-33.0
-25.0
-22.0
-44.0
-35.0
-20.0
-39.0
-35.0
-12.0
-9.0
-17.0
-7.0
44.0
77.0
51.0
12.0
-14.0
-7.0
-10.0
3.0
31.0
21.0
13.0
1.0
-17.0
-8.0
17.0
36.0
16.0
-1.0
9.0
48.0
43.0
8.0
-14.0
4.0
26.0
32.0
15.0
-11.0
-10.0
8.0
2.0
-7.0
-16.0
10.0
49.0
89.0
76.0
50.0
35.0
31.0
53.0
59.0
36.0
20.0
19.0
5.0
-6.0
-2.0
11.0
12.0
15.0
28.0
13.0
17.0
13.0
16.0
15.0
14.0
-6.0
-4.0
7.0
13.0
18.0
2.0
-8.0
8.0
5.0
-18.0
-32.0
-38.0
-14.0
-23.0
-27.0
-27.0
-8.0
-24.0
-16.0
-17.0
-29.0
-34.0
-28.0
-13.0
-5.0
-20.0
-41.0
-34.0
-43.0
-59.0
-41.0
-16.0
-38.0
-55.0
-48.0
-21.0
-20.0
-1.0
-5.0
-41.0
-59.0
-46.0
-34.0
-45.0
-35.0
-32.0
-32.0
-23.0
-13.0
1.0
-3.0
13.0
27.0
38.0
29.0
8.0
-37.0
-28.0
-15.0
-7.0
22.0
35.0
21.0
10.0
30.0
44.0
51.0
57.0
60.0
36.0
11.0
-12.0
-26.0
-3.0
-10.0
-22.0
-2.0
11.0
34.0
44.0
15.0
30.0
37.0
42.0
77.0
75.0
60.0
-9.0
-20.0
16.0
36.0
52.0
75.0
82.0
71.0
50.0
7.0
14.0
4.0
-18.0
-16.0
-34.0
-24.0
-49.0
-73.0
-53.0
-44.0
-57.0
-48.0
-44.0
-27.0
-25.0
-32.0
-42.0
-46.0
-38.0
-32.0
-46.0
-53.0
-61.0
-48.0
-26.0
-25.0
-17.0
5.0
1.0
-11.0
-32.0
-35.0
-30.0
-25.0
-22.0
-26.0
-36.0
-45.0
-50.0
-50.0
-27.0
-12.0
-10.0
-2.0
3.0
-8.0
-1.0
-18.0
-42.0
-46.0
-35.0
5.0
8.0
15.0
15.0
-23.0
-27.0
-31.0
-52.0
-44.0
-42.0
-38.0
-55.0
-68.0
-54.0
-44.0
-25.0
-23.0
-24.0
-19.0
-21.0
-42.0
-22.0
-6.0
-12.0
7.0
25.0
43.0
45.0
32.0
23.0
8.0
8.0
-6.0
-28.0
-18.0
-13.0
-24.0
-47.0
-63.0
-54.0
-29.0
-30.0
-32.0
-25.0
-26.0
-3.0
22.0
25.0
15.0
-2.0
14.0
20.0
8.0
30.0
28.0
1.0
3.0
-8.0
-13.0
13.0
26.0
32.0
29.0
15.0
36.0
45.0
40.0
29.0
11.0
6.0
6.0
-2.0
-10.0
-1.0
-7.0
-5.0
-9.0
1.0
11.0
14.0
28.0
31.0
12.0
5.0
-8.0
-4.0
-19.0
-35.0
-31.0
-27.0
-44.0
-42.0
-45.0
-38.0
21.0
74.0
104.0
91.0
67.0
48.0
29.0
32.0
40.0
13.0
6.0
-5.0
-29.0
-31.0
-62.0
-79.0
-42.0
-22.0
-12.0
1.0
15.0
54.0
52.0
51.0
50.0
46.0
45.0
14.0
9.0
-2.0
-33.0
-27.0
-31.0
-21.0
-21.0
-17.0
-4.0
-23.0
-17.0
2.0
40.0
59.0
68.0
42.0
21.0
12.0
0.0
21.0
20.0
14.0
21.0
26.0
25.0
22.0
25.0
30.0
24.0
26.0
39.0
24.0
18.0
5.0
-23.0
-26.0
-20.0
-16.0
-13.0
-28.0
-16.0
1.0
2.0
6.0
1.0
-4.0
2.0
-7.0
-16.0
-13.0
-19.0
-3.0
-14.0
-13.0
-1.0
6.0
7.0
6.0
14.0
9.0
-10.0
12.0
12.0
1.0
-4.0
-16.0
-33.0
-27.0
-37.0
-40.0
-37.0
-31.0
-8.0
12.0
25.0
36.0
35.0
39.0
33.0
9.0
1.0
3.0
-9.0
-21.0
-31.0
-31.0
10.0
38.0
44.0
37.0
27.0
38.0
25.0
22.0
18.0
4.0
-4.0
-21.0
-23.0
-16.0
-11.0
8.0
23.0
27.0
4.0
0.0
-7.0
-16.0
-5.0
-29.0
-19.0
-31.0
-68.0
-87.0
-97.0
-96.0
-82.0
-71.0
-54.0
-67.0
-36.0
-26.0
-40.0
-30.0
-44.0
-46.0
-45.0
-40.0
-41.0
-38.0
-8.0
7.0
5.0
-5.0
21.0
31.0
24.0
15.0
46.0
14.0
-11.0
7.0
-18.0
7.0
1.0
-26.0
-23.0
-21.0
-39.0
-58.0
-59.0
-59.0
-44.0
-43.0
-46.0
-36.0
-14.0
-27.0
5.0
-5.0
-2.0
32.0
25.0
15.0
37.0
32.0
10.0
26.0
43.0
41.0
12.0
-11.0
-27.0
-33.0
-37.0
-35.0
-33.0
-21.0
-22.0
-25.0
-8.0
21.0
26.0
34.0
26.0
7.0
-7.0
13.0
15.0
1.0
14.0
16.0
8.0
25.0
27.0
42.0
70.0
74.0
76.0
66.0
60.0
24.0
-13.0
-10.0
1.0
1.0
-18.0
-42.0
-41.0
-29.0
-13.0
-9.0
-25.0
-26.0
-16.0
-16.0
-23.0
-48.0
-56.0
-56.0
-57.0
-57.0
-48.0
-36.0
-3.0
2.0
4.0
28.0
36.0
32.0
36.0
31.0
-8.0
-16.0
-26.0
-37.0
-59.0
-71.0
-61.0
-64.0
-56.0
-49.0
-46.0
-47.0
-89.0
-99.0
-69.0
-69.0
-78.0
-75.0
-96.0
-101.0
-117.0
-112.0
-99.0
-99.0
-97.0
-69.0
-63.0
-51.0
-45.0
-42.0
-50.0
-22.0
8.0
8.0
-8.0
8.0
15.0
33.0
52.0
76.0
90.0
77.0
64.0
44.0
27.0
11.0
-5.0
-3.0
0.0
12.0
-1.0
5.0
-6.0
-33.0
-55.0
-44.0
-27.0
-23.0
-12.0
-13.0
-31.0
-24.0
-18.0
-34.0
-46.0
-41.0
-38.0
-31.0
-31.0
-44.0
-59.0
-69.0
-65.0
-64.0
-47.0
-35.0
-51.0
-61.0
-55.0
-52.0
-22.0
-26.0
-40.0
-32.0
-33.0
-59.0
-82.0
-100.0
-89.0
-73.0
-63.0
-39.0
-19.0
-24.0
-29.0
-31.0
-23.0
-7.0
-1.0
-2.0
-26.0
-27.0
-32.0
-34.0
-24.0
-22.0
-9.0
0.0
4.0
14.0
15.0
-7.0
-6.0
-5.0
-7.0
-5.0
-4.0
0.0
4.0
12.0
25.0
28.0
23.0
35.0
37.0
13.0
1.0
6.0
7.0
-6.0
-24.0
-9.0
-9.0
-14.0
-22.0
-22.0
12.0
17.0
11.0
11.0
12.0
0.0
-11.0
-25.0
-41.0
-34.0
-41.0
-60.0
-82.0
-80.0
-77.0
-75.0
-65.0
-69.0
-80.0
-73.0
-67.0
-59.0
-29.0
-22.0
-10.0
12.0
27.0
30.0
33.0
42.0
39.0
20.0
20.0
27.0
12.0
11.0
8.0
10.0
12.0
-14.0
-21.0
-15.0
12.0
18.0
21.0
13.0
-1.0
-18.0
-26.0
-30.0
-44.0
-23.0
-23.0
-15.0
35.0
90.0
117.0
96.0
78.0
52.0
28.0
-1.0
-10.0
-13.0
-8.0
0.0
-7.0
-2.0
-6.0
16.0
22.0
21.0
8.0
3.0
4.0
5.0
3.0
-14.0
-33.0
-36.0
-27.0
-36.0
-30.0
-18.0
-14.0
-17.0
-6.0
-2.0
-13.0
-10.0
-13.0
-22.0
-28.0
-21.0
-1.0
2.0
7.0
-15.0
-24.0
-18.0
-5.0
0.0
10.0
-4.0
-14.0
-14.0
-8.0
6.0
17.0
9.0
-3.0
-5.0
-2.0
-21.0
-44.0
-46.0
-51.0
-27.0
-20.0
-13.0
-13.0
-24.0
-26.0
-22.0
-20.0
-15.0
-6.0
8.0
-5.0
4.0
3.0
-18.0
-13.0
-8.0
15.0
12.0
8.0
3.0
-24.0
-35.0
-35.0
-27.0
-9.0
-24.0
-4.0
13.0
13.0
31.0
11.0
0.0
-14.0
-29.0
-22.0
-16.0
-27.0
-30.0
-36.0
-36.0
-15.0
-25.0
-10.0
0.0
-5.0
-8.0
-36.0
-35.0
-21.0
-15.0
-18.0
-13.0
-24.0
-41.0
-47.0
-27.0
-8.0
-6.0
16.0
30.0
33.0
22.0
-8.0
-25.0
-18.0
5.0
-8.0
-12.0
-20.0
-17.0
-1.0
7.0
-3.0
-20.0
-29.0
-27.0
-15.0
-25.0
-36.0
-57.0
-44.0
-17.0
-15.0
-20.0
-8.0
-3.0
-3.0
0.0
42.0
53.0
56.0
40.0
-1.0
-31.0
-37.0
-11.0
25.0
36.0
37.0
40.0
45.0
49.0
39.0
46.0
34.0
37.0
22.0
6.0
-13.0
-6.0
10.0
-7.0
-21.0
-7.0
2.0
-2.0
11.0
24.0
7.0
13.0
25.0
5.0
-12.0
6.0
31.0
55.0
35.0
26.0
46.0
27.0
17.0
22.0
20.0
15.0
23.0
15.0
18.0
27.0
13.0
21.0
35.0
32.0
8.0
8.0
25.0
10.0
20.0
28.0
22.0
37.0
55.0
50.0
20.0
11.0
15.0
5.0
-5.0
-1.0
-3.0
-29.0
-22.0
3.0
19.0
27.0
37.0
73.0
58.0
41.0
52.0
24.0
-2.0
23.0
16.0
-4.0
12.0
-10.0
-18.0
-35.0
-18.0
-32.0
-33.0
-16.0
6.0
12.0
20.0
2.0
33.0
26.0
22.0
28.0
2.0
-8.0
22.0
29.0
53.0
17.0
22.0
42.0
46.0
19.0
18.0
16.0
5.0
-5.0
-10.0
1.0
10.0
-1.0
32.0
44.0
48.0
36.0
50.0
59.0
44.0
46.0
23.0
58.0
77.0
69.0
36.0
59.0
66.0
51.0
51.0
26.0
16.0
58.0
23.0
48.0
44.0
74.0
82.0
97.0
67.0
63.0
61.0
81.0
70.0
59.0
101.0
40.0
12.0
31.0
21.0
35.0
18.0
-6.0
10.0
-15.0
-21.0
-2.0
29.0
42.0
55.0
46.0
50.0
36.0
46.0
56.0
50.0
47.0
54.0
76.0
97.0
97.0
117.0
96.0
82.0
115.0
147.0
127.0
121.0
147.0
113.0
124.0
115.0
118.0
99.0
121.0
105.0
46.0
12.0
-7.0
-16.0
-13.0
-32.0
-29.0
-35.0
-61.0
-57.0
-52.0
-54.0
-63.0
-84.0
-83.0
-115.0
-127.0
-115.0
-117.0
-99.0
-88.0
-63.0
-56.0
-49.0
-51.0
-57.0
-69.0
-77.0
-53.0
-54.0
-76.0
-76.0
-63.0
-46.0
-41.0
-61.0
-51.0
-45.0
-33.0
-13.0
-12.0
-4.0
4.0
-7.0
6.0
23.0
21.0
4.0
-26.0
-18.0
8.0
-20.0
-17.0
-34.0
-37.0
-7.0
6.0
-7.0
-35.0
-75.0
-94.0
-112.0
-117.0
-112.0
-99.0
-59.0
-34.0
-22.0
-56.0
-137.0
-233.0
-250.0
-279.0
-233.0
-250.0
-284.0
-211.0
-190.0
-163.0
-122.0
-119.0
-150.0
-188.0
-230.0
-270.0
-339.0
-367.0
-345.0
-295.0
-233.0
-185.0
-188.0
-212.0
-218.0
-203.0
-195.0
-159.0
-140.0
-159.0
-150.0
-111.0
-93.0
-64.0
-55.0
-40.0
9.0
37.0
33.0
35.0
31.0
27.0
40.0
23.0
7.0
-5.0
-9.0
-5.0
13.0
33.0
35.0
20.0
14.0
1.0
-8.0
24.0
35.0
32.0
42.0
64.0
92.0
100.0
91.0
101.0
91.0
67.0
41.0
29.0
39.0
60.0
61.0
86.0
103.0
107.0
90.0
56.0
58.0
60.0
85.0
107.0
122.0
128.0
111.0
96.0
97.0
105.0
124.0
156.0
138.0
110.0
60.0
31.0
51.0
44.0
70.0
78.0
80.0
102.0
121.0
112.0
108.0
104.0
117.0
126.0
123.0
118.0
110.0
84.0
65.0
78.0
73.0
66.0
55.0
56.0
75.0
88.0
128.0
171.0
181.0
159.0
100.0
51.0
23.0
-15.0
2.0
21.0
17.0
33.0
42.0
54.0
68.0
104.0
144.0
173.0
181.0
188.0
161.0
119.0
82.0
47.0
18.0
3.0
-3.0
-6.0
-6.0
23.0
51.0
74.0
116.0
115.0
68.0
43.0
22.0
34.0
48.0
52.0
46.0
27.0
5.0
-12.0
-17.0
14.0
17.0
5.0
31.0
46.0
67.0
80.0
60.0
52.0
48.0
45.0
52.0
49.0
57.0
94.0
110.0
117.0
130.0
108.0
77.0
54.0
46.0
47.0
24.0
11.0
-11.0
-19.0
3.0
21.0
14.0
8.0
16.0
-18.0
-1.0
37.0
52.0
66.0
39.0
21.0
-3.0
-15.0
-11.0
-48.0
-48.0
-52.0
-61.0
-56.0
-53.0
3.0
82.0
128.0
146.0
136.0
116.0
110.0
70.0
44.0
39.0
31.0
32.0
21.0
4.0
20.0
32.0
49.0
80.0
78.0
53.0
20.0
-17.0
-42.0
-32.0
-29.0
-24.0
-34.0
-22.0
-45.0
-77.0
-72.0
-50.0
1.0
79.0
129.0
145.0
122.0
75.0
62.0
52.0
13.0
-28.0
-52.0
-47.0
-43.0
-33.0
-29.0
-54.0
-73.0
-74.0
-64.0
-41.0
-51.0
-70.0
-87.0
-100.0
-106.0
-117.0
-149.0
-124.0
-92.0
-76.0
-70.0
-84.0
-74.0
-51.0
-56.0
-35.0
-39.0
-28.0
-23.0
-34.0
-29.0
-14.0
-24.0
-3.0
34.0
42.0
50.0
59.0
69.0
58.0
63.0
85.0
88.0
56.0
47.0
32.0
43.0
61.0
52.0
74.0
100.0
99.0
92.0
75.0
57.0
39.0
67.0
92.0
95.0
77.0
51.0
25.0
9.0
12.0
11.0
34.0
32.0
50.0
76.0
65.0
84.0
77.0
44.0
76.0
81.0
80.0
68.0
44.0
44.0
58.0
74.0
133.0
174.0
173.0
111.0
21.0
-34.0
-59.0
-65.0
-38.0
-14.0
-34.0
-26.0
3.0
15.0
30.0
88.0
159.0
174.0
162.0
178.0
181.0
179.0
204.0
181.0
155.0
128.0
107.0
116.0
100.0
72.0
76.0
57.0
58.0
74.0
69.0
85.0
112.0
86.0
70.0
68.0
67.0
39.0
16.0
32.0
25.0
17.0
15.0
7.0
12.0
22.0
35.0
99.0
99.0
62.0
53.0
42.0
42.0
20.0
10.0
8.0
11.0
-8.0
3.0
7.0
23.0
32.0
13.0
17.0
13.0
9.0
-7.0
-20.0
-21.0
-50.0
-69.0
-31.0
1.0
-5.0
6.0
11.0
3.0
-18.0
-18.0
8.0
12.0
-9.0
-7.0
-11.0
-11.0
-18.0
-7.0
41.0
45.0
40.0
49.0
33.0
20.0
5.0
4.0
6.0
1.0
24.0
33.0
25.0
19.0
37.0
37.0
37.0
35.0
30.0
27.0
12.0
29.0
34.0
17.0
9.0
10.0
-8.0
2.0
18.0
22.0
27.0
27.0
19.0
0.0
-17.0
-13.0
5.0
44.0
49.0
61.0
69.0
64.0
74.0
68.0
78.0
71.0
63.0
67.0
80.0
50.0
23.0
32.0
43.0
52.0
49.0
54.0
40.0
35.0
21.0
21.0
26.0
25.0
15.0
5.0
-12.0
-27.0
-7.0
-8.0
-28.0
-32.0
-29.0
-30.0
-37.0
-41.0
-13.0
-12.0
-51.0
-29.0
-14.0
-9.0
9.0
-2.0
7.0
-8.0
-21.0
-8.0
-3.0
-18.0
-7.0
-8.0
-10.0
-10.0
-8.0
5.0
7.0
-21.0
-27.0
-29.0
-20.0
-8.0
-25.0
-46.0
-72.0
-71.0
-65.0
-60.0
-39.0
-25.0
-38.0
-43.0
-33.0
-39.0
-44.0
-48.0
-63.0
-51.0
-34.0
-24.0
-26.0
-27.0
-22.0
-23.0
-11.0
-28.0
-43.0
-14.0
-29.0
-46.0
-42.0
-30.0
-17.0
-24.0
-39.0
-35.0
-16.0
-6.0
-5.0
-12.0
-6.0
-14.0
-34.0
-17.0
-16.0
-11.0
4.0
1.0
-7.0
-2.0
-8.0
-17.0
-8.0
-11.0
-18.0
-22.0
-14.0
-3.0
-24.0
-21.0
-19.0
-33.0
-47.0
-40.0
-11.0
-25.0
-49.0
-31.0
-16.0
-25.0
-35.0
-14.0
11.0
11.0
5.0
25.0
15.0
12.0
16.0
-1.0
5.0
17.0
27.0
15.0
-6.0
-19.0
-3.0
-5.0
-13.0
-26.0
-23.0
-16.0
1.0
24.0
44.0
27.0
27.0
39.0
24.0
34.0
33.0
4.0
-39.0
-63.0
-62.0
-66.0
-68.0
-60.0
-70.0
-61.0
-52.0
-61.0
-69.0
-71.0
-60.0
-58.0
-79.0
-78.0
-58.0
-61.0
-53.0
-44.0
-76.0
-79.0
-60.0
-47.0
-45.0
-56.0
-52.0
-46.0
-21.0
11.0
-5.0
-22.0
3.0
13.0
17.0
26.0
8.0
5.0
15.0
3.0
2.0
-7.0
-10.0
3.0
20.0
25.0
3.0
-5.0
25.0
33.0
6.0
-17.0
-34.0
-40.0
-20.0
-8.0
-9.0
-40.0
-33.0
-5.0
-3.0
-23.0
-14.0
-22.0
-30.0
-22.0
-21.0
-26.0
-37.0
-25.0
-18.0
-30.0
-37.0
-34.0
-16.0
14.0
-11.0
-30.0
-11.0
17.0
2.0
-33.0
-17.0
15.0
25.0
-1.0
-44.0
-53.0
-32.0
-30.0
-2.0
5.0
-17.0
6.0
27.0
24.0
38.0
24.0
26.0
39.0
46.0
79.0
55.0
34.0
51.0
58.0
60.0
49.0
21.0
20.0
37.0
17.0
-1.0
6.0
51.0
46.0
41.0
49.0
49.0
51.0
63.0
50.0
45.0
43.0
53.0
43.0
42.0
51.0
67.0
57.0
39.0
37.0
42.0
50.0
63.0
69.0
81.0
82.0
90.0
95.0
103.0
112.0
106.0
101.0
93.0
59.0
48.0
34.0
23.0
17.0
-5.0
-24.0
-3.0
-1.0
-11.0
-1.0
5.0
23.0
31.0
52.0
48.0
20.0
30.0
24.0
2.0
-10.0
-16.0
-22.0
-33.0
-43.0
-36.0
-37.0
-42.0
-31.0
-9.0
-9.0
1.0
2.0
-27.0
-41.0
-28.0
-16.0
12.0
30.0
20.0
15.0
-12.0
-44.0
-59.0
-70.0
-76.0
-70.0
-61.0
-20.0
17.0
-7.0
12.0
53.0
51.0
50.0
12.0
-17.0
-49.0
-76.0
-67.0
-63.0
-43.0
-48.0
-46.0
-49.0
-33.0
1.0
29.0
44.0
56.0
43.0
21.0
2.0
-7.0
-22.0
-49.0
-50.0
-52.0
-39.0
-37.0
-12.0
20.0
21.0
16.0
21.0
7.0
21.0
14.0
-14.0
12.0
9.0
7.0
27.0
26.0
6.0
3.0
-18.0
-8.0
-2.0
-15.0
-8.0
-5.0
-15.0
-18.0
-17.0
12.0
0.0
2.0
10.0
1.0
3.0
1.0
-32.0
-34.0
-32.0
-49.0
-42.0
-54.0
-63.0
-74.0
-84.0
-97.0
-87.0
-90.0
-76.0
-60.0
-47.0
-40.0
-50.0
-46.0
-40.0
-45.0
-28.0
-24.0
-19.0
-7.0
21.0
29.0
49.0
46.0
35.0
42.0
33.0
15.0
-22.0
-65.0
-53.0
-30.0
-22.0
-6.0
5.0
16.0
24.0
24.0
2.0
7.0
37.0
19.0
23.0
34.0
5.0
-6.0
-2.0
-6.0
-13.0
-21.0
-22.0
-18.0
5.0
4.0
-8.0
-5.0
2.0
22.0
3.0
-3.0
-25.0
-4.0
17.0
29.0
21.0
19.0
24.0
6.0
2.0
12.0
5.0
7.0
17.0
10.0
16.0
10.0
-21.0
-36.0
-37.0
-68.0
-82.0
-87.0
-96.0
-82.0
-71.0
-67.0
-40.0
-21.0
11.0
-9.0
-28.0
-28.0
-26.0
-12.0
-1.0
-4.0
8.0
27.0
30.0
17.0
-1.0
5.0
12.0
6.0
-5.0
-15.0
-27.0
-27.0
-22.0
-11.0
12.0
22.0
11.0
7.0
28.0
39.0
20.0
12.0
37.0
39.0
31.0
21.0
7.0
-14.0
-31.0
-45.0
-54.0
-65.0
-40.0
-24.0
-49.0
-59.0
-56.0
-76.0
-95.0
-103.0
-102.0
-88.0
-49.0
-25.0
0.0
13.0
30.0
34.0
35.0
42.0
21.0
-6.0
-14.0
-9.0
11.0
17.0
18.0
20.0
6.0
1.0
-1.0
5.0
14.0
48.0
67.0
55.0
70.0
102.0
54.0
31.0
31.0
31.0
30.0
62.0
103.0
120.0
112.0
80.0
42.0
20.0
43.0
65.0
73.0
77.0
67.0
80.0
87.0
82.0
78.0
56.0
38.0
60.0
70.0
51.0
32.0
3.0
-11.0
-14.0
-19.0
-20.0
-17.0
-21.0
-33.0
-14.0
4.0
13.0
2.0
11.0
-6.0
-26.0
-34.0
-32.0
-10.0
2.0
-7.0
-3.0
-5.0
-28.0
-48.0
-64.0
-71.0
-81.0
-96.0
-105.0
-109.0
-115.0
-155.0
-192.0
-236.0
-271.0
-278.0
-271.0
-267.0
-245.0
-197.0
-184.0
-176.0
-163.0
-152.0
-155.0
-154.0
-148.0
-116.0
-95.0
-108.0
-112.0
-121.0
-83.0
-95.0
-84.0
-71.0
-59.0
-50.0
-51.0
-78.0
-93.0
-70.0
-29.0
46.0
145.0
197.0
215.0
181.0
151.0
100.0
50.0
16.0
-6.0
-10.0
1.0
25.0
74.0
109.0
129.0
167.0
202.0
234.0
266.0
280.0
279.0
257.0
225.0
195.0
188.0
203.0
229.0
240.0
241.0
209.0
191.0
195.0
175.0
188.0
174.0
157.0
135.0
100.0
67.0
51.0
30.0
22.0
6.0
-3.0
15.0
32.0
22.0
23.0
13.0
14.0
6.0
-9.0
-9.0
-16.0
-44.0
-63.0
-68.0
-48.0
-11.0
-4.0
-13.0
-12.0
3.0
25.0
36.0
35.0
6.0
-6.0
15.0
26.0
39.0
34.0
10.0
-8.0
-34.0
-37.0
-44.0
-58.0
-65.0
-62.0
-59.0
-64.0
-58.0
-46.0
-43.0
-56.0
-59.0
-62.0
-55.0
-64.0
-105.0
-159.0
-176.0
-188.0
-207.0
-200.0
-169.0
-147.0
-131.0
-93.0
-84.0
-108.0
-112.0
-118.0
-117.0
-119.0
-91.0
-84.0
-72.0
-69.0
-81.0
-103.0
-132.0
-128.0
-143.0
-137.0
-117.0
-125.0
-110.0
-108.0
-105.0
-69.0
-57.0
-63.0
-34.0
-15.0
-16.0
-14.0
-39.0
-39.0
-22.0
-16.0
-14.0
-1.0
18.0
15.0
15.0
16.0
22.0
32.0
39.0
21.0
35.0
53.0
36.0
31.0
26.0
38.0
56.0
42.0
32.0
53.0
53.0
50.0
52.0
38.0
55.0
40.0
30.0
34.0
31.0
39.0
33.0
26.0
6.0
-7.0
-23.0
-20.0
5.0
13.0
42.0
56.0
38.0
35.0
41.0
41.0
36.0
37.0
20.0
8.0
-1.0
-27.0
-33.0
-32.0
-27.0
-15.0
-18.0
-17.0
-22.0
-30.0
-24.0
-27.0
-35.0
-26.0
-34.0
-37.0
-24.0
-35.0
-36.0
-29.0
-26.0
-1.0
17.0
23.0
20.0
-17.0
-35.0
-35.0
-30.0
-17.0
-15.0
0.0
0.0
0.0
0.0
0.0
0.0
0.0
0.0
0.0
0.0
0.0
0.0
0.0
0.0
0.0
0.0
0.0
0.0
0.0
0.0
0.0
0.0
0.0
0.0
0.0
0.0
0.0
0.0
0.0
0.0
0.0
0.0
0.0
0.0
0.0
0.0
0.0
0.0
0.0
0.0
0.0
0.0
0.0
0.0
0.0
0.0
0.0
0.0
0.0
0.0
0.0
0.0
0.0
0.0
0.0
0.0
0.0
0.0
0.0
0.0
0.0
0.0
0.0
0.0
0.0
0.0
0.0
0.0
0.0
0.0
0.0
0.0
0.0
0.0
0.0
0.0
0.0
0.0
0.0
0.0
0.0
0.0
0.0
0.0
0.0
0.0
0.0
0.0
0.0
0.0
0.0
0.0
0.0
0.0
0.0
0.0
0.0
0.0
0.0
0.0
0.0
0.0
0.0
0.0
0.0
0.0
0.0
0.0
0.0
0.0
0.0
0.0
0.0
0.0
0.0
0.0
0.0
0.0
0.0
0.0
0.0
0.0
0.0
0.0
0.0
0.0
0.0
0.0
