-223.0
-76.0
-126.0
-107.0
-81.0
-134.0
-110.0
-214.0
-225.0
-76.0
-94.0
-51.0
-52.0
-129.0
-130.0
-180.0
-119.0
-71.0
-105.0
-41.0
-115.0
-209.0
-71.0
-87.0
-91.0
-83.0
-193.0
-82.0
-51.0
-173.0
-126.0
-138.0
-109.0
-45.0
-139.0
-72.0
-42.0
-157.0
-121.0
-114.0
-93.0
-89.0
-155.0
-34.0
-65.0
-202.0
-84.0
-98.0
-83.0
-49.0
-157.0
-112.0
-63.0
-123.0
-58.0
-142.0
-157.0
-32.0
-116.0
-80.0
-122.0
-154.0
-10.0
-39.0
-87.0
-36.0
-108.0
-87.0
-116.0
-149.0
10.0
-50.0
-106.0
31.0
-58.0
-105.0
-61.0
-67.0
1.0
-114.0
-119.0
-31.0
-123.0
-49.0
-30.0
-99.0
-32.0
-110.0
-87.0
-20.0
-162.0
-103.0
-40.0
-97.0
13.0
-54.0
-138.0
-37.0
-77.0
-52.0
-60.0
-177.0
-54.0
-46.0
-77.0
-34.0
-143.0
-64.0
8.0
-121.0
-76.0
-71.0
-79.0
-133.0
-214.0
-67.0
-22.0
-107.0
-8.0
-84.0
-111.0
-53.0
-126.0
-43.0
-70.0
-175.0
-84.0
-162.0
-156.0
-29.0
-107.0
-86.0
-72.0
-122.0
-91.0
-184.0
-115.0
-29.0
-123.0
-88.0
-79.0
-90.0
25.0
-69.0
-97.0
-62.0
-149.0
-71.0
-61.0
-149.0
-43.0
-103.0
-96.0
-23.0
-118.0
2.0
-13.0
-120.0
-67.0
-95.0
-89.0
-55.0
-144.0
-87.0
-36.0
-78.0
-53.0
-97.0
-60.0
4.0
-108.0
-73.0
-65.0
-106.0
24.0
-102.0
-110.0
20.0
-135.0
-88.0
-8.0
-98.0
-1.0
-51.0
-109.0
-91.0
-76.0
-29.0
-83.0
-97.0
-7.0
-88.0
-100.0
-36.0
-100.0
-18.0
-35.0
-127.0
-25.0
-34.0
-53.0
-43.0
-133.0
-67.0
-40.0
-64.0
6.0
-100.0
-120.0
-39.0
-123.0
-3.0
10.0
-106.0
-12.0
-81.0
-130.0
-3.0
-77.0
-89.0
-79.0
-100.0
-8.0
-126.0
-120.0
20.0
-65.0
-65.0
-80.0
-126.0
18.0
-54.0
-140.0
-11.0
-97.0
-71.0
-62.0
-96.0
2.0
-31.0
-57.0
-28.0
-152.0
-61.0
46.0
-75.0
-43.0
-50.0
-73.0
-51.0
-111.0
-22.0
-3.0
-114.0
-26.0
-46.0
-90.0
-18.0
-101.0
-43.0
-23.0
-83.0
12.0
-51.0
-87.0
-33.0
-96.0
-13.0
-29.0
-109.0
1.0
-17.0
-82.0
-23.0
-106.0
-69.0
-6.0
-61.0
-24.0
-98.0
-93.0
-24.0
-102.0
-21.0
-8.0
-84.0
-2.0
-77.0
-96.0
-22.0
-99.0
8.0
-11.0
-123.0
-11.0
-45.0
-94.0
-45.0
-76.0
-35.0
-60.0
-80.0
26.0
-68.0
-84.0
-1.0
-127.0
-45.0
11.0
-67.0
-6.0
-44.0
-89.0
-29.0
-116.0
-30.0
27.0
-75.0
-18.0
-118.0
-70.0
31.0
-82.0
-48.0
-70.0
-161.0
8.0
-35.0
-61.0
-3.0
-156.0
-74.0
14.0
-57.0
-23.0
-47.0
-37.0
-21.0
-97.0
-4.0
-27.0
-158.0
-25.0
-48.0
-120.0
22.0
-2.0
-27.0
-65.0
-104.0
3.0
-115.0
-104.0
30.0
-26.0
23.0
-16.0
-93.0
-43.0
-111.0
-77.0
-1.0
-86.0
-40.0
-41.0
-140.0
-7.0
-39.0
-55.0
11.0
-100.0
-78.0
-7.0
-37.0
21.0
-83.0
-107.0
-5.0
-107.0
-61.0
-52.0
-115.0
-6.0
-31.0
-95.0
-39.0
-73.0
-45.0
-47.0
-70.0
-28.0
-101.0
-79.0
5.0
-137.0
-91.0
-18.0
-79.0
-32.0
-45.0
-36.0
-22.0
-95.0
-7.0
-27.0
-133.0
-13.0
-48.0
-68.0
25.0
-68.0
-41.0
-23.0
-112.0
-29.0
-72.0
-53.0
-7.0
-129.0
-53.0
-24.0
-83.0
7.0
-110.0
-134.0
35.0
4.0
14.0
-57.0
-116.0
-11.0
-108.0
-102.0
25.0
-57.0
9.0
-19.0
-149.0
-54.0
-52.0
-12.0
27.0
-124.0
-50.0
-44.0
-95.0
39.0
-62.0
-99.0
-14.0
-78.0
-3.0
-42.0
-120.0
-18.0
-89.0
-39.0
34.0
-114.0
-35.0
-2.0
-90.0
14.0
-65.0
-79.0
19.0
-105.0
-93.0
-22.0
-61.0
-21.0
-109.0
-122.0
22.0
-43.0
-50.0
-78.0
-105.0
2.0
-76.0
-46.0
76.0
-92.0
-82.0
-21.0
-83.0
-4.0
-71.0
-121.0
-38.0
-101.0
-21.0
1.0
-96.0
-7.0
-56.0
-73.0
3.0
-103.0
-7.0
26.0
-99.0
-9.0
-51.0
-74.0
-18.0
-66.0
-8.0
-10.0
-103.0
-63.0
-66.0
-83.0
-12.0
-35.0
-10.0
-27.0
-79.0
1.0
-48.0
-67.0
24.0
-89.0
-61.0
-18.0
-99.0
-26.0
-69.0
-25.0
40.0
-66.0
-21.0
-31.0
-78.0
-19.0
-87.0
-24.0
73.0
-64.0
-51.0
-38.0
-79.0
17.0
-51.0
-38.0
29.0
-98.0
-43.0
16.0
-29.0
-8.0
-53.0
-64.0
-41.0
-86.0
-2.0
-20.0
-82.0
50.0
-35.0
-100.0
-45.0
-115.0
-46.0
13.0
-65.0
-20.0
-86.0
-119.0
10.0
-47.0
-26.0
-49.0
-67.0
16.0
-49.0
-46.0
18.0
-108.0
-69.0
-29.0
-98.0
-17.0
-49.0
-39.0
10.0
-68.0
-20.0
22.0
-27.0
27.0
-85.0
-105.0
30.0
-56.0
-36.0
-21.0
-85.0
-4.0
-81.0
-70.0
23.0
-50.0
-26.0
7.0
-103.0
-51.0
-61.0
-47.0
-11.0
-103.0
-7.0
-7.0
-120.0
-27.0
-18.0
-18.0
16.0
-72.0
-62.0
-82.0
-126.0
8.0
-39.0
-48.0
31.0
-113.0
-83.0
4.0
-54.0
20.0
-27.0
-76.0
-24.0
-114.0
-29.0
22.0
-35.0
26.0
-58.0
-69.0
14.0
-118.0
-56.0
-5.0
-92.0
-24.0
-27.0
-6.0
16.0
-64.0
6.0
-14.0
-94.0
11.0
-42.0
-48.0
25.0
-84.0
-36.0
25.0
-17.0
35.0
-49.0
-51.0
36.0
-87.0
-57.0
-12.0
-49.0
3.0
-84.0
-7.0
60.0
-130.0
-60.0
-7.0
-53.0
27.0
-80.0
-77.0
24.0
-62.0
-15.0
23.0
-38.0
-14.0
-90.0
-83.0
40.0
-41.0
-29.0
2.0
-77.0
-22.0
-56.0
-12.0
2.0
-121.0
-61.0
-34.0
-56.0
52.0
-20.0
-48.0
-8.0
-99.0
-68.0
-44.0
-29.0
93.0
-16.0
-49.0
40.0
-69.0
-61.0
-36.0
-74.0
-17.0
-75.0
-28.0
19.0
-86.0
-17.0
-4.0
-70.0
48.0
-42.0
-91.0
-6.0
-67.0
-21.0
-45.0
-101.0
55.0
-3.0
-86.0
-15.0
-60.0
-6.0
32.0
-48.0
12.0
-71.0
-91.0
31.0
-60.0
-9.0
17.0
-73.0
-17.0
-36.0
-100.0
2.0
-24.0
39.0
-25.0
-100.0
-22.0
-20.0
-25.0
26.0
-82.0
-46.0
-51.0
-96.0
35.0
-30.0
-34.0
43.0
-69.0
-47.0
6.0
-89.0
-12.0
-35.0
-50.0
15.0
-97.0
-25.0
18.0
-31.0
35.0
-75.0
-110.0
26.0
-54.0
-67.0
-20.0
-79.0
-2.0
-7.0
-16.0
47.0
-68.0
-37.0
-32.0
-98.0
4.0
-65.0
-109.0
-14.0
-60.0
11.0
7.0
-83.0
39.0
-34.0
-70.0
-12.0
-79.0
-8.0
13.0
-69.0
28.0
-26.0
-61.0
-34.0
-73.0
41.0
14.0
-69.0
59.0
-46.0
-108.0
12.0
-37.0
-9.0
22.0
-22.0
12.0
-84.0
-70.0
59.0
6.0
45.0
-23.0
-98.0
15.0
-51.0
-23.0
51.0
-70.0
-29.0
-4.0
-70.0
6.0
-63.0
-89.0
-21.0
-85.0
7.0
16.0
-110.0
8.0
3.0
-50.0
6.0
-95.0
-62.0
-98.0
-121.0
67.0
-14.0
-69.0
43.0
-13.0
-36.0
-59.0
-94.0
-20.0
-14.0
-21.0
17.0
-87.0
-56.0
6.0
-41.0
20.0
-21.0
1.0
0.0
-127.0
-13.0
37.0
-69.0
27.0
-33.0
-80.0
35.0
-20.0
-15.0
-41.0
-100.0
36.0
-3.0
-64.0
10.0
-57.0
-7.0
11.0
-67.0
-2.0
-90.0
-52.0
52.0
-68.0
-56.0
5.0
-35.0
53.0
-4.0
-84.0
-34.0
-36.0
8.0
-57.0
-99.0
51.0
0.0
-78.0
-48.0
-66.0
60.0
29.0
-112.0
27.0
-9.0
-69.0
-7.0
-71.0
-22.0
21.0
-71.0
-5.0
-23.0
-35.0
22.0
-29.0
25.0
18.0
-117.0
-43.0
-7.0
11.0
30.0
-110.0
-55.0
-6.0
-51.0
42.0
-41.0
-68.0
20.0
-82.0
-48.0
-8.0
-54.0
12.0
-23.0
-23.0
54.0
-38.0
-49.0
-31.0
-37.0
47.0
-52.0
-53.0
35.0
-93.0
-69.0
-6.0
-55.0
21.0
-5.0
-11.0
24.0
-44.0
32.0
-10.0
-146.0
-2.0
7.0
-42.0
14.0
-79.0
-47.0
-5.0
-49.0
24.0
-46.0
-48.0
18.0
-62.0
-3.0
-22.0
-100.0
8.0
-30.0
-55.0
12.0
-57.0
1.0
30.0
-56.0
-14.0
-98.0
-108.0
35.0
-58.0
-52.0
6.0
-70.0
3.0
-20.0
-32.0
45.0
-69.0
-54.0
-4.0
-98.0
7.0
-24.0
-57.0
52.0
-30.0
-14.0
-39.0
-105.0
86.0
15.0
-72.0
18.0
-76.0
-14.0
6.0
-76.0
31.0
-49.0
-39.0
75.0
-24.0
-2.0
-24.0
-87.0
49.0
-27.0
-44.0
51.0
-94.0
-30.0
27.0
-45.0
41.0
-51.0
-95.0
3.0
-63.0
37.0
41.0
-60.0
43.0
30.0
-69.0
-43.0
-76.0
-8.0
22.0
-33.0
3.0
-27.0
-27.0
4.0
-12.0
36.0
-23.0
-77.0
33.0
-13.0
-24.0
65.0
-41.0
-10.0
50.0
-8.0
35.0
-33.0
-42.0
27.0
-86.0
-24.0
43.0
-11.0
37.0
-34.0
-71.0
32.0
-69.0
-9.0
54.0
-34.0
-13.0
-8.0
-14.0
20.0
-49.0
59.0
43.0
-95.0
1.0
-16.0
2.0
123.0
-3.0
86.0
270.0
248.0
275.0
312.0
294.0
272.0
204.0
243.0
250.0
187.0
233.0
125.0
-8.0
-33.0
-86.0
-6.0
-84.0
-253.0
-237.0
-262.0
-300.0
-298.0
-288.0
-252.0
-258.0
-293.0
-266.0
-268.0
-276.0
-241.0
-272.0
-238.0
-217.0
-280.0
-246.0
-246.0
-213.0
-162.0
-261.0
-241.0
-203.0
-257.0
-171.0
-182.0
-231.0
-173.0
-220.0
-173.0
-184.0
-231.0
-146.0
-213.0
-192.0
-86.0
-196.0
-143.0
-90.0
-158.0
-97.0
-176.0
-173.0
-129.0
-208.0
-139.0
-103.0
-191.0
-83.0
-114.0
-155.0
-111.0
-201.0
-144.0
-89.0
-161.0
-79.0
-125.0
-124.0
-45.0
-150.0
-109.0
-77.0
-134.0
-66.0
-159.0
-212.0
-70.0
-89.0
-91.0
-109.0
-141.0
-52.0
-123.0
-133.0
-4.0
-111.0
-93.0
-44.0
-182.0
-120.0
-94.0
-102.0
-34.0
-98.0
-78.0
-66.0
-128.0
-79.0
-172.0
-152.0
-46.0
-161.0
-115.0
-52.0
-128.0
-69.0
-93.0
-93.0
-35.0
-149.0
-103.0
-54.0
-116.0
-52.0
-89.0
-117.0
-66.0
-157.0
-106.0
-93.0
-169.0
-48.0
-39.0
-67.0
-34.0
-103.0
-26.0
-61.0
-171.0
-37.0
-83.0
-166.0
-54.0
-69.0
-76.0
-88.0
-121.0
-37.0
-84.0
-117.0
-91.0
-148.0
-60.0
-19.0
-105.0
-56.0
-90.0
-129.0
-55.0
-100.0
-78.0
-34.0
-105.0
-54.0
-83.0
-82.0
-65.0
-172.0
-106.0
-40.0
-99.0
-23.0
-102.0
-165.0
-17.0
-37.0
-24.0
-57.0
-147.0
-35.0
-78.0
-138.0
-74.0
-90.0
-61.0
-93.0
-129.0
-22.0
-84.0
-108.0
-24.0
-157.0
-89.0
-33.0
-133.0
-44.0
-60.0
-133.0
-40.0
-86.0
-83.0
-53.0
-122.0
-59.0
-76.0
-54.0
-14.0
-142.0
-53.0
16.0
-103.0
-55.0
-121.0
-128.0
-17.0
-94.0
-44.0
-14.0
-124.0
-24.0
-53.0
-67.0
7.0
-123.0
-110.0
-41.0
-93.0
-4.0
-86.0
-122.0
-18.0
-99.0
-53.0
-40.0
-110.0
-52.0
-91.0
-64.0
42.0
-87.0
-64.0
-21.0
-109.0
-96.0
-139.0
-71.0
41.0
-94.0
-112.0
-80.0
-104.0
-41.0
-159.0
-126.0
32.0
-82.0
-77.0
-32.0
-112.0
-42.0
-65.0
-87.0
11.0
-98.0
-65.0
-29.0
-119.0
-42.0
-93.0
-137.0
-49.0
-109.0
-45.0
-52.0
-161.0
-40.0
-43.0
-88.0
-11.0
-79.0
-76.0
-46.0
-89.0
-30.0
-120.0
-91.0
27.0
-85.0
-90.0
-62.0
-114.0
-7.0
-52.0
-122.0
-68.0
-98.0
-15.0
-23.0
-106.0
-35.0
-106.0
-128.0
-40.0
-119.0
-55.0
22.0
-63.0
-48.0
-82.0
-87.0
-14.0
-125.0
-88.0
-59.0
-120.0
-6.0
-50.0
-110.0
-58.0
-132.0
-63.0
-12.0
-120.0
-45.0
-55.0
-53.0
-46.0
-140.0
-15.0
-29.0
-153.0
-58.0
-51.0
-74.0
-11.0
-107.0
-111.0
-97.0
-132.0
-6.0
-60.0
-109.0
-25.0
-56.0
2.0
-17.0
-114.0
-56.0
-80.0
-71.0
14.0
-116.0
-83.0
-9.0
-128.0
-68.0
-64.0
-54.0
-31.0
-117.0
-49.0
-75.0
-147.0
18.0
18.0
-61.0
-45.0
-129.0
-59.0
-7.0
-77.0
-32.0
-67.0
-83.0
11.0
-67.0
-53.0
-41.0
-105.0
-32.0
-93.0
-95.0
48.0
-36.0
-48.0
-43.0
-98.0
2.0
-33.0
-62.0
-4.0
-107.0
-42.0
22.0
-121.0
-64.0
-26.0
-56.0
-1.0
-83.0
-30.0
-16.0
-126.0
-40.0
-51.0
-63.0
15.0
-74.0
-65.0
-60.0
-97.0
35.0
-8.0
-75.0
-8.0
-110.0
-91.0
-26.0
-82.0
0.0
-2.0
-35.0
-15.0
-102.0
-34.0
2.0
-68.0
-16.0
-49.0
-89.0
-52.0
-66.0
17.0
-1.0
-112.0
-11.0
-35.0
-60.0
7.0
-80.0
-46.0
-39.0
-89.0
-25.0
-26.0
4.0
55.0
-91.0
-70.0
-12.0
-86.0
-26.0
-11.0
-69.0
-36.0
-66.0
-2.0
8.0
-102.0
-56.0
-111.0
-82.0
90.0
-36.0
-59.0
-13.0
-67.0
-7.0
-51.0
-42.0
25.0
-65.0
-29.0
-45.0
-114.0
-25.0
-61.0
-65.0
16.0
-81.0
-45.0
-41.0
-128.0
-23.0
-58.0
-96.0
18.0
-15.0
84.0
229.0
225.0
279.0
296.0
277.0
288.0
304.0
303.0
259.0
187.0
244.0
117.0
45.0
80.0
-55.0
-22.0
-88.0
-238.0
-176.0
-219.0
-303.0
-301.0
-288.0
-290.0
-290.0
-292.0
-295.0
-294.0
-279.0
-263.0
-287.0
-275.0
-258.0
-277.0
-244.0
-267.0
-265.0
-218.0
-268.0
-253.0
-212.0
-250.0
-191.0
-215.0
-250.0
-179.0
-233.0
-253.0
-230.0
-229.0
-125.0
-150.0
-158.0
-136.0
-226.0
-183.0
-156.0
-197.0
-97.0
-124.0
-183.0
-108.0
-171.0
-119.0
-141.0
-210.0
-56.0
-91.0
-148.0
-78.0
-148.0
-135.0
-137.0
-195.0
-58.0
-99.0
-136.0
-22.0
-129.0
-118.0
-84.0
-144.0
-52.0
-90.0
-119.0
-39.0
-117.0
-111.0
-100.0
-145.0
-38.0
-61.0
-100.0
-62.0
-155.0
-77.0
-15.0
-112.0
-45.0
-48.0
-131.0
-65.0
-112.0
-52.0
-3.0
-107.0
-48.0
-51.0
-102.0
-40.0
-104.0
-79.0
-78.0
-127.0
-25.0
-73.0
-99.0
-8.0
-86.0
-86.0
-66.0
-81.0
6.0
-74.0
-133.0
-56.0
-129.0
-73.0
-22.0
-81.0
-27.0
-87.0
-101.0
-3.0
-85.0
-59.0
-56.0
-149.0
-21.0
-29.0
-121.0
-67.0
-75.0
22.0
-20.0
-126.0
5.0
-22.0
-79.0
-49.0
-129.0
-48.0
-15.0
-133.0
-50.0
-102.0
-77.0
56.0
-71.0
-76.0
-38.0
-87.0
-3.0
-42.0
-127.0
-16.0
-74.0
-69.0
-34.0
-74.0
8.0
-45.0
-109.0
-45.0
-100.0
-71.0
5.0
-65.0
-35.0
-56.0
-59.0
11.0
-98.0
-91.0
-24.0
-113.0
-3.0
-48.0
-89.0
35.0
-45.0
-56.0
-36.0
-78.0
-3.0
-61.0
-65.0
37.0
-34.0
-53.0
-39.0
-124.0
-64.0
-64.0
-39.0
7.0
-101.0
-23.0
14.0
-82.0
-24.0
-49.0
-84.0
-11.0
-119.0
-44.0
2.0
-63.0
10.0
-43.0
-101.0
-55.0
-119.0
-71.0
-16.0
-63.0
33.0
-37.0
-108.0
-11.0
-82.0
-29.0
2.0
-125.0
-67.0
-72.0
-80.0
27.0
-75.0
-107.0
-16.0
-81.0
-21.0
-29.0
-79.0
-44.0
-116.0
-70.0
-26.0
-107.0
-13.0
-46.0
-83.0
30.0
-68.0
-68.0
-51.0
-105.0
-6.0
-67.0
-92.0
16.0
-60.0
-64.0
-67.0
-110.0
15.0
-43.0
-97.0
1.0
-79.0
-38.0
-15.0
-114.0
0.0
-24.0
-101.0
-46.0
-98.0
-67.0
-37.0
-77.0
3.0
-36.0
-64.0
5.0
-108.0
-106.0
-69.0
-112.0
9.0
-12.0
-53.0
2.0
-98.0
-67.0
-55.0
-121.0
-15.0
-26.0
-69.0
19.0
-47.0
-99.0
-66.0
-66.0
26.0
-16.0
-133.0
-64.0
-72.0
-51.0
3.0
-90.0
-21.0
-13.0
-37.0
-8.0
-128.0
-89.0
3.0
-51.0
-38.0
-61.0
-47.0
-7.0
-114.0
-31.0
7.0
-74.0
-18.0
-73.0
-72.0
51.0
-58.0
-37.0
20.0
-89.0
-45.0
-71.0
-87.0
30.0
-35.0
-69.0
-38.0
-96.0
-32.0
-54.0
-60.0
25.0
-45.0
-26.0
-11.0
-120.0
-60.0
-35.0
-68.0
4.0
-74.0
-34.0
-31.0
-131.0
-18.0
-21.0
-69.0
-18.0
-90.0
-13.0
-22.0
-131.0
-35.0
-53.0
-58.0
13.0
-89.0
-95.0
-43.0
-90.0
3.0
-21.0
-72.0
-1.0
-54.0
-23.0
-16.0
-110.0
-12.0
-36.0
-81.0
-6.0
-101.0
-55.0
24.0
-89.0
-37.0
-64.0
-70.0
3.0
-93.0
-50.0
9.0
-78.0
-8.0
-56.0
-114.0
-51.0
-117.0
-64.0
-15.0
-117.0
-14.0
17.0
-43.0
-37.0
-122.0
-46.0
20.0
-86.0
-27.0
-46.0
-84.0
-14.0
-65.0
3.0
-20.0
-132.0
-41.0
-61.0
-110.0
-7.0
-34.0
-29.0
19.0
-84.0
-67.0
-56.0
-60.0
29.0
-71.0
-78.0
-59.0
-114.0
17.0
-13.0
-84.0
-18.0
-107.0
-33.0
24.0
-96.0
-60.0
-72.0
-59.0
18.0
-50.0
-32.0
-48.0
-111.0
-11.0
-62.0
-106.0
21.0
-38.0
-25.0
-1.0
-74.0
-45.0
-73.0
-66.0
23.0
-55.0
-39.0
-4.0
-95.0
22.0
33.0
-34.0
17.0
-72.0
-51.0
-9.0
-55.0
23.0
-47.0
-83.0
31.0
-40.0
-42.0
-3.0
-79.0
-22.0
-31.0
-28.0
37.0
-96.0
-50.0
49.0
-26.0
-9.0
-54.0
-48.0
32.0
-80.0
-35.0
-7.0
-100.0
-16.0
-37.0
-74.0
10.0
-55.0
-53.0
-46.0
-92.0
3.0
-27.0
-63.0
-18.0
-72.0
-51.0
-18.0
-129.0
-56.0
-27.0
-40.0
17.0
-88.0
-100.0
-30.0
-53.0
40.0
15.0
-56.0
14.0
-69.0
-88.0
-58.0
-80.0
22.0
-7.0
-86.0
-27.0
-112.0
-71.0
-13.0
-100.0
5.0
-23.0
-82.0
18.0
-97.0
-84.0
10.0
-63.0
15.0
21.0
3.0
77.0
52.0
157.0
278.0
266.0
278.0
301.0
305.0
299.0
299.0
301.0
250.0
175.0
260.0
217.0
107.0
131.0
-7.0
-13.0
29.0
-145.0
-191.0
-236.0
-280.0
-243.0
-274.0
-299.0
-293.0
-291.0
-294.0
-293.0
-291.0
-292.0
-294.0
-293.0
-293.0
-286.0
-248.0
-265.0
-263.0
-210.0
-264.0
-263.0
-243.0
-275.0
-202.0
-222.0
-259.0
-199.0
-249.0
-202.0
-199.0
-250.0
-199.0
-234.0
-205.0
-121.0
-199.0
-187.0
-192.0
-244.0
-111.0
-144.0
-157.0
-69.0
-185.0
-181.0
-114.0
-180.0
-100.0
-129.0
-163.0
-81.0
-119.0
-147.0
-118.0
-150.0
-54.0
-81.0
-167.0
-81.0
-162.0
-71.0
11.0
-119.0
-75.0
-97.0
-122.0
-32.0
-96.0
-122.0
-102.0
-133.0
-15.0
-68.0
-120.0
-21.0
-82.0
-78.0
-42.0
-95.0
-9.0
-82.0
-128.0
10.0
-101.0
-111.0
-22.0
-89.0
1.0
-58.0
-97.0
16.0
-49.0
-105.0
-88.0
-116.0
61.0
-6.0
-118.0
2.0
-32.0
-32.0
-38.0
-113.0
-41.0
-65.0
-97.0
-12.0
-52.0
6.0
20.0
-138.0
-65.0
-50.0
-75.0
17.0
-89.0
-82.0
-45.0
-91.0
3.0
-15.0
-41.0
-20.0
-145.0
-76.0
13.0
-51.0
22.0
-33.0
-110.0
-41.0
-81.0
-19.0
25.0
-96.0
-36.0
-46.0
-54.0
45.0
-67.0
-57.0
-17.0
-101.0
25.0
16.0
-4.0
16.0
-111.0
-75.0
-6.0
-93.0
-50.0
-32.0
-52.0
1.0
-101.0
-55.0
-18.0
-112.0
33.0
43.0
-121.0
-90.0
-61.0
24.0
37.0
-89.0
-16.0
-33.0
-135.0
-68.0
-73.0
-6.0
23.0
-47.0
35.0
-33.0
-86.0
-24.0
-64.0
-49.0
-13.0
-103.0
-50.0
-30.0
-10.0
56.0
-58.0
-61.0
-51.0
-89.0
35.0
-27.0
-98.0
30.0
-61.0
-62.0
-11.0
-33.0
38.0
-74.0
-99.0
32.0
-51.0
-64.0
-10.0
-62.0
1.0
-26.0
-58.0
39.0
-56.0
-6.0
6.0
-135.0
-37.0
-21.0
-37.0
64.0
-49.0
-31.0
-10.0
-94.0
29.0
21.0
-50.0
-6.0
-106.0
-103.0
-5.0
16.0
88.0
-12.0
-104.0
-19.0
-64.0
-39.0
-15.0
-67.0
0.0
-20.0
-54.0
12.0
-53.0
1.0
68.0
-71.0
-49.0
-12.0
-25.0
37.0
-55.0
-33.0
73.0
-46.0
-6.0
-21.0
-69.0
9.0
-53.0
-47.0
45.0
-7.0
14.0
-41.0
-66.0
16.0
-87.0
-40.0
44.0
-55.0
41.0
25.0
-42.0
10.0
-41.0
-14.0
31.0
-39.0
9.0
-50.0
-58.0
23.0
-40.0
3.0
-3.0
-106.0
23.0
43.0
-64.0
22.0
-19.0
-21.0
-10.0
-67.0
36.0
-23.0
-63.0
11.0
-110.0
-40.0
55.0
-62.0
12.0
-7.0
-54.0
30.0
-59.0
4.0
55.0
-51.0
18.0
-30.0
-79.0
16.0
-32.0
-15.0
40.0
-67.0
-36.0
-27.0
-60.0
37.0
-34.0
-48.0
27.0
-48.0
-31.0
-75.0
-83.0
50.0
3.0
36.0
11.0
-128.0
-12.0
16.0
-60.0
15.0
-22.0
7.0
30.0
-67.0
11.0
14.0
-37.0
16.0
-53.0
-34.0
31.0
-43.0
10.0
-58.0
-90.0
-14.0
-78.0
-9.0
65.0
-44.0
-33.0
-87.0
-88.0
63.0
-10.0
-8.0
25.0
-77.0
-36.0
-67.0
-92.0
58.0
-32.0
-39.0
22.0
-73.0
-49.0
-10.0
-32.0
39.0
-101.0
-65.0
64.0
-37.0
1.0
-8.0
-50.0
36.0
-45.0
-43.0
13.0
-62.0
26.0
-9.0
-81.0
1.0
-46.0
-32.0
39.0
-27.0
12.0
-40.0
-98.0
-19.0
-61.0
-18.0
48.0
-50.0
-2.0
-22.0
-52.0
35.0
-62.0
-41.0
46.0
-22.0
12.0
-21.0
-47.0
5.0
-90.0
-59.0
21.0
-35.0
24.0
-20.0
-43.0
73.0
-50.0
-73.0
-18.0
-52.0
81.0
30.0
-73.0
24.0
-25.0
-18.0
3.0
-83.0
22.0
22.0
-22.0
44.0
-34.0
-60.0
-10.0
-61.0
44.0
31.0
-35.0
51.0
-50.0
-65.0
-10.0
-58.0
55.0
21.0
-23.0
18.0
-96.0
-49.0
49.0
-29.0
33.0
-33.0
-99.0
58.0
-24.0
-53.0
60.0
-9.0
-21.0
-75.0
-79.0
66.0
-36.0
-31.0
27.0
-73.0
-43.0
-43.0
-46.0
64.0
-17.0
-53.0
6.0
-63.0
-39.0
-45.0
-33.0
72.0
-35.0
-25.0
43.0
-46.0
-35.0
-78.0
-63.0
70.0
-31.0
-46.0
9.0
-43.0
44.0
11.0
-72.0
-1.0
-34.0
-5.0
44.0
-67.0
-10.0
-27.0
-72.0
0.0
-50.0
30.0
89.0
-53.0
-15.0
-22.0
-63.0
54.0
-14.0
-26.0
11.0
-86.0
4.0
-5.0
-65.0
17.0
-50.0
-30.0
49.0
-64.0
-14.0
-22.0
-59.0
56.0
-7.0
-7.0
22.0
-85.0
-8.0
-22.0
-60.0
8.0
-70.0
-65.0
53.0
-18.0
-25.0
14.0
-11.0
4.0
-82.0
-48.0
48.0
-18.0
51.0
-12.0
-103.0
44.0
-6.0
-24.0
40.0
-25.0
-2.0
-50.0
-64.0
14.0
-44.0
-10.0
24.0
-100.0
-35.0
-25.0
-74.0
36.0
14.0
4.0
-13.0
-73.0
5.0
-29.0
-68.0
45.0
-40.0
-46.0
14.0
-102.0
-41.0
-2.0
-35.0
10.0
-76.0
-26.0
40.0
-86.0
-27.0
-40.0
-56.0
52.0
-33.0
-22.0
12.0
-91.0
-13.0
-7.0
-17.0
52.0
-62.0
-60.0
-16.0
-88.0
35.0
20.0
-76.0
48.0
-32.0
-81.0
-5.0
-70.0
-7.0
-8.0
-51.0
37.0
-51.0
-45.0
55.0
-35.0
-15.0
-37.0
-56.0
0.0
-67.0
-21.0
44.0
-69.0
27.0
40.0
-78.0
-35.0
-60.0
27.0
63.0
-46.0
47.0
24.0
-82.0
-3.0
-17.0
-39.0
-12.0
-111.0
-19.0
42.0
4.0
65.0
-52.0
-67.0
-21.0
-45.0
61.0
11.0
-42.0
36.0
-51.0
-36.0
48.0
-35.0
-25.0
-26.0
-20.0
29.0
-39.0
25.0
23.0
-81.0
36.0
4.0
-41.0
80.0
-26.0
-29.0
37.0
-30.0
18.0
-17.0
-32.0
95.0
14.0
6.0
74.0
58.0
218.0
285.0
247.0
286.0
307.0
296.0
278.0
212.0
253.0
306.0
290.0
248.0
124.0
118.0
107.0
-54.0
-116.0
-227.0
-186.0
-77.0
-231.0
-304.0
-274.0
-282.0
-281.0
-285.0
-285.0
-267.0
-285.0
-277.0
-251.0
-284.0
-289.0
-283.0
-280.0
-271.0
-284.0
-238.0
-245.0
-295.0
-254.0
-237.0
-247.0
-180.0
-231.0
-260.0
-222.0
-252.0
-152.0
-168.0
-232.0
-130.0
-205.0
-188.0
-128.0
-223.0
-153.0
-171.0
-196.0
-80.0
-145.0
-157.0
-124.0
-202.0
-124.0
-107.0
-156.0
-72.0
-152.0
-147.0
-116.0
-149.0
-37.0
-56.0
-145.0
-61.0
-127.0
-137.0
-60.0
-126.0
-90.0
-101.0
-152.0
-92.0
-105.0
-81.0
-79.0
-153.0
-43.0
-74.0
-119.0
-7.0
-75.0
-63.0
-50.0
-171.0
-95.0
-77.0
-63.0
33.0
-115.0
-109.0
-33.0
-158.0
-70.0
-9.0
-104.0
-56.0
-59.0
-23.0
-34.0
-111.0
-8.0
-34.0
-133.0
-38.0
-80.0
-59.0
-23.0
-121.0
-65.0
-62.0
-120.0
-29.0
-71.0
-122.0
-44.0
-72.0
-8.0
-50.0
-138.0
-5.0
-54.0
-94.0
-68.0
-117.0
-25.0
-27.0
-97.0
-14.0
-69.0
-52.0
-41.0
-105.0
-1.0
-42.0
-77.0
34.0
-48.0
-82.0
-59.0
-143.0
3.0
23.0
-53.0
46.0
-19.0
-35.0
-24.0
-107.0
14.0
-33.0
-124.0
6.0
-27.0
-83.0
-52.0
-105.0
-10.0
-35.0
-93.0
-54.0
-130.0
-67.0
6.0
-87.0
-37.0
-37.0
-96.0
2.0
-63.0
-60.0
-2.0
-96.0
-39.0
-71.0
-99.0
23.0
-65.0
-95.0
-34.0
-124.0
-61.0
-21.0
-67.0
5.0
-34.0
-81.0
-54.0
-70.0
31.0
1.0
-68.0
-21.0
-117.0
-107.0
-10.0
-119.0
-42.0
-4.0
-50.0
46.0
-69.0
-97.0
-39.0
-115.0
16.0
40.0
-60.0
24.0
-41.0
-35.0
-19.0
-153.0
-89.0
-35.0
-52.0
33.0
-63.0
-66.0
2.0
-105.0
-49.0
-76.0
-106.0
22.0
-51.0
-58.0
-13.0
-79.0
-26.0
-66.0
-67.0
58.0
-52.0
-91.0
-52.0
-76.0
46.0
-3.0
-161.0
-65.0
-85.0
-78.0
16.0
-30.0
24.0
-7.0
-118.0
-64.0
-13.0
11.0
13.0
-106.0
-40.0
-40.0
-108.0
-12.0
-17.0
-17.0
-22.0
-106.0
-40.0
-28.0
-100.0
-32.0
-48.0
-42.0
-27.0
-95.0
-14.0
-34.0
-70.0
28.0
-96.0
-66.0
37.0
-49.0
2.0
-83.0
-150.0
10.0
-35.0
-44.0
1.0
-71.0
-31.0
-63.0
-114.0
-14.0
-67.0
-73.0
-26.0
-102.0
-48.0
-44.0
-64.0
17.0
-64.0
-42.0
-7.0
-128.0
-74.0
-21.0
-76.0
20.0
-46.0
-73.0
-44.0
-170.0
-37.0
4.0
-87.0
40.0
-23.0
-73.0
-29.0
-126.0
-58.0
-18.0
-56.0
29.0
-60.0
-64.0
-32.0
-142.0
-37.0
3.0
-58.0
7.0
-106.0
-111.0
7.0
-106.0
-55.0
-22.0
-61.0
30.0
-24.0
-54.0
-6.0
-52.0
-21.0
-54.0
-122.0
-16.0
-72.0
-55.0
55.0
-64.0
-86.0
-86.0
-76.0
70.0
-42.0
-102.0
-6.0
-125.0
-60.0
-2.0
-71.0
44.0
-57.0
-139.0
-54.0
-71.0
0.0
-23.0
-96.0
8.0
-99.0
-83.0
17.0
-84.0
-62.0
-43.0
-94.0
-8.0
-48.0
-65.0
18.0
-51.0
-40.0
-72.0
-98.0
4.0
-56.0
-14.0
55.0
-118.0
-76.0
5.0
-53.0
-3.0
-32.0
-17.0
5.0
-84.0
8.0
-10.0
-77.0
30.0
-51.0
-37.0
38.0
-114.0
-57.0
-3.0
-45.0
7.0
-79.0
-58.0
26.0
-82.0
10.0
33.0
-48.0
3.0
-90.0
-78.0
7.0
-107.0
31.0
66.0
-55.0
17.0
-13.0
-22.0
4.0
-100.0
-17.0
22.0
-23.0
37.0
-21.0
-32.0
18.0
-90.0
-32.0
5.0
-53.0
12.0
-38.0
-34.0
11.0
-74.0
3.0
-33.0
-81.0
4.0
-35.0
-8.0
72.0
-37.0
-27.0
-48.0
-55.0
81.0
-28.0
-90.0
0.0
-31.0
16.0
1.0
-65.0
20.0
-32.0
-27.0
17.0
-87.0
-20.0
-20.0
-64.0
34.0
-4.0
-6.0
41.0
-65.0
-53.0
12.0
8.0
28.0
-65.0
-86.0
14.0
-31.0
-20.0
-52.0
-42.0
43.0
-55.0
-33.0
19.0
-80.0
-21.0
-39.0
-68.0
51.0
16.0
7.0
9.0
-105.0
-37.0
-10.0
-115.0
-1.0
-20.0
-20.0
65.0
-41.0
-56.0
-55.0
-91.0
9.0
7.0
-10.0
23.0
-92.0
-59.0
-40.0
-35.0
68.0
-28.0
-69.0
-16.0
-105.0
26.0
64.0
-62.0
-40.0
-73.0
-17.0
67.0
-74.0
-1.0
53.0
-54.0
-45.0
-67.0
-15.0
73.0
-26.0
4.0
-64.0
-111.0
109.0
49.0
-52.0
-1.0
-59.0
-11.0
-18.0
-45.0
58.0
-31.0
-89.0
-1.0
-60.0
17.0
20.0
-65.0
34.0
-24.0
-72.0
20.0
-25.0
7.0
-38.0
-103.0
47.0
2.0
-30.0
27.0
-73.0
-21.0
-25.0
-71.0
35.0
-17.0
-34.0
9.0
-79.0
11.0
54.0
-50.0
8.0
-38.0
-70.0
45.0
-8.0
4.0
27.0
-27.0
2.0
-55.0
-25.0
37.0
-60.0
3.0
-12.0
-97.0
35.0
11.0
-27.0
25.0
-35.0
25.0
31.0
-73.0
-21.0
-65.0
-74.0
11.0
9.0
73.0
-11.0
-107.0
6.0
-33.0
-10.0
58.0
-35.0
-38.0
-65.0
-77.0
50.0
13.0
-9.0
50.0
-67.0
-53.0
-45.0
-44.0
73.0
-8.0
-34.0
43.0
-79.0
-47.0
-25.0
-7.0
65.0
-37.0
-50.0
8.0
-70.0
-23.0
-14.0
-29.0
78.0
-11.0
-61.0
-28.0
-97.0
7.0
50.0
-21.0
45.0
-16.0
-50.0
36.0
-26.0
-8.0
47.0
-7.0
3.0
-36.0
35.0
68.0
-90.0
-44.0
-49.0
-42.0
87.0
7.0
-21.0
42.0
-56.0
-3.0
-5.0
-69.0
7.0
3.0
-2.0
13.0
-50.0
1.0
-26.0
-48.0
87.0
8.0
-60.0
-29.0
-92.0
21.0
39.0
-63.0
40.0
-40.0
-59.0
39.0
-54.0
6.0
15.0
-110.0
-23.0
24.0
-8.0
12.0
-37.0
10.0
16.0
-19.0
21.0
6.0
92.0
204.0
108.0
139.0
298.0
329.0
293.0
236.0
256.0
252.0
135.0
203.0
144.0
-55.0
-40.0
-14.0
-43.0
-61.0
-208.0
-197.0
-178.0
-271.0
-277.0
-282.0
-290.0
-280.0
-284.0
-250.0
-263.0
-293.0
-282.0
-286.0
-245.0
-203.0
-274.0
-277.0
-270.0
-275.0
-199.0
-239.0
-236.0
-178.0
-256.0
-224.0
-230.0
-267.0
-114.0
-164.0
-220.0
-146.0
-190.0
-160.0
-190.0
-252.0
-130.0
-156.0
-169.0
-106.0
-200.0
-169.0
-124.0
-169.0
-83.0
-118.0
-86.0
-6.0
-167.0
-148.0
-95.0
-146.0
-52.0
-109.0
-127.0
-37.0
-99.0
-52.0
-71.0
-161.0
-35.0
-110.0
-120.0
-3.0
-115.0
-131.0
-88.0
-100.0
-6.0
-65.0
-89.0
-27.0
-144.0
-85.0
-50.0
-99.0
-23.0
-68.0
-137.0
-117.0
-161.0
-45.0
-44.0
-118.0
4.0
-72.0
-98.0
-38.0
-166.0
-89.0
-66.0
-112.0
-5.0
-89.0
-135.0
-20.0
-100.0
-37.0
-10.0
-106.0
-12.0
-67.0
-114.0
-34.0
-56.0
-9.0
-55.0
-131.0
-32.0
-41.0
-58.0
-37.0
-125.0
-62.0
-49.0
-105.0
-8.0
-25.0
-68.0
-34.0
-122.0
-64.0
-8.0
-69.0
-32.0
-108.0
-79.0
23.0
-80.0
-59.0
-6.0
-73.0
-39.0
-111.0
-134.0
-45.0
-118.0
-5.0
58.0
-99.0
-103.0
-118.0
-83.0
36.0
-42.0
-12.0
3.0
-153.0
-61.0
-3.0
-21.0
5.0
-124.0
-52.0
-20.0
-101.0
-28.0
-57.0
-81.0
-17.0
-126.0
-91.0
-44.0
-77.0
32.0
0.0
-45.0
-12.0
-110.0
-50.0
25.0
-51.0
-37.0
-100.0
-77.0
27.0
-45.0
-3.0
-5.0
-128.0
-12.0
-12.0
-66.0
-31.0
-74.0
1.0
14.0
-105.0
40.0
28.0
-40.0
-45.0
-92.0
-11.0
-29.0
-127.0
-18.0
-61.0
-51.0
52.0
-65.0
-53.0
-60.0
-90.0
12.0
-65.0
-47.0
32.0
-101.0
-58.0
15.0
-63.0
-5.0
-12.0
-15.0
-13.0
-151.0
-43.0
19.0
-32.0
13.0
-38.0
-31.0
-25.0
-153.0
-35.0
64.0
-58.0
-31.0
-70.0
-46.0
16.0
-144.0
-65.0
28.0
-58.0
-1.0
-10.0
-22.0
-19.0
-119.0
-18.0
21.0
-84.0
-17.0
-54.0
-52.0
9.0
-122.0
-70.0
-2.0
-86.0
-61.0
-89.0
-30.0
37.0
-93.0
-53.0
-51.0
-144.0
-10.0
-44.0
-82.0
-39.0
-115.0
-57.0
-25.0
-89.0
-11.0
-31.0
-62.0
-30.0
-96.0
-48.0
-2.0
-70.0
-10.0
-48.0
-76.0
6.0
-89.0
-71.0
-32.0
-86.0
-15.0
-64.0
-94.0
0.0
-93.0
-47.0
6.0
-99.0
-45.0
-70.0
-78.0
4.0
-32.0
4.0
-18.0
-105.0
16.0
-26.0
-75.0
25.0
-68.0
-69.0
-54.0
-86.0
10.0
-27.0
-70.0
-25.0
-95.0
-40.0
-29.0
-140.0
-45.0
-51.0
-71.0
23.0
-30.0
10.0
13.0
-77.0
2.0
-49.0
-71.0
7.0
-93.0
-82.0
-39.0
-78.0
16.0
-46.0
-88.0
2.0
-91.0
-44.0
-3.0
-89.0
-37.0
-49.0
-100.0
-24.0
-62.0
-32.0
-25.0
-70.0
-12.0
-69.0
-114.0
-5.0
-70.0
-59.0
-33.0
-75.0
14.0
-29.0
-55.0
-16.0
-139.0
-60.0
-24.0
-82.0
27.0
-27.0
-79.0
-27.0
-155.0
-110.0
-17.0
-52.0
-12.0
-64.0
-94.0
-25.0
-112.0
-40.0
11.0
-72.0
24.0
-28.0
-99.0
-68.0
-88.0
22.0
29.0
-90.0
8.0
-40.0
-101.0
12.0
-67.0
-37.0
-10.0
-80.0
44.0
3.0
-86.0
-31.0
-80.0
-29.0
0.0
-126.0
-48.0
-29.0
-32.0
10.0
-91.0
-27.0
1.0
-135.0
-51.0
-36.0
-54.0
22.0
-44.0
-21.0
-17.0
-79.0
11.0
-65.0
-89.0
24.0
-78.0
-36.0
30.0
-70.0
-22.0
-48.0
-48.0
67.0
-65.0
-87.0
-13.0
-96.0
-14.0
13.0
-13.0
-30.0
-105.0
9.0
-14.0
-129.0
41.0
23.0
-93.0
-5.0
-42.0
-46.0
-40.0
-132.0
21.0
-10.0
-124.0
-29.0
-53.0
-51.0
-60.0
-122.0
-10.0
-46.0
-95.0
-32.0
-101.0
-42.0
-23.0
-138.0
8.0
-43.0
-141.0
-9.0
-70.0
-74.0
-44.0
-134.0
1.0
-29.0
-110.0
-23.0
-58.0
-16.0
-7.0
-112.0
9.0
-14.0
-58.0
11.0
-111.0
-102.0
-26.0
-43.0
14.0
-34.0
-65.0
-21.0
-129.0
-71.0
12.0
-78.0
-20.0
-76.0
-103.0
-24.0
-137.0
-73.0
30.0
-73.0
-56.0
-94.0
-109.0
1.0
-90.0
-55.0
1.0
-67.0
40.0
-31.0
-95.0
-27.0
-97.0
-70.0
-49.0
-67.0
13.0
-42.0
-64.0
-6.0
-102.0
-84.0
-36.0
-58.0
41.0
-29.0
-77.0
-19.0
-127.0
-64.0
1.0
-82.0
-33.0
-37.0
-24.0
18.0
-97.0
-73.0
-42.0
-112.0
-33.0
-68.0
-93.0
7.0
-82.0
-74.0
-20.0
-86.0
-28.0
-59.0
-76.0
1.0
-106.0
-83.0
-5.0
-32.0
45.0
82.0
131.0
256.0
234.0
258.0
303.0
302.0
291.0
250.0
213.0
209.0
112.0
86.0
41.0
-39.0
-44.0
-133.0
-203.0
-223.0
-278.0
-231.0
-235.0
-296.0
-298.0
-287.0
-285.0
-276.0
-287.0
-248.0
-237.0
-290.0
-289.0
-281.0
-291.0
-294.0
-291.0
-249.0
-229.0
-282.0
-264.0
-249.0
-260.0
-226.0
-257.0
-197.0
-211.0
-284.0
-190.0
-192.0
-236.0
-156.0
-222.0
-204.0
-152.0
-202.0
-120.0
-171.0
-230.0
-124.0
-190.0
-170.0
-95.0
-172.0
-136.0
-135.0
-180.0
-139.0
-158.0
-61.0
-60.0
-236.0
-141.0
-74.0
-129.0
-97.0
-199.0
-127.0
-45.0
-157.0
-65.0
-94.0
-171.0
-92.0
-159.0
-162.0
-87.0
-148.0
-64.0
-93.0
-120.0
-54.0
-133.0
-107.0
-64.0
-161.0
-139.0
-122.0
-94.0
-14.0
-108.0
-51.0
-43.0
-172.0
-72.0
-85.0
-140.0
-42.0
-85.0
-34.0
-1.0
-126.0
-92.0
-106.0
-143.0
10.0
-40.0
-78.0
-39.0
-74.0
-39.0
-108.0
-102.0
31.0
-81.0
-66.0
7.0
-79.0
-61.0
-57.0
-60.0
-15.0
-100.0
-21.0
17.0
-124.0
-59.0
-81.0
-152.0
-26.0
-58.0
-41.0
-49.0
-138.0
-77.0
-78.0
-71.0
-8.0
-140.0
-69.0
-10.0
-89.0
-6.0
-76.0
-144.0
-24.0
-80.0
-60.0
16.0
-69.0
-43.0
-58.0
-101.0
-5.0
-67.0
-57.0
-43.0
-93.0
56.0
12.0
-113.0
-73.0
-107.0
-67.0
-26.0
-74.0
26.0
-13.0
-100.0
-22.0
-68.0
-53.0
-58.0
-128.0
-58.0
-84.0
-82.0
35.0
-40.0
-46.0
-26.0
-159.0
-54.0
20.0
-56.0
-33.0
-71.0
-53.0
-32.0
-122.0
-25.0
-19.0
-54.0
-26.0
-85.0
-29.0
-8.0
-135.0
-23.0
7.0
-63.0
-5.0
-78.0
-59.0
-60.0
-121.0
18.0
-15.0
-85.0
14.0
-80.0
-62.0
-25.0
-96.0
-16.0
-46.0
-91.0
6.0
-72.0
-74.0
-16.0
-73.0
-7.0
-38.0
-104.0
-62.0
-99.0
-48.0
-3.0
-69.0
10.0
-32.0
-55.0
24.0
-76.0
-88.0
-41.0
-120.0
-28.0
-25.0
-58.0
-8.0
-65.0
-74.0
-36.0
-112.0
-7.0
-15.0
-37.0
44.0
-85.0
-90.0
-51.0
-88.0
9.0
-16.0
-72.0
-15.0
-116.0
-101.0
-34.0
-105.0
-29.0
-43.0
-109.0
-9.0
-47.0
-68.0
-28.0
-97.0
-24.0
-31.0
-95.0
-23.0
-90.0
-56.0
1.0
-90.0
-23.0
-39.0
-112.0
-27.0
-73.0
-78.0
-45.0
-108.0
-22.0
-44.0
-78.0
5.0
-97.0
-55.0
11.0
-85.0
14.0
3.0
-77.0
-8.0
-84.0
-77.0
-13.0
-54.0
-1.0
-61.0
-92.0
-10.0
-95.0
-46.0
23.0
-69.0
-12.0
-24.0
-18.0
50.0
-58.0
-64.0
-17.0
-72.0
15.0
-24.0
-82.0
-21.0
-70.0
-24.0
-8.0
-93.0
-17.0
-52.0
-77.0
21.0
-48.0
-31.0
21.0
-48.0
3.0
-31.0
-46.0
33.0
-56.0
-36.0
29.0
-84.0
-64.0
-61.0
-89.0
45.0
-37.0
-91.0
-54.0
-112.0
24.0
26.0
-90.0
4.0
-30.0
-17.0
15.0
-108.0
-5.0
8.0
-60.0
17.0
-44.0
-6.0
17.0
-124.0
-93.0
-21.0
15.0
53.0
-43.0
-23.0
3.0
-117.0
15.0
3.0
-41.0
101.0
2.0
-49.0
-32.0
-107.0
-49.0
-44.0
-93.0
-8.0
-52.0
-62.0
-24.0
-55.0
26.0
1.0
-36.0
0.0
-132.0
-59.0
64.0
-10.0
41.0
-37.0
-116.0
-20.0
-87.0
-31.0
37.0
-74.0
-4.0
3.0
-62.0
-45.0
-109.0
-77.0
18.0
-87.0
-59.0
-103.0
-90.0
64.0
-40.0
-67.0
1.0
-117.0
-45.0
-34.0
-119.0
-32.0
-57.0
-54.0
-60.0
-116.0
-24.0
-46.0
-95.0
21.0
-29.0
-28.0
9.0
-78.0
-68.0
-133.0
-109.0
70.0
-2.0
-41.0
-25.0
-121.0
-59.0
-83.0
-80.0
83.0
20.0
11.0
-25.0
-132.0
1.0
17.0
-65.0
-13.0
-82.0
-59.0
-13.0
-72.0
32.0
-39.0
-118.0
-40.0
-81.0
-38.0
58.0
-43.0
-33.0
-59.0
-43.0
33.0
-64.0
5.0
5.0
-108.0
21.0
22.0
-66.0
-29.0
-108.0
-88.0
1.0
-54.0
1.0
-87.0
-146.0
14.0
7.0
0.0
40.0
-41.0
38.0
-72.0
-152.0
42.0
12.0
-32.0
6.0
-99.0
-35.0
-34.0
-131.0
-34.0
-69.0
-77.0
-10.0
-114.0
-2.0
6.0
-111.0
-2.0
-59.0
-45.0
41.0
-56.0
-2.0
-51.0
-129.0
-1.0
-59.0
-59.0
18.0
-36.0
4.0
-41.0
-137.0
-30.0
-7.0
-6.0
30.0
-17.0
40.0
9.0
-63.0
17.0
-58.0
-67.0
39.0
-30.0
-54.0
-98.0
-53.0
65.0
-39.0
-95.0
-82.0
-89.0
62.0
19.0
-77.0
3.0
-26.0
-39.0
2.0
-40.0
-2.0
-89.0
-88.0
96.0
-25.0
-54.0
17.0
-68.0
12.0
-25.0
-96.0
21.0
-25.0
-19.0
14.0
-51.0
-54.0
-30.0
5.0
76.0
-45.0
-70.0
2.0
-79.0
-1.0
-55.0
-99.0
22.0
-94.0
-31.0
77.0
-101.0
-76.0
-30.0
-43.0
37.0
-23.0
-50.0
-22.0
-51.0
15.0
-49.0
-42.0
89.0
-59.0
-78.0
26.0
-23.0
29.0
17.0
-73.0
-40.0
-62.0
-29.0
41.0
-55.0
-47.0
-36.0
-83.0
37.0
40.0
-10.0
0.0
-66.0
-15.0
-60.0
-170.0
-2.0
58.0
-21.0
-29.0
-85.0
-62.0
-120.0
-155.0
47.0
36.0
-18.0
7.0
-98.0
-78.0
-111.0
-73.0
90.0
-12.0
-54.0
-44.0
-100.0
26.0
56.0
-6.0
67.0
201.0
312.0
300.0
253.0
284.0
306.0
300.0
287.0
191.0
83.0
33.0
-90.0
-44.0
-89.0
-201.0
-168.0
-248.0
-267.0
-251.0
-285.0
-259.0
-270.0
-298.0
-298.0
-293.0
-280.0
-283.0
-293.0
-286.0
-286.0
-285.0
-271.0
-288.0
-284.0
-271.0
-280.0
-222.0
-242.0
-270.0
-193.0
-235.0
-213.0
-205.0
-259.0
-172.0
-187.0
-232.0
-125.0
-198.0
-201.0
-159.0
-210.0
-103.0
-132.0
-228.0
-115.0
-134.0
-139.0
-105.0
-212.0
-137.0
-98.0
-161.0
-86.0
-149.0
-136.0
-51.0
-164.0
-118.0
-95.0
-170.0
-56.0
-117.0
-147.0
-79.0
-142.0
-100.0
-99.0
-182.0
-130.0
-129.0
-117.0
-77.0
-145.0
-97.0
-80.0
-127.0
-111.0
-174.0
-78.0
61.0
-64.0
-40.0
-58.0
-110.0
-37.0
-102.0
-55.0
1.0
-121.0
-80.0
-91.0
-135.0
-5.0
-51.0
-73.0
-35.0
-121.0
-54.0
-55.0
-84.0
11.0
-116.0
-166.0
-46.0
-68.0
-24.0
-44.0
-107.0
-32.0
-77.0
-79.0
-47.0
-129.0
-36.0
-46.0
-108.0
-32.0
-97.0
-83.0
-37.0
-144.0
-80.0
-33.0
-108.0
-21.0
-50.0
-50.0
-23.0
-127.0
-79.0
-84.0
-131.0
-21.0
-56.0
-106.0
-42.0
-98.0
-48.0
-73.0
-135.0
-44.0
-90.0
-90.0
-24.0
-91.0
-68.0
-88.0
-141.0
-54.0
-61.0
-73.0
-45.0
-112.0
-42.0
-52.0
-121.0
-69.0
-118.0
-124.0
-31.0
-86.0
-43.0
-73.0
-109.0
-22.0
-105.0
-89.0
-16.0
-143.0
-64.0
-44.0
-110.0
-25.0
-78.0
-87.0
-42.0
-110.0
-45.0
-98.0
-101.0
41.0
-42.0
-60.0
-15.0
-143.0
-113.0
-29.0
-120.0
-89.0
-67.0
-41.0
-18.0
-127.0
-73.0
-28.0
-108.0
-24.0
-78.0
-102.0
-74.0
-156.0
-60.0
-24.0
-40.0
50.0
-25.0
-38.0
18.0
-64.0
-36.0
-32.0
-48.0
27.0
-68.0
-72.0
-13.0
-108.0
-29.0
-56.0
-109.0
36.0
-7.0
-25.0
25.0
-115.0
-80.0
-24.0
-56.0
2.0
-91.0
-107.0
-56.0
-100.0
34.0
-18.0
-148.0
3.0
-24.0
-50.0
8.0
-101.0
-54.0
-37.0
-148.0
-12.0
33.0
-20.0
-16.0
-89.0
-29.0
-36.0
-141.0
-46.0
-48.0
-38.0
-20.0
-138.0
-29.0
21.0
-80.0
-35.0
-96.0
-63.0
34.0
-113.0
-34.0
24.0
-96.0
-40.0
-72.0
-90.0
-19.0
-52.0
-36.0
-50.0
-22.0
12.0
-92.0
-65.0
-28.0
-121.0
-35.0
-5.0
-81.0
16.0
-36.0
-61.0
3.0
-78.0
-33.0
-26.0
-112.0
-36.0
-33.0
-43.0
-11.0
-70.0
-13.0
-7.0
-64.0
28.0
-32.0
-59.0
4.0
-67.0
-7.0
12.0
-90.0
-7.0
-55.0
-34.0
64.0
1.0
11.0
-63.0
-140.0
2.0
1.0
-6.0
17.0
-56.0
-1.0
-73.0
-105.0
56.0
-18.0
-69.0
14.0
-26.0
-11.0
-5.0
-78.0
14.0
-58.0
-105.0
-18.0
-30.0
16.0
-17.0
-95.0
7.0
-48.0
-77.0
3.0
-75.0
-22.0
-6.0
-70.0
-7.0
-109.0
-126.0
14.0
-50.0
-48.0
-34.0
-67.0
-7.0
-98.0
-60.0
48.0
-44.0
-42.0
-103.0
-126.0
34.0
-29.0
-49.0
27.0
-95.0
-77.0
-63.0
-131.0
-21.0
-27.0
-46.0
25.0
-68.0
-51.0
-50.0
-98.0
53.0
-29.0
-106.0
-19.0
-40.0
-22.0
-79.0
-112.0
-5.0
-73.0
-43.0
56.0
-68.0
-77.0
-40.0
-102.0
-27.0
-61.0
-23.0
56.0
-29.0
-33.0
-69.0
-172.0
-15.0
27.0
37.0
38.0
-126.0
-58.0
42.0
-19.0
42.0
-51.0
-86.0
32.0
-66.0
-51.0
-30.0
-36.0
67.0
-53.0
-101.0
7.0
-58.0
-32.0
6.0
-36.0
59.0
-24.0
-55.0
29.0
-70.0
-17.0
-9.0
-46.0
93.0
-21.0
-101.0
45.0
-30.0
-24.0
-13.0
-29.0
80.0
-29.0
-110.0
5.0
-63.0
-26.0
45.0
-11.0
-9.0
-82.0
-61.0
43.0
-39.0
-4.0
-8.0
-103.0
-11.0
-20.0
-54.0
36.0
-17.0
22.0
14.0
-86.0
8.0
-25.0
-27.0
-12.0
-88.0
4.0
1.0
-56.0
54.0
-56.0
-76.0
16.0
-55.0
8.0
46.0
-58.0
-30.0
-65.0
-39.0
73.0
-29.0
-4.0
5.0
-122.0
-39.0
-13.0
-37.0
31.0
-33.0
-12.0
-20.0
-78.0
1.0
-58.0
-62.0
21.0
-74.0
-55.0
-5.0
-31.0
11.0
-34.0
-27.0
-23.0
-123.0
13.0
61.0
-43.0
48.0
-19.0
-88.0
0.0
-41.0
-12.0
-29.0
-78.0
35.0
-72.0
-135.0
30.0
-4.0
26.0
21.0
-144.0
-114.0
-22.0
29.0
85.0
-30.0
3.0
17.0
-87.0
-39.0
-66.0
-39.0
-6.0
-96.0
-22.0
-8.0
-91.0
16.0
-10.0
-62.0
16.0
-53.0
-45.0
-8.0
-33.0
29.0
-62.0
-42.0
60.0
-90.0
-81.0
12.0
-6.0
30.0
-73.0
-65.0
44.0
-59.0
-53.0
-35.0
-88.0
24.0
1.0
-40.0
11.0
-65.0
-22.0
-15.0
-101.0
14.0
-34.0
-117.0
-29.0
-49.0
14.0
25.0
-26.0
41.0
-86.0
-98.0
73.0
-5.0
-31.0
-13.0
-85.0
-13.0
-32.0
-56.0
5.0
-14.0
27.0
-8.0
-115.0
-22.0
-45.0
-1.0
70.0
-45.0
23.0
24.0
-117.0
-46.0
-39.0
-31.0
58.0
-51.0
-6.0
39.0
-67.0
-23.0
-85.0
-121.0
-12.0
-39.0
-6.0
-29.0
-112.0
30.0
20.0
-59.0
-16.0
-57.0
-11.0
-33.0
-86.0
-1.0
-59.0
-71.0
18.0
-63.0
-52.0
37.0
-26.0
2.0
-27.0
-23.0
33.0
-102.0
-63.0
4.0
-48.0
40.0
-12.0
-38.0
35.0
-112.0
-90.0
46.0
-3.0
-8.0
-33.0
-64.0
-22.0
-34.0
4.0
-25.0
-91.0
-17.0
-40.0
-11.0
105.0
-4.0
-25.0
-44.0
-107.0
17.0
-33.0
-98.0
13.0
-41.0
-33.0
-3.0
-98.0
21.0
3.0
-39.0
22.0
-54.0
-41.0
13.0
-13.0
55.0
-54.0
-75.0
23.0
-88.0
-39.0
16.0
-72.0
-5.0
-75.0
-69.0
22.0
-65.0
-36.0
-4.0
-77.0
9.0
-41.0
-142.0
-52.0
-31.0
36.0
2.0
-107.0
-3.0
-36.0
-23.0
54.0
-81.0
-9.0
37.0
-92.0
9.0
-46.0
-65.0
72.0
-41.0
-65.0
1.0
-75.0
14.0
14.0
-46.0
-14.0
-80.0
8.0
3.0
-99.0
12.0
-7.0
-54.0
-6.0
-78.0
-11.0
4.0
-71.0
12.0
-27.0
-17.0
70.0
-64.0
-44.0
-5.0
-48.0
63.0
-40.0
-97.0
48.0
-78.0
-52.0
20.0
-42.0
8.0
-81.0
-93.0
21.0
-44.0
35.0
83.0
-44.0
-8.0
-46.0
-72.0
2.0
-59.0
16.0
69.0
-59.0
-62.0
-113.0
-112.0
21.0
14.0
48.0
37.0
-64.0
16.0
35.0
-34.0
14.0
56.0
178.0
187.0
71.0
205.0
204.0
172.0
259.0
162.0
173.0
133.0
-3.0
181.0
172.0
130.0
255.0
178.0
162.0
262.0
278.0
286.0
135.0
53.0
235.0
129.0
92.0
40.0
-106.0
-135.0
-122.0
-210.0
-232.0
-267.0
-232.0
-256.0
-298.0
-268.0
-269.0
-289.0
-275.0
-281.0
-237.0
-229.0
-284.0
-253.0
-265.0
-285.0
-267.0
-285.0
-280.0
-278.0
-285.0
-214.0
-224.0
-235.0
-206.0
-274.0
-268.0
-225.0
-259.0
-199.0
-169.0
-206.0
-212.0
-265.0
-194.0
-148.0
-246.0
-145.0
-130.0
-174.0
-134.0
-226.0
-171.0
-98.0
-161.0
-106.0
-156.0
-194.0
-70.0
-122.0
-135.0
-108.0
-183.0
-83.0
-125.0
-148.0
-119.0
-183.0
-114.0
-49.0
-136.0
-102.0
-107.0
-117.0
-88.0
-186.0
-96.0
-26.0
-125.0
-95.0
-137.0
-147.0
-52.0
-121.0
-109.0
-61.0
-180.0
-134.0
-74.0
-85.0
-97.0
-165.0
-77.0
-5.0
-141.0
-119.0
-71.0
-103.0
-71.0
-95.0
-29.0
-27.0
-160.0
-80.0
-53.0
-60.0
-41.0
-182.0
-99.0
-16.0
-74.0
-45.0
-105.0
-148.0
-53.0
-108.0
-60.0
19.0
-74.0
-67.0
-92.0
-91.0
-11.0
-94.0
-42.0
-50.0
-195.0
-110.0
-91.0
-93.0
37.0
-67.0
-144.0
-68.0
-77.0
-21.0
-65.0
-62.0
31.0
-78.0
-59.0
-34.0
-146.0
-51.0
-62.0
-67.0
-1.0
-109.0
-114.0
-69.0
-147.0
-63.0
-23.0
-54.0
11.0
-83.0
-61.0
-27.0
-100.0
-14.0
-82.0
-137.0
-41.0
-108.0
-56.0
-20.0
-87.0
-7.0
-40.0
-69.0
-8.0
-132.0
-109.0
-43.0
-101.0
-34.0
-72.0
-125.0
-22.0
-89.0
-60.0
-26.0
-106.0
-2.0
-19.0
-107.0
-61.0
-118.0
-99.0
-66.0
-149.0
-65.0
-83.0
-103.0
-25.0
-107.0
-41.0
3.0
-110.0
-48.0
-100.0
-155.0
13.0
-41.0
-65.0
-84.0
-148.0
-62.0
-79.0
-49.0
18.0
-107.0
-94.0
-93.0
-180.0
-41.0
-62.0
-122.0
-37.0
-104.0
-80.0
-44.0
-124.0
-33.0
-98.0
-144.0
2.0
-68.0
-88.0
-51.0
-125.0
-54.0
-73.0
-139.0
-44.0
-100.0
-73.0
-18.0
-107.0
-41.0
-83.0
-125.0
-55.0
-140.0
-106.0
-54.0
-120.0
-8.0
-45.0
-136.0
-62.0
-94.0
-70.0
-60.0
-149.0
-78.0
-99.0
-118.0
-30.0
-124.0
-71.0
-68.0
-190.0
-25.0
-7.0
-85.0
-52.0
-149.0
-99.0
-52.0
-136.0
-66.0
-103.0
-149.0
-52.0
-118.0
-111.0
-22.0
-76.0
-48.0
-74.0
-58.0
-17.0
-144.0
-76.0
-8.0
-96.0
-29.0
-48.0
-109.0
-45.0
-111.0
-91.0
-44.0
-124.0
-37.0
-18.0
-60.0
-13.0
-92.0
-75.0
-45.0
-103.0
7.0
-11.0
-92.0
-26.0
-96.0
-76.0
-29.0
-115.0
-29.0
-51.0
-88.0
6.0
-83.0
-76.0
26.0
-60.0
-27.0
-58.0
-59.0
26.0
-49.0
-24.0
22.0
-65.0
-7.0
-59.0
-120.0
-2.0
-68.0
-23.0
33.0
-84.0
-4.0
-22.0
-91.0
-23.0
-94.0
-48.0
4.0
-61.0
36.0
-31.0
-109.0
3.0
-43.0
-10.0
12.0
-97.0
-27.0
-31.0
-61.0
-20.0
-123.0
-74.0
-30.0
-90.0
23.0
-8.0
-80.0
-25.0
-88.0
-55.0
-16.0
-66.0
12.0
1.0
-25.0
46.0
-44.0
-53.0
-29.0
-120.0
-49.0
-14.0
-72.0
-46.0
-106.0
-48.0
42.0
-38.0
1.0
-65.0
-138.0
-38.0
-76.0
7.0
91.0
3.0
27.0
-50.0
-90.0
-21.0
-80.0
-8.0
29.0
-94.0
6.0
-13.0
-107.0
-9.0
-46.0
-44.0
-52.0
-109.0
61.0
47.0
-46.0
30.0
-30.0
0.0
7.0
-144.0
-52.0
23.0
-18.0
7.0
-44.0
-13.0
-11.0
-140.0
-39.0
-4.0
-70.0
-20.0
-61.0
-24.0
12.0
-119.0
-48.0
-36.0
-53.0
68.0
-22.0
-60.0
-65.0
-133.0
-32.0
-27.0
-44.0
26.0
-85.0
-79.0
-12.0
-61.0
6.0
-15.0
-47.0
7.0
-40.0
-3.0
-3.0
-96.0
11.0
-2.0
-55.0
12.0
-89.0
-79.0
22.0
-88.0
-29.0
11.0
-55.0
-27.0
-76.0
-31.0
17.0
-83.0
-16.0
-8.0
-58.0
53.0
-19.0
-50.0
-14.0
-73.0
-1.0
-50.0
-78.0
-32.0
-114.0
-8.0
15.0
-88.0
-48.0
-47.0
-64.0
16.0
-34.0
-20.0
-2.0
-84.0
65.0
53.0
-77.0
16.0
-39.0
-66.0
-47.0
-171.0
-26.0
32.0
-68.0
-21.0
-61.0
-40.0
-50.0
-93.0
27.0
-13.0
-62.0
7.0
-106.0
-44.0
65.0
-29.0
13.0
-43.0
-146.0
-27.0
47.0
40.0
-44.0
-114.0
20.0
-43.0
-96.0
56.0
-2.0
-31.0
1.0
-93.0
15.0
22.0
6.0
71.0
-31.0
-35.0
33.0
-63.0
-4.0
14.0
-27.0
42.0
-126.0
-89.0
50.0
-62.0
6.0
-3.0
-53.0
28.0
-67.0
-34.0
6.0
-87.0
29.0
32.0
-43.0
-31.0
-122.0
-21.0
54.0
-61.0
27.0
-37.0
-135.0
-17.0
-33.0
12.0
13.0
-122.0
-31.0
60.0
-8.0
56.0
4.0
-50.0
-13.0
-69.0
-91.0
-87.0
-21.0
94.0
8.0
-5.0
27.0
-137.0
-25.0
68.0
-28.0
38.0
-70.0
-86.0
-46.0
-48.0
52.0
-26.0
-93.0
-9.0
-41.0
-13.0
25.0
-73.0
-20.0
-130.0
-161.0
76.0
21.0
-44.0
8.0
-28.0
35.0
-2.0
-99.0
-84.0
-88.0
-33.0
144.0
97.0
59.0
6.0
-47.0
6.0
-110.0
-45.0
68.0
-10.0
2.0
-3.0
-24.0
6.0
-114.0
-64.0
25.0
-84.0
-21.0
-17.0
-55.0
33.0
-98.0
-46.0
130.0
-31.0
-8.0
53.0
-42.0
55.0
5.0
-102.0
-53.0
29.0
80.0
-49.0
-97.0
-1.0
-31.0
-5.0
37.0
-37.0
65.0
56.0
-55.0
-51.0
-82.0
49.0
116.0
-57.0
-23.0
-8.0
-79.0
83.0
67.0
40.0
17.0
-120.0
-42.0
16.0
-3.0
89.0
6.0
45.0
75.0
-44.0
90.0
156.0
136.0
253.0
311.0
297.0
298.0
304.0
299.0
294.0
301.0
296.0
284.0
293.0
241.0
112.0
233.0
293.0
204.0
237.0
120.0
-62.0
-88.0
-102.0
-131.0
-231.0
-294.0
-220.0
-224.0
-283.0
-265.0
-279.0
-295.0
-293.0
-274.0
-251.0
-286.0
-269.0
-239.0
-279.0
-257.0
-262.0
-282.0
-250.0
-274.0
-294.0
-288.0
-288.0
-230.0
-226.0
-286.0
-274.0
-265.0
-227.0
-232.0
-284.0
-218.0
-211.0
-216.0
-72.0
-136.0
-158.0
-125.0
-256.0
-217.0
-137.0
-152.0
-63.0
-147.0
-175.0
-186.0
-193.0
-23.0
-64.0
-208.0
-92.0
-129.0
-139.0
-4.0
-55.0
-33.0
-97.0
-187.0
-51.0
-127.0
-135.0
-25.0
-141.0
-113.0
-126.0
-153.0
9.0
-105.0
-125.0
-58.0
-90.0
-12.0
-37.0
-134.0
-143.0
-199.0
-78.0
20.0
-148.0
-81.0
-136.0
-207.0
-50.0
-97.0
-34.0
-1.0
-193.0
-93.0
-23.0
-131.0
55.0
8.0
-103.0
3.0
-20.0
11.0
-30.0
-122.0
-80.0
-60.0
11.0
21.0
-124.0
-22.0
29.0
-107.0
-59.0
-17.0
-4.0
-30.0
-79.0
1.0
-17.0
-24.0
51.0
-33.0
-42.0
-12.0
-98.0
-5.0
-35.0
-142.0
29.0
30.0
-16.0
-15.0
-170.0
-35.0
17.0
-91.0
1.0
25.0
26.0
73.0
-23.0
-62.0
-61.0
-11.0
18.0
-122.0
-88.0
84.0
-35.0
-15.0
22.0
-62.0
-23.0
-39.0
-5.0
16.0
-89.0
19.0
30.0
-100.0
-1.0
-8.0
-14.0
95.0
68.0
73.0
-50.0
-138.0
83.0
10.0
-53.0
36.0
-1.0
29.0
-44.0
-45.0
144.0
36.0
-8.0
122.0
-2.0
-57.0
-67.0
-91.0
20.0
32.0
-18.0
43.0
-27.0
-59.0
-109.0
-34.0
140.0
33.0
-42.0
2.0
-110.0
-24.0
-19.0
-11.0
86.0
-45.0
22.0
122.0
-77.0
-39.0
-4.0
-63.0
54.0
2.0
-3.0
12.0
-86.0
53.0
56.0
-98.0
30.0
25.0
-11.0
42.0
-64.0
-42.0
23.0
-31.0
33.0
-46.0
-97.0
-5.0
8.0
139.0
112.0
-63.0
-32.0
-29.0
-14.0
-64.0
-137.0
50.0
70.0
-33.0
18.0
-71.0
-119.0
-29.0
44.0
111.0
-14.0
-80.0
59.0
-43.0
-83.0
41.0
-18.0
2.0
-5.0
-88.0
42.0
24.0
-17.0
-56.0
-109.0
86.0
80.0
-34.0
68.0
-11.0
-41.0
56.0
-56.0
23.0
59.0
-51.0
-5.0
-43.0
3.0
26.0
-80.0
17.0
21.0
-3.0
48.0
-73.0
-60.0
-49.0
-52.0
134.0
79.0
-96.0
-39.0
-123.0
-88.0
-25.0
-97.0
17.0
61.0
-64.0
-7.0
-66.0
-61.0
1.0
-74.0
2.0
-16.0
-121.0
-21.0
-83.0
-86.0
-26.0
-145.0
-35.0
4.0
-77.0
-32.0
-88.0
-73.0
-27.0
-106.0
-18.0
-11.0
-106.0
35.0
-4.0
-82.0
-36.0
-88.0
-9.0
-48.0
-124.0
-17.0
-69.0
-55.0
26.0
-70.0
-28.0
3.0
-63.0
-11.0
-118.0
-73.0
53.0
-26.0
23.0
-11.0
-108.0
-17.0
-45.0
-75.0
-22.0
-105.0
-37.0
-23.0
-86.0
-4.0
-57.0
-65.0
-37.0
-155.0
-53.0
5.0
-45.0
-1.0
-89.0
-54.0
76.0
-20.0
-27.0
-51.0
-105.0
51.0
-24.0
-101.0
-7.0
-69.0
-24.0
-6.0
-45.0
40.0
-46.0
-76.0
13.0
-103.0
-17.0
49.0
-79.0
-26.0
14.0
39.0
24.0
-102.0
-34.0
14.0
-18.0
52.0
-15.0
-18.0
26.0
-78.0
-48.0
-27.0
-44.0
36.0
-28.0
-49.0
52.0
-21.0
17.0
43.0
-13.0
55.0
-47.0
-29.0
73.0
-63.0
-41.0
16.0
-83.0
-3.0
-5.0
-35.0
23.0
-39.0
27.0
16.0
-90.0
-21.0
-8.0
37.0
48.0
-63.0
3.0
-45.0
-77.0
100.0
-37.0
-133.0
-38.0
-56.0
56.0
13.0
-45.0
54.0
-54.0
-68.0
29.0
4.0
62.0
53.0
-69.0
-14.0
-23.0
-14.0
10.0
-51.0
33.0
26.0
-61.0
8.0
-44.0
-40.0
47.0
-6.0
39.0
20.0
-100.0
-59.0
-92.0
-45.0
82.0
-1.0
16.0
-8.0
-46.0
87.0
-29.0
-104.0
-14.0
-79.0
7.0
28.0
-53.0
21.0
-96.0
-146.0
12.0
42.0
32.0
-7.0
-51.0
0.0
-56.0
-11.0
77.0
-71.0
-18.0
18.0
-78.0
-38.0
-59.0
21.0
99.0
-98.0
-72.0
41.0
-41.0
-12.0
-31.0
-27.0
5.0
-80.0
14.0
60.0
-27.0
-8.0
-62.0
-25.0
97.0
-78.0
-68.0
44.0
-48.0
2.0
-7.0
29.0
70.0
-68.0
-58.0
-63.0
-24.0
81.0
4.0
-18.0
26.0
-113.0
-51.0
8.0
-59.0
-27.0
-45.0
-15.0
76.0
-18.0
6.0
-42.0
-172.0
-14.0
-20.0
-31.0
63.0
-34.0
-43.0
-33.0
-70.0
9.0
-92.0
-88.0
62.0
-48.0
-65.0
-30.0
-63.0
23.0
-44.0
-55.0
22.0
-93.0
-52.0
-30.0
-85.0
34.0
-7.0
-19.0
7.0
-118.0
-53.0
-18.0
-96.0
-36.0
-46.0
-12.0
57.0
-43.0
-14.0
-51.0
-168.0
4.0
32.0
-29.0
35.0
-40.0
8.0
37.0
-78.0
-53.0
-70.0
-27.0
47.0
-45.0
0.0
10.0
-106.0
-42.0
-65.0
14.0
93.0
-59.0
21.0
59.0
-67.0
-1.0
-10.0
-2.0
33.0
-59.0
-10.0
-1.0
-23.0
89.0
7.0
-62.0
-2.0
-60.0
4.0
1.0
-41.0
35.0
-40.0
-43.0
23.0
-99.0
-15.0
40.0
-56.0
18.0
-26.0
-57.0
26.0
-61.0
-21.0
18.0
-83.0
-17.0
-25.0
-25.0
32.0
-59.0
-59.0
-27.0
10.0
129.0
-26.0
-80.0
66.0
-30.0
-42.0
-72.0
-126.0
44.0
-25.0
-78.0
34.0
-19.0
14.0
21.0
-83.0
-63.0
-102.0
-50.0
52.0
-73.0
-67.0
-72.0
-107.0
54.0
-2.0
-61.0
50.0
-36.0
-6.0
12.0
-59.0
9.0
-43.0
-80.0
-45.0
-83.0
17.0
60.0
-41.0
35.0
13.0
-44.0
-39.0
-137.0
-65.0
73.0
34.0
54.0
-17.0
-68.0
29.0
-35.0
20.0
44.0
-32.0
89.0
40.0
41.0
208.0
183.0
227.0
314.0
313.0
288.0
270.0
200.0
241.0
314.0
290.0
102.0
2.0
146.0
103.0
-64.0
-82.0
-173.0
-192.0
-194.0
-258.0
-208.0
-244.0
-283.0
-255.0
-267.0
-223.0
-248.0
-285.0
-235.0
-262.0
-294.0
-276.0
-272.0
-182.0
-183.0
-278.0
-250.0
-262.0
-260.0
-211.0
-256.0
-202.0
-180.0
-249.0
-209.0
-238.0
-229.0
-193.0
-246.0
-162.0
-127.0
-171.0
-105.0
-183.0
-243.0
-135.0
-170.0
-164.0
-122.0
-204.0
-91.0
-103.0
-153.0
-141.0
-243.0
-148.0
-111.0
-186.0
-62.0
-65.0
-163.0
-100.0
-183.0
-128.0
-71.0
-169.0
-41.0
-80.0
-178.0
-76.0
-123.0
-109.0
-133.0
-177.0
-23.0
-89.0
-182.0
-83.0
-93.0
-39.0
-64.0
-156.0
-83.0
-95.0
-104.0
10.0
-91.0
-107.0
-48.0
-93.0
-26.0
-110.0
-150.0
-26.0
-102.0
-182.0
-129.0
-62.0
20.0
-101.0
-137.0
-97.0
-150.0
-14.0
35.0
-119.0
-73.0
-100.0
-141.0
-78.0
-168.0
-108.0
-67.0
-92.0
-1.0
-101.0
-153.0
-26.0
-84.0
-61.0
-17.0
-109.0
-49.0
-69.0
-99.0
-90.0
-186.0
-76.0
11.0
-138.0
-103.0
-64.0
-49.0
-10.0
-76.0
-22.0
-26.0
-168.0
-39.0
-14.0
-62.0
-50.0
-138.0
-54.0
-46.0
-124.0
-33.0
-37.0
-24.0
47.0
-116.0
-188.0
-40.0
-15.0
-34.0
-115.0
-168.0
-17.0
43.0
32.0
-88.0
-206.0
-46.0
-11.0
-39.0
-10.0
-50.0
5.0
-32.0
-102.0
9.0
-70.0
-166.0
-62.0
-49.0
-12.0
-12.0
-108.0
-34.0
-99.0
-154.0
-94.0
-163.0
-88.0
14.0
-27.0
-10.0
-78.0
-80.0
-38.0
-147.0
-85.0
-53.0
-122.0
-39.0
-84.0
-90.0
-20.0
-151.0
-56.0
27.0
-88.0
-49.0
-31.0
-68.0
-59.0
-137.0
-97.0
-104.0
-214.0
-84.0
-5.0
-25.0
-24.0
-166.0
-90.0
-2.0
-96.0
-32.0
-34.0
-68.0
-22.0
-106.0
-87.0
-60.0
-167.0
-33.0
-79.0
-129.0
-6.0
-77.0
-49.0
-66.0
-163.0
7.0
-27.0
-92.0
-51.0
-99.0
-17.0
-66.0
-206.0
-24.0
-8.0
-86.0
-39.0
-133.0
-94.0
-64.0
-119.0
-8.0
-44.0
-82.0
18.0
-70.0
-81.0
-84.0
-162.0
-8.0
-17.0
-49.0
30.0
-90.0
-90.0
-51.0
-142.0
-65.0
-59.0
-92.0
9.0
-82.0
-122.0
-90.0
-51.0
26.0
-44.0
-111.0
-85.0
-116.0
-17.0
-36.0
-194.0
-70.0
5.0
-28.0
-16.0
-133.0
-53.0
30.0
-84.0
-53.0
-99.0
-124.0
41.0
-23.0
-55.0
-42.0
-123.0
-50.0
-56.0
-67.0
61.0
-52.0
-98.0
-52.0
-44.0
49.0
-44.0
-54.0
31.0
-107.0
-116.0
-62.0
-131.0
26.0
43.0
-79.0
-93.0
-56.0
37.0
-1.0
-91.0
33.0
-51.0
-183.0
-64.0
-22.0
43.0
59.0
-42.0
-1.0
-97.0
-150.0
11.0
-16.0
-40.0
-30.0
-90.0
-16.0
-20.0
-49.0
-26.0
-123.0
-82.0
-10.0
-60.0
37.0
-21.0
-129.0
-20.0
-52.0
-68.0
-89.0
-82.0
59.0
-59.0
-86.0
17.0
-59.0
-8.0
34.0
-49.0
16.0
-53.0
-177.0
-114.0
-15.0
82.0
42.0
-106.0
-93.0
-57.0
-24.0
12.0
-85.0
-16.0
28.0
-104.0
-81.0
-34.0
-39.0
4.0
-68.0
-37.0
4.0
-79.0
-7.0
26.0
-29.0
-36.0
-150.0
-37.0
25.0
-111.0
-41.0
4.0
-51.0
4.0
-39.0
-38.0
-25.0
-132.0
-47.0
29.0
21.0
60.0
-46.0
-32.0
35.0
21.0
118.0
38.0
96.0
304.0
317.0
280.0
240.0
172.0
267.0
264.0
156.0
163.0
23.0
-72.0
31.0
-16.0
-46.0
-138.0
-134.0
-44.0
-188.0
-279.0
-235.0
-194.0
-108.0
-215.0
-266.0
-248.0
-265.0
-172.0
-177.0
-275.0
-203.0
-212.0
-253.0
-176.0
-233.0
-209.0
-181.0
-240.0
-189.0
-180.0
-186.0
-126.0
-211.0
-204.0
-171.0
-261.0
-271.0
-239.0
-156.0
-116.0
-229.0
-215.0
-207.0
-253.0
-125.0
-136.0
-197.0
-96.0
-140.0
-192.0
-182.0
-181.0
-44.0
-105.0
-220.0
-191.0
-212.0
-46.0
-8.0
-195.0
-185.0
-216.0
-173.0
-122.0
-224.0
-129.0
-25.0
-180.0
-88.0
-82.0
-158.0
-51.0
-95.0
-93.0
-71.0
-186.0
-61.0
-64.0
-156.0
-54.0
-77.0
-117.0
-148.0
-140.0
26.0
-63.0
-163.0
-23.0
-78.0
-98.0
-72.0
-117.0
-65.0
-28.0
-25.0
-3.0
-129.0
-93.0
-37.0
-150.0
-154.0
-168.0
-125.0
-11.0
-98.0
-76.0
-70.0
-166.0
-101.0
-111.0
-89.0
10.0
-68.0
-16.0
-52.0
-152.0
44.0
32.0
-91.0
-61.0
-172.0
-109.0
-22.0
-125.0
-69.0
-102.0
-146.0
-17.0
-62.0
-107.0
-119.0
-118.0
46.0
-43.0
-91.0
27.0
-42.0
-83.0
-22.0
-97.0
-7.0
-64.0
-140.0
-55.0
-142.0
-144.0
-83.0
-96.0
17.0
-81.0
-183.0
-35.0
-32.0
-60.0
-50.0
-99.0
-49.0
-91.0
-61.0
20.0
-125.0
-139.0
39.0
5.0
-48.0
-134.0
-145.0
-89.0
-165.0
-123.0
9.0
-62.0
-93.0
-98.0
-98.0
-6.0
-102.0
-96.0
16.0
-66.0
-30.0
-87.0
-174.0
-70.0
-136.0
-72.0
47.0
-103.0
-61.0
-18.0
-97.0
-50.0
-114.0
-67.0
42.0
-64.0
-35.0
-73.0
-231.0
-67.0
22.0
-1.0
-57.0
-144.0
6.0
-51.0
-186.0
-56.0
-21.0
-43.0
-102.0
-156.0
-28.0
12.0
-31.0
30.0
-78.0
-107.0
-11.0
-70.0
-96.0
-121.0
-33.0
41.0
-115.0
-140.0
-31.0
1.0
24.0
-49.0
-159.0
-174.0
-135.0
11.0
18.0
-96.0
-39.0
-78.0
-106.0
-23.0
-154.0
-114.0
-48.0
-116.0
30.0
6.0
-144.0
-34.0
-81.0
-89.0
-21.0
-54.0
-26.0
-72.0
-181.0
-87.0
-59.0
-98.0
-73.0
-97.0
-1.0
-15.0
-134.0
-90.0
-108.0
-12.0
72.0
-67.0
-109.0
-102.0
-140.0
-81.0
-67.0
6.0
33.0
-145.0
-125.0
-48.0
-84.0
-35.0
-49.0
-32.0
-44.0
-167.0
-12.0
2.0
-72.0
-19.0
-17.0
8.0
-40.0
-185.0
-70.0
2.0
-48.0
10.0
-105.0
-100.0
8.0
-90.0
-114.0
-137.0
-50.0
80.0
-83.0
-154.0
-50.0
-81.0
-63.0
-54.0
-56.0
-22.0
-47.0
-60.0
-6.0
-68.0
-63.0
-107.0
-55.0
42.0
-59.0
-40.0
-44.0
-129.0
-33.0
-69.0
-77.0
102.0
16.0
-49.0
-40.0
-127.0
-47.0
-17.0
-87.0
-36.0
-90.0
-58.0
-10.0
-50.0
21.0
-42.0
-81.0
-7.0
-94.0
-12.0
67.0
-111.0
-56.0
-17.0
-102.0
-68.0
-162.0
-87.0
76.0
-26.0
-39.0
-80.0
-83.0
48.0
-42.0
-63.0
-16.0
-120.0
-70.0
-35.0
-105.0
3.0
-52.0
-100.0
-3.0
-57.0
-5.0
-5.0
-65.0
27.0
1.0
17.0
68.0
-36.0
17.0
41.0
85.0
253.0
180.0
176.0
301.0
318.0
294.0
253.0
214.0
269.0
211.0
214.0
215.0
168.0
73.0
202.0
301.0
261.0
175.0
105.0
71.0
-48.0
-83.0
-169.0
-290.0
-198.0
-129.0
-253.0
-297.0
-288.0
-288.0
-294.0
-288.0
-288.0
-293.0
-269.0
-264.0
-294.0
-270.0
-254.0
-279.0
-233.0
-259.0
-298.0
-283.0
-282.0
-243.0
-251.0
-253.0
-189.0
-258.0
-286.0
-240.0
-227.0
-121.0
-145.0
-213.0
-191.0
-218.0
-183.0
-181.0
-204.0
-116.0
-174.0
-244.0
-137.0
-178.0
-211.0
-214.0
-250.0
-99.0
-78.0
-151.0
-59.0
-149.0
-134.0
-65.0
-182.0
-101.0
-114.0
-199.0
-65.0
-69.0
-45.0
-18.0
-155.0
-99.0
-83.0
-146.0
3.0
-65.0
-116.0
-93.0
-214.0
-116.0
-31.0
-27.0
27.0
-137.0
-166.0
10.0
-65.0
-54.0
-22.0
-93.0
-74.0
-188.0
-196.0
-26.0
-44.0
-29.0
-46.0
-135.0
-73.0
-60.0
-67.0
-69.0
-71.0
-8.0
-64.0
-112.0
21.0
-55.0
-60.0
5.0
-148.0
-69.0
-39.0
-164.0
-65.0
-45.0
-58.0
12.0
-80.0
-97.0
-158.0
-93.0
96.0
-8.0
-28.0
-21.0
-148.0
35.0
47.0
-52.0
38.0
-61.0
-146.0
-76.0
-69.0
-3.0
-39.0
-112.0
-27.0
-102.0
-77.0
28.0
-88.0
-99.0
-46.0
-6.0
78.0
-30.0
-149.0
-115.0
-10.0
73.0
13.0
-84.0
-5.0
-54.0
-22.0
2.0
-127.0
-73.0
-20.0
-22.0
88.0
-11.0
-78.0
23.0
-71.0
24.0
84.0
-50.0
-34.0
-45.0
-23.0
22.0
-23.0
-14.0
-80.0
-119.0
21.0
-30.0
-14.0
27.0
-97.0
-57.0
-59.0
-40.0
88.0
-51.0
-92.0
105.0
5.0
-31.0
8.0
-34.0
-5.0
-113.0
-92.0
75.0
-19.0
3.0
-95.0
-124.0
45.0
-99.0
-37.0
137.0
-18.0
-58.0
-78.0
-87.0
43.0
-9.0
-32.0
-40.0
-127.0
58.0
7.0
-112.0
37.0
-6.0
-44.0
-56.0
-167.0
15.0
135.0
6.0
33.0
27.0
37.0
29.0
-100.0
-16.0
-49.0
-116.0
3.0
-54.0
-33.0
-33.0
-204.0
-21.0
145.0
33.0
34.0
-99.0
-143.0
82.0
47.0
37.0
-20.0
-76.0
45.0
-10.0
-118.0
-68.0
-58.0
24.0
0.0
-82.0
22.0
-43.0
-70.0
71.0
-49.0
-8.0
33.0
-76.0
-19.0
-44.0
33.0
102.0
-84.0
-37.0
46.0
-39.0
10.0
-1.0
-59.0
2.0
-59.0
-34.0
45.0
-10.0
-76.0
-61.0
72.0
67.0
-119.0
-139.0
20.0
40.0
61.0
-60.0
-43.0
48.0
-44.0
-57.0
-58.0
-113.0
-22.0
-80.0
-134.0
-143.0
68.0
271.0
-17.0
-168.0
66.0
150.0
112.0
58.0
-48.0
82.0
92.0
3.0
62.0
-97.0
-133.0
79.0
81.0
-43.0
-121.0
11.0
167.0
52.0
-16.0
15.0
-81.0
-21.0
101.0
74.0
79.0
-40.0
-17.0
77.0
-94.0
-97.0
37.0
26.0
1.0
-48.0
-71.0
117.0
132.0
31.0
-100.0
17.0
195.0
-21.0
-112.0
-37.0
-170.0
25.0
223.0
41.0
-84.0
-108.0
8.0
147.0
53.0
53.0
43.0
-59.0
-46.0
-159.0
-27.0
93.0
-11.0
102.0
18.0
-88.0
-48.0
-131.0
70.0
96.0
-123.0
100.0
176.0
29.0
81.0
-111.0
-49.0
212.0
67.0
136.0
170.0
61.0
140.0
39.0
-10.0
99.0
-42.0
108.0
332.0
278.0
221.0
192.0
265.0
284.0
114.0
120.0
144.0
-21.0
-33.0
186.0
130.0
-14.0
-208.0
-86.0
-71.0
-263.0
-249.0
-144.0
-105.0
-124.0
-249.0
-265.0
-244.0
-251.0
-164.0
-228.0
-305.0
-282.0
-261.0
-148.0
-169.0
-279.0
-212.0
-219.0
-221.0
-96.0
-142.0
-156.0
-129.0
-202.0
-210.0
-237.0
-223.0
-114.0
-196.0
-197.0
-202.0
-213.0
-101.0
-172.0
-265.0
-160.0
-138.0
-89.0
-127.0
-225.0
-180.0
-229.0
-230.0
-95.0
-167.0
-224.0
-216.0
-191.0
-65.0
-135.0
-175.0
-105.0
-213.0
-191.0
-168.0
-230.0
-162.0
-175.0
-152.0
-90.0
-173.0
-177.0
-210.0
-229.0
-197.0
-223.0
-93.0
-21.0
-172.0
-138.0
-114.0
-178.0
-121.0
-175.0
-200.0
-106.0
-158.0
-120.0
-124.0
-182.0
-111.0
-187.0
-199.0
-107.0
-189.0
-173.0
-144.0
-205.0
-150.0
-139.0
-113.0
-143.0
-253.0
-161.0
-169.0
-185.0
-25.0
-120.0
-173.0
-92.0
-184.0
-125.0
-102.0
-217.0
-181.0
-202.0
-155.0
7.0
-98.0
-115.0
-111.0
-199.0
-67.0
-127.0
-185.0
-136.0
-237.0
-162.0
-87.0
-122.0
-62.0
-157.0
-129.0
4.0
-141.0
-148.0
-117.0
-153.0
-66.0
-117.0
-135.0
-12.0
-52.0
-23.0
-71.0
-192.0
-90.0
-144.0
-178.0
-134.0
-175.0
-8.0
16.0
-109.0
-44.0
-89.0
-169.0
-159.0
-202.0
-46.0
-41.0
-153.0
-28.0
-111.0
-225.0
-114.0
-91.0
-46.0
-48.0
-150.0
-88.0
-133.0
-138.0
-81.0
-167.0
-95.0
-97.0
-177.0
-76.0
-139.0
-144.0
-59.0
-144.0
-88.0
-41.0
-144.0
-150.0
-146.0
-44.0
-6.0
-188.0
-114.0
-63.0
-145.0
-42.0
-73.0
-97.0
-98.0
-193.0
-118.0
-91.0
-145.0
-13.0
-72.0
-148.0
-57.0
-151.0
-178.0
-86.0
-86.0
-60.0
-131.0
-133.0
-39.0
-126.0
-100.0
-89.0
-150.0
-89.0
-156.0
-122.0
59.0
-78.0
-113.0
-100.0
-169.0
-50.0
-60.0
-63.0
12.0
-130.0
-115.0
-43.0
-136.0
-77.0
-121.0
-162.0
-54.0
-108.0
-46.0
5.0
-127.0
-85.0
-115.0
-131.0
-29.0
-56.0
-32.0
-45.0
-109.0
-41.0
-126.0
-134.0
-14.0
-114.0
-131.0
-73.0
-120.0
-73.0
-89.0
-92.0
-33.0
-97.0
-33.0
-41.0
-175.0
-85.0
-136.0
-198.0
-64.0
-37.0
0.0
-7.0
-156.0
-102.0
-93.0
-88.0
-45.0
-136.0
-98.0
-73.0
-162.0
-78.0
-103.0
-140.0
-70.0
-144.0
-134.0
-70.0
-92.0
-37.0
-118.0
-104.0
-15.0
-131.0
-112.0
-98.0
-146.0
-57.0
-73.0
-80.0
-42.0
-135.0
-29.0
-35.0
-149.0
-76.0
-145.0
-122.0
1.0
-83.0
-61.0
-48.0
-164.0
-45.0
-52.0
-107.0
-36.0
-117.0
-110.0
-81.0
-116.0
-41.0
-70.0
-83.0
-29.0
-143.0
-136.0
-58.0
-84.0
-46.0
-79.0
-37.0
21.0
-143.0
-129.0
-46.0
-75.0
-1.0
-78.0
-134.0
-50.0
-92.0
-73.0
-76.0
-140.0
-49.0
-58.0
-25.0
20.0
-133.0
-87.0
-15.0
-109.0
-103.0
-138.0
-102.0
11.0
-109.0
-89.0
-54.0
-166.0
-48.0
-13.0
-55.0
-52.0
-157.0
-98.0
-73.0
-145.0
-5.0
-38.0
-58.0
2.0
-105.0
-111.0
-63.0
-114.0
-4.0
-71.0
-133.0
-25.0
-49.0
-63.0
-112.0
-138.0
-7.0
-39.0
-49.0
11.0
-134.0
-121.0
4.0
-62.0
-83.0
-135.0
-80.0
21.0
-97.0
-76.0
-49.0
-119.0
-45.0
-100.0
-75.0
14.0
-101.0
-80.0
-35.0
-114.0
-48.0
-56.0
-87.0
7.0
-61.0
-37.0
-14.0
-117.0
-17.0
-34.0
-58.0
-10.0
-60.0
-1.0
-7.0
-130.0
-68.0
-28.0
-34.0
8.0
-97.0
-73.0
-18.0
-65.0
-12.0
-63.0
-85.0
-4.0
-79.0
-38.0
-43.0
-168.0
-33.0
-4.0
-107.0
-40.0
-80.0
-88.0
-43.0
-70.0
-17.0
-59.0
-59.0
39.0
-74.0
-67.0
-17.0
-91.0
-16.0
-26.0
-88.0
-63.0
-73.0
6.0
21.0
-46.0
-4.0
-88.0
-118.0
18.0
-30.0
-48.0
-66.0
-84.0
46.0
-41.0
-69.0
-17.0
-136.0
-41.0
15.0
-45.0
-16.0
-87.0
-86.0
10.0
-103.0
-70.0
-32.0
-88.0
-60.0
-90.0
-88.0
1.0
-33.0
5.0
-9.0
-121.0
-26.0
-73.0
-146.0
-71.0
-60.0
37.0
25.0
-112.0
-69.0
-61.0
-65.0
34.0
-36.0
-66.0
-41.0
-105.0
-47.0
-34.0
-46.0
5.0
-93.0
-69.0
36.0
-60.0
-26.0
-89.0
-120.0
34.0
-60.0
-68.0
-14.0
-105.0
3.0
-21.0
-142.0
-6.0
-53.0
-62.0
4.0
-126.0
-56.0
-20.0
-74.0
-8.0
-50.0
-17.0
-37.0
-131.0
-18.0
-21.0
-133.0
7.0
-11.0
-11.0
-11.0
-92.0
21.0
-46.0
-163.0
-54.0
-38.0
17.0
29.0
-117.0
-28.0
-22.0
-59.0
23.0
-92.0
-105.0
-38.0
-88.0
30.0
-24.0
-123.0
-53.0
-104.0
-70.0
-31.0
-84.0
-23.0
-49.0
-46.0
22.0
-118.0
-84.0
11.0
-100.0
-29.0
-18.0
-72.0
-62.0
-147.0
-45.0
56.0
-59.0
-60.0
-128.0
-109.0
9.0
-117.0
-122.0
-33.0
-72.0
17.0
-56.0
-75.0
9.0
-127.0
-51.0
69.0
-70.0
-69.0
-97.0
-106.0
-5.0
-116.0
-90.0
-18.0
-86.0
-10.0
-44.0
-99.0
-23.0
-110.0
-79.0
3.0
-96.0
-45.0
-11.0
-25.0
5.0
-97.0
-106.0
-76.0
-108.0
-13.0
-22.0
-51.0
-7.0
-124.0
-90.0
-21.0
-128.0
-53.0
2.0
-40.0
-4.0
-126.0
-96.0
-54.0
-61.0
27.0
-74.0
-126.0
-25.0
-101.0
-59.0
54.0
-37.0
-16.0
-46.0
-78.0
-8.0
-118.0
-130.0
-9.0
-38.0
4.0
-24.0
-76.0
-3.0
-117.0
-141.0
-21.0
-24.0
37.0
-82.0
-124.0
-15.0
-90.0
-81.0
-6.0
-45.0
32.0
-10.0
-110.0
-51.0
-61.0
-46.0
15.0
-43.0
-22.0
-78.0
-82.0
8.0
-68.0
11.0
62.0
-86.0
5.0
26.0
-64.0
-40.0
-69.0
-4.0
3.0
-76.0
34.0
-30.0
-130.0
-7.0
-33.0
-39.0
40.0
-27.0
-17.0
-45.0
-138.0
12.0
15.0
-11.0
-31.0
-121.0
42.0
40.0
-67.0
-14.0
-62.0
-28.0
11.0
-94.0
-3.0
1.0
-36.0
44.0
-66.0
-68.0
4.0
-69.0
32.0
-5.0
-90.0
-8.0
-54.0
-10.0
33.0
-17.0
41.0
-44.0
-81.0
35.0
-26.0
-5.0
44.0
-40.0
74.0
115.0
114.0
200.0
237.0
287.0
309.0
302.0
289.0
242.0
243.0
258.0
73.0
95.0
166.0
11.0
-31.0
-161.0
-192.0
-96.0
-220.0
-254.0
-221.0
-260.0
-226.0
-251.0
-286.0
-264.0
-279.0
-250.0
-230.0
-272.0
-220.0
-243.0
-293.0
-272.0
-281.0
-257.0
-221.0
-257.0
-237.0
-260.0
-266.0
-199.0
-246.0
-239.0
-197.0
-269.0
-242.0
-223.0
-200.0
-121.0
-231.0
-208.0
-163.0
-244.0
-150.0
-118.0
-188.0
-136.0
-173.0
-144.0
-130.0
-218.0
-131.0
-114.0
-178.0
-124.0
-211.0
-194.0
-94.0
-184.0
-143.0
-120.0
-204.0
-97.0
-133.0
-136.0
-103.0
-179.0
-115.0
-137.0
-199.0
-67.0
-102.0
-86.0
-81.0
-139.0
-109.0
-201.0
-166.0
-7.0
-142.0
-171.0
-95.0
-141.0
-102.0
-131.0
-178.0
-105.0
-158.0
-120.0
-56.0
-117.0
-70.0
-115.0
-181.0
-95.0
-114.0
-88.0
-55.0
-150.0
-80.0
-120.0
-207.0
-77.0
-70.0
-49.0
-74.0
-188.0
-127.0
-77.0
-87.0
-48.0
-136.0
-84.0
-33.0
-136.0
-80.0
-87.0
-148.0
15.0
-67.0
-106.0
-54.0
-147.0
-15.0
14.0
-106.0
-35.0
-114.0
-95.0
-33.0
-144.0
-64.0
-23.0
-91.0
-11.0
-91.0
-104.0
-54.0
-155.0
-80.0
-92.0
-131.0
-32.0
-118.0
-144.0
-26.0
-100.0
-91.0
-124.0
-167.0
-48.0
-72.0
-39.0
-41.0
-194.0
-51.0
-16.0
-95.0
-27.0
-128.0
-100.0
-26.0
-185.0
-161.0
-102.0
-100.0
27.0
-108.0
-133.0
-42.0
-108.0
-56.0
-60.0
-125.0
-58.0
-79.0
-99.0
-49.0
-156.0
-98.0
-116.0
-159.0
-35.0
-101.0
-115.0
-82.0
-129.0
-61.0
-68.0
-127.0
-56.0
-136.0
-134.0
-27.0
-133.0
-70.0
-77.0
-154.0
-58.0
-143.0
-150.0
-47.0
-79.0
-24.0
-82.0
-191.0
-57.0
-136.0
-143.0
-52.0
-125.0
-17.0
-24.0
-140.0
-61.0
-116.0
-88.0
-36.0
-115.0
-48.0
-34.0
-143.0
-55.0
-83.0
-118.0
-82.0
-182.0
-41.0
-8.0
-126.0
-26.0
-65.0
-166.0
-106.0
-63.0
-18.0
-72.0
-94.0
-7.0
-97.0
-89.0
-14.0
-113.0
-79.0
-60.0
-116.0
-51.0
-96.0
-75.0
-40.0
-109.0
-10.0
-62.0
-135.0
-18.0
-70.0
-80.0
-21.0
-105.0
-52.0
-44.0
-91.0
-56.0
-149.0
-72.0
-48.0
-176.0
-55.0
24.0
-65.0
-82.0
-118.0
-62.0
-59.0
-166.0
-80.0
-59.0
-124.0
-2.0
-53.0
-75.0
-34.0
-132.0
-68.0
-76.0
-118.0
-40.0
-83.0
-49.0
-35.0
-135.0
-77.0
-92.0
-133.0
-9.0
-83.0
-87.0
-22.0
-97.0
-30.0
-34.0
-89.0
-27.0
-90.0
-95.0
-55.0
-106.0
-2.0
-30.0
-111.0
-19.0
-81.0
-111.0
19.0
-35.0
-24.0
-111.0
-122.0
54.0
-46.0
-83.0
17.0
-58.0
-37.0
-98.0
-71.0
97.0
-10.0
-67.0
-45.0
-115.0
-54.0
-23.0
-70.0
-22.0
-98.0
-78.0
26.0
-76.0
-36.0
-53.0
-101.0
11.0
-52.0
-63.0
1.0
-49.0
-6.0
-74.0
-138.0
-13.0
-71.0
-109.0
-40.0
-73.0
-11.0
-36.0
-80.0
13.0
-86.0
-114.0
-14.0
-66.0
-34.0
-67.0
-99.0
8.0
-68.0
-91.0
-54.0
-155.0
-4.0
31.0
-89.0
-50.0
-128.0
-129.0
1.0
-77.0
-39.0
-36.0
-78.0
13.0
-69.0
-118.0
-59.0
-90.0
-21.0
-1.0
-91.0
-37.0
-81.0
-82.0
-2.0
-66.0
-2.0
-14.0
-108.0
-8.0
-41.0
-41.0
-22.0
-102.0
42.0
32.0
-145.0
-42.0
13.0
-24.0
-35.0
-137.0
-18.0
25.0
-92.0
-13.0
-35.0
-83.0
-30.0
-90.0
-45.0
-37.0
-50.0
49.0
-57.0
-73.0
56.0
-33.0
-60.0
-121.0
-150.0
67.0
12.0
-76.0
-52.0
-112.0
20.0
43.0
-52.0
33.0
-17.0
-10.0
41.0
-82.0
11.0
62.0
71.0
160.0
57.0
26.0
100.0
34.0
108.0
70.0
-50.0
55.0
-14.0
-116.0
-56.0
-10.0
51.0
4.0
-60.0
35.0
-27.0
-47.0
-18.0
-112.0
2.0
7.0
-89.0
-52.0
-159.0
-70.0
44.0
-55.0
1.0
-41.0
-68.0
-12.0
-71.0
-10.0
94.0
-2.0
67.0
82.0
86.0
261.0
259.0
255.0
297.0
310.0
298.0
271.0
278.0
288.0
190.0
172.0
129.0
-6.0
142.0
24.0
-205.0
-92.0
-96.0
-193.0
-220.0
-270.0
-219.0
-233.0
-290.0
-294.0
-289.0
-252.0
-226.0
-277.0
-244.0
-251.0
-281.0
-229.0
-256.0
-254.0
-206.0
-267.0
-227.0
-220.0
-241.0
-195.0
-254.0
-250.0
-194.0
-243.0
-168.0
-201.0
-268.0
-187.0
-211.0
-218.0
-186.0
-241.0
-115.0
-94.0
-222.0
-213.0
-227.0
-147.0
-58.0
-172.0
-112.0
-126.0
-191.0
-98.0
-151.0
-148.0
0.0
0.0
0.0
0.0
0.0
0.0
0.0
0.0
0.0
0.0
0.0
0.0
0.0
0.0
0.0
0.0
0.0
0.0
0.0
0.0
0.0
0.0
0.0
0.0
0.0
0.0
0.0
0.0
0.0
0.0
0.0
0.0
0.0
0.0
0.0
0.0
0.0
0.0
0.0
0.0
0.0
0.0
0.0
0.0
0.0
0.0
0.0
0.0
0.0
0.0
0.0
0.0
0.0
0.0
0.0
0.0
0.0
0.0
0.0
0.0
0.0
0.0
0.0
0.0
0.0
0.0
0.0
0.0
0.0
0.0
0.0
0.0
0.0
0.0
0.0
0.0
0.0
0.0
0.0
0.0
0.0
0.0
0.0
0.0
0.0
0.0
0.0
0.0
0.0
0.0
0.0
0.0
0.0
0.0
0.0
0.0
0.0
0.0
0.0
0.0
0.0
0.0
0.0
0.0
0.0
0.0
0.0
0.0
0.0
0.0
0.0
0.0
0.0
0.0
0.0
0.0
0.0
0.0
0.0
0.0
0.0
0.0
0.0
0.0
0.0
0.0
0.0
0.0
