-33.0
-39.0
-49.0
-51.0
-88.0
-21.0
-22.0
-63.0
-74.0
-55.0
-61.0
-24.0
-41.0
-39.0
-17.0
-59.0
-35.0
-14.0
-43.0
-30.0
-54.0
-55.0
-29.0
-33.0
-28.0
-32.0
-40.0
-18.0
-10.0
-33.0
-42.0
-54.0
-56.0
-53.0
-73.0
-43.0
-37.0
-56.0
-49.0
-49.0
-12.0
-31.0
-31.0
-7.0
-16.0
11.0
10.0
-40.0
-27.0
-4.0
-12.0
-8.0
-16.0
-12.0
-3.0
-36.0
-10.0
7.0
-21.0
-11.0
-21.0
-16.0
-3.0
-8.0
23.0
14.0
26.0
29.0
12.0
21.0
46.0
23.0
29.0
20.0
-6.0
4.0
21.0
10.0
1.0
-23.0
17.0
45.0
16.0
20.0
16.0
20.0
29.0
0.0
10.0
17.0
7.0
4.0
-31.0
-32.0
-2.0
-12.0
6.0
-12.0
-20.0
18.0
1.0
1.0
18.0
-22.0
3.0
3.0
-18.0
17.0
22.0
24.0
35.0
35.0
45.0
31.0
24.0
39.0
40.0
26.0
23.0
1.0
-6.0
12.0
-7.0
10.0
33.0
22.0
23.0
15.0
17.0
14.0
8.0
30.0
31.0
17.0
34.0
26.0
32.0
52.0
36.0
22.0
18.0
36.0
13.0
10.0
71.0
65.0
37.0
39.0
11.0
10.0
30.0
11.0
10.0
21.0
1.0
14.0
-8.0
16.0
43.0
24.0
37.0
42.0
2.0
33.0
21.0
2.0
28.0
20.0
81.0
81.0
25.0
49.0
52.0
67.0
86.0
70.0
53.0
46.0
34.0
48.0
43.0
33.0
48.0
54.0
71.0
39.0
12.0
50.0
52.0
30.0
56.0
39.0
44.0
36.0
2.0
26.0
5.0
-4.0
51.0
36.0
30.0
12.0
-2.0
57.0
84.0
78.0
68.0
44.0
82.0
80.0
59.0
49.0
47.0
53.0
65.0
56.0
91.0
62.0
33.0
48.0
46.0
43.0
71.0
46.0
15.0
14.0
24.0
81.0
58.0
43.0
38.0
0.0
30.0
56.0
45.0
54.0
12.0
-5.0
21.0
29.0
5.0
-2.0
-6.0
55.0
58.0
25.0
31.0
44.0
60.0
50.0
37.0
76.0
64.0
36.0
58.0
71.0
44.0
24.0
2.0
3.0
24.0
32.0
-9.0
-21.0
2.0
-11.0
-34.0
-15.0
9.0
31.0
26.0
-2.0
6.0
28.0
31.0
67.0
37.0
21.0
27.0
11.0
23.0
23.0
44.0
65.0
40.0
29.0
74.0
64.0
5.0
22.0
53.0
58.0
41.0
42.0
31.0
10.0
49.0
39.0
23.0
71.0
56.0
41.0
45.0
18.0
32.0
53.0
31.0
17.0
42.0
41.0
38.0
-1.0
-8.0
25.0
52.0
48.0
1.0
-11.0
34.0
24.0
22.0
21.0
-8.0
-13.0
4.0
16.0
29.0
-3.0
1.0
8.0
-24.0
-2.0
24.0
8.0
26.0
-3.0
3.0
25.0
18.0
39.0
36.0
19.0
18.0
16.0
32.0
52.0
72.0
83.0
51.0
36.0
60.0
30.0
17.0
10.0
1.0
18.0
1.0
-12.0
38.0
20.0
24.0
48.0
3.0
8.0
-1.0
-3.0
-6.0
-42.0
-27.0
-11.0
-41.0
-13.0
0.0
22.0
30.0
-15.0
1.0
6.0
6.0
32.0
7.0
-22.0
-7.0
46.0
74.0
30.0
-9.0
17.0
1.0
12.0
81.0
41.0
17.0
11.0
11.0
74.0
66.0
53.0
44.0
20.0
76.0
71.0
6.0
39.0
62.0
43.0
45.0
25.0
18.0
1.0
1.0
58.0
49.0
26.0
24.0
-26.0
3.0
23.0
71.0
74.0
32.0
-5.0
9.0
13.0
45.0
58.0
13.0
29.0
18.0
19.0
58.0
57.0
45.0
25.0
59.0
54.0
29.0
46.0
47.0
20.0
39.0
59.0
28.0
54.0
42.0
54.0
89.0
57.0
35.0
33.0
55.0
86.0
52.0
16.0
22.0
13.0
18.0
42.0
39.0
38.0
2.0
6.0
36.0
21.0
1.0
10.0
20.0
76.0
64.0
29.0
40.0
6.0
24.0
34.0
-19.0
-3.0
-45.0
-52.0
-2.0
-20.0
-7.0
12.0
-12.0
17.0
-11.0
-31.0
-46.0
-12.0
43.0
33.0
8.0
-3.0
-23.0
11.0
34.0
-5.0
-26.0
-35.0
-53.0
3.0
24.0
-19.0
-32.0
-39.0
-35.0
6.0
11.0
24.0
-2.0
-10.0
-18.0
-20.0
-5.0
10.0
-6.0
-11.0
-13.0
-1.0
-10.0
-12.0
-7.0
-8.0
-34.0
-11.0
-24.0
-19.0
-12.0
-55.0
-42.0
-33.0
-62.0
-26.0
-32.0
-40.0
-13.0
-43.0
-38.0
-59.0
-72.0
-24.0
-11.0
-8.0
1.0
-42.0
-30.0
-6.0
-27.0
-72.0
-65.0
-36.0
-29.0
-62.0
-44.0
-39.0
-39.0
-24.0
-29.0
4.0
-5.0
-80.0
-62.0
-34.0
-60.0
-77.0
-81.0
-91.0
-46.0
-34.0
-11.0
-18.0
-27.0
-13.0
-13.0
-21.0
-32.0
-77.0
-55.0
-50.0
-78.0
-65.0
-79.0
-113.0
-43.0
-9.0
-8.0
-20.0
-40.0
-10.0
-40.0
-63.0
-60.0
-105.0
-74.0
-58.0
-62.0
-38.0
-42.0
-44.0
-27.0
-22.0
-11.0
-33.0
-48.0
-43.0
-94.0
-69.0
-45.0
-89.0
-79.0
-53.0
-44.0
-33.0
-75.0
-86.0
-33.0
-21.0
13.0
7.0
-41.0
-53.0
-86.0
-59.0
-29.0
-49.0
-63.0
-58.0
-61.0
-37.0
-29.0
-42.0
-43.0
-43.0
-31.0
-34.0
-22.0
-28.0
-28.0
-22.0
3.0
-8.0
-9.0
6.0
-17.0
-5.0
-21.0
-1.0
13.0
-1.0
3.0
5.0
8.0
46.0
35.0
18.0
33.0
19.0
14.0
15.0
13.0
11.0
12.0
17.0
41.0
25.0
17.0
21.0
-2.0
18.0
12.0
11.0
34.0
-6.0
-5.0
-1.0
-11.0
-10.0
19.0
-5.0
-23.0
4.0
39.0
23.0
3.0
15.0
-19.0
-12.0
16.0
-24.0
-16.0
-7.0
-48.0
-29.0
3.0
-15.0
-6.0
-44.0
-70.0
-17.0
3.0
13.0
-48.0
-62.0
21.0
12.0
18.0
7.0
-27.0
-7.0
-7.0
-26.0
-11.0
-30.0
-51.0
-69.0
-48.0
-14.0
-39.0
-26.0
1.0
-1.0
20.0
35.0
-13.0
-1.0
-15.0
-29.0
17.0
-18.0
-36.0
-60.0
-41.0
3.0
-17.0
-48.0
-58.0
-35.0
31.0
20.0
-4.0
10.0
4.0
15.0
13.0
-29.0
-10.0
-28.0
-36.0
1.0
18.0
6.0
-6.0
-11.0
12.0
15.0
18.0
58.0
21.0
4.0
22.0
-23.0
27.0
29.0
13.0
5.0
-24.0
-18.0
24.0
16.0
41.0
8.0
-53.0
-40.0
-10.0
39.0
52.0
-4.0
-34.0
-55.0
-54.0
16.0
43.0
15.0
8.0
-39.0
-14.0
25.0
27.0
31.0
-13.0
10.0
35.0
9.0
32.0
36.0
26.0
13.0
-9.0
5.0
26.0
15.0
45.0
48.0
26.0
25.0
-2.0
26.0
70.0
42.0
20.0
9.0
-7.0
-27.0
-34.0
7.0
-3.0
-4.0
9.0
9.0
-1.0
-4.0
-43.0
-34.0
16.0
-4.0
9.0
25.0
0.0
4.0
-42.0
-20.0
-7.0
-29.0
1.0
-16.0
-41.0
-36.0
-71.0
-54.0
-10.0
-56.0
-25.0
-36.0
-68.0
-34.0
-64.0
-47.0
-36.0
-82.0
-56.0
-37.0
-90.0
-60.0
-61.0
-60.0
-36.0
-61.0
-61.0
-43.0
-22.0
-1.0
-28.0
-25.0
4.0
-18.0
8.0
33.0
8.0
-14.0
-20.0
18.0
31.0
-3.0
4.0
-1.0
-15.0
22.0
-7.0
-5.0
30.0
3.0
0.0
-16.0
-25.0
12.0
1.0
17.0
13.0
-27.0
-5.0
2.0
-13.0
11.0
-26.0
-2.0
18.0
-18.0
-29.0
-2.0
-26.0
-25.0
5.0
0.0
24.0
11.0
3.0
24.0
18.0
23.0
17.0
17.0
11.0
-22.0
-3.0
1.0
4.0
35.0
20.0
7.0
40.0
28.0
11.0
13.0
-16.0
2.0
15.0
22.0
-7.0
-26.0
7.0
4.0
-7.0
-28.0
-77.0
-18.0
-7.0
-43.0
-7.0
-9.0
-20.0
-2.0
-22.0
-18.0
-37.0
-45.0
-6.0
-11.0
-55.0
-19.0
-30.0
-55.0
-52.0
-43.0
-44.0
-35.0
-31.0
-12.0
-43.0
-74.0
-59.0
-67.0
-41.0
-47.0
-24.0
0.0
-51.0
-73.0
-61.0
-53.0
-50.0
-65.0
-69.0
-40.0
-38.0
-54.0
-18.0
-10.0
-12.0
-16.0
-40.0
-24.0
-49.0
-27.0
-23.0
-73.0
-24.0
-35.0
-72.0
-65.0
-25.0
-26.0
-50.0
-91.0
-39.0
-34.0
-41.0
1.0
-16.0
2.0
14.0
-3.0
13.0
-18.0
-67.0
-46.0
-65.0
-60.0
-38.0
-43.0
-27.0
-41.0
-48.0
-21.0
-13.0
-16.0
38.0
39.0
33.0
32.0
-5.0
11.0
3.0
-24.0
-11.0
-31.0
-60.0
-36.0
-29.0
-11.0
-3.0
-3.0
22.0
22.0
12.0
-1.0
3.0
13.0
-12.0
-12.0
7.0
-48.0
-15.0
7.0
-10.0
12.0
-12.0
-34.0
-42.0
-31.0
-1.0
16.0
-3.0
-15.0
-28.0
-23.0
-4.0
-15.0
-8.0
-30.0
-59.0
-32.0
-45.0
-48.0
-30.0
-10.0
7.0
-2.0
-49.0
-40.0
-61.0
-33.0
22.0
8.0
-4.0
-33.0
-51.0
-31.0
-22.0
-27.0
-13.0
-10.0
14.0
8.0
-4.0
-3.0
-23.0
-23.0
12.0
41.0
44.0
7.0
-27.0
-8.0
-47.0
-33.0
-3.0
-60.0
-39.0
6.0
7.0
24.0
3.0
-10.0
-15.0
-36.0
-20.0
29.0
34.0
15.0
-20.0
-26.0
-30.0
-70.0
-34.0
-27.0
-51.0
-20.0
-11.0
14.0
20.0
-7.0
53.0
74.0
29.0
44.0
11.0
-2.0
22.0
10.0
-38.0
-25.0
-16.0
-12.0
-20.0
-21.0
-2.0
-29.0
-53.0
-17.0
27.0
38.0
-1.0
-1.0
6.0
-33.0
21.0
25.0
-62.0
-60.0
-43.0
-14.0
7.0
-13.0
-38.0
-61.0
-32.0
25.0
5.0
21.0
7.0
-53.0
-50.0
-24.0
-31.0
-37.0
-74.0
-82.0
-54.0
-44.0
-36.0
-29.0
-77.0
-77.0
-41.0
-39.0
-26.0
-55.0
-57.0
-61.0
-64.0
-56.0
-79.0
-80.0
-76.0
-76.0
-62.0
-50.0
-38.0
-14.0
-31.0
-45.0
-22.0
-55.0
-42.0
-60.0
-80.0
-14.0
-21.0
-25.0
-23.0
-73.0
-86.0
-105.0
-98.0
-34.0
-6.0
-18.0
-18.0
-44.0
-25.0
-8.0
-32.0
-33.0
-46.0
-32.0
-31.0
-61.0
-18.0
-17.0
-26.0
-29.0
-75.0
-54.0
-59.0
-66.0
-34.0
-54.0
-42.0
-14.0
-33.0
-2.0
32.0
18.0
-2.0
-6.0
-32.0
-2.0
3.0
-23.0
-15.0
-43.0
-34.0
-60.0
-71.0
-50.0
-67.0
-62.0
12.0
26.0
15.0
-32.0
-50.0
0.0
31.0
46.0
32.0
1.0
15.0
-5.0
-36.0
-4.0
-29.0
-54.0
-60.0
-76.0
-20.0
-32.0
-26.0
-40.0
-48.0
-32.0
-15.0
-42.0
-29.0
-8.0
-29.0
-29.0
-47.0
-42.0
-47.0
-78.0
-46.0
-16.0
-38.0
-41.0
-41.0
-54.0
-24.0
-22.0
-16.0
-11.0
-39.0
-41.0
-48.0
-27.0
-50.0
-95.0
-61.0
-39.0
-46.0
-29.0
-44.0
-54.0
-40.0
-51.0
-45.0
-35.0
-15.0
-7.0
-13.0
15.0
1.0
-47.0
-21.0
-28.0
-51.0
-16.0
-29.0
-28.0
-17.0
-51.0
-25.0
-27.0
-63.0
-34.0
-35.0
-20.0
-28.0
-48.0
-33.0
-36.0
-75.0
-83.0
-80.0
-49.0
-31.0
-60.0
-58.0
-59.0
-97.0
-75.0
-49.0
-92.0
-64.0
-10.0
-20.0
-49.0
-53.0
-40.0
-44.0
-33.0
-10.0
-57.0
-67.0
-86.0
-100.0
-59.0
-37.0
-25.0
-64.0
-99.0
-99.0
-83.0
-69.0
-21.0
-42.0
-71.0
-81.0
-107.0
-63.0
-46.0
-80.0
-87.0
-103.0
-101.0
-77.0
-105.0
-114.0
-116.0
-104.0
-79.0
-75.0
-70.0
-73.0
-97.0
-113.0
-110.0
-97.0
-55.0
-62.0
-52.0
-47.0
-65.0
-59.0
-36.0
-42.0
-45.0
-74.0
-35.0
-32.0
-41.0
-40.0
-51.0
-74.0
-39.0
-22.0
-19.0
-38.0
-70.0
-64.0
-67.0
-53.0
-48.0
-74.0
-80.0
-67.0
-59.0
-56.0
-63.0
-74.0
-51.0
-55.0
-68.0
-41.0
-61.0
-22.0
-13.0
-59.0
-13.0
11.0
13.0
-20.0
-48.0
-60.0
-51.0
-62.0
-12.0
-41.0
-69.0
-53.0
-45.0
-13.0
-2.0
-14.0
-12.0
-11.0
-2.0
57.0
101.0
122.0
139.0
156.0
185.0
197.0
261.0
270.0
259.0
262.0
263.0
262.0
260.0
252.0
223.0
240.0
212.0
202.0
169.0
108.0
123.0
111.0
110.0
114.0
88.0
81.0
34.0
-11.0
5.0
-30.0
-51.0
-51.0
-88.0
-77.0
-94.0
-144.0
-141.0
-157.0
-159.0
-149.0
-177.0
-182.0
-184.0
-191.0
-166.0
-181.0
-182.0
-198.0
-203.0
-198.0
-210.0
-214.0
-163.0
-171.0
-206.0
-184.0
-203.0
-212.0
-196.0
-183.0
-163.0
-184.0
-171.0
-164.0
-205.0
-216.0
-203.0
-211.0
-172.0
-177.0
-188.0
-205.0
-220.0
-202.0
-203.0
-208.0
-178.0
-184.0
-182.0
-156.0
-197.0
-149.0
-117.0
-125.0
-118.0
-168.0
-168.0
-146.0
-187.0
-166.0
-181.0
-182.0
-169.0
-148.0
-139.0
-126.0
-158.0
-95.0
-82.0
-105.0
-107.0
-122.0
-112.0
-114.0
-143.0
-120.0
-128.0
-142.0
-114.0
-129.0
-166.0
-148.0
-157.0
-143.0
-124.0
-107.0
-106.0
-126.0
-123.0
-91.0
-129.0
-112.0
-118.0
-133.0
-133.0
-128.0
-96.0
-103.0
-137.0
-106.0
-121.0
-131.0
-108.0
-128.0
-144.0
-93.0
-105.0
-141.0
-94.0
-94.0
-89.0
-102.0
-100.0
-115.0
-111.0
-89.0
-116.0
-150.0
-158.0
-168.0
-120.0
-91.0
-126.0
-129.0
-117.0
-113.0
-44.0
-40.0
-78.0
-86.0
-72.0
-62.0
-47.0
-48.0
-50.0
-90.0
-96.0
-80.0
-75.0
-48.0
-87.0
-76.0
-86.0
-76.0
-34.0
-42.0
-61.0
-34.0
-48.0
-75.0
-44.0
-52.0
-101.0
-78.0
-39.0
-18.0
-34.0
-54.0
-40.0
-53.0
-46.0
-40.0
-69.0
-63.0
-59.0
-89.0
-89.0
-79.0
-95.0
-32.0
-32.0
-61.0
-63.0
-87.0
-54.0
-63.0
-60.0
-63.0
-84.0
-82.0
-83.0
-81.0
-48.0
-79.0
-95.0
-92.0
-64.0
-45.0
-32.0
-43.0
-46.0
-53.0
-25.0
-33.0
-80.0
-44.0
-45.0
-63.0
-58.0
-83.0
-95.0
-52.0
-45.0
-41.0
-51.0
-74.0
-64.0
-46.0
-41.0
-18.0
-45.0
-41.0
-41.0
-78.0
-66.0
-63.0
-65.0
-43.0
-68.0
-69.0
-81.0
-64.0
-4.0
-13.0
-31.0
-35.0
-62.0
-1.0
26.0
-7.0
7.0
-35.0
-61.0
-22.0
-6.0
16.0
-12.0
-55.0
-18.0
-14.0
-15.0
-4.0
-37.0
-30.0
-55.0
-79.0
-31.0
-33.0
-45.0
-30.0
-59.0
-12.0
1.0
-6.0
-4.0
-41.0
-21.0
13.0
-1.0
13.0
0.0
-45.0
-37.0
-3.0
11.0
18.0
-7.0
-10.0
-18.0
-34.0
-27.0
4.0
1.0
-27.0
-76.0
-88.0
-100.0
-83.0
-33.0
-54.0
-58.0
-56.0
-103.0
-65.0
-30.0
-22.0
-14.0
-41.0
-56.0
-39.0
-77.0
-76.0
-77.0
-103.0
-82.0
-80.0
-72.0
-71.0
-83.0
-67.0
-83.0
-76.0
-40.0
-54.0
-54.0
-30.0
-47.0
-39.0
-33.0
-40.0
9.0
-20.0
-77.0
-49.0
-87.0
-35.0
-13.0
-49.0
-33.0
-17.0
-27.0
-6.0
-3.0
-5.0
12.0
4.0
-25.0
-41.0
-32.0
-34.0
-41.0
-7.0
2.0
-15.0
18.0
1.0
2.0
13.0
1.0
5.0
4.0
-42.0
-37.0
-23.0
-30.0
2.0
-14.0
-31.0
-36.0
-5.0
18.0
-1.0
5.0
1.0
-53.0
20.0
22.0
19.0
28.0
-10.0
17.0
13.0
-15.0
25.0
8.0
-31.0
-22.0
-29.0
-49.0
-54.0
-76.0
-39.0
-18.0
-60.0
-29.0
-28.0
-40.0
-30.0
-26.0
-44.0
-37.0
-47.0
-21.0
-19.0
-29.0
-11.0
-23.0
-32.0
-61.0
-63.0
-18.0
-7.0
-28.0
-22.0
-66.0
-26.0
4.0
-14.0
17.0
2.0
-41.0
-34.0
-6.0
28.0
50.0
19.0
-12.0
-35.0
-23.0
18.0
12.0
7.0
-41.0
-51.0
-52.0
-38.0
-13.0
4.0
-42.0
-51.0
-38.0
-27.0
-37.0
-67.0
-44.0
-24.0
-48.0
-46.0
-31.0
-51.0
-24.0
-10.0
-27.0
-4.0
-13.0
-11.0
15.0
-14.0
-15.0
-32.0
-34.0
3.0
-12.0
2.0
-30.0
-52.0
-29.0
-16.0
-13.0
13.0
21.0
34.0
-13.0
-20.0
12.0
12.0
7.0
6.0
-6.0
-15.0
-34.0
-40.0
16.0
12.0
-8.0
-25.0
-34.0
-15.0
12.0
31.0
38.0
-3.0
-10.0
27.0
34.0
26.0
2.0
-24.0
0.0
23.0
16.0
15.0
23.0
15.0
-8.0
-20.0
-2.0
-16.0
-17.0
14.0
10.0
27.0
30.0
11.0
46.0
43.0
40.0
36.0
5.0
15.0
10.0
-1.0
43.0
44.0
19.0
27.0
-7.0
23.0
55.0
62.0
68.0
45.0
31.0
17.0
-10.0
-34.0
-11.0
-15.0
-13.0
-22.0
-21.0
-15.0
-9.0
-11.0
-4.0
-12.0
10.0
-17.0
4.0
-2.0
-48.0
-38.0
-48.0
-62.0
-49.0
-50.0
-40.0
-29.0
-60.0
-50.0
-25.0
-11.0
6.0
-21.0
-41.0
-39.0
-52.0
-31.0
-29.0
-14.0
22.0
17.0
7.0
11.0
-25.0
-13.0
-20.0
-47.0
-19.0
-20.0
-7.0
8.0
-8.0
5.0
3.0
11.0
-1.0
4.0
17.0
27.0
24.0
29.0
-29.0
-70.0
24.0
1.0
-14.0
12.0
2.0
9.0
4.0
-5.0
-2.0
-16.0
-1.0
-2.0
-16.0
16.0
12.0
-13.0
-18.0
-27.0
-45.0
-31.0
-5.0
5.0
-25.0
-31.0
-19.0
-9.0
15.0
26.0
6.0
-1.0
-1.0
6.0
27.0
-2.0
8.0
30.0
26.0
40.0
13.0
-14.0
-4.0
8.0
17.0
1.0
11.0
17.0
6.0
1.0
35.0
6.0
11.0
36.0
7.0
32.0
34.0
21.0
51.0
42.0
21.0
1.0
-39.0
-25.0
-2.0
33.0
30.0
-13.0
-25.0
-11.0
-7.0
25.0
19.0
11.0
22.0
9.0
46.0
75.0
61.0
111.0
149.0
145.0
147.0
191.0
220.0
259.0
269.0
261.0
261.0
262.0
263.0
249.0
250.0
241.0
218.0
195.0
156.0
128.0
137.0
125.0
103.0
115.0
79.0
77.0
64.0
35.0
23.0
-11.0
-17.0
-18.0
-41.0
-21.0
-68.0
-77.0
-58.0
-79.0
-77.0
-89.0
-102.0
-86.0
-103.0
-134.0
-116.0
-102.0
-96.0
-101.0
-100.0
-93.0
-114.0
-104.0
-80.0
-107.0
-102.0
-99.0
-110.0
-72.0
-98.0
-115.0
-88.0
-114.0
-140.0
-99.0
-108.0
-99.0
-109.0
-143.0
-145.0
-135.0
-136.0
-125.0
-133.0
-109.0
-111.0
-147.0
-143.0
-147.0
-127.0
-98.0
-121.0
-151.0
-151.0
-137.0
-114.0
-131.0
-167.0
-205.0
-204.0
-143.0
-91.0
-93.0
-119.0
-166.0
-165.0
-135.0
-116.0
-68.0
-82.0
-143.0
-145.0
-176.0
-181.0
-113.0
-95.0
-106.0
-119.0
-182.0
-194.0
-192.0
-134.0
-94.0
-122.0
-120.0
-145.0
-157.0
-107.0
-91.0
-90.0
-117.0
-171.0
-161.0
-151.0
-152.0
-106.0
-131.0
-147.0
-120.0
-127.0
-104.0
-71.0
-70.0
-81.0
-115.0
-98.0
-69.0
-99.0
-86.0
-98.0
-118.0
-109.0
-114.0
-97.0
-82.0
-131.0
-110.0
-102.0
-150.0
-128.0
-143.0
-126.0
-54.0
-62.0
-95.0
-128.0
-155.0
-133.0
-142.0
-156.0
-105.0
-97.0
-98.0
-109.0
-134.0
-115.0
-116.0
-106.0
-70.0
-51.0
-40.0
-54.0
-65.0
-55.0
-122.0
-104.0
-76.0
-86.0
-33.0
-43.0
-75.0
-49.0
-50.0
-50.0
-28.0
-41.0
-17.0
-15.0
-65.0
-67.0
-77.0
-87.0
-93.0
-91.0
-59.0
-60.0
-105.0
-54.0
-52.0
-42.0
-15.0
-48.0
-50.0
-63.0
-90.0
-62.0
-71.0
-81.0
-63.0
-76.0
-70.0
-66.0
-70.0
-70.0
-63.0
-63.0
-55.0
-91.0
-86.0
-114.0
-156.0
-112.0
-87.0
-62.0
-67.0
-113.0
-93.0
-79.0
-83.0
-29.0
-46.0
-93.0
-110.0
-131.0
-44.0
-27.0
-71.0
-63.0
-56.0
-23.0
-13.0
-13.0
-51.0
-90.0
-86.0
-47.0
-80.0
-120.0
-71.0
-76.0
-62.0
-44.0
-61.0
-47.0
-52.0
-61.0
-69.0
-44.0
-23.0
-35.0
-71.0
-82.0
-115.0
-92.0
-56.0
-71.0
-63.0
-62.0
-52.0
-16.0
-22.0
-25.0
-61.0
-91.0
-77.0
-96.0
-121.0
-109.0
-92.0
-93.0
-75.0
-81.0
-61.0
-37.0
-30.0
-25.0
-34.0
-50.0
-57.0
-60.0
-70.0
-97.0
-107.0
-69.0
-68.0
-76.0
-54.0
-92.0
-87.0
-8.0
-7.0
-25.0
-45.0
-66.0
-102.0
-110.0
-102.0
-108.0
-111.0
-70.0
-86.0
-93.0
-97.0
-101.0
-81.0
-71.0
-90.0
-59.0
-42.0
-54.0
-91.0
-127.0
-103.0
-114.0
-86.0
-70.0
-108.0
-89.0
-89.0
-128.0
-86.0
-73.0
-111.0
-107.0
-125.0
-127.0
-136.0
-148.0
-125.0
-164.0
-153.0
-116.0
-136.0
-100.0
-87.0
-138.0
-125.0
-118.0
-102.0
-94.0
-130.0
-128.0
-93.0
-103.0
-90.0
-97.0
-87.0
-74.0
-98.0
-91.0
-64.0
-72.0
-84.0
-103.0
-88.0
-50.0
-76.0
-95.0
-100.0
-122.0
-61.0
-21.0
-23.0
-37.0
-71.0
-66.0
-48.0
-48.0
-59.0
-72.0
-82.0
-62.0
-45.0
-41.0
-28.0
-35.0
-31.0
-63.0
-63.0
-5.0
-36.0
-50.0
-11.0
-68.0
-59.0
-31.0
-37.0
-27.0
-24.0
-24.0
5.0
-15.0
-27.0
-49.0
-44.0
-22.0
-22.0
-12.0
-27.0
-49.0
-20.0
-22.0
-34.0
-2.0
-4.0
5.0
33.0
-4.0
-7.0
10.0
-20.0
-8.0
25.0
10.0
-5.0
-13.0
-24.0
-29.0
-32.0
-18.0
-43.0
-42.0
-15.0
-6.0
5.0
6.0
-25.0
-22.0
-6.0
-26.0
-13.0
1.0
5.0
-44.0
-33.0
-9.0
-29.0
-19.0
-13.0
-63.0
-51.0
-35.0
-23.0
-18.0
-19.0
-12.0
10.0
1.0
-8.0
13.0
28.0
23.0
-5.0
-12.0
2.0
-18.0
-5.0
-13.0
4.0
31.0
17.0
23.0
18.0
44.0
70.0
20.0
11.0
18.0
32.0
37.0
19.0
27.0
25.0
12.0
20.0
38.0
35.0
7.0
21.0
31.0
48.0
31.0
22.0
33.0
7.0
8.0
37.0
35.0
27.0
9.0
-6.0
23.0
36.0
25.0
41.0
18.0
22.0
21.0
28.0
39.0
-6.0
-38.0
-4.0
10.0
-25.0
-12.0
4.0
14.0
21.0
4.0
-21.0
-18.0
17.0
6.0
-10.0
-2.0
-34.0
3.0
24.0
13.0
-2.0
-4.0
-22.0
-4.0
-15.0
-19.0
-25.0
-23.0
-21.0
-25.0
-19.0
-8.0
-36.0
-44.0
-38.0
-20.0
-25.0
-59.0
-60.0
-30.0
-40.0
-44.0
-26.0
-51.0
-3.0
9.0
-26.0
-5.0
-26.0
-63.0
-34.0
-21.0
-14.0
-42.0
-77.0
-67.0
-66.0
-60.0
-55.0
-62.0
-17.0
-34.0
-52.0
-43.0
-63.0
-33.0
-39.0
-60.0
-21.0
-13.0
-25.0
-8.0
-39.0
-47.0
-7.0
-25.0
-47.0
-39.0
-31.0
6.0
-21.0
-29.0
-16.0
-45.0
-16.0
-16.0
-13.0
10.0
7.0
18.0
32.0
-27.0
-33.0
-21.0
7.0
20.0
-17.0
20.0
33.0
18.0
10.0
9.0
1.0
0.0
-20.0
-21.0
-17.0
-33.0
-30.0
-17.0
-7.0
13.0
-22.0
-15.0
24.0
16.0
22.0
13.0
-25.0
-14.0
-27.0
-42.0
-21.0
-24.0
-32.0
-44.0
-27.0
-17.0
-20.0
-12.0
3.0
-20.0
4.0
-6.0
-35.0
-30.0
-11.0
-35.0
-12.0
-18.0
-37.0
-19.0
-39.0
-33.0
-46.0
-63.0
-36.0
-11.0
3.0
14.0
0.0
-12.0
-25.0
-7.0
15.0
-17.0
-18.0
-45.0
-61.0
-12.0
-23.0
-35.0
-54.0
-43.0
-15.0
-35.0
-38.0
-6.0
-59.0
-18.0
-7.0
-3.0
-14.0
-27.0
-30.0
-41.0
-70.0
-62.0
-35.0
-55.0
-14.0
-30.0
-36.0
-8.0
-24.0
-9.0
-7.0
-18.0
-13.0
-29.0
-45.0
-23.0
-20.0
-30.0
-30.0
-42.0
-52.0
-51.0
-48.0
-37.0
-18.0
-42.0
-22.0
-25.0
-10.0
-6.0
-29.0
16.0
23.0
3.0
-23.0
-32.0
-42.0
-56.0
-43.0
-35.0
-68.0
-51.0
-34.0
-52.0
-45.0
-37.0
-19.0
30.0
-5.0
-32.0
-16.0
-25.0
-29.0
-26.0
4.0
23.0
-17.0
-22.0
-18.0
-54.0
-31.0
-36.0
-39.0
1.0
1.0
-27.0
-18.0
-1.0
-17.0
-7.0
-1.0
15.0
-13.0
-26.0
4.0
-14.0
-27.0
-31.0
-29.0
-13.0
-44.0
-48.0
-15.0
-29.0
-12.0
-41.0
-66.0
-8.0
-21.0
-35.0
2.0
-22.0
-21.0
7.0
-10.0
-13.0
-34.0
-26.0
-18.0
-54.0
-33.0
-14.0
-29.0
8.0
1.0
-25.0
-37.0
-34.0
9.0
1.0
19.0
29.0
-4.0
-11.0
-5.0
-40.0
-29.0
-20.0
-44.0
-6.0
-15.0
-16.0
5.0
-13.0
-13.0
-12.0
-27.0
-16.0
-21.0
6.0
3.0
-17.0
-4.0
-9.0
8.0
84.0
105.0
72.0
74.0
143.0
245.0
262.0
254.0
263.0
252.0
252.0
265.0
263.0
250.0
209.0
180.0
182.0
144.0
147.0
128.0
54.0
46.0
43.0
18.0
48.0
20.0
-42.0
-58.0
-70.0
-64.0
-71.0
-82.0
-62.0
-93.0
-108.0
-125.0
-156.0
-125.0
-124.0
-149.0
-144.0
-165.0
-186.0
-147.0
-134.0
-120.0
-135.0
-172.0
-133.0
-124.0
-148.0
-135.0
-145.0
-152.0
-177.0
-175.0
-135.0
-164.0
-171.0
-181.0
-217.0
-196.0
-164.0
-135.0
-108.0
-138.0
-138.0
-120.0
-131.0
-139.0
-142.0
-126.0
-106.0
-126.0
-161.0
-173.0
-152.0
-120.0
-130.0
-165.0
-133.0
-154.0
-167.0
-158.0
-145.0
-133.0
-161.0
-196.0
-183.0
-141.0
-133.0
-142.0
-158.0
-158.0
-135.0
-124.0
-131.0
-159.0
-126.0
-106.0
-129.0
-116.0
-120.0
-147.0
-135.0
-180.0
-154.0
-109.0
-133.0
-136.0
-147.0
-161.0
-154.0
-168.0
-151.0
-105.0
-105.0
-95.0
-119.0
-157.0
-147.0
-164.0
-154.0
-128.0
-137.0
-153.0
-183.0
-157.0
-99.0
-107.0
-103.0
-116.0
-147.0
-139.0
-137.0
-128.0
-122.0
-146.0
-182.0
-156.0
-151.0
-124.0
-95.0
-96.0
-74.0
-124.0
-129.0
-104.0
-118.0
-110.0
-96.0
-109.0
-80.0
-100.0
-93.0
-87.0
-148.0
-142.0
-136.0
-138.0
-104.0
-134.0
-158.0
-144.0
-139.0
-115.0
-119.0
-102.0
-95.0
-109.0
-94.0
-78.0
-94.0
-77.0
-109.0
-135.0
-93.0
-86.0
-99.0
-101.0
-103.0
-101.0
-89.0
-82.0
-64.0
-83.0
-97.0
-86.0
-90.0
-61.0
-58.0
-97.0
-92.0
-97.0
-106.0
-103.0
-83.0
-74.0
-98.0
-105.0
-105.0
-147.0
-138.0
-96.0
-75.0
-79.0
-88.0
-90.0
-89.0
-100.0
-77.0
-87.0
-124.0
-139.0
-120.0
-102.0
-102.0
-121.0
-131.0
-98.0
-83.0
-65.0
-72.0
-97.0
-108.0
-109.0
-71.0
-62.0
-92.0
-79.0
-101.0
-109.0
-58.0
-77.0
-78.0
-58.0
-94.0
-88.0
-33.0
-10.0
11.0
-25.0
-52.0
-45.0
-50.0
11.0
-4.0
-43.0
-20.0
-36.0
-12.0
-13.0
-12.0
29.0
8.0
-5.0
26.0
31.0
18.0
18.0
25.0
51.0
53.0
58.0
67.0
45.0
61.0
60.0
14.0
29.0
37.0
33.0
59.0
18.0
-4.0
-5.0
-1.0
19.0
27.0
17.0
46.0
33.0
5.0
31.0
24.0
3.0
-8.0
20.0
29.0
-6.0
-33.0
-12.0
-2.0
-2.0
-15.0
5.0
34.0
11.0
22.0
10.0
0.0
12.0
0.0
-16.0
-12.0
-16.0
-20.0
-29.0
-53.0
-26.0
-18.0
-23.0
-18.0
-36.0
-55.0
-59.0
-72.0
-66.0
-52.0
-18.0
-21.0
-31.0
-3.0
-10.0
-42.0
-54.0
-35.0
-53.0
-54.0
-65.0
-56.0
-79.0
-80.0
-60.0
-87.0
-98.0
-83.0
-79.0
-37.0
-25.0
-59.0
-60.0
-57.0
-70.0
-91.0
-102.0
-105.0
-82.0
-79.0
-68.0
-106.0
-148.0
-79.0
-61.0
-58.0
-59.0
-108.0
-91.0
-54.0
-53.0
-58.0
-82.0
-91.0
-95.0
-86.0
-35.0
-65.0
-116.0
-91.0
-85.0
-78.0
-64.0
-100.0
-103.0
-86.0
-58.0
-41.0
-53.0
-85.0
-110.0
-112.0
-64.0
-55.0
-68.0
-71.0
-94.0
-113.0
-90.0
-91.0
-67.0
-63.0
-69.0
-63.0
-76.0
-58.0
-43.0
-67.0
-44.0
-37.0
-45.0
-81.0
-104.0
-68.0
-72.0
-90.0
-78.0
-87.0
-80.0
-60.0
-79.0
-62.0
-59.0
-108.0
-100.0
-99.0
-65.0
-34.0
-48.0
-59.0
-81.0
-94.0
-71.0
-79.0
-87.0
-73.0
-88.0
-84.0
-76.0
-83.0
-65.0
-86.0
-53.0
-29.0
-39.0
-48.0
-69.0
-97.0
-95.0
-93.0
-89.0
-67.0
-88.0
-101.0
-89.0
-55.0
-28.0
-45.0
-83.0
-89.0
-78.0
-66.0
-59.0
-82.0
-81.0
-64.0
-68.0
-46.0
-65.0
-28.0
9.0
21.0
19.0
-17.0
-14.0
-35.0
-74.0
-45.0
-23.0
-65.0
-64.0
-64.0
-77.0
-52.0
-43.0
-30.0
-37.0
-65.0
-35.0
-21.0
-12.0
-17.0
-82.0
-87.0
-53.0
-76.0
-36.0
9.0
-26.0
-39.0
-54.0
-37.0
-13.0
-32.0
-25.0
-40.0
-46.0
-20.0
-24.0
-20.0
-35.0
-35.0
-3.0
-44.0
-43.0
12.0
-13.0
-13.0
2.0
-22.0
-18.0
-50.0
-56.0
-43.0
-39.0
-10.0
-17.0
-26.0
3.0
-2.0
-22.0
-4.0
-16.0
-7.0
-6.0
-66.0
-63.0
-69.0
-56.0
-24.0
-53.0
-32.0
-47.0
-82.0
-49.0
-44.0
-44.0
-26.0
-63.0
-67.0
5.0
3.0
-5.0
-27.0
-66.0
-56.0
-65.0
-52.0
-58.0
-47.0
-44.0
-53.0
-61.0
-38.0
-53.0
-74.0
-46.0
-75.0
-56.0
7.0
-5.0
-12.0
-35.0
-47.0
-35.0
-43.0
-5.0
-12.0
-37.0
-7.0
-19.0
-40.0
-55.0
-73.0
-51.0
-17.0
8.0
3.0
-30.0
-23.0
-5.0
3.0
13.0
1.0
-17.0
-17.0
-10.0
-45.0
-25.0
3.0
-8.0
7.0
12.0
6.0
-12.0
12.0
17.0
15.0
-8.0
-4.0
4.0
16.0
12.0
-7.0
13.0
25.0
47.0
20.0
-7.0
10.0
32.0
54.0
38.0
-23.0
-4.0
19.0
19.0
34.0
-1.0
16.0
14.0
20.0
76.0
46.0
34.0
39.0
13.0
36.0
38.0
18.0
62.0
12.0
-12.0
20.0
29.0
33.0
40.0
18.0
18.0
27.0
16.0
58.0
33.0
37.0
48.0
24.0
41.0
12.0
-6.0
36.0
24.0
-18.0
-7.0
17.0
56.0
40.0
7.0
7.0
-11.0
1.0
1.0
-22.0
-10.0
-17.0
-24.0
-7.0
2.0
-1.0
-3.0
-3.0
-10.0
-42.0
-27.0
1.0
-8.0
13.0
12.0
-19.0
-6.0
3.0
-15.0
9.0
-10.0
-33.0
1.0
18.0
21.0
-27.0
-40.0
-23.0
1.0
34.0
35.0
4.0
-11.0
0.0
-4.0
48.0
48.0
4.0
-22.0
-67.0
-8.0
35.0
4.0
-17.0
-36.0
-10.0
19.0
2.0
60.0
43.0
0.0
13.0
27.0
36.0
17.0
32.0
62.0
48.0
30.0
28.0
-3.0
12.0
29.0
-10.0
25.0
11.0
24.0
49.0
40.0
65.0
36.0
39.0
68.0
53.0
26.0
17.0
12.0
43.0
50.0
17.0
31.0
-9.0
-35.0
24.0
45.0
67.0
45.0
6.0
-18.0
17.0
36.0
51.0
21.0
-8.0
-40.0
-49.0
-22.0
-2.0
21.0
17.0
-4.0
13.0
19.0
2.0
21.0
-20.0
-13.0
-1.0
1.0
14.0
-1.0
-40.0
-30.0
-54.0
-35.0
-13.0
-57.0
-40.0
-18.0
-10.0
2.0
4.0
16.0
6.0
-35.0
-14.0
6.0
-13.0
-55.0
-51.0
-67.0
-47.0
3.0
10.0
-15.0
-29.0
-14.0
-3.0
-21.0
-40.0
-19.0
27.0
-6.0
-36.0
-8.0
-19.0
48.0
85.0
40.0
29.0
7.0
-5.0
13.0
5.0
0.0
29.0
-21.0
2.0
18.0
-23.0
-23.0
-48.0
1.0
50.0
15.0
-1.0
-14.0
-17.0
5.0
-15.0
-24.0
11.0
9.0
9.0
4.0
-24.0
1.0
-15.0
5.0
33.0
23.0
3.0
14.0
-5.0
17.0
33.0
-23.0
-36.0
-35.0
-29.0
-19.0
-24.0
-17.0
-16.0
-14.0
-7.0
-16.0
-11.0
-20.0
-32.0
22.0
-5.0
1.0
14.0
-24.0
-8.0
24.0
-11.0
-42.0
-39.0
-23.0
-2.0
-10.0
24.0
21.0
-42.0
-50.0
-73.0
-49.0
12.0
-12.0
-46.0
-55.0
-74.0
-30.0
-15.0
-13.0
-7.0
-55.0
-68.0
-61.0
-64.0
-26.0
-21.0
-30.0
1.0
-24.0
-36.0
-38.0
-46.0
-17.0
-68.0
-37.0
-12.0
-31.0
-21.0
-20.0
-33.0
-7.0
-3.0
-20.0
5.0
-17.0
-33.0
-24.0
-63.0
-50.0
-30.0
-42.0
-39.0
-57.0
-50.0
-23.0
-21.0
-30.0
-10.0
12.0
-11.0
-16.0
-4.0
-9.0
-37.0
-12.0
2.0
-22.0
-11.0
2.0
35.0
28.0
-6.0
8.0
17.0
-20.0
-7.0
-25.0
-43.0
-37.0
-42.0
-52.0
-61.0
-28.0
20.0
13.0
28.0
51.0
4.0
-1.0
3.0
2.0
3.0
8.0
20.0
-12.0
-32.0
1.0
-3.0
-3.0
59.0
15.0
-10.0
11.0
-1.0
41.0
48.0
30.0
31.0
-15.0
-29.0
-16.0
22.0
49.0
15.0
-18.0
-36.0
-47.0
16.0
21.0
-7.0
-13.0
-48.0
-35.0
6.0
19.0
30.0
3.0
-51.0
-44.0
-34.0
-25.0
12.0
5.0
2.0
-13.0
-45.0
-48.0
-27.0
-45.0
-83.0
-65.0
6.0
-1.0
-29.0
-25.0
-49.0
-44.0
-5.0
-17.0
-32.0
-70.0
-49.0
-24.0
-37.0
-32.0
-48.0
-41.0
-3.0
-31.0
-45.0
-7.0
-2.0
18.0
50.0
64.0
97.0
120.0
133.0
190.0
218.0
253.0
269.0
261.0
262.0
263.0
262.0
262.0
263.0
263.0
259.0
208.0
228.0
247.0
204.0
184.0
174.0
156.0
156.0
103.0
88.0
94.0
73.0
78.0
55.0
26.0
3.0
-2.0
3.0
-41.0
-43.0
-12.0
-34.0
-81.0
-110.0
-161.0
-185.0
-201.0
-239.0
-216.0
-181.0
-190.0
-200.0
-235.0
-249.0
-258.0
-259.0
-231.0
-229.0
-215.0
-217.0
-234.0
-215.0
-213.0
-242.0
-222.0
-203.0
-209.0
-209.0
-220.0
-221.0
-228.0
-240.0
-205.0
-200.0
-182.0
-167.0
-208.0
-216.0
-229.0
-239.0
-192.0
-198.0
-212.0
-194.0
-218.0
-204.0
-172.0
-171.0
-148.0
-174.0
-199.0
-191.0
-211.0
-155.0
-145.0
-174.0
-167.0
-196.0
-199.0
-183.0
-206.0
-188.0
-173.0
-203.0
-177.0
-168.0
-153.0
-156.0
-165.0
-145.0
-159.0
-203.0
-168.0
-164.0
-205.0
-177.0
-165.0
-176.0
-165.0
-191.0
-164.0
-170.0
-176.0
-140.0
-148.0
-138.0
-156.0
-158.0
-147.0
-163.0
-183.0
-160.0
-161.0
-164.0
-180.0
-168.0
-135.0
-162.0
-144.0
-135.0
-129.0
-119.0
-108.0
-98.0
-91.0
-123.0
-142.0
-112.0
-124.0
-133.0
-141.0
-159.0
-124.0
-133.0
-135.0
-114.0
-158.0
-146.0
-97.0
-88.0
-80.0
-83.0
-87.0
-96.0
-110.0
-71.0
-66.0
-80.0
-91.0
-118.0
-133.0
-104.0
-97.0
-116.0
-131.0
-129.0
-106.0
-90.0
-90.0
-84.0
-115.0
-90.0
-97.0
-89.0
-35.0
-53.0
-95.0
-76.0
-105.0
-135.0
-114.0
-105.0
-116.0
-115.0
-104.0
-82.0
-81.0
-53.0
-37.0
-46.0
-50.0
-63.0
-71.0
-86.0
-119.0
-111.0
-100.0
-138.0
-158.0
-158.0
-121.0
-80.0
-93.0
-86.0
-73.0
-90.0
-72.0
-79.0
-106.0
-120.0
-111.0
-98.0
-92.0
-89.0
-72.0
-96.0
-117.0
-98.0
-95.0
-98.0
-87.0
-96.0
-93.0
-69.0
-96.0
-92.0
-102.0
-82.0
-72.0
-96.0
-68.0
-70.0
-82.0
-63.0
-100.0
-99.0
-105.0
-108.0
-87.0
-98.0
-117.0
-87.0
-102.0
-97.0
-78.0
-102.0
-97.0
-101.0
-122.0
-73.0
-77.0
-93.0
-75.0
-95.0
-106.0
-94.0
-96.0
-100.0
-77.0
-79.0
-105.0
-114.0
-87.0
-83.0
-90.0
-82.0
-98.0
-64.0
-67.0
-71.0
-88.0
-106.0
-107.0
-60.0
-61.0
-48.0
-53.0
-125.0
-131.0
-119.0
-101.0
-56.0
-56.0
-64.0
-70.0
-155.0
-166.0
-87.0
-42.0
-31.0
-45.0
-68.0
-70.0
-94.0
-94.0
-63.0
-22.0
-8.0
-35.0
-27.0
-42.0
-67.0
-41.0
-37.0
-61.0
-53.0
-89.0
-105.0
-77.0
-65.0
-43.0
-39.0
-32.0
-29.0
-60.0
-78.0
-47.0
-48.0
-36.0
-35.0
-41.0
-53.0
-84.0
-77.0
-68.0
-79.0
-69.0
-84.0
-72.0
-44.0
-72.0
-31.0
-11.0
-40.0
-32.0
-52.0
-48.0
-54.0
-73.0
-41.0
-21.0
-70.0
-40.0
-30.0
-89.0
-59.0
-49.0
-27.0
-21.0
-27.0
-22.0
-41.0
-11.0
-8.0
-22.0
27.0
45.0
23.0
23.0
-2.0
-3.0
20.0
-2.0
10.0
30.0
-2.0
43.0
42.0
1.0
25.0
14.0
36.0
39.0
1.0
31.0
7.0
-4.0
18.0
-25.0
-32.0
6.0
-2.0
2.0
-31.0
-2.0
34.0
-2.0
30.0
37.0
21.0
55.0
55.0
36.0
12.0
-51.0
-14.0
-16.0
-12.0
23.0
9.0
9.0
8.0
-42.0
-47.0
-10.0
13.0
25.0
17.0
17.0
15.0
2.0
13.0
22.0
-24.0
-23.0
-42.0
-31.0
7.0
-31.0
0.0
15.0
-29.0
-1.0
-7.0
-6.0
18.0
-28.0
-53.0
-26.0
-14.0
-12.0
-20.0
12.0
26.0
12.0
-22.0
12.0
14.0
18.0
7.0
22.0
41.0
28.0
27.0
37.0
39.0
56.0
60.0
40.0
50.0
36.0
37.0
59.0
24.0
48.0
52.0
28.0
58.0
37.0
40.0
49.0
11.0
40.0
31.0
25.0
62.0
44.0
70.0
88.0
74.0
68.0
56.0
47.0
44.0
22.0
51.0
59.0
57.0
53.0
56.0
46.0
65.0
64.0
72.0
93.0
84.0
105.0
83.0
62.0
61.0
53.0
67.0
92.0
51.0
50.0
39.0
39.0
67.0
21.0
22.0
49.0
41.0
59.0
49.0
9.0
30.0
33.0
37.0
43.0
7.0
25.0
28.0
29.0
52.0
37.0
55.0
63.0
12.0
22.0
21.0
7.0
42.0
12.0
22.0
4.0
-42.0
-39.0
-36.0
-9.0
16.0
-16.0
-13.0
-1.0
-9.0
14.0
7.0
8.0
25.0
5.0
17.0
11.0
11.0
12.0
-14.0
12.0
46.0
17.0
25.0
17.0
-12.0
12.0
-10.0
-4.0
1.0
5.0
6.0
1.0
6.0
14.0
-20.0
-12.0
11.0
24.0
60.0
34.0
7.0
29.0
-5.0
19.0
66.0
31.0
13.0
7.0
-14.0
8.0
-34.0
-5.0
46.0
29.0
41.0
41.0
31.0
42.0
35.0
60.0
63.0
14.0
24.0
11.0
-12.0
24.0
26.0
7.0
6.0
-2.0
20.0
41.0
18.0
33.0
6.0
-5.0
27.0
8.0
15.0
9.0
-48.0
-78.0
-73.0
-6.0
8.0
-10.0
-22.0
-33.0
-60.0
-68.0
-24.0
-5.0
-30.0
-61.0
-48.0
-49.0
-55.0
-32.0
-18.0
34.0
39.0
13.0
-18.0
-50.0
-56.0
-29.0
-6.0
-25.0
-6.0
-42.0
-51.0
-51.0
-67.0
-43.0
-47.0
-60.0
-6.0
-13.0
3.0
2.0
-16.0
-13.0
-30.0
-22.0
-32.0
-68.0
-90.0
-98.0
-82.0
-72.0
-69.0
-56.0
-71.0
-58.0
4.0
26.0
10.0
10.0
-22.0
-25.0
9.0
-34.0
-30.0
-36.0
-38.0
5.0
21.0
22.0
28.0
0.0
-7.0
-1.0
-20.0
-2.0
-14.0
-13.0
1.0
-60.0
-56.0
-22.0
-34.0
-6.0
-11.0
-13.0
-23.0
-35.0
18.0
25.0
1.0
26.0
31.0
17.0
31.0
18.0
6.0
-15.0
-33.0
0.0
-7.0
-13.0
-45.0
-64.0
4.0
6.0
-21.0
8.0
8.0
-24.0
-34.0
-26.0
23.0
17.0
-31.0
-30.0
-32.0
15.0
45.0
-6.0
-2.0
5.0
-7.0
38.0
22.0
3.0
3.0
-42.0
-32.0
-27.0
-47.0
10.0
-1.0
-21.0
0.0
-14.0
-12.0
14.0
-7.0
-17.0
-45.0
-22.0
-12.0
-23.0
-27.0
-39.0
-39.0
-29.0
-49.0
-61.0
-45.0
-43.0
-26.0
-38.0
-49.0
-48.0
-52.0
-69.0
-46.0
-10.0
-25.0
-18.0
-32.0
-29.0
-33.0
-6.0
25.0
-19.0
-29.0
-24.0
-59.0
-32.0
-24.0
-43.0
-22.0
-22.0
32.0
22.0
-10.0
3.0
-1.0
1.0
19.0
24.0
20.0
-2.0
-4.0
23.0
-36.0
-41.0
-13.0
-32.0
33.0
30.0
-35.0
-8.0
-10.0
-12.0
10.0
-23.0
15.0
7.0
-21.0
-8.0
-46.0
-33.0
-20.0
-56.0
-46.0
22.0
20.0
-4.0
-50.0
-32.0
1.0
-5.0
-14.0
13.0
-5.0
-11.0
-16.0
-13.0
-16.0
-34.0
-27.0
6.0
3.0
-7.0
-8.0
11.0
20.0
-8.0
-30.0
-33.0
-17.0
-29.0
-20.0
-3.0
1.0
-18.0
-37.0
18.0
-12.0
-18.0
-20.0
-23.0
-11.0
-22.0
-8.0
-13.0
4.0
17.0
-1.0
-17.0
-36.0
-54.0
-13.0
-12.0
-42.0
-54.0
-60.0
-50.0
-32.0
-21.0
-10.0
-13.0
-33.0
-22.0
-34.0
-9.0
51.0
24.0
4.0
-17.0
-39.0
-35.0
-11.0
2.0
25.0
-25.0
-30.0
31.0
11.0
0.0
-2.0
-24.0
-15.0
-15.0
-3.0
-25.0
-53.0
-2.0
23.0
21.0
52.0
34.0
0.0
3.0
-19.0
-4.0
-5.0
-53.0
-21.0
-13.0
-5.0
27.0
33.0
23.0
-4.0
22.0
30.0
2.0
25.0
55.0
32.0
17.0
7.0
-4.0
-2.0
-31.0
-26.0
-17.0
-5.0
-15.0
-21.0
-66.0
-51.0
-31.0
-14.0
7.0
-14.0
-19.0
-13.0
-8.0
-26.0
-20.0
-1.0
-26.0
-20.0
39.0
15.0
-48.0
-4.0
41.0
17.0
8.0
-5.0
-8.0
-36.0
-20.0
26.0
-50.0
-49.0
-9.0
-3.0
7.0
-7.0
-39.0
-32.0
-46.0
-22.0
17.0
-1.0
-2.0
-21.0
-32.0
2.0
4.0
-10.0
-45.0
-61.0
-24.0
-12.0
-34.0
-29.0
-39.0
-18.0
-20.0
-36.0
-34.0
-46.0
-52.0
-36.0
-82.0
-66.0
-54.0
-77.0
-68.0
-65.0
-65.0
-38.0
-49.0
-50.0
-64.0
-74.0
-23.0
-2.0
-17.0
-35.0
-54.0
-37.0
-5.0
-7.0
1.0
-33.0
-80.0
-40.0
-26.0
-19.0
-15.0
-26.0
2.0
-27.0
-23.0
2.0
-10.0
-6.0
-15.0
-2.0
23.0
-15.0
-17.0
0.0
-30.0
11.0
24.0
-3.0
-14.0
-9.0
2.0
13.0
4.0
12.0
7.0
-17.0
2.0
2.0
12.0
37.0
11.0
3.0
18.0
16.0
7.0
7.0
-6.0
11.0
-10.0
25.0
67.0
43.0
59.0
33.0
-12.0
-1.0
-7.0
16.0
-15.0
-26.0
-42.0
-27.0
12.0
-2.0
-72.0
-36.0
-36.0
-34.0
-8.0
-37.0
-52.0
-44.0
-23.0
-33.0
-42.0
7.0
42.0
32.0
6.0
-14.0
-67.0
-37.0
-21.0
-73.0
-41.0
-24.0
-42.0
-39.0
-36.0
-30.0
-7.0
-1.0
-11.0
13.0
11.0
-24.0
-37.0
-6.0
-35.0
-70.0
-21.0
-24.0
-29.0
-14.0
-49.0
-12.0
0.0
-24.0
14.0
-3.0
-30.0
-29.0
-18.0
4.0
-16.0
-65.0
-34.0
-35.0
-37.0
11.0
-32.0
-69.0
-48.0
-26.0
-38.0
-66.0
-6.0
7.0
-31.0
-9.0
-11.0
6.0
4.0
-23.0
-27.0
-20.0
-13.0
5.0
32.0
15.0
-5.0
-25.0
-25.0
-4.0
-7.0
52.0
37.0
-8.0
-16.0
4.0
11.0
25.0
9.0
17.0
-1.0
6.0
27.0
1.0
-13.0
-8.0
-17.0
38.0
41.0
10.0
9.0
2.0
14.0
16.0
-21.0
-10.0
43.0
15.0
-19.0
-6.0
-2.0
0.0
-9.0
-32.0
-7.0
5.0
20.0
8.0
13.0
52.0
37.0
38.0
24.0
-20.0
4.0
-14.0
-24.0
-6.0
-52.0
-35.0
10.0
-48.0
-47.0
-46.0
-49.0
-24.0
-8.0
-7.0
-68.0
-62.0
-17.0
-12.0
7.0
25.0
33.0
24.0
-13.0
-46.0
-13.0
-7.0
-4.0
-14.0
-48.0
1.0
-3.0
-5.0
30.0
25.0
23.0
36.0
-9.0
-14.0
10.0
-24.0
-33.0
-56.0
-58.0
-24.0
-13.0
-1.0
29.0
19.0
22.0
-13.0
-44.0
3.0
-21.0
1.0
-4.0
-32.0
-23.0
-39.0
-34.0
-25.0
-11.0
15.0
8.0
-8.0
-29.0
-30.0
-46.0
-41.0
-46.0
-44.0
-35.0
-48.0
-48.0
-70.0
-70.0
-46.0
-46.0
4.0
12.0
2.0
15.0
-5.0
-22.0
-13.0
-27.0
-22.0
-25.0
-22.0
-17.0
-45.0
-9.0
5.0
-22.0
-16.0
-11.0
-39.0
-44.0
-55.0
-43.0
-20.0
-34.0
-37.0
-26.0
-42.0
1.0
24.0
8.0
-13.0
-26.0
-20.0
-13.0
-22.0
-11.0
-35.0
-65.0
-71.0
-76.0
-39.0
-23.0
-48.0
-7.0
-37.0
-19.0
16.0
-6.0
-5.0
-32.0
-31.0
-10.0
-25.0
3.0
2.0
-11.0
-2.0
1.0
28.0
29.0
16.0
23.0
21.0
-9.0
17.0
21.0
-25.0
-21.0
6.0
-29.0
-13.0
-21.0
-15.0
13.0
12.0
-3.0
-37.0
6.0
27.0
-6.0
5.0
10.0
3.0
5.0
-29.0
-32.0
-11.0
-2.0
3.0
-38.0
-49.0
20.0
2.0
-27.0
-36.0
-31.0
-21.0
-21.0
-27.0
-25.0
-33.0
-56.0
-44.0
-59.0
-51.0
-39.0
-45.0
-27.0
-31.0
-42.0
-29.0
-45.0
-51.0
-77.0
-99.0
-41.0
-13.0
-10.0
-32.0
-36.0
-21.0
-27.0
-47.0
-32.0
-69.0
-51.0
-66.0
-76.0
-46.0
-67.0
-108.0
-42.0
-27.0
-40.0
-34.0
-56.0
-30.0
-51.0
-53.0
-15.0
-79.0
-61.0
-44.0
-97.0
-80.0
-48.0
-67.0
-68.0
-75.0
-49.0
-49.0
-63.0
-13.0
-27.0
-49.0
-41.0
-70.0
-10.0
8.0
-14.0
-9.0
-26.0
-57.0
-27.0
-43.0
-32.0
-27.0
-33.0
-22.0
-22.0
-22.0
-12.0
-51.0
-7.0
20.0
-5.0
9.0
-42.0
-36.0
19.0
-19.0
-22.0
7.0
-31.0
-7.0
-3.0
34.0
53.0
22.0
11.0
28.0
5.0
-14.0
-6.0
10.0
14.0
-20.0
-45.0
5.0
1.0
-6.0
-4.0
-21.0
-27.0
-18.0
15.0
4.0
-24.0
-1.0
13.0
-16.0
-14.0
-29.0
-23.0
-18.0
-22.0
-11.0
21.0
-17.0
-29.0
-7.0
13.0
2.0
-16.0
0.0
-21.0
-7.0
-12.0
-4.0
42.0
41.0
25.0
59.0
31.0
-1.0
-8.0
4.0
12.0
-5.0
-46.0
-49.0
-35.0
-13.0
21.0
24.0
27.0
10.0
-18.0
-55.0
-35.0
-3.0
4.0
-16.0
-49.0
-36.0
-69.0
-71.0
-39.0
-29.0
11.0
-35.0
-45.0
-29.0
-10.0
16.0
-10.0
-44.0
-13.0
-22.0
-48.0
-26.0
-18.0
-14.0
-39.0
-38.0
-33.0
-43.0
-43.0
-25.0
-68.0
-47.0
-30.0
-49.0
-55.0
-40.0
-29.0
-18.0
-25.0
-5.0
-26.0
-61.0
-41.0
-30.0
-21.0
-24.0
-36.0
-36.0
-35.0
-53.0
-58.0
-50.0
-16.0
-23.0
-24.0
-20.0
-47.0
-61.0
4.0
12.0
-15.0
-13.0
-34.0
-14.0
-1.0
-24.0
-8.0
-2.0
-6.0
-1.0
-33.0
-18.0
-31.0
-29.0
-43.0
-51.0
-4.0
-30.0
-71.0
-56.0
-50.0
-13.0
-16.0
-56.0
-54.0
-25.0
-52.0
-20.0
-18.0
-15.0
-18.0
-35.0
-20.0
-1.0
-20.0
-35.0
-49.0
-45.0
-3.0
-18.0
-41.0
-44.0
-56.0
-58.0
-67.0
-66.0
-18.0
-25.0
-28.0
-24.0
-37.0
-29.0
-28.0
-40.0
-36.0
-64.0
-17.0
6.0
-19.0
-11.0
-20.0
0.0
22.0
1.0
9.0
14.0
-2.0
15.0
23.0
-14.0
9.0
12.0
51.0
64.0
45.0
46.0
13.0
39.0
83.0
46.0
45.0
71.0
64.0
83.0
127.0
144.0
204.0
223.0
258.0
233.0
194.0
242.0
233.0
196.0
186.0
134.0
111.0
110.0
70.0
56.0
66.0
64.0
52.0
-12.0
-24.0
-26.0
-46.0
-9.0
-2.0
-49.0
-55.0
-48.0
-57.0
-41.0
-44.0
-39.0
-57.0
-55.0
-39.0
-53.0
-60.0
-78.0
-84.0
-38.0
-67.0
-74.0
-26.0
-33.0
-62.0
-71.0
-80.0
-43.0
-41.0
-93.0
-92.0
-33.0
-51.0
-94.0
-104.0
-81.0
-58.0
-95.0
-114.0
-136.0
-130.0
-60.0
-76.0
-93.0
-99.0
-116.0
-92.0
-132.0
-131.0
-103.0
-119.0
-102.0
-93.0
-157.0
-117.0
-111.0
-128.0
-99.0
-104.0
-55.0
-85.0
-119.0
-129.0
-136.0
-98.0
-75.0
-119.0
-114.0
-110.0
-107.0
-116.0
-102.0
-81.0
-104.0
-114.0
-87.0
-71.0
-96.0
-120.0
-133.0
-97.0
-79.0
-107.0
-92.0
-93.0
-81.0
-93.0
-91.0
-104.0
-118.0
-120.0
-75.0
-90.0
-125.0
-131.0
-161.0
-119.0
-68.0
-103.0
-77.0
-78.0
-98.0
-76.0
-97.0
-89.0
-78.0
-67.0
-45.0
-67.0
-76.0
-72.0
-90.0
-102.0
-77.0
-72.0
-57.0
-73.0
-98.0
-80.0
-93.0
-98.0
-80.0
-103.0
-90.0
-66.0
-111.0
-92.0
-69.0
-89.0
-98.0
-117.0
-93.0
-95.0
-89.0
-86.0
-115.0
-119.0
-112.0
-93.0
-86.0
-88.0
-82.0
-65.0
-82.0
-105.0
-107.0
-143.0
-111.0
-118.0
-122.0
-104.0
-97.0
-117.0
-119.0
-122.0
-114.0
-100.0
-94.0
-107.0
-129.0
-110.0
-100.0
-172.0
-147.0
-103.0
-127.0
-104.0
-104.0
-92.0
-55.0
-80.0
-51.0
-62.0
-63.0
-50.0
-81.0
-49.0
-31.0
-60.0
-55.0
-91.0
-110.0
-104.0
-105.0
-90.0
-76.0
-58.0
-61.0
-69.0
-59.0
-51.0
-60.0
-61.0
-61.0
-82.0
-88.0
-115.0
-126.0
-95.0
-84.0
-68.0
-54.0
-104.0
-87.0
-61.0
-93.0
-95.0
-116.0
-112.0
-55.0
-53.0
-58.0
-71.0
-72.0
-56.0
-69.0
-37.0
30.0
25.0
21.0
-11.0
-60.0
-98.0
-91.0
-73.0
-90.0
-121.0
-90.0
-92.0
-99.0
-31.0
-25.0
-10.0
-2.0
-26.0
-29.0
-23.0
-20.0
-18.0
-55.0
-62.0
-90.0
-118.0
-78.0
-63.0
-74.0
1.0
17.0
-7.0
-27.0
-11.0
5.0
-29.0
-72.0
-62.0
-46.0
-61.0
-75.0
-21.0
-1.0
-32.0
-58.0
6.0
-7.0
-26.0
-26.0
-83.0
-96.0
-85.0
-80.0
-77.0
-92.0
-60.0
-45.0
-71.0
-50.0
-86.0
-53.0
13.0
-16.0
-61.0
-30.0
-50.0
-49.0
-65.0
-74.0
-51.0
-85.0
-79.0
-62.0
-72.0
-72.0
-70.0
-45.0
-4.0
-46.0
-56.0
-36.0
-70.0
-85.0
-42.0
-64.0
-50.0
-46.0
-45.0
-54.0
-51.0
-20.0
-31.0
-31.0
-17.0
-41.0
-24.0
-25.0
-97.0
-48.0
-31.0
-81.0
-90.0
-27.0
-15.0
-33.0
-42.0
-23.0
-17.0
-29.0
-10.0
38.0
18.0
4.0
-30.0
-13.0
-44.0
-40.0
-33.0
-47.0
-26.0
-29.0
-53.0
-37.0
-59.0
-53.0
-9.0
-5.0
-11.0
-7.0
-50.0
-63.0
-49.0
-44.0
-22.0
-5.0
-8.0
-16.0
-52.0
-36.0
-36.0
-63.0
-69.0
-97.0
-94.0
-77.0
-88.0
-49.0
-60.0
-82.0
-66.0
-39.0
-12.0
-2.0
24.0
33.0
21.0
-47.0
-43.0
-27.0
-34.0
-49.0
-70.0
-92.0
-76.0
-80.0
-40.0
-34.0
-42.0
-23.0
-41.0
-14.0
-32.0
-44.0
-7.0
-39.0
-65.0
-67.0
-110.0
-84.0
-72.0
-88.0
-49.0
-37.0
-16.0
6.0
-28.0
-27.0
31.0
18.0
-32.0
-32.0
-30.0
-64.0
-98.0
-60.0
-33.0
-35.0
-30.0
-52.0
-15.0
13.0
-12.0
12.0
6.0
0.0
5.0
-17.0
-13.0
15.0
-5.0
-13.0
2.0
-16.0
-23.0
-5.0
-36.0
-16.0
4.0
-5.0
-17.0
-9.0
-8.0
-45.0
-41.0
-14.0
-33.0
-42.0
-16.0
-4.0
-27.0
-12.0
-14.0
-18.0
-2.0
24.0
-12.0
-31.0
-1.0
-19.0
-34.0
-27.0
-18.0
-16.0
-43.0
-23.0
4.0
-18.0
-14.0
-21.0
-44.0
1.0
-15.0
-61.0
-71.0
-30.0
-8.0
-15.0
-34.0
-5.0
-7.0
-18.0
-5.0
-33.0
-22.0
-17.0
-34.0
-18.0
-21.0
-44.0
-49.0
-36.0
-12.0
4.0
-35.0
-20.0
-4.0
-2.0
8.0
-29.0
-17.0
0.0
-14.0
-9.0
-23.0
-59.0
-26.0
-17.0
-6.0
16.0
-14.0
15.0
16.0
13.0
21.0
-23.0
-14.0
-21.0
-13.0
12.0
16.0
18.0
52.0
31.0
13.0
23.0
-7.0
-22.0
-14.0
22.0
10.0
-18.0
-8.0
-11.0
-24.0
-11.0
-30.0
-24.0
35.0
22.0
21.0
-1.0
-43.0
-15.0
-1.0
17.0
13.0
-6.0
-26.0
-56.0
-33.0
12.0
36.0
20.0
-20.0
-44.0
-30.0
-19.0
-8.0
10.0
-33.0
-77.0
-80.0
-36.0
15.0
15.0
-14.0
-18.0
-50.0
-39.0
18.0
-6.0
-46.0
-52.0
-85.0
-44.0
-33.0
-34.0
-37.0
-53.0
-1.0
45.0
47.0
40.0
-14.0
-29.0
-17.0
15.0
12.0
1.0
-44.0
-41.0
-15.0
-10.0
4.0
-27.0
-69.0
-19.0
30.0
42.0
36.0
11.0
23.0
1.0
-9.0
15.0
21.0
-10.0
-53.0
-44.0
-9.0
-51.0
-45.0
-6.0
-25.0
-8.0
1.0
-21.0
-8.0
-12.0
-33.0
-33.0
-30.0
-8.0
17.0
22.0
17.0
-5.0
-13.0
-5.0
15.0
29.0
5.0
1.0
23.0
-25.0
-30.0
-1.0
-27.0
16.0
-2.0
-5.0
4.0
-34.0
13.0
29.0
5.0
-4.0
-15.0
-21.0
-5.0
-14.0
-23.0
-2.0
-23.0
10.0
-25.0
-42.0
-9.0
-4.0
27.0
4.0
19.0
48.0
22.0
8.0
27.0
29.0
37.0
34.0
15.0
48.0
27.0
10.0
25.0
32.0
39.0
41.0
42.0
54.0
65.0
48.0
60.0
76.0
69.0
39.0
22.0
68.0
76.0
69.0
67.0
30.0
51.0
50.0
45.0
93.0
83.0
54.0
59.0
44.0
36.0
29.0
34.0
75.0
75.0
62.0
61.0
38.0
71.0
67.0
12.0
22.0
82.0
75.0
48.0
29.0
61.0
71.0
52.0
72.0
42.0
25.0
30.0
44.0
86.0
97.0
70.0
73.0
43.0
20.0
18.0
11.0
81.0
109.0
55.0
60.0
54.0
39.0
53.0
33.0
53.0
60.0
68.0
106.0
80.0
41.0
58.0
23.0
40.0
76.0
70.0
79.0
58.0
51.0
65.0
52.0
74.0
70.0
46.0
54.0
34.0
-23.0
41.0
52.0
48.0
31.0
24.0
46.0
56.0
41.0
39.0
60.0
72.0
48.0
5.0
26.0
35.0
13.0
14.0
1.0
49.0
98.0
31.0
45.0
62.0
60.0
79.0
53.0
55.0
34.0
3.0
43.0
13.0
13.0
46.0
39.0
45.0
36.0
-15.0
44.0
59.0
13.0
52.0
22.0
-22.0
-16.0
-40.0
-25.0
-21.0
-49.0
-13.0
-4.0
-23.0
1.0
-2.0
-12.0
2.0
30.0
48.0
17.0
37.0
88.0
22.0
-13.0
12.0
39.0
79.0
72.0
48.0
16.0
5.0
50.0
30.0
56.0
76.0
37.0
37.0
11.0
-1.0
71.0
40.0
16.0
32.0
21.0
35.0
40.0
-3.0
12.0
-8.0
5.0
82.0
69.0
49.0
20.0
-10.0
29.0
31.0
26.0
40.0
-1.0
18.0
28.0
-4.0
-24.0
-16.0
7.0
13.0
-15.0
-14.0
0.0
26.0
21.0
17.0
49.0
84.0
65.0
47.0
21.0
-50.0
-46.0
-27.0
22.0
54.0
31.0
7.0
-4.0
-6.0
36.0
62.0
79.0
63.0
23.0
24.0
-2.0
-27.0
-2.0
6.0
-7.0
1.0
10.0
13.0
7.0
24.0
62.0
32.0
8.0
29.0
1.0
-3.0
13.0
-7.0
17.0
51.0
15.0
13.0
56.0
56.0
45.0
2.0
21.0
13.0
18.0
49.0
15.0
-31.0
-10.0
30.0
65.0
62.0
71.0
68.0
35.0
34.0
48.0
1.0
-7.0
-28.0
-31.0
-17.0
-20.0
34.0
55.0
31.0
15.0
36.0
25.0
34.0
30.0
-8.0
-36.0
-60.0
-37.0
-33.0
3.0
23.0
17.0
42.0
40.0
39.0
53.0
39.0
35.0
18.0
7.0
33.0
-1.0
-25.0
-21.0
-47.0
-38.0
-4.0
16.0
16.0
36.0
53.0
67.0
81.0
89.0
43.0
-3.0
13.0
13.0
-12.0
-21.0
-48.0
-37.0
18.0
26.0
12.0
14.0
12.0
45.0
21.0
20.0
54.0
1.0
5.0
7.0
-3.0
43.0
29.0
-6.0
48.0
25.0
3.0
34.0
51.0
75.0
52.0
26.0
30.0
22.0
52.0
16.0
-24.0
8.0
24.0
1.0
-16.0
-8.0
32.0
35.0
33.0
70.0
58.0
33.0
51.0
18.0
30.0
42.0
24.0
35.0
5.0
-11.0
-17.0
10.0
34.0
37.0
17.0
23.0
-3.0
-22.0
7.0
-2.0
35.0
24.0
37.0
53.0
18.0
39.0
53.0
33.0
20.0
-1.0
-5.0
-39.0
-21.0
11.0
4.0
-37.0
-31.0
-31.0
-55.0
13.0
11.0
-32.0
-3.0
-32.0
-33.0
-38.0
-61.0
-21.0
-17.0
-45.0
-35.0
-43.0
-20.0
32.0
11.0
56.0
24.0
-6.0
2.0
-16.0
-34.0
-3.0
16.0
6.0
-24.0
-27.0
1.0
-5.0
-29.0
7.0
4.0
11.0
-7.0
-5.0
27.0
-10.0
4.0
17.0
17.0
41.0
-5.0
-24.0
1.0
-3.0
4.0
30.0
12.0
17.0
-10.0
9.0
18.0
-14.0
16.0
41.0
24.0
23.0
22.0
14.0
14.0
6.0
23.0
12.0
-9.0
-2.0
-40.0
-40.0
4.0
-22.0
-42.0
18.0
13.0
-11.0
26.0
59.0
44.0
5.0
1.0
10.0
-12.0
-8.0
-27.0
-46.0
-34.0
-34.0
14.0
-27.0
-81.0
1.0
-13.0
-47.0
-15.0
-20.0
-1.0
-2.0
-49.0
-46.0
-52.0
-37.0
9.0
16.0
-5.0
-20.0
-15.0
-20.0
-13.0
-63.0
-36.0
-25.0
-12.0
-12.0
-23.0
4.0
-14.0
15.0
44.0
17.0
-6.0
3.0
25.0
4.0
-31.0
-57.0
-13.0
-30.0
-23.0
11.0
-5.0
24.0
-27.0
-4.0
50.0
-1.0
22.0
63.0
1.0
3.0
18.0
-5.0
15.0
-17.0
6.0
1.0
3.0
26.0
-17.0
-18.0
24.0
3.0
16.0
17.0
13.0
23.0
-4.0
-31.0
-6.0
-12.0
-3.0
-5.0
-32.0
8.0
21.0
24.0
17.0
15.0
6.0
20.0
21.0
42.0
40.0
21.0
29.0
19.0
11.0
-5.0
-11.0
9.0
-39.0
-61.0
-6.0
-23.0
-4.0
-5.0
-24.0
29.0
2.0
-10.0
-16.0
-54.0
-4.0
41.0
-15.0
-40.0
-49.0
-7.0
-29.0
-71.0
-66.0
-33.0
-58.0
-27.0
-13.0
-50.0
-57.0
-36.0
-24.0
-37.0
-50.0
-35.0
-67.0
-89.0
-80.0
-68.0
-45.0
-31.0
-59.0
-43.0
-91.0
-113.0
-71.0
-69.0
-51.0
-63.0
-77.0
-60.0
-46.0
-28.0
-25.0
-53.0
-62.0
-68.0
-47.0
-43.0
-88.0
-71.0
-45.0
-72.0
-97.0
-86.0
-74.0
-73.0
-62.0
-26.0
-28.0
-42.0
-33.0
-25.0
-20.0
2.0
-26.0
-35.0
-8.0
-39.0
-31.0
-19.0
-59.0
-59.0
-51.0
-41.0
-19.0
-39.0
-43.0
-46.0
-42.0
44.0
36.0
10.0
1.0
-28.0
-20.0
-32.0
-59.0
-51.0
-51.0
-44.0
-17.0
-7.0
-19.0
-34.0
-40.0
-11.0
-15.0
13.0
37.0
2.0
-1.0
4.0
-33.0
-40.0
-18.0
11.0
-21.0
-50.0
-5.0
12.0
10.0
39.0
42.0
13.0
15.0
-13.0
-16.0
46.0
43.0
14.0
-12.0
-44.0
11.0
33.0
15.0
-12.0
-35.0
-4.0
10.0
13.0
18.0
7.0
25.0
10.0
-19.0
7.0
17.0
-9.0
-33.0
-36.0
-12.0
23.0
5.0
12.0
-10.0
-46.0
-14.0
3.0
13.0
16.0
-14.0
10.0
14.0
12.0
12.0
-22.0
-40.0
-1.0
-13.0
6.0
-29.0
-31.0
33.0
8.0
-24.0
-32.0
-43.0
-46.0
-29.0
-11.0
-26.0
-71.0
-49.0
-59.0
-97.0
-78.0
-41.0
-64.0
-77.0
-95.0
-75.0
-89.0
-83.0
-35.0
-56.0
-30.0
-18.0
-53.0
-58.0
-43.0
-59.0
-52.0
3.0
-12.0
-67.0
-55.0
-82.0
-30.0
26.0
39.0
-10.0
-70.0
-30.0
-1.0
29.0
10.0
-30.0
-50.0
-29.0
9.0
40.0
23.0
6.0
31.0
-3.0
-11.0
30.0
24.0
-3.0
-16.0
18.0
36.0
29.0
31.0
30.0
9.0
15.0
3.0
18.0
17.0
-12.0
1.0
-16.0
13.0
38.0
8.0
0.0
-8.0
1.0
4.0
-9.0
-1.0
2.0
-3.0
13.0
11.0
20.0
50.0
21.0
-3.0
1.0
9.0
25.0
34.0
28.0
21.0
-35.0
-16.0
43.0
14.0
-11.0
-37.0
-37.0
-14.0
-14.0
-36.0
-16.0
-15.0
3.0
8.0
-3.0
28.0
5.0
-15.0
11.0
-8.0
-17.0
-11.0
-25.0
-39.0
-26.0
-45.0
-58.0
-57.0
-45.0
-36.0
-64.0
-36.0
-43.0
-34.0
20.0
6.0
-24.0
4.0
-3.0
12.0
-31.0
-49.0
-32.0
-56.0
-22.0
-4.0
-12.0
32.0
15.0
3.0
-10.0
-23.0
-7.0
6.0
-21.0
-7.0
-21.0
-59.0
-33.0
26.0
22.0
-9.0
-68.0
-79.0
-56.0
-2.0
75.0
72.0
22.0
-39.0
-73.0
-21.0
33.0
58.0
59.0
-8.0
-50.0
-75.0
-77.0
-15.0
25.0
41.0
54.0
-38.0
-53.0
-11.0
-13.0
10.0
7.0
-10.0
-17.0
-25.0
3.0
1.0
14.0
22.0
-24.0
-33.0
-24.0
-39.0
-59.0
-86.0
-83.0
-36.0
-16.0
-35.0
-36.0
-69.0
-30.0
-4.0
-15.0
1.0
-5.0
-17.0
-5.0
0.0
-19.0
-39.0
-50.0
-60.0
-58.0
-20.0
-13.0
-69.0
-46.0
-40.0
-36.0
1.0
-2.0
-21.0
-9.0
-41.0
-43.0
-9.0
-9.0
2.0
0.0
-26.0
-2.0
-27.0
-21.0
-17.0
-5.0
-12.0
-21.0
18.0
18.0
-25.0
-4.0
5.0
-6.0
-35.0
-25.0
-4.0
-25.0
-55.0
-6.0
5.0
-18.0
-50.0
-43.0
14.0
27.0
5.0
-10.0
-9.0
-32.0
-8.0
-3.0
-38.0
-33.0
-33.0
-23.0
-33.0
-35.0
-9.0
-33.0
-16.0
-9.0
-32.0
15.0
21.0
-21.0
2.0
16.0
13.0
13.0
-11.0
0.0
10.0
-35.0
-31.0
-14.0
-6.0
-23.0
-19.0
30.0
20.0
-12.0
3.0
-22.0
-35.0
4.0
-23.0
1.0
11.0
-10.0
-24.0
15.0
46.0
24.0
-2.0
-21.0
-32.0
-23.0
-11.0
-25.0
-4.0
10.0
-44.0
-35.0
-1.0
4.0
-12.0
-59.0
-37.0
1.0
-16.0
-12.0
-7.0
-21.0
-24.0
-74.0
-32.0
6.0
-18.0
5.0
-10.0
-33.0
-36.0
-21.0
-23.0
-43.0
-58.0
-30.0
-11.0
-20.0
-24.0
4.0
19.0
21.0
-17.0
3.0
7.0
-11.0
4.0
1.0
-3.0
3.0
-12.0
8.0
-3.0
-15.0
22.0
-15.0
-26.0
16.0
3.0
-3.0
7.0
18.0
27.0
6.0
-2.0
26.0
1.0
-20.0
14.0
-6.0
4.0
9.0
-1.0
16.0
17.0
7.0
10.0
4.0
44.0
10.0
-18.0
33.0
21.0
10.0
33.0
-4.0
-12.0
-21.0
14.0
60.0
36.0
1.0
-24.0
-31.0
8.0
11.0
73.0
42.0
-36.0
-20.0
-10.0
-3.0
46.0
34.0
18.0
-28.0
-46.0
-23.0
-27.0
-18.0
-16.0
-8.0
-25.0
-17.0
-23.0
-15.0
10.0
-6.0
16.0
24.0
9.0
37.0
-7.0
-10.0
12.0
-23.0
-29.0
-37.0
-39.0
-25.0
-65.0
-38.0
-22.0
-29.0
-4.0
-14.0
-26.0
14.0
-13.0
11.0
22.0
-30.0
-34.0
-53.0
-71.0
-62.0
-55.0
-11.0
-13.0
-44.0
-4.0
9.0
-22.0
-12.0
-38.0
-8.0
17.0
-27.0
-39.0
-43.0
-55.0
-38.0
-45.0
-18.0
15.0
3.0
19.0
26.0
40.0
31.0
-22.0
-40.0
20.0
33.0
39.0
17.0
-1.0
12.0
14.0
19.0
26.0
19.0
36.0
11.0
18.0
-10.0
-20.0
14.0
4.0
7.0
35.0
34.0
41.0
34.0
11.0
21.0
22.0
35.0
54.0
43.0
12.0
2.0
-17.0
-22.0
-7.0
22.0
45.0
33.0
27.0
32.0
8.0
4.0
10.0
24.0
20.0
-7.0
-26.0
-27.0
-63.0
-58.0
-9.0
-22.0
-7.0
-12.0
-22.0
20.0
-13.0
-22.0
-10.0
-35.0
-34.0
-28.0
-17.0
-11.0
-21.0
-28.0
-28.0
16.0
32.0
32.0
56.0
56.0
17.0
5.0
18.0
2.0
42.0
44.0
18.0
23.0
10.0
18.0
5.0
12.0
97.0
81.0
68.0
63.0
28.0
43.0
15.0
-15.0
1.0
-26.0
-33.0
-5.0
-11.0
0.0
24.0
21.0
50.0
36.0
43.0
52.0
45.0
56.0
49.0
10.0
-26.0
2.0
27.0
48.0
38.0
32.0
-18.0
-49.0
-10.0
-14.0
-15.0
30.0
30.0
60.0
52.0
17.0
59.0
47.0
26.0
31.0
-2.0
-40.0
-60.0
-47.0
10.0
-8.0
-27.0
53.0
33.0
39.0
51.0
30.0
24.0
21.0
17.0
-2.0
-48.0
-87.0
-90.0
-93.0
-47.0
-45.0
-47.0
-18.0
-18.0
-10.0
6.0
5.0
12.0
-12.0
7.0
-21.0
-72.0
-49.0
-66.0
-91.0
-86.0
-93.0
-77.0
-63.0
-75.0
-48.0
-27.0
-58.0
-25.0
-30.0
-20.0
-18.0
-62.0
-79.0
-30.0
-36.0
-50.0
-49.0
-60.0
-59.0
-91.0
-85.0
-65.0
-64.0
-30.0
-38.0
-58.0
-59.0
-73.0
-55.0
-24.0
-29.0
1.0
3.0
-20.0
-37.0
-46.0
-40.0
-69.0
-55.0
-35.0
-53.0
-53.0
12.0
3.0
-12.0
-27.0
-42.0
-48.0
-2.0
-3.0
11.0
3.0
-4.0
-31.0
-12.0
42.0
5.0
-34.0
-11.0
-50.0
-33.0
-16.0
-28.0
18.0
-4.0
-32.0
-32.0
-38.0
-5.0
-15.0
-18.0
36.0
7.0
-7.0
-24.0
-20.0
-6.0
-33.0
-13.0
30.0
16.0
-9.0
-12.0
-31.0
-32.0
-27.0
-86.0
-124.0
-56.0
-7.0
13.0
-8.0
-25.0
-30.0
-48.0
-33.0
-56.0
-69.0
-27.0
-61.0
-59.0
-68.0
-88.0
-14.0
-23.0
-59.0
-64.0
-34.0
-4.0
-21.0
-42.0
-14.0
-18.0
-34.0
-63.0
-72.0
-11.0
-26.0
-44.0
-26.0
-50.0
-25.0
1.0
-14.0
-5.0
12.0
18.0
35.0
48.0
57.0
50.0
32.0
52.0
50.0
27.0
49.0
72.0
67.0
58.0
44.0
81.0
76.0
37.0
51.0
37.0
53.0
65.0
79.0
79.0
23.0
1.0
43.0
16.0
24.0
59.0
40.0
17.0
30.0
39.0
46.0
42.0
39.0
35.0
17.0
6.0
-8.0
-18.0
12.0
-25.0
-18.0
13.0
-18.0
-22.0
-9.0
-13.0
1.0
-25.0
-17.0
-6.0
-56.0
-17.0
-2.0
-47.0
-10.0
-10.0
-24.0
-11.0
-52.0
-29.0
-29.0
-36.0
-7.0
-16.0
-8.0
-22.0
-58.0
-56.0
-40.0
-25.0
-27.0
-49.0
-51.0
-44.0
-41.0
-4.0
1.0
29.0
116.0
116.0
116.0
124.0
153.0
163.0
157.0
144.0
195.0
215.0
196.0
253.0
224.0
201.0
267.0
247.0
198.0
131.0
113.0
125.0
98.0
93.0
80.0
48.0
50.0
-14.0
-27.0
7.0
-55.0
-37.0
-16.0
-53.0
-42.0
-67.0
-83.0
-42.0
-46.0
-68.0
-58.0
-49.0
-58.0
-100.0
-116.0
-91.0
-85.0
-62.0
-73.0
-79.0
-83.0
-122.0
-92.0
-77.0
-111.0
-104.0
-66.0
-54.0
-31.0
-37.0
-74.0
-87.0
-102.0
-76.0
-62.0
-55.0
-41.0
-78.0
-76.0
-67.0
-73.0
-61.0
-83.0
-96.0
-68.0
-82.0
-80.0
-78.0
-99.0
-80.0
-108.0
-125.0
-84.0
-107.0
-101.0
-90.0
-138.0
-114.0
-117.0
-143.0
-95.0
-87.0
-98.0
-81.0
-81.0
-91.0
-101.0
-108.0
-82.0
-95.0
-114.0
-102.0
-82.0
-64.0
-100.0
-130.0
-69.0
-80.0
-93.0
-79.0
-98.0
-93.0
-100.0
-132.0
-83.0
-104.0
-105.0
-79.0
-106.0
-103.0
-111.0
-115.0
-65.0
-82.0
-80.0
-92.0
-114.0
-98.0
-73.0
-55.0
-59.0
-119.0
-96.0
-80.0
-91.0
-80.0
-98.0
-142.0
-84.0
-49.0
-63.0
-89.0
-116.0
-99.0
-91.0
-87.0
-82.0
-116.0
-102.0
-93.0
-107.0
-106.0
-104.0
-92.0
-95.0
-113.0
-110.0
-86.0
-107.0
-120.0
-103.0
-95.0
-53.0
-61.0
-77.0
-81.0
-127.0
-137.0
-80.0
-91.0
-83.0
-59.0
-64.0
-71.0
-63.0
-38.0
-57.0
-67.0
-53.0
-63.0
-66.0
-78.0
-106.0
-76.0
-93.0
-99.0
-58.0
-78.0
-74.0
-52.0
-87.0
-78.0
-96.0
-136.0
-76.0
-63.0
-77.0
-81.0
-118.0
-107.0
-82.0
-53.0
-34.0
-56.0
-73.0
-87.0
-94.0
-51.0
-59.0
-78.0
-64.0
-79.0
-90.0
-52.0
-64.0
-53.0
-27.0
-55.0
-43.0
-39.0
-53.0
-56.0
-47.0
-41.0
-64.0
-59.0
-63.0
-103.0
-99.0
-65.0
-74.0
-80.0
-67.0
-70.0
-73.0
-55.0
-50.0
-48.0
-52.0
-46.0
-54.0
-69.0
-48.0
-64.0
-62.0
-56.0
-78.0
-80.0
-36.0
-58.0
-42.0
-33.0
-7.0
2.0
-51.0
-59.0
-37.0
3.0
22.0
-29.0
-28.0
-51.0
-42.0
-35.0
-27.0
-58.0
-73.0
-80.0
-39.0
-10.0
-31.0
-48.0
-69.0
-92.0
-43.0
-48.0
-54.0
-19.0
-32.0
-20.0
-33.0
-23.0
-36.0
-64.0
-59.0
-26.0
-24.0
-29.0
-60.0
-68.0
-37.0
-25.0
25.0
29.0
-7.0
-11.0
-32.0
-29.0
-4.0
-2.0
-15.0
-14.0
-14.0
-23.0
-25.0
-34.0
-51.0
-47.0
-29.0
-37.0
-45.0
-26.0
-34.0
-33.0
6.0
-24.0
-24.0
-1.0
-41.0
-25.0
-33.0
-62.0
-35.0
-52.0
-35.0
-26.0
-7.0
-10.0
-37.0
-39.0
-19.0
-19.0
-4.0
39.0
5.0
18.0
-2.0
-2.0
6.0
10.0
8.0
7.0
-13.0
-7.0
-9.0
-2.0
-1.0
6.0
2.0
-1.0
-5.0
6.0
4.0
-1.0
13.0
-22.0
-1.0
7.0
-40.0
8.0
15.0
-5.0
16.0
-31.0
-60.0
-18.0
17.0
43.0
-2.0
-8.0
34.0
-5.0
-42.0
-12.0
-5.0
-1.0
-1.0
-18.0
-10.0
-13.0
-10.0
2.0
-33.0
-55.0
-33.0
-24.0
-16.0
0.0
-5.0
-6.0
-20.0
10.0
2.0
3.0
27.0
-3.0
-8.0
-18.0
-16.0
4.0
-12.0
-37.0
-48.0
-14.0
3.0
-13.0
-9.0
24.0
64.0
69.0
76.0
42.0
52.0
8.0
-61.0
-35.0
-43.0
-59.0
-44.0
-56.0
-67.0
-53.0
-36.0
-23.0
20.0
25.0
45.0
56.0
69.0
51.0
25.0
27.0
-9.0
-49.0
-84.0
-84.0
-70.0
-76.0
-71.0
-43.0
-32.0
-4.0
47.0
32.0
22.0
11.0
-23.0
1.0
-3.0
-18.0
-35.0
-103.0
-107.0
-110.0
-101.0
-62.0
-45.0
-25.0
10.0
-39.0
-24.0
17.0
-6.0
13.0
31.0
17.0
2.0
2.0
-21.0
-17.0
21.0
67.0
80.0
54.0
58.0
18.0
-18.0
-12.0
-30.0
-29.0
-27.0
-50.0
-12.0
-24.0
-14.0
-5.0
-14.0
22.0
22.0
34.0
35.0
21.0
6.0
49.0
46.0
41.0
8.0
-28.0
6.0
-18.0
-20.0
-3.0
-5.0
11.0
-20.0
-26.0
42.0
45.0
49.0
53.0
3.0
0.0
22.0
24.0
-6.0
-15.0
12.0
14.0
0.0
42.0
14.0
8.0
16.0
22.0
32.0
44.0
21.0
20.0
44.0
35.0
41.0
-5.0
12.0
50.0
32.0
57.0
37.0
11.0
32.0
-1.0
38.0
45.0
-1.0
58.0
44.0
40.0
69.0
65.0
81.0
62.0
26.0
59.0
64.0
44.0
73.0
28.0
45.0
55.0
18.0
62.0
58.0
39.0
81.0
68.0
55.0
56.0
45.0
90.0
55.0
41.0
32.0
2.0
27.0
42.0
40.0
62.0
37.0
67.0
88.0
70.0
45.0
37.0
2.0
-6.0
3.0
-12.0
-24.0
-25.0
1.0
18.0
3.0
-6.0
11.0
44.0
68.0
76.0
54.0
36.0
20.0
-4.0
-45.0
-23.0
1.0
-45.0
-55.0
-13.0
-18.0
-10.0
25.0
29.0
45.0
44.0
41.0
26.0
5.0
-2.0
-41.0
-54.0
-54.0
-69.0
-37.0
-5.0
-9.0
-2.0
-2.0
-3.0
34.0
1.0
6.0
0.0
-10.0
4.0
-30.0
-41.0
16.0
-4.0
1.0
7.0
13.0
36.0
40.0
22.0
16.0
-34.0
-25.0
-35.0
-5.0
22.0
-25.0
-65.0
0.0
10.0
-31.0
-15.0
2.0
20.0
13.0
15.0
34.0
-22.0
-32.0
-24.0
-54.0
-16.0
-40.0
-105.0
-69.0
-30.0
-15.0
-8.0
-51.0
-45.0
-22.0
-21.0
11.0
18.0
7.0
-8.0
-37.0
-26.0
5.0
-10.0
-7.0
-32.0
15.0
45.0
23.0
-3.0
-1.0
-18.0
-31.0
-39.0
-15.0
8.0
9.0
3.0
0.0
-4.0
29.0
-11.0
-33.0
-42.0
-30.0
-13.0
-39.0
-50.0
-60.0
-100.0
-76.0
-45.0
-23.0
-18.0
5.0
-15.0
-18.0
-36.0
-46.0
0.0
13.0
14.0
-10.0
-33.0
-38.0
-36.0
-3.0
-4.0
-34.0
-13.0
20.0
2.0
13.0
-4.0
20.0
43.0
-4.0
12.0
31.0
18.0
10.0
32.0
78.0
46.0
14.0
39.0
24.0
17.0
23.0
2.0
44.0
52.0
15.0
7.0
5.0
23.0
41.0
68.0
78.0
48.0
14.0
7.0
16.0
50.0
79.0
65.0
41.0
34.0
22.0
46.0
46.0
8.0
29.0
16.0
12.0
32.0
19.0
36.0
24.0
-11.0
39.0
41.0
36.0
62.0
52.0
36.0
-11.0
-5.0
35.0
27.0
44.0
15.0
-17.0
3.0
2.0
17.0
36.0
30.0
37.0
27.0
-2.0
21.0
18.0
8.0
29.0
23.0
41.0
43.0
-9.0
-26.0
-21.0
-23.0
21.0
10.0
-8.0
15.0
22.0
40.0
46.0
51.0
70.0
33.0
14.0
31.0
-2.0
6.0
32.0
24.0
6.0
4.0
14.0
1.0
6.0
42.0
50.0
41.0
59.0
31.0
44.0
45.0
-6.0
32.0
41.0
24.0
45.0
25.0
27.0
39.0
28.0
49.0
52.0
31.0
45.0
39.0
31.0
39.0
31.0
30.0
34.0
44.0
46.0
20.0
22.0
27.0
14.0
42.0
25.0
22.0
73.0
84.0
67.0
27.0
-5.0
30.0
29.0
66.0
75.0
25.0
13.0
29.0
41.0
50.0
49.0
57.0
76.0
33.0
27.0
16.0
-19.0
21.0
12.0
-3.0
36.0
9.0
8.0
31.0
18.0
14.0
-4.0
12.0
12.0
-10.0
-15.0
22.0
14.0
20.0
27.0
11.0
18.0
24.0
12.0
16.0
-3.0
25.0
12.0
-27.0
12.0
18.0
30.0
18.0
-6.0
6.0
17.0
31.0
40.0
31.0
-4.0
-17.0
-16.0
4.0
5.0
-17.0
-29.0
-43.0
-32.0
-39.0
-40.0
-18.0
-34.0
-75.0
-58.0
-39.0
-51.0
-13.0
-29.0
-26.0
-41.0
-59.0
-24.0
-42.0
-48.0
-28.0
-46.0
-10.0
-13.0
-22.0
-43.0
-62.0
-36.0
-28.0
-31.0
-43.0
-76.0
-60.0
-36.0
-24.0
-26.0
-31.0
-16.0
-24.0
-17.0
-32.0
-15.0
-18.0
-18.0
-15.0
-50.0
-40.0
-2.0
-12.0
10.0
-13.0
-35.0
-34.0
-20.0
-10.0
-15.0
-19.0
13.0
3.0
-15.0
4.0
12.0
24.0
51.0
17.0
1.0
-25.0
-26.0
-30.0
-34.0
24.0
-10.0
-13.0
13.0
-6.0
0.0
-21.0
-32.0
8.0
6.0
10.0
32.0
-10.0
-53.0
-22.0
-28.0
-26.0
-48.0
-46.0
-16.0
-33.0
-26.0
-41.0
-56.0
-18.0
47.0
69.0
89.0
16.0
-26.0
-27.0
-26.0
-3.0
29.0
35.0
24.0
11.0
5.0
-33.0
24.0
96.0
84.0
78.0
68.0
25.0
15.0
-25.0
-35.0
-37.0
-49.0
-71.0
-34.0
-36.0
-40.0
-26.0
2.0
54.0
65.0
14.0
82.0
70.0
37.0
41.0
3.0
28.0
-10.0
-32.0
-29.0
-53.0
-30.0
-18.0
-9.0
24.0
12.0
13.0
26.0
0.0
33.0
39.0
26.0
35.0
1.0
-14.0
7.0
-15.0
20.0
-8.0
-23.0
-10.0
-41.0
-35.0
8.0
3.0
14.0
26.0
15.0
16.0
12.0
16.0
39.0
-7.0
-22.0
30.0
2.0
33.0
44.0
16.0
29.0
3.0
28.0
52.0
16.0
44.0
44.0
14.0
16.0
29.0
50.0
61.0
26.0
8.0
38.0
35.0
35.0
41.0
53.0
31.0
-7.0
36.0
56.0
32.0
32.0
11.0
30.0
46.0
31.0
23.0
-2.0
1.0
22.0
8.0
-17.0
10.0
13.0
23.0
3.0
-26.0
11.0
-32.0
-55.0
-42.0
-24.0
-4.0
-14.0
0.0
7.0
-23.0
-27.0
-41.0
-34.0
5.0
-30.0
-45.0
-23.0
-52.0
-39.0
-25.0
-34.0
-26.0
-40.0
-64.0
-41.0
-61.0
-53.0
-41.0
-58.0
-15.0
-37.0
-82.0
-44.0
-12.0
-29.0
-20.0
-39.0
-54.0
-60.0
-37.0
3.0
17.0
2.0
-21.0
-58.0
-48.0
-51.0
-11.0
17.0
-32.0
-41.0
-69.0
-56.0
-20.0
-17.0
-18.0
-6.0
-31.0
-72.0
-74.0
-15.0
41.0
9.0
-4.0
7.0
-10.0
-17.0
-11.0
-29.0
-14.0
-21.0
-21.0
1.0
14.0
-1.0
-31.0
-53.0
-19.0
-10.0
5.0
-12.0
-17.0
-11.0
-35.0
-45.0
-33.0
-48.0
-54.0
-41.0
-40.0
-36.0
-27.0
13.0
2.0
-3.0
14.0
-8.0
-27.0
-16.0
-21.0
-49.0
-29.0
-34.0
-20.0
-25.0
-69.0
7.0
49.0
27.0
12.0
12.0
8.0
-21.0
-15.0
24.0
2.0
-11.0
-10.0
-12.0
-10.0
-36.0
-32.0
-7.0
-4.0
-41.0
-32.0
-20.0
2.0
3.0
-8.0
-6.0
-7.0
-16.0
-1.0
-17.0
-48.0
-10.0
-23.0
-24.0
-3.0
-4.0
-24.0
-16.0
-43.0
-36.0
-33.0
-42.0
-15.0
-34.0
-16.0
-41.0
-37.0
-2.0
24.0
17.0
-10.0
-33.0
-31.0
-2.0
16.0
13.0
-21.0
-42.0
-61.0
-63.0
-30.0
-16.0
-27.0
-15.0
-51.0
-31.0
-41.0
-42.0
-1.0
-13.0
-14.0
9.0
-3.0
-18.0
-28.0
2.0
22.0
27.0
11.0
12.0
-16.0
-13.0
27.0
31.0
42.0
17.0
18.0
-4.0
-13.0
13.0
25.0
20.0
34.0
28.0
26.0
50.0
12.0
-19.0
-11.0
-7.0
4.0
25.0
8.0
-23.0
-56.0
-54.0
-64.0
-55.0
-13.0
12.0
4.0
-22.0
-63.0
-34.0
1.0
-25.0
-25.0
-54.0
-42.0
12.0
-17.0
6.0
9.0
-43.0
-40.0
-2.0
24.0
14.0
-34.0
-30.0
-19.0
-63.0
-50.0
-80.0
-87.0
-68.0
-95.0
-44.0
-10.0
-48.0
-54.0
-74.0
-52.0
-13.0
-24.0
-56.0
-52.0
-70.0
-6.0
0.0
-34.0
2.0
-11.0
17.0
35.0
26.0
17.0
-15.0
-22.0
-3.0
-7.0
-15.0
-7.0
-13.0
-1.0
19.0
29.0
42.0
30.0
14.0
6.0
-1.0
18.0
-5.0
-27.0
-13.0
-31.0
-30.0
-42.0
-47.0
-46.0
-56.0
-46.0
5.0
18.0
26.0
43.0
25.0
2.0
-32.0
-16.0
-17.0
-68.0
-54.0
-67.0
-82.0
-74.0
-72.0
-11.0
-9.0
-1.0
36.0
25.0
-15.0
-3.0
-14.0
-16.0
-10.0
-30.0
-37.0
-24.0
-36.0
-23.0
-35.0
-56.0
-34.0
-45.0
-50.0
-44.0
-35.0
-12.0
-49.0
-46.0
-42.0
-79.0
-35.0
2.0
2.0
16.0
6.0
-14.0
-10.0
-25.0
-18.0
-38.0
-59.0
-55.0
-79.0
-79.0
-12.0
-47.0
-60.0
-62.0
-67.0
-56.0
-67.0
-52.0
-21.0
-23.0
-21.0
-57.0
-71.0
-48.0
-40.0
-46.0
-30.0
-53.0
-71.0
-69.0
-65.0
-50.0
-12.0
-27.0
-16.0
-27.0
-16.0
-25.0
-60.0
-70.0
-83.0
-34.0
-8.0
-21.0
-32.0
-54.0
-79.0
-27.0
-34.0
-58.0
-28.0
-52.0
-42.0
-22.0
-45.0
-64.0
-38.0
3.0
-12.0
-41.0
-34.0
-37.0
-27.0
-11.0
-39.0
-20.0
6.0
-33.0
-48.0
-60.0
-85.0
-34.0
-13.0
25.0
20.0
-19.0
-17.0
-23.0
-33.0
2.0
21.0
-4.0
-25.0
-32.0
-22.0
-15.0
-30.0
5.0
4.0
2.0
2.0
-45.0
-53.0
-63.0
-50.0
-15.0
-40.0
-55.0
-18.0
-37.0
-70.0
-55.0
-47.0
-45.0
-74.0
-35.0
-24.0
-71.0
-81.0
-40.0
-45.0
-48.0
-41.0
-26.0
-17.0
-25.0
1.0
-17.0
-42.0
-64.0
-99.0
-53.0
-17.0
-33.0
-4.0
-61.0
-92.0
-45.0
-60.0
-77.0
-74.0
-80.0
-91.0
-127.0
-130.0
-59.0
-40.0
-32.0
-48.0
-94.0
-83.0
-65.0
-71.0
-76.0
-86.0
-69.0
-82.0
-91.0
-56.0
-61.0
-84.0
-63.0
-55.0
-71.0
-71.0
-83.0
-66.0
-33.0
-64.0
-43.0
-49.0
-77.0
-84.0
-54.0
-16.0
4.0
-25.0
-30.0
-47.0
-57.0
-18.0
-25.0
-3.0
4.0
-3.0
35.0
62.0
71.0
90.0
96.0
173.0
212.0
228.0
268.0
264.0
261.0
263.0
263.0
263.0
263.0
261.0
235.0
173.0
137.0
159.0
148.0
132.0
122.0
93.0
64.0
15.0
8.0
69.0
31.0
-16.0
-32.0
-92.0
-90.0
-82.0
-92.0
-107.0
-173.0
-190.0
-158.0
-153.0
-142.0
-169.0
-215.0
-225.0
-240.0
-225.0
-193.0
-168.0
-164.0
-204.0
-236.0
-229.0
-225.0
-174.0
-153.0
-181.0
-191.0
-201.0
-227.0
-199.0
-208.0
-233.0
0.0
0.0
0.0
0.0
0.0
0.0
0.0
0.0
0.0
0.0
0.0
0.0
0.0
0.0
0.0
0.0
0.0
0.0
0.0
0.0
0.0
0.0
0.0
0.0
0.0
0.0
0.0
0.0
0.0
0.0
0.0
0.0
0.0
0.0
0.0
0.0
0.0
0.0
0.0
0.0
0.0
0.0
0.0
0.0
0.0
0.0
0.0
0.0
0.0
0.0
0.0
0.0
0.0
0.0
0.0
0.0
0.0
0.0
0.0
0.0
0.0
0.0
0.0
0.0
0.0
0.0
0.0
0.0
0.0
0.0
0.0
0.0
0.0
0.0
0.0
0.0
0.0
0.0
0.0
0.0
0.0
0.0
0.0
0.0
0.0
0.0
0.0
0.0
0.0
0.0
0.0
0.0
0.0
0.0
0.0
0.0
0.0
0.0
0.0
0.0
0.0
0.0
0.0
0.0
0.0
0.0
0.0
0.0
0.0
0.0
0.0
0.0
0.0
0.0
0.0
0.0
0.0
0.0
0.0
0.0
0.0
0.0
0.0
0.0
0.0
0.0
0.0
0.0
