-59.0
-74.0
-92.0
-97.0
-83.0
-70.0
-73.0
-99.0
-92.0
-97.0
-120.0
-90.0
-72.0
-63.0
-70.0
-123.0
-105.0
-62.0
-29.0
-30.0
-61.0
-46.0
-25.0
-49.0
-31.0
-28.0
-21.0
-20.0
-54.0
-34.0
-23.0
-62.0
-25.0
-24.0
-51.0
-32.0
-55.0
-22.0
37.0
-15.0
-36.0
-31.0
-70.0
-41.0
-27.0
-33.0
-13.0
-39.0
-24.0
-22.0
-45.0
-33.0
-53.0
-43.0
-21.0
-65.0
-17.0
12.0
-4.0
-30.0
-37.0
-25.0
-19.0
-54.0
-68.0
-2.0
-12.0
-38.0
17.0
-6.0
12.0
44.0
32.0
10.0
-32.0
-39.0
17.0
0.0
0.0
-39.0
-20.0
5.0
-68.0
-51.0
-35.0
-46.0
-20.0
-38.0
-65.0
-43.0
-18.0
24.0
23.0
-14.0
-18.0
2.0
-25.0
-29.0
6.0
1.0
-63.0
1.0
16.0
-36.0
-30.0
-7.0
-31.0
-61.0
-22.0
13.0
-7.0
-23.0
9.0
-28.0
-12.0
29.0
-33.0
-58.0
13.0
-20.0
-3.0
-21.0
6.0
25.0
1.0
-3.0
47.0
71.0
104.0
128.0
164.0
246.0
259.0
224.0
242.0
259.0
253.0
253.0
241.0
234.0
188.0
102.0
91.0
130.0
122.0
60.0
10.0
50.0
3.0
-30.0
-36.0
-37.0
-56.0
-64.0
-85.0
-63.0
-71.0
-92.0
-90.0
-73.0
-68.0
-81.0
-99.0
-101.0
-128.0
-85.0
-63.0
-112.0
-97.0
-105.0
-99.0
-61.0
-91.0
-112.0
-95.0
-110.0
-98.0
-115.0
-130.0
-115.0
-109.0
-108.0
-87.0
-116.0
-109.0
-105.0
-159.0
-129.0
-91.0
-109.0
-138.0
-88.0
-80.0
-131.0
-146.0
-69.0
-87.0
-113.0
-110.0
-122.0
-94.0
-100.0
-134.0
-129.0
-124.0
-104.0
-84.0
-163.0
-103.0
-87.0
-119.0
-85.0
-93.0
-119.0
-117.0
-118.0
-121.0
-126.0
-147.0
-108.0
-122.0
-117.0
-82.0
-120.0
-131.0
-127.0
-130.0
-99.0
-89.0
-108.0
-103.0
-120.0
-144.0
-117.0
-98.0
-108.0
-125.0
-143.0
-112.0
-115.0
-102.0
-137.0
-127.0
-126.0
-131.0
-116.0
-117.0
-148.0
-139.0
-139.0
-199.0
-180.0
-127.0
-147.0
-126.0
-157.0
-126.0
-131.0
-169.0
-147.0
-118.0
-128.0
-134.0
-127.0
-147.0
-180.0
-166.0
-147.0
-143.0
-157.0
-131.0
-116.0
-130.0
-128.0
-160.0
-185.0
-125.0
-136.0
-174.0
-153.0
-105.0
-112.0
-160.0
-122.0
-126.0
-155.0
-137.0
-165.0
-147.0
-142.0
-178.0
-117.0
-124.0
-139.0
-136.0
-145.0
-101.0
-101.0
-169.0
-152.0
-158.0
-161.0
-149.0
-188.0
-164.0
-124.0
-112.0
-80.0
-103.0
-147.0
-135.0
-145.0
-131.0
-142.0
-167.0
-120.0
-152.0
-127.0
-102.0
-150.0
-122.0
-126.0
-125.0
-99.0
-119.0
-112.0
-111.0
-155.0
-86.0
-70.0
-105.0
-109.0
-136.0
-121.0
-99.0
-121.0
-125.0
-140.0
-113.0
-80.0
-114.0
-117.0
-103.0
-119.0
-89.0
-97.0
-89.0
-84.0
-115.0
-111.0
-97.0
-112.0
-94.0
-81.0
-81.0
-93.0
-79.0
-67.0
-72.0
-111.0
-87.0
-88.0
-117.0
-62.0
-58.0
-87.0
-69.0
-86.0
-102.0
-78.0
-71.0
-87.0
-45.0
-85.0
-86.0
-72.0
-65.0
-87.0
-84.0
-70.0
-95.0
-78.0
-67.0
-73.0
-60.0
-65.0
-102.0
-81.0
-76.0
-91.0
-85.0
-133.0
-99.0
-54.0
-64.0
-67.0
-118.0
-116.0
-61.0
-118.0
-162.0
-121.0
-129.0
-64.0
-43.0
-65.0
-86.0
-115.0
-96.0
-88.0
-112.0
-108.0
-100.0
-86.0
-58.0
-45.0
-114.0
-120.0
-29.0
-2.0
-37.0
-55.0
-14.0
-55.0
-36.0
-53.0
-21.0
-27.0
-42.0
-31.0
-40.0
-45.0
-27.0
-61.0
-22.0
-22.0
-52.0
-24.0
-25.0
-10.0
-35.0
-59.0
-58.0
-86.0
-62.0
-44.0
-35.0
-67.0
-54.0
-14.0
-42.0
7.0
-2.0
-22.0
-9.0
-20.0
-30.0
-19.0
-21.0
-16.0
-51.0
-87.0
-29.0
-81.0
-99.0
-45.0
-34.0
-6.0
-40.0
-71.0
-8.0
-26.0
-46.0
-24.0
-68.0
-65.0
-19.0
-15.0
-21.0
-25.0
-18.0
-36.0
-80.0
-20.0
-13.0
-33.0
-43.0
-42.0
5.0
-24.0
-2.0
-49.0
-8.0
-1.0
-12.0
-31.0
-32.0
1.0
-1.0
8.0
-13.0
-46.0
14.0
2.0
4.0
2.0
-28.0
6.0
-9.0
-27.0
-47.0
-33.0
-44.0
-30.0
-34.0
-15.0
-12.0
-25.0
-7.0
-3.0
-7.0
3.0
-22.0
-39.0
-52.0
-26.0
-15.0
-48.0
44.0
85.0
83.0
125.0
228.0
241.0
227.0
259.0
252.0
250.0
231.0
227.0
242.0
182.0
169.0
131.0
67.0
74.0
38.0
-13.0
-22.0
-12.0
-51.0
-103.0
-90.0
-86.0
-105.0
-109.0
-162.0
-143.0
-81.0
-124.0
-153.0
-116.0
-114.0
-148.0
-196.0
-163.0
-141.0
-174.0
-159.0
-189.0
-203.0
-129.0
-163.0
-183.0
-129.0
-164.0
-170.0
-168.0
-152.0
-143.0
-160.0
-145.0
-130.0
-153.0
-113.0
-134.0
-185.0
-158.0
-121.0
-163.0
-154.0
-148.0
-159.0
-187.0
-169.0
-149.0
-176.0
-167.0
-164.0
-195.0
-172.0
-148.0
-150.0
-135.0
-167.0
-164.0
-156.0
-156.0
-191.0
-171.0
-147.0
-130.0
-141.0
-154.0
-155.0
-154.0
-159.0
-172.0
-165.0
-137.0
-144.0
-158.0
-166.0
-191.0
-156.0
-162.0
-175.0
-122.0
-146.0
-176.0
-162.0
-196.0
-140.0
-120.0
-156.0
-155.0
-177.0
-171.0
-142.0
-170.0
-145.0
-146.0
-159.0
-138.0
-177.0
-169.0
-125.0
-178.0
-165.0
-153.0
-169.0
-138.0
-129.0
-132.0
-103.0
-139.0
-138.0
-151.0
-159.0
-144.0
-149.0
-171.0
-154.0
-138.0
-153.0
-174.0
-173.0
-134.0
-159.0
-157.0
-113.0
-142.0
-166.0
-137.0
-159.0
-165.0
-162.0
-136.0
-139.0
-108.0
-118.0
-125.0
-138.0
-147.0
-88.0
-102.0
-105.0
-110.0
-103.0
-108.0
-115.0
-126.0
-129.0
-85.0
-107.0
-130.0
-75.0
-89.0
-123.0
-117.0
-76.0
-86.0
-108.0
-147.0
-144.0
-122.0
-140.0
-112.0
-117.0
-96.0
-89.0
-106.0
-93.0
-108.0
-122.0
-78.0
-105.0
-130.0
-111.0
-138.0
-120.0
-92.0
-118.0
-118.0
-140.0
-134.0
-119.0
-146.0
-105.0
-126.0
-133.0
-121.0
-148.0
-120.0
-120.0
-142.0
-110.0
-101.0
-140.0
-113.0
-158.0
-134.0
-60.0
-111.0
-118.0
-130.0
-127.0
-81.0
-110.0
-91.0
-103.0
-144.0
-114.0
-142.0
-161.0
-106.0
-100.0
-119.0
-105.0
-128.0
-127.0
-114.0
-125.0
-133.0
-125.0
-124.0
-101.0
-133.0
-138.0
-135.0
-134.0
-107.0
-130.0
-142.0
-131.0
-125.0
-136.0
-129.0
-143.0
-115.0
-109.0
-112.0
-124.0
-155.0
-134.0
-127.0
-154.0
-127.0
-136.0
-133.0
-130.0
-166.0
-107.0
-109.0
-135.0
-131.0
-143.0
-130.0
-89.0
-86.0
-82.0
-93.0
-120.0
-133.0
-102.0
-112.0
-108.0
-143.0
-103.0
-101.0
-139.0
-142.0
-125.0
-121.0
-128.0
-154.0
-140.0
-146.0
-132.0
-79.0
-105.0
-116.0
-126.0
-112.0
-120.0
-120.0
-101.0
-88.0
-107.0
-108.0
-97.0
-112.0
-108.0
-133.0
-114.0
-86.0
-112.0
-85.0
-101.0
-138.0
-120.0
-101.0
-112.0
-70.0
-100.0
-114.0
-121.0
-126.0
-106.0
-119.0
-136.0
-90.0
-115.0
-133.0
-108.0
-114.0
-112.0
-73.0
-93.0
-84.0
-91.0
-88.0
-77.0
-141.0
-101.0
-53.0
-93.0
-88.0
-109.0
-100.0
-43.0
-56.0
-82.0
-65.0
-77.0
-82.0
-62.0
-57.0
-96.0
-88.0
-29.0
-64.0
-91.0
-94.0
-90.0
-65.0
-35.0
-84.0
-50.0
-36.0
-31.0
-43.0
-68.0
-72.0
-32.0
-41.0
-61.0
-62.0
-52.0
-27.0
-43.0
-55.0
-26.0
-59.0
-49.0
-67.0
-63.0
-18.0
-42.0
-76.0
-49.0
-77.0
-46.0
-22.0
-35.0
-35.0
-62.0
-62.0
-72.0
-48.0
-22.0
-23.0
-50.0
-48.0
-82.0
-88.0
-87.0
-94.0
-46.0
-81.0
-72.0
-41.0
-77.0
-97.0
-50.0
-72.0
-70.0
-51.0
-68.0
-40.0
-36.0
-49.0
-61.0
-83.0
-62.0
-79.0
-55.0
-49.0
-44.0
-52.0
-37.0
-58.0
-49.0
-54.0
-87.0
-81.0
-44.0
-46.0
-35.0
-55.0
-65.0
-31.0
-52.0
-27.0
-64.0
-79.0
-35.0
-46.0
-60.0
-53.0
-30.0
5.0
-51.0
-108.0
-47.0
-55.0
-77.0
-50.0
-64.0
-87.0
-28.0
-26.0
-31.0
-56.0
-58.0
-67.0
-46.0
-27.0
-36.0
-57.0
-87.0
-82.0
-38.0
-52.0
-58.0
-54.0
-97.0
-86.0
-24.0
-55.0
-86.0
-91.0
-54.0
-71.0
-91.0
-34.0
4.0
-51.0
-31.0
-28.0
-41.0
-38.0
-39.0
-54.0
-57.0
-65.0
-8.0
-41.0
-62.0
2.0
-29.0
-43.0
-40.0
-47.0
-48.0
-57.0
-62.0
-35.0
-42.0
-45.0
-33.0
-45.0
-36.0
-21.0
-33.0
-40.0
-63.0
-62.0
-65.0
-57.0
-55.0
-73.0
-41.0
-17.0
-45.0
-54.0
-64.0
-87.0
-33.0
-27.0
-43.0
-79.0
-56.0
-21.0
-58.0
-55.0
-13.0
-18.0
-53.0
-47.0
-13.0
-21.0
-28.0
-27.0
-21.0
-23.0
-12.0
-10.0
-25.0
-60.0
-59.0
-62.0
-5.0
-19.0
-50.0
0.0
-48.0
-27.0
-20.0
-44.0
-3.0
-40.0
-46.0
-21.0
-29.0
-4.0
1.0
-26.0
-27.0
-59.0
-72.0
-6.0
-15.0
-46.0
-33.0
-36.0
-25.0
-51.0
-48.0
-33.0
-41.0
-40.0
-26.0
-63.0
-59.0
-32.0
-35.0
-16.0
-27.0
-52.0
-24.0
-25.0
-44.0
-32.0
-69.0
-62.0
-45.0
-53.0
-11.0
-54.0
-53.0
-42.0
-58.0
-63.0
-84.0
-40.0
-11.0
-38.0
-34.0
-27.0
-43.0
-71.0
-81.0
-37.0
-36.0
-61.0
-45.0
-60.0
-89.0
-45.0
-47.0
-43.0
-45.0
-46.0
-19.0
-57.0
-77.0
-34.0
-45.0
-84.0
-62.0
-71.0
-49.0
-56.0
-69.0
-86.0
-74.0
-64.0
-52.0
-65.0
-60.0
-73.0
-104.0
-69.0
-53.0
-52.0
-47.0
-69.0
-59.0
-65.0
-74.0
-72.0
-83.0
-86.0
-81.0
-63.0
-62.0
-66.0
-92.0
-80.0
-34.0
-37.0
-69.0
-108.0
-59.0
-37.0
-87.0
-90.0
-91.0
-95.0
-82.0
-91.0
-108.0
-148.0
-81.0
-15.0
-72.0
-71.0
-76.0
-65.0
-50.0
-47.0
-42.0
-78.0
-59.0
-27.0
-43.0
-82.0
-84.0
-88.0
-102.0
-67.0
-76.0
-82.0
-95.0
-77.0
-59.0
-65.0
-61.0
-60.0
-78.0
-79.0
-48.0
-81.0
-73.0
-36.0
-57.0
-36.0
-54.0
-53.0
-50.0
-67.0
-59.0
-49.0
-71.0
-50.0
-66.0
-88.0
-35.0
-71.0
-53.0
-59.0
-82.0
-60.0
-77.0
-39.0
-23.0
-70.0
-67.0
-67.0
-46.0
-36.0
-57.0
-58.0
6.0
-27.0
-48.0
-52.0
-54.0
-7.0
20.0
56.0
91.0
206.0
261.0
224.0
250.0
254.0
252.0
254.0
254.0
252.0
224.0
196.0
156.0
106.0
70.0
91.0
37.0
-4.0
-23.0
-67.0
-84.0
-82.0
-106.0
-93.0
-84.0
-102.0
-122.0
-164.0
-162.0
-116.0
-135.0
-159.0
-166.0
-153.0
-152.0
-178.0
-179.0
-136.0
-143.0
-156.0
-158.0
-170.0
-167.0
-182.0
-185.0
-175.0
-161.0
-155.0
-164.0
-177.0
-152.0
-169.0
-209.0
-155.0
-153.0
-174.0
-139.0
-145.0
-168.0
-170.0
-121.0
-133.0
-169.0
-163.0
-191.0
-183.0
-134.0
-156.0
-201.0
-171.0
-168.0
-164.0
-154.0
-184.0
-177.0
-166.0
-164.0
-149.0
-177.0
-187.0
-169.0
-187.0
-157.0
-168.0
-178.0
-181.0
-201.0
-167.0
-182.0
-184.0
-154.0
-169.0
-182.0
-168.0
-185.0
-172.0
-182.0
-202.0
-145.0
-123.0
-169.0
-153.0
-164.0
-174.0
-188.0
-157.0
-139.0
-165.0
-174.0
-143.0
-168.0
-164.0
-147.0
-147.0
-138.0
-165.0
-200.0
-117.0
-116.0
-124.0
-103.0
-136.0
-137.0
-153.0
-125.0
-110.0
-127.0
-121.0
-120.0
-133.0
-124.0
-116.0
-144.0
-103.0
-136.0
-139.0
-109.0
-118.0
-119.0
-146.0
-143.0
-108.0
-137.0
-135.0
-117.0
-174.0
-102.0
-84.0
-108.0
-90.0
-111.0
-126.0
-134.0
-152.0
-97.0
-90.0
-106.0
-110.0
-147.0
-145.0
-124.0
-80.0
-58.0
-111.0
-130.0
-111.0
-136.0
-115.0
-110.0
-136.0
-106.0
-115.0
-150.0
-104.0
-101.0
-102.0
-101.0
-138.0
-156.0
-96.0
-87.0
-97.0
-130.0
-101.0
-91.0
-117.0
-89.0
-100.0
-108.0
-92.0
-109.0
-97.0
-91.0
-95.0
-77.0
-109.0
-106.0
-56.0
-109.0
-114.0
-91.0
-96.0
-90.0
-107.0
-81.0
-67.0
-103.0
-74.0
-106.0
-112.0
-43.0
-81.0
-105.0
-80.0
-108.0
-92.0
-25.0
-53.0
-83.0
-80.0
-100.0
-60.0
-61.0
-80.0
-82.0
-99.0
-79.0
-79.0
-59.0
-64.0
-77.0
-69.0
-74.0
-101.0
-67.0
-47.0
-73.0
-69.0
-91.0
-81.0
-43.0
-69.0
-73.0
-50.0
-64.0
-66.0
-105.0
-123.0
-89.0
-97.0
-90.0
-81.0
-119.0
-82.0
-86.0
-63.0
-69.0
-124.0
-101.0
-60.0
-79.0
-74.0
-90.0
-76.0
-62.0
-102.0
-120.0
-89.0
-103.0
-79.0
-106.0
-79.0
-50.0
-60.0
-39.0
-67.0
-119.0
-92.0
-53.0
-71.0
-78.0
-108.0
-75.0
-52.0
-92.0
-97.0
-105.0
-69.0
-58.0
-87.0
-62.0
-80.0
-128.0
-69.0
-74.0
-82.0
-63.0
-80.0
-60.0
-85.0
-75.0
-68.0
-71.0
-68.0
-84.0
-96.0
-108.0
-91.0
-71.0
-73.0
-90.0
-58.0
-73.0
-125.0
-91.0
-61.0
-89.0
-117.0
-44.0
-20.0
-49.0
-106.0
-96.0
-89.0
-103.0
-68.0
-81.0
-85.0
-109.0
-92.0
-33.0
-38.0
-30.0
-46.0
-46.0
-24.0
2.0
-27.0
-31.0
-68.0
-30.0
20.0
-49.0
-34.0
-35.0
-63.0
-41.0
-32.0
-88.0
-36.0
-40.0
-41.0
-79.0
-72.0
-54.0
-61.0
-82.0
-68.0
-37.0
21.0
-10.0
-52.0
-45.0
-57.0
-37.0
-23.0
-81.0
-59.0
-18.0
-39.0
-18.0
-5.0
-25.0
-25.0
6.0
-16.0
-30.0
-23.0
-11.0
-25.0
-40.0
-6.0
4.0
-12.0
-11.0
-39.0
-15.0
1.0
-45.0
-29.0
-25.0
-41.0
-20.0
-24.0
-45.0
-10.0
13.0
-9.0
-7.0
13.0
10.0
-30.0
-23.0
11.0
-16.0
-7.0
-2.0
-35.0
-6.0
-19.0
-31.0
-46.0
-11.0
-13.0
-6.0
-4.0
-34.0
-60.0
-30.0
-38.0
-32.0
6.0
-43.0
-47.0
-34.0
-38.0
-34.0
-48.0
-32.0
-18.0
-43.0
-64.0
-23.0
-15.0
-19.0
-27.0
-69.0
-33.0
8.0
-16.0
-21.0
-20.0
-32.0
-81.0
-41.0
-32.0
-39.0
-7.0
-33.0
-16.0
-15.0
-29.0
-24.0
-35.0
-28.0
6.0
-10.0
-27.0
-17.0
-20.0
-4.0
1.0
-29.0
-39.0
-46.0
-48.0
-30.0
-83.0
-60.0
-23.0
-16.0
-14.0
-34.0
-11.0
12.0
-12.0
-44.0
-25.0
-5.0
13.0
32.0
31.0
55.0
99.0
164.0
227.0
261.0
252.0
253.0
252.0
250.0
254.0
254.0
244.0
218.0
184.0
145.0
115.0
56.0
22.0
5.0
-5.0
-43.0
-103.0
-117.0
-115.0
-113.0
-109.0
-127.0
-120.0
-127.0
-149.0
-168.0
-201.0
-138.0
-144.0
-160.0
-146.0
-187.0
-177.0
-156.0
-198.0
-204.0
-190.0
-177.0
-145.0
-187.0
-177.0
-171.0
-165.0
-146.0
-159.0
-183.0
-161.0
-194.0
-175.0
-147.0
-178.0
-194.0
-179.0
-185.0
-181.0
-172.0
-186.0
-199.0
-180.0
-135.0
-159.0
-186.0
-156.0
-163.0
-166.0
-163.0
-182.0
-187.0
-204.0
-195.0
-127.0
-177.0
-155.0
-148.0
-114.0
-107.0
-139.0
-145.0
-170.0
-206.0
-156.0
-155.0
-192.0
-186.0
-161.0
-171.0
-156.0
-156.0
-164.0
-176.0
-163.0
-163.0
-187.0
-171.0
-161.0
-176.0
-158.0
-128.0
-156.0
-182.0
-185.0
-128.0
-124.0
-154.0
-137.0
-142.0
-168.0
-134.0
-140.0
-158.0
-139.0
-152.0
-145.0
-117.0
-130.0
-174.0
-194.0
-145.0
-96.0
-137.0
-135.0
-114.0
-143.0
-139.0
-175.0
-138.0
-116.0
-149.0
-138.0
-131.0
-142.0
-161.0
-129.0
-131.0
-125.0
-133.0
-159.0
-159.0
-108.0
-106.0
-134.0
-149.0
-131.0
-118.0
-125.0
-143.0
-130.0
-117.0
-148.0
-145.0
-126.0
-126.0
-96.0
-103.0
-140.0
-127.0
-130.0
-125.0
-96.0
-133.0
-136.0
-88.0
-120.0
-137.0
-144.0
-127.0
-123.0
-135.0
-116.0
-124.0
-143.0
-120.0
-135.0
-153.0
-102.0
-130.0
-153.0
-145.0
-145.0
-124.0
-116.0
-118.0
-124.0
-138.0
-99.0
-114.0
-156.0
-109.0
-107.0
-130.0
-127.0
-172.0
-145.0
-127.0
-124.0
-145.0
-118.0
-131.0
-106.0
-76.0
-89.0
-118.0
-114.0
-99.0
-95.0
-125.0
-91.0
-106.0
-103.0
-110.0
-139.0
-111.0
-89.0
-92.0
-90.0
-138.0
-122.0
-98.0
-140.0
-114.0
-80.0
-105.0
-139.0
-97.0
-62.0
-89.0
-136.0
-89.0
-104.0
-107.0
-69.0
-108.0
-120.0
-78.0
-135.0
-134.0
-95.0
-126.0
-91.0
-119.0
-137.0
-147.0
-88.0
-87.0
-135.0
-129.0
-116.0
-146.0
-139.0
-80.0
-94.0
-121.0
-151.0
-155.0
-129.0
-139.0
-113.0
-104.0
-123.0
-145.0
-100.0
-72.0
-82.0
-142.0
-82.0
-43.0
-101.0
-110.0
-112.0
-146.0
-135.0
-82.0
-105.0
-124.0
-122.0
-95.0
-118.0
-122.0
-77.0
-107.0
-96.0
-85.0
-101.0
-119.0
-112.0
-113.0
-107.0
-109.0
-80.0
-89.0
-114.0
-108.0
-133.0
-97.0
-42.0
-73.0
-73.0
-86.0
-92.0
-72.0
-87.0
-120.0
-109.0
-107.0
-84.0
-72.0
-94.0
-75.0
-114.0
-135.0
-97.0
-82.0
-40.0
-70.0
-108.0
-78.0
-110.0
-104.0
-88.0
-147.0
-118.0
-107.0
-79.0
-73.0
-102.0
-98.0
-71.0
-93.0
-88.0
-110.0
-98.0
-100.0
-133.0
-120.0
-102.0
-118.0
-97.0
-109.0
-122.0
-83.0
-98.0
-106.0
-88.0
-114.0
-101.0
-81.0
-88.0
-93.0
-127.0
-100.0
-98.0
-140.0
-109.0
-61.0
-87.0
-122.0
-115.0
-106.0
-104.0
-165.0
-116.0
-67.0
-116.0
-121.0
-108.0
-114.0
-92.0
-86.0
-80.0
-98.0
-129.0
-99.0
-116.0
-111.0
-101.0
-107.0
-95.0
-79.0
-94.0
-65.0
-50.0
-75.0
-68.0
-87.0
-71.0
-21.0
-78.0
-96.0
-101.0
-88.0
-37.0
-36.0
-15.0
68.0
144.0
222.0
252.0
252.0
251.0
249.0
248.0
253.0
253.0
254.0
249.0
178.0
227.0
256.0
190.0
195.0
176.0
92.0
39.0
-5.0
-45.0
-123.0
-170.0
-193.0
-249.0
-253.0
-259.0
-263.0
-260.0
-257.0
-259.0
-258.0
-254.0
-260.0
-258.0
-256.0
-251.0
-261.0
-252.0
-248.0
-264.0
-232.0
-213.0
-222.0
-241.0
-246.0
-248.0
-233.0
-185.0
-221.0
-238.0
-250.0
-225.0
-202.0
-184.0
-193.0
-187.0
-195.0
-218.0
-216.0
-211.0
-198.0
-162.0
-174.0
-194.0
-197.0
-222.0
-235.0
-186.0
-211.0
-195.0
-185.0
-206.0
-208.0
-227.0
-174.0
-170.0
-195.0
-180.0
-182.0
-154.0
-153.0
-185.0
-172.0
-164.0
-194.0
-149.0
-150.0
-212.0
-212.0
-153.0
-152.0
-156.0
-182.0
-166.0
-162.0
-200.0
-179.0
-184.0
-165.0
-151.0
-189.0
-203.0
-151.0
-172.0
-166.0
-182.0
-157.0
-117.0
-151.0
-161.0
-142.0
-167.0
-159.0
-168.0
-202.0
-176.0
-161.0
-177.0
-161.0
-163.0
-166.0
-169.0
-149.0
-132.0
-136.0
-131.0
-125.0
-143.0
-144.0
-128.0
-113.0
-129.0
-131.0
-125.0
-166.0
-176.0
-126.0
-141.0
-171.0
-129.0
-155.0
-130.0
-121.0
-117.0
-111.0
-144.0
-139.0
-101.0
-118.0
-140.0
-134.0
-129.0
-100.0
-154.0
-163.0
-92.0
-128.0
-131.0
-140.0
-130.0
-114.0
-143.0
-119.0
-91.0
-131.0
-115.0
-124.0
-150.0
-139.0
-136.0
-103.0
-120.0
-149.0
-129.0
-141.0
-161.0
-73.0
-101.0
-140.0
-103.0
-130.0
-111.0
-106.0
-139.0
-121.0
-153.0
-137.0
-82.0
-124.0
-113.0
-96.0
-137.0
-145.0
-106.0
-97.0
-98.0
-125.0
-116.0
-120.0
-145.0
-121.0
-125.0
-127.0
-129.0
-110.0
-93.0
-70.0
-83.0
-99.0
-124.0
-115.0
-90.0
-121.0
-97.0
-78.0
-91.0
-95.0
-133.0
-115.0
-76.0
-102.0
-121.0
-88.0
-141.0
-103.0
-77.0
-101.0
-99.0
-106.0
-114.0
-140.0
-129.0
-71.0
-114.0
-128.0
-105.0
-142.0
-164.0
-115.0
-143.0
-125.0
-112.0
-101.0
-103.0
-117.0
-126.0
-125.0
-80.0
-88.0
-107.0
-91.0
-80.0
-128.0
-71.0
-59.0
-96.0
-88.0
-90.0
-89.0
-93.0
-131.0
-110.0
-121.0
-106.0
-75.0
-109.0
-100.0
-102.0
-122.0
-82.0
-100.0
-61.0
-63.0
-75.0
-87.0
-77.0
-50.0
-49.0
-67.0
-90.0
-77.0
-75.0
-72.0
-87.0
-102.0
-99.0
-82.0
-91.0
-68.0
-73.0
-69.0
-60.0
-89.0
-86.0
-114.0
-120.0
-87.0
-121.0
-112.0
-63.0
-82.0
-65.0
-68.0
-100.0
-72.0
-79.0
-90.0
-83.0
-121.0
-133.0
-80.0
-77.0
-84.0
-97.0
-65.0
-78.0
-101.0
-105.0
-62.0
-91.0
-100.0
-87.0
-88.0
-70.0
-100.0
-110.0
-106.0
-83.0
-89.0
-105.0
-140.0
-106.0
-79.0
-71.0
-63.0
-96.0
-126.0
-83.0
-105.0
-97.0
-98.0
-88.0
-87.0
-110.0
-86.0
-82.0
-112.0
-67.0
-78.0
-92.0
-81.0
-82.0
-87.0
-104.0
-63.0
-71.0
-144.0
-100.0
-80.0
-85.0
-63.0
-100.0
-116.0
-120.0
-111.0
-102.0
-94.0
-86.0
-115.0
-133.0
-89.0
-58.0
-88.0
-78.0
-67.0
-83.0
-63.0
-90.0
-90.0
-86.0
-79.0
-73.0
-104.0
-99.0
-50.0
-75.0
-102.0
-77.0
-85.0
-56.0
-79.0
-74.0
-46.0
-65.0
-46.0
-40.0
-69.0
-67.0
-49.0
-46.0
-56.0
-98.0
-105.0
-85.0
-42.0
-31.0
-40.0
-31.0
12.0
84.0
115.0
154.0
225.0
237.0
254.0
250.0
249.0
237.0
250.0
233.0
217.0
191.0
177.0
113.0
60.0
20.0
14.0
20.0
-33.0
-55.0
-79.0
-117.0
-111.0
-161.0
-147.0
-164.0
-200.0
-159.0
-152.0
-199.0
-183.0
-162.0
-173.0
-154.0
-171.0
-159.0
-179.0
-203.0
-156.0
-188.0
-190.0
-161.0
-216.0
-169.0
-143.0
-183.0
-164.0
-204.0
-195.0
-191.0
-141.0
-146.0
-194.0
-213.0
-155.0
-135.0
-144.0
-158.0
-159.0
-167.0
-168.0
-161.0
-149.0
-163.0
-191.0
-147.0
-145.0
-179.0
-174.0
-144.0
-145.0
-177.0
-179.0
-164.0
-143.0
-156.0
-165.0
-165.0
-135.0
-149.0
-125.0
-107.0
-129.0
-137.0
-163.0
-125.0
-104.0
-134.0
-111.0
-111.0
-175.0
-167.0
-121.0
-118.0
-133.0
-158.0
-137.0
-112.0
-134.0
-109.0
-91.0
-138.0
-161.0
-148.0
-134.0
-137.0
-147.0
-155.0
-146.0
-140.0
-102.0
-120.0
-146.0
-99.0
-99.0
-125.0
-137.0
-152.0
-109.0
-106.0
-124.0
-126.0
-126.0
-126.0
-101.0
-93.0
-101.0
-119.0
-133.0
-106.0
-89.0
-97.0
-111.0
-125.0
-124.0
-103.0
-82.0
-126.0
-127.0
-89.0
-99.0
-128.0
-109.0
-77.0
-90.0
-77.0
-125.0
-122.0
-85.0
-157.0
-112.0
-106.0
-121.0
-105.0
-110.0
-124.0
-133.0
-156.0
-106.0
-102.0
-98.0
-112.0
-147.0
-118.0
-98.0
-103.0
-100.0
-120.0
-115.0
-125.0
-173.0
-163.0
-135.0
-137.0
-95.0
-109.0
-134.0
-97.0
-87.0
-116.0
-124.0
-133.0
-85.0
-101.0
-106.0
-99.0
-125.0
-86.0
-116.0
-159.0
-122.0
-130.0
-128.0
-104.0
-121.0
-128.0
-132.0
-139.0
-108.0
-139.0
-109.0
-79.0
-107.0
-111.0
-130.0
-136.0
-117.0
-135.0
-123.0
-115.0
-134.0
-97.0
-88.0
-124.0
-123.0
-127.0
-91.0
-96.0
-149.0
-100.0
-106.0
-142.0
-80.0
-111.0
-133.0
-65.0
-91.0
-88.0
-91.0
-117.0
-106.0
-135.0
-118.0
-103.0
-120.0
-93.0
-65.0
-90.0
-82.0
-87.0
-77.0
-81.0
-122.0
-97.0
-91.0
-106.0
-102.0
-131.0
-89.0
-71.0
-85.0
-86.0
-108.0
-119.0
-100.0
-92.0
-83.0
-71.0
-83.0
-77.0
-71.0
-70.0
-58.0
-96.0
-119.0
-108.0
-85.0
-65.0
-96.0
-130.0
-79.0
-113.0
-110.0
-101.0
-130.0
-114.0
-114.0
-98.0
-74.0
-88.0
-98.0
-115.0
-100.0
-69.0
-72.0
-85.0
-59.0
-91.0
-134.0
-104.0
-91.0
-92.0
-122.0
-91.0
-65.0
-89.0
-103.0
-61.0
-98.0
-94.0
-72.0
-86.0
-85.0
-71.0
-75.0
-82.0
-97.0
-70.0
-66.0
-101.0
-69.0
-60.0
-77.0
-80.0
-97.0
-110.0
-72.0
-66.0
-68.0
-72.0
-81.0
-70.0
-113.0
-59.0
-61.0
-74.0
-51.0
-60.0
-66.0
-61.0
-87.0
-77.0
-73.0
-79.0
-55.0
-50.0
-50.0
-46.0
-72.0
-56.0
-55.0
-84.0
-47.0
-56.0
-77.0
-48.0
-83.0
-92.0
-76.0
-63.0
-54.0
-63.0
-77.0
-80.0
-76.0
-46.0
-64.0
-71.0
-51.0
-46.0
-55.0
-26.0
-36.0
-53.0
-39.0
-56.0
-57.0
-91.0
-59.0
-10.0
-34.0
-4.0
-6.0
-59.0
-12.0
-8.0
-28.0
-17.0
-58.0
-12.0
56.0
41.0
94.0
139.0
208.0
254.0
242.0
253.0
254.0
253.0
253.0
255.0
255.0
250.0
250.0
225.0
162.0
140.0
109.0
52.0
9.0
16.0
-26.0
-56.0
-71.0
-98.0
-89.0
-90.0
-84.0
-109.0
-130.0
-143.0
-144.0
-124.0
-125.0
-135.0
-125.0
-154.0
-172.0
-158.0
-154.0
-142.0
-156.0
-197.0
-196.0
-156.0
-144.0
-153.0
-157.0
-165.0
-164.0
-173.0
-143.0
-142.0
-161.0
-146.0
-163.0
-169.0
-134.0
-174.0
-191.0
-181.0
-167.0
-165.0
-138.0
-142.0
-151.0
-190.0
-174.0
-162.0
-134.0
-149.0
-143.0
-103.0
-92.0
-144.0
-185.0
-156.0
-164.0
-158.0
-147.0
-143.0
-149.0
-185.0
-155.0
-145.0
-165.0
-138.0
-153.0
-133.0
-119.0
-153.0
-138.0
-131.0
-163.0
-136.0
-118.0
-144.0
-138.0
-125.0
-122.0
-115.0
-149.0
-151.0
-132.0
-127.0
-139.0
-153.0
-158.0
-134.0
-129.0
-148.0
-165.0
-169.0
-154.0
-138.0
-131.0
-166.0
-154.0
-112.0
-145.0
-158.0
-145.0
-138.0
-136.0
-135.0
-136.0
-117.0
-150.0
-174.0
-128.0
-153.0
-135.0
-126.0
-157.0
-167.0
-155.0
-167.0
-125.0
-129.0
-135.0
-131.0
-149.0
-145.0
-163.0
-165.0
-129.0
-136.0
-145.0
-134.0
-158.0
-128.0
-135.0
-158.0
-147.0
-153.0
-150.0
-129.0
-134.0
-140.0
-146.0
-179.0
-147.0
-133.0
-131.0
-104.0
-108.0
-91.0
-115.0
-127.0
-113.0
-169.0
-121.0
-82.0
-108.0
-116.0
-120.0
-143.0
-99.0
-124.0
-142.0
-115.0
-143.0
-118.0
-124.0
-112.0
-122.0
-116.0
-88.0
-92.0
-108.0
-77.0
-125.0
-109.0
-69.0
-119.0
-127.0
-126.0
-164.0
-114.0
-89.0
-107.0
-90.0
-112.0
-108.0
-114.0
-110.0
-68.0
-78.0
-86.0
-120.0
-139.0
-123.0
-125.0
-118.0
-94.0
-95.0
-126.0
-111.0
-119.0
-134.0
-101.0
-105.0
-95.0
-69.0
-74.0
-85.0
-128.0
-127.0
-98.0
-111.0
-110.0
-115.0
-124.0
-68.0
-137.0
-112.0
-57.0
-107.0
-101.0
-102.0
-111.0
-91.0
-110.0
-112.0
-92.0
-120.0
-101.0
-67.0
-92.0
-68.0
-85.0
-112.0
-80.0
-96.0
-90.0
-103.0
-125.0
-70.0
-73.0
-90.0
-99.0
-118.0
-98.0
-115.0
-112.0
-101.0
-99.0
-111.0
-115.0
-97.0
-91.0
-128.0
-122.0
-93.0
-104.0
-122.0
-141.0
-109.0
-88.0
-125.0
-120.0
-107.0
-123.0
-122.0
-87.0
-101.0
-77.0
-54.0
-86.0
-112.0
-109.0
-71.0
-50.0
-88.0
-62.0
-77.0
-87.0
-37.0
-86.0
-135.0
-66.0
-96.0
-80.0
-56.0
-55.0
-42.0
-79.0
-86.0
-92.0
-61.0
-77.0
-83.0
-82.0
-77.0
-100.0
-54.0
-29.0
-60.0
-64.0
-40.0
-60.0
-68.0
-98.0
-99.0
-65.0
-99.0
-49.0
-50.0
-76.0
-70.0
-84.0
-99.0
-70.0
-50.0
-63.0
-65.0
-87.0
-53.0
-85.0
-72.0
-44.0
-101.0
-87.0
-54.0
-102.0
-56.0
-71.0
-77.0
-75.0
-95.0
-73.0
-67.0
-93.0
-45.0
-61.0
-68.0
-64.0
-96.0
-71.0
-67.0
-79.0
-92.0
-85.0
-91.0
-74.0
-66.0
-73.0
-82.0
-98.0
-52.0
-52.0
-73.0
-46.0
-76.0
-107.0
-93.0
-70.0
-43.0
-80.0
-71.0
-59.0
-61.0
-36.0
-63.0
-66.0
-68.0
-67.0
-51.0
-46.0
-83.0
-75.0
-55.0
-71.0
-77.0
-78.0
-61.0
-33.0
-58.0
-48.0
-65.0
-97.0
-80.0
-75.0
-49.0
-48.0
-57.0
-43.0
-37.0
-59.0
-23.0
-32.0
-58.0
-72.0
-63.0
-29.0
-51.0
-50.0
-68.0
-62.0
-42.0
-40.0
-52.0
-51.0
-51.0
-55.0
-31.0
-42.0
-31.0
-34.0
-56.0
-45.0
-73.0
-59.0
-29.0
-35.0
-42.0
-43.0
-60.0
-45.0
-62.0
-42.0
-36.0
-36.0
-50.0
-52.0
-49.0
-37.0
-53.0
-34.0
-30.0
-65.0
-65.0
-49.0
-78.0
-32.0
-30.0
-79.0
-50.0
-52.0
-42.0
-46.0
-51.0
-30.0
-56.0
-75.0
-40.0
-58.0
-40.0
-16.0
-44.0
-39.0
-26.0
-74.0
-48.0
-62.0
-37.0
-6.0
-69.0
-77.0
-58.0
-69.0
-35.0
-34.0
-43.0
-55.0
-69.0
-33.0
-42.0
-51.0
-33.0
-44.0
-27.0
-55.0
-44.0
4.0
-32.0
-63.0
-22.0
-50.0
-77.0
-58.0
-80.0
-38.0
-30.0
-42.0
-40.0
-22.0
-48.0
-40.0
-42.0
-29.0
-24.0
-67.0
-22.0
-15.0
-55.0
-51.0
-45.0
-52.0
-40.0
-64.0
-41.0
-20.0
-22.0
-18.0
-44.0
-49.0
-75.0
-42.0
-25.0
-44.0
-8.0
-5.0
-41.0
-32.0
-27.0
-25.0
-40.0
-81.0
-29.0
-11.0
-26.0
-6.0
-8.0
-24.0
-17.0
-17.0
36.0
11.0
-25.0
8.0
-18.0
-17.0
5.0
-38.0
-46.0
-24.0
-43.0
-39.0
-60.0
-67.0
-29.0
-17.0
-22.0
-17.0
-37.0
4.0
7.0
-39.0
-64.0
-26.0
7.0
-21.0
-59.0
-47.0
-59.0
-84.0
-8.0
-31.0
-33.0
-8.0
-37.0
-22.0
-68.0
-81.0
-11.0
-42.0
-64.0
-35.0
-23.0
-30.0
-59.0
-52.0
-58.0
-70.0
-59.0
-18.0
-53.0
-64.0
-71.0
-46.0
-25.0
-45.0
-45.0
-10.0
10.0
3.0
-43.0
-61.0
-43.0
-35.0
-16.0
-29.0
-51.0
-40.0
-56.0
-50.0
-66.0
-59.0
-32.0
-65.0
-64.0
-41.0
-57.0
-41.0
-31.0
-62.0
-58.0
27.0
16.0
-6.0
-34.0
-44.0
-9.0
-48.0
-39.0
-16.0
-32.0
-14.0
-32.0
-65.0
-63.0
-43.0
-33.0
-25.0
-31.0
-22.0
-29.0
-33.0
-10.0
-55.0
-36.0
-25.0
-64.0
-26.0
-39.0
-86.0
-63.0
-55.0
-14.0
-21.0
-53.0
-41.0
-52.0
-44.0
0.0
-18.0
-3.0
-21.0
-64.0
-33.0
-23.0
17.0
66.0
113.0
201.0
244.0
253.0
254.0
251.0
251.0
252.0
254.0
256.0
253.0
241.0
234.0
189.0
161.0
125.0
58.0
-20.0
-6.0
-35.0
-58.0
-127.0
-147.0
-122.0
-162.0
-158.0
-215.0
-179.0
-149.0
-181.0
-210.0
-186.0
-208.0
-242.0
-195.0
-214.0
-222.0
-210.0
-195.0
-213.0
-243.0
-222.0
-209.0
-241.0
-237.0
-232.0
-210.0
-170.0
-201.0
-234.0
-174.0
-190.0
-191.0
-207.0
-206.0
-157.0
-232.0
-187.0
-154.0
-169.0
-174.0
-205.0
-209.0
-184.0
-180.0
-206.0
-175.0
-194.0
-195.0
-171.0
-192.0
-187.0
-212.0
-186.0
-175.0
-180.0
-169.0
-228.0
-227.0
-108.0
-136.0
-146.0
-185.0
-173.0
-155.0
-169.0
-168.0
-140.0
-167.0
-174.0
-136.0
-164.0
-188.0
-170.0
-158.0
-188.0
-176.0
-141.0
-165.0
-177.0
-153.0
-190.0
-167.0
-146.0
-184.0
-180.0
-173.0
-155.0
-158.0
-169.0
-166.0
-157.0
-193.0
-175.0
-134.0
-165.0
-140.0
-159.0
-138.0
-115.0
-158.0
-145.0
-167.0
-168.0
-152.0
-149.0
-154.0
-142.0
-136.0
-142.0
-153.0
-161.0
-146.0
-108.0
-125.0
-152.0
-159.0
-138.0
-144.0
-175.0
-122.0
-159.0
-161.0
-122.0
-127.0
-137.0
-145.0
-163.0
-100.0
-95.0
-120.0
-121.0
-140.0
-109.0
-108.0
-138.0
-118.0
-118.0
-93.0
-88.0
-112.0
-121.0
-113.0
-133.0
-122.0
-99.0
-161.0
-91.0
-89.0
-100.0
-95.0
-122.0
-103.0
-127.0
-136.0
-129.0
-88.0
-92.0
-138.0
-121.0
-130.0
-124.0
-82.0
-63.0
-96.0
-125.0
-122.0
-118.0
-53.0
-57.0
-81.0
-66.0
-93.0
-80.0
-88.0
-117.0
-119.0
-109.0
-79.0
-98.0
-128.0
-61.0
-88.0
-151.0
-145.0
-86.0
-59.0
-82.0
-92.0
-91.0
-96.0
-91.0
-78.0
-83.0
-105.0
-65.0
-81.0
-92.0
-82.0
-133.0
-95.0
-71.0
-89.0
-72.0
-88.0
-80.0
-88.0
-94.0
-81.0
-92.0
-84.0
-65.0
-118.0
-88.0
-61.0
-82.0
-81.0
-87.0
-96.0
-76.0
-93.0
-64.0
-39.0
-82.0
-91.0
-80.0
-77.0
-58.0
-96.0
-90.0
-63.0
-87.0
-63.0
-68.0
-85.0
-58.0
-95.0
-79.0
-70.0
-123.0
-112.0
-112.0
-74.0
-39.0
-74.0
-76.0
-98.0
-114.0
-90.0
-82.0
-88.0
-118.0
-120.0
-102.0
-76.0
-106.0
-90.0
-105.0
-103.0
-63.0
-76.0
-88.0
-70.0
-63.0
-57.0
-82.0
-115.0
-91.0
-114.0
-82.0
-62.0
-70.0
-69.0
-80.0
-79.0
-96.0
-100.0
-63.0
-80.0
-102.0
-81.0
-72.0
-59.0
-88.0
-74.0
-61.0
-79.0
-133.0
-95.0
-54.0
-71.0
-73.0
-73.0
-80.0
-76.0
-83.0
-57.0
-73.0
-77.0
-88.0
-98.0
-72.0
-86.0
-74.0
-41.0
-54.0
-77.0
-46.0
-77.0
-72.0
-88.0
-128.0
-91.0
-51.0
-62.0
-62.0
-109.0
-71.0
-20.0
-42.0
-52.0
-66.0
-58.0
-6.0
-29.0
-35.0
-39.0
-66.0
-75.0
-55.0
-34.0
-52.0
-67.0
-64.0
-59.0
-99.0
-55.0
-51.0
-47.0
-52.0
-56.0
-58.0
-78.0
-70.0
-63.0
-84.0
-89.0
-61.0
-59.0
-31.0
-30.0
-67.0
-66.0
-65.0
-35.0
-33.0
-64.0
-73.0
-87.0
-73.0
-53.0
-71.0
-41.0
-17.0
-45.0
-52.0
-58.0
-62.0
-48.0
-61.0
-67.0
-74.0
-68.0
-54.0
-46.0
-69.0
-67.0
-51.0
-48.0
-26.0
-45.0
-42.0
-48.0
-43.0
-47.0
-43.0
-55.0
-58.0
-47.0
-39.0
-64.0
-98.0
-76.0
-51.0
-36.0
-29.0
-59.0
-64.0
-80.0
-117.0
-27.0
-55.0
-69.0
-30.0
-2.0
2.0
-12.0
-58.0
-51.0
-10.0
-19.0
-42.0
-92.0
-45.0
-49.0
-82.0
-49.0
-29.0
-24.0
-32.0
-54.0
-40.0
-43.0
-43.0
-8.0
-33.0
-10.0
3.0
-32.0
-14.0
-37.0
-65.0
-50.0
-42.0
-44.0
-21.0
-48.0
-44.0
-36.0
-51.0
-16.0
-38.0
-38.0
-45.0
-35.0
-15.0
-50.0
-64.0
-59.0
-57.0
-44.0
-40.0
-82.0
-45.0
-39.0
-68.0
-46.0
-77.0
-71.0
-31.0
-51.0
-46.0
-54.0
-43.0
-45.0
-30.0
-45.0
-40.0
-71.0
-62.0
-81.0
-76.0
-35.0
-65.0
-58.0
-55.0
-111.0
-80.0
-35.0
-73.0
-39.0
-14.0
-23.0
-38.0
-83.0
-83.0
-68.0
-37.0
-25.0
-44.0
-37.0
-68.0
-51.0
-8.0
10.0
4.0
65.0
150.0
185.0
245.0
261.0
249.0
252.0
255.0
254.0
253.0
244.0
202.0
169.0
158.0
122.0
61.0
53.0
-9.0
-13.0
-10.0
-58.0
-69.0
-90.0
-95.0
-117.0
-103.0
-96.0
-116.0
-155.0
-144.0
-137.0
-144.0
-125.0
-183.0
-143.0
-133.0
-163.0
-155.0
-129.0
-149.0
-127.0
-139.0
-163.0
-142.0
-181.0
-193.0
-191.0
-185.0
-145.0
-164.0
-167.0
-191.0
-181.0
-168.0
-158.0
-135.0
-169.0
-184.0
-180.0
-154.0
-162.0
-147.0
-119.0
-133.0
-125.0
-147.0
-165.0
-145.0
-185.0
-181.0
-136.0
-155.0
-154.0
-187.0
-171.0
-148.0
-197.0
-172.0
-157.0
-198.0
-196.0
-177.0
-173.0
-149.0
-141.0
-134.0
-158.0
-186.0
-185.0
-166.0
-176.0
-172.0
-192.0
-145.0
-154.0
-148.0
-142.0
-147.0
-162.0
-133.0
-141.0
-139.0
-161.0
-176.0
-148.0
-155.0
-196.0
-156.0
-175.0
-152.0
-159.0
-176.0
-167.0
-202.0
-187.0
-159.0
-119.0
-110.0
-138.0
-127.0
-133.0
-141.0
-133.0
-147.0
-160.0
-144.0
-162.0
-164.0
-165.0
-148.0
-150.0
-158.0
-157.0
-152.0
-135.0
-130.0
-135.0
-138.0
-155.0
-144.0
-182.0
-177.0
-155.0
-136.0
-134.0
-163.0
-163.0
-146.0
-131.0
-157.0
-183.0
-155.0
-165.0
-158.0
-137.0
-151.0
-182.0
-159.0
-127.0
-164.0
-150.0
-155.0
-149.0
-124.0
-152.0
-171.0
-147.0
-126.0
-133.0
-171.0
-175.0
-185.0
-109.0
-111.0
-111.0
-124.0
-135.0
-133.0
-154.0
-154.0
-161.0
-119.0
-125.0
-154.0
-132.0
-142.0
-162.0
-128.0
-119.0
-106.0
-110.0
-111.0
-120.0
-143.0
-126.0
-141.0
-143.0
-95.0
-168.0
-158.0
-121.0
-135.0
-152.0
-142.0
-167.0
-154.0
-142.0
-127.0
-116.0
-130.0
-129.0
-138.0
-164.0
-100.0
-131.0
-154.0
-128.0
-147.0
-116.0
-127.0
-144.0
-139.0
-156.0
-148.0
-130.0
-157.0
-162.0
-154.0
-146.0
-122.0
-102.0
-156.0
-160.0
-138.0
-127.0
-126.0
-167.0
-80.0
-87.0
-108.0
-130.0
-153.0
-147.0
-149.0
-126.0
-101.0
-102.0
-124.0
-111.0
-110.0
-91.0
-80.0
-110.0
-99.0
-120.0
-102.0
-49.0
-86.0
-100.0
-80.0
-121.0
-83.0
-75.0
-95.0
-81.0
-106.0
-100.0
-52.0
-84.0
-63.0
-73.0
-103.0
-97.0
-101.0
-83.0
-112.0
-137.0
-104.0
-99.0
-112.0
-83.0
-67.0
-77.0
-50.0
-79.0
-78.0
-75.0
-33.0
-29.0
-74.0
-65.0
-57.0
-104.0
-94.0
-56.0
-61.0
-79.0
-112.0
-88.0
-106.0
-109.0
-64.0
-67.0
-61.0
-39.0
-63.0
-65.0
-44.0
-71.0
-70.0
-68.0
-96.0
-73.0
-89.0
-104.0
-69.0
-103.0
-119.0
-84.0
-77.0
-114.0
-89.0
-69.0
-99.0
-100.0
-64.0
-59.0
-65.0
-65.0
-64.0
-69.0
-69.0
-99.0
-90.0
-82.0
-87.0
-50.0
-53.0
-83.0
-100.0
-92.0
-72.0
-79.0
-79.0
-50.0
-79.0
-92.0
-78.0
-76.0
-76.0
-61.0
-68.0
-102.0
-89.0
-70.0
-72.0
-81.0
-56.0
-79.0
-87.0
-67.0
-77.0
-43.0
-35.0
-43.0
-49.0
-53.0
-61.0
-34.0
-56.0
-52.0
-56.0
-81.0
-76.0
-52.0
-32.0
-58.0
-98.0
-64.0
-62.0
-73.0
-89.0
-46.0
-46.0
-58.0
-41.0
-55.0
-58.0
-67.0
-69.0
-84.0
-59.0
-53.0
-62.0
-48.0
-41.0
-78.0
-74.0
-55.0
-45.0
-67.0
-95.0
-45.0
-61.0
-88.0
-73.0
-67.0
-72.0
-76.0
-97.0
-72.0
-78.0
-48.0
-36.0
-58.0
-55.0
-45.0
-65.0
-61.0
-60.0
-46.0
-31.0
-46.0
-74.0
-78.0
-79.0
-77.0
-49.0
-59.0
-30.0
-47.0
-60.0
-53.0
-75.0
-77.0
-37.0
-49.0
-6.0
-26.0
-67.0
-41.0
-68.0
-65.0
-25.0
-70.0
-45.0
-76.0
-87.0
-53.0
-76.0
-54.0
-61.0
-84.0
-64.0
-71.0
-100.0
-54.0
-42.0
-67.0
-85.0
-49.0
-44.0
-52.0
-56.0
-48.0
-98.0
-87.0
-55.0
-77.0
-87.0
-48.0
-46.0
-49.0
-78.0
-62.0
-65.0
-99.0
-63.0
-59.0
-90.0
-96.0
-60.0
-54.0
-74.0
-80.0
-30.0
-39.0
-58.0
-41.0
-58.0
-46.0
-49.0
-73.0
-48.0
-58.0
-24.0
1.0
-45.0
-27.0
10.0
-41.0
-49.0
-43.0
-79.0
-59.0
-64.0
-48.0
-45.0
-76.0
-32.0
-60.0
-65.0
-42.0
-68.0
-77.0
-69.0
-52.0
-25.0
-34.0
-40.0
-57.0
-63.0
-20.0
-13.0
-51.0
-27.0
-49.0
-54.0
-46.0
-18.0
-15.0
-59.0
-52.0
-13.0
-44.0
-35.0
-14.0
-30.0
-22.0
-55.0
-92.0
-59.0
-26.0
-1.0
-6.0
-49.0
-37.0
-28.0
-80.0
-53.0
-6.0
-16.0
-2.0
-18.0
-13.0
12.0
-19.0
-25.0
-55.0
-8.0
-17.0
-46.0
-48.0
-17.0
-5.0
-21.0
-30.0
-36.0
-24.0
-15.0
-24.0
-22.0
-47.0
-27.0
-50.0
-77.0
-42.0
-4.0
-11.0
-24.0
-21.0
-21.0
-62.0
-45.0
-23.0
-45.0
-18.0
-15.0
-32.0
-24.0
-16.0
-53.0
-32.0
-11.0
-22.0
-21.0
-46.0
-42.0
-62.0
-70.0
-18.0
-55.0
-64.0
-21.0
-30.0
-30.0
-44.0
-16.0
-4.0
-43.0
-3.0
-18.0
-71.0
-31.0
-20.0
-34.0
-34.0
-53.0
-32.0
-52.0
-61.0
-62.0
-65.0
-40.0
-26.0
-54.0
-44.0
-46.0
-75.0
-22.0
-21.0
-48.0
-31.0
-48.0
-67.0
-53.0
-37.0
-28.0
-42.0
-28.0
-20.0
-45.0
-14.0
-29.0
-33.0
-31.0
-51.0
-58.0
-26.0
-52.0
-31.0
-38.0
-42.0
4.0
-19.0
-39.0
-14.0
-5.0
3.0
-17.0
-27.0
3.0
-40.0
-70.0
-29.0
-33.0
-33.0
-60.0
-53.0
-15.0
-71.0
-92.0
-47.0
-77.0
-59.0
-40.0
-30.0
-21.0
-36.0
-65.0
-50.0
-45.0
-56.0
-80.0
-84.0
-34.0
-50.0
-48.0
-22.0
-57.0
-96.0
-82.0
-111.0
-57.0
-40.0
-62.0
-46.0
-50.0
16.0
13.0
-15.0
-35.0
-12.0
11.0
-26.0
-54.0
-2.0
-2.0
-13.0
-22.0
-70.0
17.0
38.0
-15.0
-58.0
-25.0
16.0
1.0
-39.0
-59.0
-5.0
-39.0
-61.0
-34.0
-22.0
-21.0
-32.0
2.0
-32.0
-64.0
-13.0
-5.0
-7.0
-19.0
-53.0
-15.0
17.0
-31.0
5.0
-7.0
-2.0
46.0
67.0
150.0
212.0
216.0
255.0
257.0
252.0
253.0
252.0
253.0
254.0
253.0
223.0
181.0
166.0
142.0
75.0
49.0
3.0
-53.0
-48.0
-82.0
-63.0
-68.0
-82.0
-106.0
-99.0
-161.0
-142.0
-137.0
-146.0
-148.0
-131.0
-161.0
-174.0
-206.0
-137.0
-147.0
-170.0
-156.0
-182.0
-185.0
-194.0
-177.0
-179.0
-202.0
-201.0
-186.0
-198.0
-175.0
-193.0
-228.0
-145.0
-127.0
-172.0
-183.0
-212.0
-209.0
-191.0
-223.0
-190.0
-171.0
-184.0
-177.0
-188.0
-194.0
-171.0
-190.0
-174.0
-167.0
-148.0
-147.0
-205.0
-178.0
-122.0
-168.0
-139.0
-138.0
-186.0
-176.0
-135.0
-156.0
-184.0
-164.0
-163.0
-173.0
-172.0
-158.0
-156.0
-157.0
-151.0
-171.0
-169.0
-173.0
-144.0
-139.0
-206.0
-190.0
-159.0
-195.0
-176.0
-168.0
-192.0
-163.0
-163.0
-196.0
-171.0
-131.0
-133.0
-176.0
-173.0
-145.0
-172.0
-171.0
-154.0
-180.0
-177.0
-157.0
-187.0
-194.0
-215.0
-160.0
-162.0
-191.0
-203.0
-201.0
-199.0
-166.0
-177.0
-185.0
-134.0
-140.0
-147.0
-187.0
-176.0
-139.0
-158.0
-202.0
-149.0
-162.0
-174.0
-145.0
-147.0
-158.0
-148.0
-144.0
-135.0
-169.0
-140.0
-127.0
-192.0
-163.0
-137.0
-153.0
-132.0
-142.0
-122.0
-139.0
-142.0
-133.0
-130.0
-134.0
-118.0
-111.0
-133.0
-145.0
-173.0
-135.0
-139.0
-121.0
-122.0
-134.0
-103.0
-98.0
-136.0
-119.0
-136.0
-127.0
-109.0
-117.0
-113.0
-119.0
-140.0
-115.0
-122.0
-122.0
-113.0
-155.0
-119.0
-120.0
-156.0
-119.0
-137.0
-144.0
-123.0
-129.0
-119.0
-116.0
-124.0
-110.0
-130.0
-153.0
-127.0
-106.0
-130.0
-139.0
-148.0
-141.0
-109.0
-118.0
-110.0
-129.0
-129.0
-132.0
-144.0
-129.0
-136.0
-142.0
-126.0
-151.0
-159.0
-118.0
-106.0
-114.0
-153.0
-102.0
-78.0
-100.0
-117.0
-121.0
-137.0
-145.0
-146.0
-148.0
-131.0
-79.0
-90.0
-88.0
-102.0
-106.0
-94.0
-110.0
-91.0
-94.0
-82.0
-82.0
-108.0
-68.0
-77.0
-108.0
-70.0
-74.0
-78.0
-59.0
-76.0
-99.0
-80.0
-61.0
-74.0
-72.0
-71.0
-72.0
-111.0
-82.0
-68.0
-82.0
-74.0
-100.0
-111.0
-94.0
-79.0
-61.0
-85.0
-57.0
-61.0
-98.0
-101.0
-97.0
-104.0
-114.0
-102.0
-92.0
-68.0
-81.0
-61.0
-95.0
-109.0
-80.0
-102.0
-101.0
-86.0
-122.0
-97.0
-53.0
-75.0
-67.0
-83.0
-110.0
-93.0
-89.0
-100.0
-87.0
-91.0
-93.0
-106.0
-106.0
-115.0
-97.0
-82.0
-101.0
-116.0
-114.0
-107.0
-103.0
-111.0
-96.0
-71.0
-97.0
-111.0
-89.0
-73.0
-94.0
-94.0
-73.0
-76.0
-93.0
-102.0
-105.0
-118.0
-112.0
-92.0
-92.0
-91.0
-115.0
-96.0
-45.0
-88.0
-71.0
-77.0
-116.0
-116.0
-78.0
-58.0
-69.0
-88.0
-62.0
-41.0
-90.0
-84.0
-56.0
-52.0
-73.0
-87.0
-35.0
-47.0
-71.0
-64.0
-44.0
-63.0
-72.0
-92.0
-60.0
-61.0
-56.0
-32.0
-44.0
-42.0
-46.0
-83.0
-93.0
-101.0
-83.0
-47.0
-49.0
-81.0
-60.0
-62.0
-49.0
-44.0
-82.0
-29.0
-49.0
-69.0
-80.0
-103.0
-80.0
-70.0
-80.0
-65.0
-81.0
-89.0
-81.0
-101.0
-69.0
-15.0
-45.0
-52.0
-51.0
-65.0
-57.0
-73.0
-57.0
-31.0
-49.0
-22.0
-22.0
4.0
46.0
86.0
155.0
193.0
208.0
243.0
257.0
251.0
251.0
253.0
253.0
248.0
228.0
211.0
190.0
168.0
122.0
80.0
80.0
33.0
-10.0
1.0
-22.0
-101.0
-108.0
-115.0
-135.0
-140.0
-159.0
-151.0
-153.0
-200.0
-197.0
-242.0
-215.0
-191.0
-222.0
-203.0
-216.0
-234.0
-196.0
-211.0
-218.0
-198.0
-214.0
-221.0
-234.0
-222.0
-209.0
-219.0
-196.0
-194.0
-171.0
-192.0
-213.0
-216.0
-178.0
-201.0
-197.0
-204.0
-227.0
-200.0
-231.0
-242.0
-191.0
-182.0
-182.0
-184.0
-197.0
-208.0
-206.0
-201.0
-153.0
-177.0
-184.0
-181.0
-196.0
-172.0
-172.0
-154.0
-120.0
-156.0
-185.0
-177.0
-199.0
-172.0
-148.0
-178.0
-157.0
-167.0
-169.0
-150.0
-153.0
-144.0
-136.0
-153.0
-160.0
-163.0
-137.0
-133.0
-161.0
-172.0
-208.0
-169.0
-138.0
-155.0
-173.0
-178.0
-165.0
-134.0
-138.0
-158.0
-168.0
-176.0
-176.0
-139.0
-156.0
-109.0
-119.0
-140.0
-145.0
-163.0
-153.0
-137.0
-164.0
-149.0
-152.0
-169.0
-121.0
-143.0
-148.0
-138.0
-169.0
-166.0
-169.0
-154.0
-114.0
-149.0
-151.0
-133.0
-153.0
-150.0
-158.0
-163.0
-162.0
-151.0
-151.0
-163.0
-168.0
-155.0
-168.0
-165.0
-129.0
-137.0
-139.0
-152.0
-178.0
-150.0
-127.0
-131.0
-119.0
-161.0
-168.0
-151.0
-133.0
-138.0
-151.0
-115.0
-110.0
-135.0
-125.0
-133.0
-163.0
-144.0
-129.0
-169.0
-157.0
-140.0
-172.0
-135.0
-119.0
-131.0
-132.0
-133.0
-144.0
-165.0
-140.0
-142.0
-148.0
-134.0
-138.0
-137.0
-131.0
-159.0
-155.0
-110.0
-143.0
-128.0
-128.0
-150.0
-164.0
-163.0
-102.0
-98.0
-142.0
-122.0
-123.0
-139.0
-130.0
-152.0
-116.0
-126.0
-170.0
-143.0
-147.0
-151.0
-162.0
-135.0
-100.0
-104.0
-110.0
-129.0
-112.0
-100.0
-134.0
-107.0
-110.0
-116.0
-127.0
-126.0
-133.0
-131.0
-117.0
-130.0
-135.0
-105.0
-110.0
-116.0
-139.0
-139.0
-134.0
-139.0
-111.0
-117.0
-118.0
-91.0
-124.0
-120.0
-120.0
-177.0
-105.0
-87.0
-137.0
-106.0
-121.0
-109.0
-102.0
-111.0
-91.0
-82.0
-125.0
-72.0
-73.0
-112.0
-97.0
-134.0
-122.0
-101.0
-97.0
-77.0
-106.0
-95.0
-87.0
-101.0
-109.0
-113.0
-118.0
-89.0
-125.0
-118.0
-79.0
-98.0
-92.0
-108.0
-120.0
-72.0
-101.0
-97.0
-70.0
-101.0
-95.0
-97.0
-123.0
-110.0
-103.0
-102.0
-89.0
-121.0
-100.0
-123.0
-118.0
-89.0
-88.0
-99.0
-89.0
-125.0
-122.0
-99.0
-58.0
-77.0
-113.0
-96.0
-44.0
-74.0
-84.0
-90.0
-92.0
-62.0
-83.0
-108.0
-103.0
-101.0
-72.0
-73.0
-72.0
-46.0
-67.0
-81.0
-54.0
-58.0
-72.0
-83.0
-124.0
-33.0
-3.0
-33.0
-10.0
-26.0
-42.0
-16.0
-20.0
-22.0
-28.0
-53.0
-34.0
-17.0
-2.0
-5.0
-41.0
-52.0
-18.0
-16.0
-4.0
-14.0
-14.0
5.0
-14.0
-32.0
-40.0
-27.0
-43.0
-33.0
-4.0
-15.0
-22.0
1.0
-45.0
-51.0
-36.0
-41.0
2.0
-12.0
-40.0
-20.0
-27.0
-40.0
-24.0
-53.0
-40.0
-37.0
-37.0
-65.0
-34.0
13.0
-1.0
-30.0
-24.0
-48.0
-31.0
-13.0
-26.0
-39.0
-31.0
-42.0
-21.0
-18.0
-57.0
13.0
25.0
13.0
-25.0
-14.0
14.0
-15.0
-26.0
-27.0
-37.0
-26.0
-48.0
-33.0
-37.0
-45.0
-36.0
3.0
-3.0
-29.0
-14.0
-14.0
-32.0
-40.0
-20.0
-12.0
-25.0
0.0
-12.0
-36.0
-13.0
-15.0
-59.0
-24.0
-12.0
-15.0
-22.0
-22.0
13.0
-6.0
6.0
79.0
85.0
97.0
136.0
142.0
143.0
161.0
153.0
187.0
180.0
149.0
147.0
99.0
113.0
131.0
79.0
41.0
65.0
54.0
74.0
54.0
23.0
34.0
16.0
17.0
2.0
9.0
10.0
-21.0
-15.0
35.0
-1.0
23.0
16.0
19.0
7.0
7.0
-2.0
-8.0
-11.0
-16.0
-28.0
-19.0
-3.0
-21.0
7.0
-10.0
-12.0
16.0
-16.0
-24.0
-19.0
-4.0
14.0
7.0
-15.0
7.0
20.0
13.0
3.0
-12.0
18.0
3.0
-49.0
33.0
27.0
2.0
1.0
22.0
30.0
10.0
11.0
31.0
-19.0
2.0
35.0
7.0
11.0
13.0
-20.0
-5.0
10.0
5.0
-14.0
-36.0
-39.0
-3.0
-29.0
-13.0
-26.0
4.0
8.0
-27.0
15.0
-2.0
-15.0
13.0
-4.0
-17.0
20.0
-2.0
21.0
36.0
-6.0
-49.0
-18.0
10.0
9.0
-13.0
-12.0
-28.0
-18.0
25.0
-8.0
7.0
27.0
2.0
-12.0
-17.0
-30.0
-20.0
-15.0
-9.0
-23.0
-37.0
-12.0
-9.0
-51.0
-7.0
6.0
-14.0
-11.0
-9.0
14.0
38.0
-3.0
-12.0
-55.0
-54.0
-29.0
-39.0
24.0
-1.0
-53.0
-41.0
-39.0
-15.0
0.0
-27.0
-14.0
-23.0
-18.0
-22.0
-14.0
-29.0
-29.0
-37.0
-22.0
-33.0
-15.0
14.0
-26.0
-22.0
-28.0
-37.0
-10.0
-29.0
-51.0
-24.0
-20.0
-23.0
4.0
-15.0
-24.0
-29.0
-43.0
-23.0
-49.0
-29.0
-1.0
-35.0
-16.0
-43.0
-22.0
17.0
5.0
-3.0
-10.0
-34.0
-56.0
-18.0
-10.0
-19.0
-32.0
-29.0
-29.0
-84.0
-45.0
7.0
-38.0
-26.0
-36.0
-16.0
-28.0
-2.0
2.0
-23.0
-27.0
-48.0
-65.0
-42.0
-4.0
-8.0
1.0
-24.0
-19.0
10.0
-42.0
-26.0
-14.0
-49.0
-2.0
-12.0
-37.0
-2.0
-34.0
-35.0
8.0
-1.0
6.0
-7.0
-31.0
-42.0
-23.0
-22.0
-31.0
-36.0
-34.0
-42.0
-55.0
-17.0
-22.0
-28.0
-31.0
-40.0
17.0
-4.0
-40.0
-14.0
-17.0
-33.0
17.0
12.0
-15.0
-28.0
-40.0
-22.0
-44.0
-16.0
8.0
-56.0
-10.0
-12.0
-48.0
-52.0
-83.0
-46.0
-32.0
-56.0
-34.0
-50.0
-25.0
-1.0
-44.0
-35.0
-4.0
-42.0
-7.0
-20.0
-36.0
-26.0
-40.0
-55.0
-48.0
-98.0
-65.0
-59.0
-96.0
-57.0
-32.0
-45.0
-49.0
-66.0
-38.0
-64.0
-9.0
-22.0
-79.0
-80.0
-57.0
-72.0
-67.0
-80.0
-69.0
-61.0
-64.0
-50.0
-41.0
-70.0
-37.0
-20.0
-59.0
-25.0
-46.0
-38.0
-42.0
-63.0
-29.0
-1.0
-27.0
-55.0
-72.0
-63.0
-28.0
-53.0
-45.0
-19.0
-51.0
-41.0
-29.0
-46.0
-48.0
-77.0
-16.0
-18.0
-49.0
-13.0
-55.0
-49.0
-27.0
-57.0
-65.0
-35.0
-32.0
-40.0
-53.0
-61.0
-62.0
-83.0
-61.0
-44.0
-71.0
-45.0
-34.0
-38.0
-45.0
-65.0
-36.0
-38.0
-69.0
-25.0
-24.0
-37.0
-20.0
-28.0
-25.0
-58.0
-50.0
-31.0
-45.0
-11.0
-25.0
-32.0
-8.0
-33.0
-34.0
-5.0
-35.0
-44.0
-45.0
-65.0
-26.0
-51.0
-31.0
-13.0
-31.0
-55.0
-14.0
-10.0
-23.0
-47.0
-24.0
-31.0
-68.0
-24.0
-34.0
-66.0
-43.0
-56.0
-66.0
-52.0
-82.0
-50.0
-36.0
-69.0
-33.0
-27.0
-56.0
-10.0
-17.0
-23.0
-16.0
-21.0
-2.0
-33.0
-70.0
-39.0
-15.0
-8.0
-31.0
-50.0
-50.0
-67.0
-22.0
-18.0
-32.0
-26.0
-12.0
-24.0
-46.0
-26.0
-8.0
10.0
13.0
-15.0
-35.0
-14.0
7.0
-6.0
-43.0
-37.0
-27.0
-13.0
-11.0
-33.0
-11.0
-44.0
14.0
48.0
6.0
67.0
118.0
147.0
233.0
265.0
251.0
252.0
253.0
251.0
251.0
254.0
253.0
249.0
240.0
221.0
132.0
128.0
93.0
18.0
-17.0
-56.0
-91.0
-124.0
-145.0
-142.0
-150.0
-170.0
-166.0
-166.0
-198.0
-173.0
-213.0
-247.0
-224.0
-211.0
-221.0
-211.0
-214.0
-233.0
-241.0
-223.0
-215.0
-237.0
-218.0
-199.0
-203.0
-181.0
-204.0
-193.0
-190.0
-201.0
-231.0
-220.0
-211.0
-214.0
-228.0
-185.0
-164.0
-171.0
-179.0
-217.0
-199.0
-176.0
-218.0
-208.0
-173.0
-174.0
-197.0
-192.0
-233.0
-190.0
-162.0
-171.0
-176.0
-205.0
-163.0
-179.0
-194.0
-163.0
-203.0
-207.0
-147.0
-167.0
-165.0
-177.0
-174.0
-152.0
-191.0
-177.0
-152.0
-167.0
-144.0
-195.0
-190.0
-165.0
-186.0
-192.0
-163.0
-162.0
-138.0
-164.0
-173.0
-131.0
-190.0
-172.0
-168.0
-208.0
-190.0
-170.0
-164.0
-182.0
-165.0
-153.0
-165.0
-177.0
-141.0
-195.0
-188.0
-156.0
-176.0
-155.0
-154.0
-158.0
-119.0
-153.0
-136.0
-127.0
-159.0
-144.0
-153.0
-187.0
-154.0
-161.0
-149.0
-146.0
-174.0
-135.0
-134.0
-156.0
-145.0
-136.0
-156.0
-176.0
-168.0
-120.0
-137.0
-157.0
-140.0
-177.0
-178.0
-158.0
-181.0
-144.0
-110.0
-129.0
-135.0
-157.0
-143.0
-139.0
-161.0
-150.0
-119.0
-144.0
-152.0
-174.0
-158.0
-136.0
-140.0
-121.0
-159.0
-152.0
-109.0
-131.0
-138.0
-121.0
-181.0
-178.0
-112.0
-130.0
-110.0
-130.0
-134.0
-111.0
-139.0
-122.0
-111.0
-127.0
-120.0
-127.0
-131.0
-97.0
-122.0
-136.0
-111.0
-122.0
-110.0
-133.0
-109.0
-97.0
-116.0
-118.0
-117.0
-120.0
-80.0
-89.0
-108.0
-119.0
-91.0
-92.0
-112.0
-135.0
-95.0
-102.0
-103.0
-73.0
-98.0
-86.0
-93.0
-102.0
-119.0
-96.0
-71.0
-83.0
-103.0
-83.0
-96.0
-138.0
-131.0
-136.0
-111.0
-100.0
-125.0
-125.0
-107.0
-96.0
-50.0
-65.0
-72.0
-74.0
-92.0
-80.0
-98.0
-99.0
-93.0
-80.0
-90.0
-56.0
-54.0
-73.0
-101.0
-121.0
-101.0
-137.0
-100.0
-74.0
-138.0
-83.0
-90.0
-115.0
-79.0
-88.0
-80.0
-103.0
-118.0
-100.0
-110.0
-114.0
-121.0
-122.0
-110.0
-105.0
-129.0
-112.0
-134.0
-140.0
-114.0
-122.0
-138.0
-118.0
-127.0
-107.0
-129.0
-158.0
-97.0
-129.0
-154.0
-137.0
-148.0
-116.0
-110.0
-113.0
-91.0
-118.0
-114.0
-96.0
-107.0
-92.0
-92.0
-131.0
-95.0
-97.0
-93.0
-84.0
-128.0
-128.0
-110.0
-115.0
-107.0
-137.0
-131.0
-80.0
-105.0
-114.0
-91.0
-115.0
-106.0
-124.0
-144.0
-124.0
-115.0
-79.0
-105.0
-121.0
-90.0
-84.0
-113.0
-120.0
-112.0
-105.0
-108.0
-107.0
-87.0
-105.0
-94.0
-65.0
-105.0
-126.0
-136.0
-92.0
-79.0
-108.0
-85.0
-79.0
-115.0
-114.0
-115.0
-112.0
-91.0
-115.0
-101.0
-88.0
-105.0
-81.0
-80.0
-63.0
-70.0
-90.0
-86.0
-63.0
-85.0
-88.0
-84.0
-76.0
-70.0
-81.0
-50.0
-69.0
-97.0
-70.0
-77.0
-81.0
-59.0
-87.0
-81.0
-59.0
-77.0
-90.0
-93.0
-90.0
-86.0
-86.0
-87.0
-93.0
-121.0
-103.0
-87.0
-95.0
-77.0
-96.0
-106.0
-98.0
-109.0
-85.0
-82.0
-119.0
-120.0
-129.0
-91.0
-65.0
-98.0
-88.0
-89.0
-121.0
-112.0
-134.0
-117.0
-103.0
-141.0
-110.0
-105.0
-118.0
-104.0
-135.0
-131.0
-91.0
-121.0
-119.0
-103.0
-112.0
-107.0
-134.0
-102.0
-76.0
-121.0
-113.0
-119.0
-130.0
-114.0
-120.0
-112.0
-84.0
-125.0
-135.0
-123.0
-103.0
-97.0
-99.0
-95.0
-129.0
-97.0
-75.0
-93.0
-109.0
-76.0
-88.0
-121.0
-85.0
-70.0
-74.0
-89.0
-91.0
-98.0
-126.0
-125.0
-150.0
-127.0
-111.0
-120.0
-122.0
-91.0
-89.0
-100.0
-88.0
-43.0
-45.0
-71.0
-98.0
-102.0
-101.0
-68.0
-74.0
-120.0
-110.0
-71.0
-103.0
-72.0
-109.0
-91.0
-92.0
-130.0
-86.0
-54.0
-78.0
-59.0
-49.0
-79.0
-96.0
-86.0
-77.0
-70.0
-98.0
-99.0
-116.0
-67.0
-72.0
-75.0
-61.0
-80.0
-88.0
-85.0
-67.0
-66.0
-62.0
-70.0
-80.0
-76.0
-64.0
-50.0
-61.0
-66.0
-61.0
-86.0
-81.0
-97.0
-76.0
-54.0
-60.0
-41.0
-39.0
-74.0
-56.0
-55.0
-100.0
-86.0
-98.0
-76.0
-93.0
-85.0
-62.0
-56.0
-83.0
-58.0
-63.0
-60.0
-58.0
-56.0
-43.0
-44.0
-36.0
-15.0
-55.0
-105.0
-87.0
-60.0
-54.0
-68.0
-86.0
-54.0
-74.0
-83.0
-40.0
-76.0
-91.0
-48.0
-77.0
-21.0
-39.0
-56.0
-42.0
-80.0
-55.0
-58.0
-104.0
-34.0
-41.0
-31.0
-50.0
-91.0
-65.0
-50.0
-16.0
-19.0
-59.0
-52.0
4.0
-27.0
15.0
55.0
123.0
209.0
227.0
240.0
258.0
252.0
253.0
256.0
250.0
250.0
244.0
217.0
169.0
126.0
115.0
70.0
49.0
74.0
21.0
22.0
-3.0
3.0
-6.0
-11.0
-50.0
-61.0
-60.0
-68.0
-71.0
-66.0
-89.0
-118.0
-109.0
-90.0
-90.0
-95.0
-72.0
-82.0
-64.0
-77.0
-77.0
-84.0
-92.0
-66.0
-73.0
-106.0
-81.0
-74.0
-117.0
-68.0
-53.0
-89.0
-105.0
-117.0
-86.0
-76.0
-92.0
-99.0
-78.0
-64.0
-98.0
-103.0
-107.0
-109.0
-129.0
-109.0
-117.0
-111.0
-135.0
-126.0
-87.0
-101.0
-122.0
-74.0
-82.0
-84.0
-92.0
-91.0
-68.0
-98.0
-107.0
-120.0
-134.0
-84.0
-46.0
-84.0
-86.0
-97.0
-119.0
-97.0
-100.0
-106.0
-93.0
-116.0
-99.0
-105.0
-131.0
-134.0
-78.0
-89.0
-103.0
-86.0
-67.0
-119.0
-115.0
-75.0
-71.0
-74.0
-76.0
-93.0
-89.0
-98.0
-97.0
-116.0
-102.0
-120.0
-109.0
-119.0
-139.0
-114.0
-129.0
-91.0
-69.0
-107.0
-134.0
-107.0
-99.0
-112.0
-109.0
-80.0
-91.0
-111.0
-112.0
-136.0
-112.0
-101.0
-99.0
-100.0
-144.0
-137.0
-129.0
-140.0
-62.0
-68.0
-120.0
-113.0
-159.0
-158.0
-84.0
-95.0
-106.0
-80.0
-105.0
-107.0
-108.0
-109.0
-115.0
-151.0
-132.0
-144.0
-99.0
-73.0
-145.0
-127.0
-101.0
-133.0
-117.0
-92.0
-95.0
-81.0
-123.0
-150.0
-115.0
-75.0
-57.0
-115.0
-117.0
-109.0
-91.0
-64.0
-63.0
-135.0
-85.0
-84.0
-116.0
-95.0
-114.0
-131.0
-88.0
-78.0
-79.0
-95.0
-122.0
-106.0
-130.0
-126.0
-108.0
-99.0
-58.0
-65.0
-62.0
-60.0
-103.0
-90.0
-90.0
-115.0
-109.0
-107.0
-118.0
-85.0
-83.0
-115.0
-80.0
-62.0
-73.0
-76.0
-59.0
-77.0
-136.0
-105.0
-106.0
-81.0
-79.0
-99.0
-81.0
-62.0
-69.0
-67.0
-47.0
-73.0
-67.0
-69.0
-56.0
-58.0
-62.0
-55.0
-80.0
-68.0
-53.0
-71.0
-49.0
-34.0
-23.0
-51.0
-62.0
-83.0
-63.0
-45.0
-64.0
-46.0
-70.0
-75.0
-70.0
-118.0
-89.0
-73.0
-88.0
-72.0
-79.0
-96.0
-95.0
-111.0
-65.0
-83.0
-101.0
-73.0
-65.0
-65.0
-91.0
-106.0
-84.0
-106.0
-87.0
-94.0
-123.0
-119.0
-84.0
-91.0
-94.0
-105.0
-119.0
-120.0
-99.0
-83.0
-81.0
-117.0
-79.0
-90.0
-128.0
-55.0
-67.0
-97.0
-83.0
-71.0
-81.0
-92.0
-83.0
-56.0
-95.0
-93.0
-63.0
-82.0
-80.0
-70.0
-82.0
-42.0
-64.0
-70.0
-69.0
-75.0
-42.0
-59.0
-68.0
-44.0
-67.0
-86.0
-101.0
-108.0
-60.0
-84.0
-88.0
-71.0
-110.0
-62.0
-45.0
-89.0
-90.0
-89.0
-121.0
-68.0
-71.0
-87.0
-89.0
-126.0
-93.0
-92.0
-96.0
-93.0
-105.0
-88.0
-78.0
-84.0
-58.0
-69.0
-98.0
-67.0
-90.0
-76.0
-70.0
-93.0
-65.0
-88.0
-106.0
-79.0
-85.0
-71.0
-33.0
-78.0
-103.0
-96.0
-71.0
-57.0
-108.0
-94.0
-39.0
-71.0
-81.0
-59.0
-67.0
-53.0
-56.0
-74.0
-110.0
-98.0
-86.0
-99.0
-88.0
-90.0
-106.0
-81.0
-73.0
-87.0
-59.0
-83.0
-105.0
-89.0
-108.0
-109.0
-110.0
-119.0
-90.0
-92.0
-108.0
-86.0
-119.0
-116.0
-114.0
-105.0
-124.0
-134.0
-84.0
-64.0
-91.0
-109.0
-103.0
-127.0
-89.0
-99.0
-103.0
-63.0
-98.0
-84.0
-86.0
-155.0
-70.0
-62.0
-116.0
-79.0
-67.0
-76.0
-117.0
-99.0
-61.0
-64.0
-46.0
-38.0
-82.0
-80.0
-52.0
-40.0
-43.0
-80.0
-107.0
-70.0
-41.0
-50.0
-46.0
-81.0
-96.0
-32.0
-52.0
-25.0
-53.0
-86.0
-78.0
-58.0
-19.0
-43.0
-42.0
-40.0
-96.0
-73.0
-74.0
-108.0
-33.0
-28.0
-70.0
-35.0
-61.0
-46.0
-61.0
-65.0
-84.0
-95.0
-65.0
-42.0
-86.0
-63.0
-71.0
-50.0
-13.0
-68.0
-55.0
-18.0
-58.0
-51.0
-43.0
-55.0
-50.0
-66.0
-95.0
-104.0
-54.0
-36.0
-50.0
-80.0
-52.0
-29.0
-52.0
-48.0
-64.0
-65.0
-9.0
-42.0
-68.0
-79.0
-43.0
-36.0
-80.0
-61.0
-24.0
-60.0
-9.0
-17.0
-52.0
-14.0
-63.0
-30.0
-23.0
-69.0
-74.0
-44.0
-34.0
-15.0
-45.0
-57.0
-23.0
-17.0
23.0
16.0
26.0
51.0
96.0
149.0
208.0
259.0
251.0
241.0
254.0
253.0
252.0
250.0
250.0
243.0
223.0
224.0
193.0
196.0
167.0
129.0
93.0
45.0
19.0
29.0
17.0
-9.0
-21.0
-44.0
-72.0
-72.0
-63.0
-110.0
-98.0
-66.0
-93.0
-89.0
-89.0
-111.0
-108.0
-121.0
-114.0
-111.0
-146.0
-128.0
-85.0
-135.0
-169.0
-181.0
-194.0
-167.0
-155.0
-124.0
-139.0
-152.0
-129.0
-179.0
-168.0
-121.0
-146.0
-146.0
-172.0
-167.0
-124.0
-150.0
-177.0
-163.0
-154.0
-111.0
-146.0
-154.0
-141.0
-155.0
-134.0
-124.0
-148.0
-105.0
-111.0
-121.0
-124.0
-169.0
-123.0
-129.0
-144.0
-114.0
-118.0
-154.0
-133.0
-112.0
-117.0
-133.0
-139.0
-128.0
-128.0
-136.0
-135.0
-116.0
-127.0
-101.0
-144.0
-128.0
-78.0
-108.0
-133.0
-128.0
-162.0
-108.0
-126.0
-137.0
-130.0
-151.0
-114.0
-120.0
-150.0
-103.0
-98.0
-125.0
-97.0
-105.0
-116.0
-127.0
-106.0
-103.0
-122.0
-138.0
-127.0
-132.0
-127.0
-114.0
-98.0
-99.0
-118.0
-107.0
-68.0
-101.0
-117.0
-107.0
-120.0
-129.0
-138.0
-92.0
-93.0
-137.0
-116.0
-92.0
-128.0
-107.0
-87.0
-96.0
-136.0
-126.0
-80.0
-116.0
-122.0
-118.0
-174.0
-138.0
-110.0
-126.0
-105.0
-114.0
-110.0
-133.0
-133.0
-84.0
-100.0
-110.0
-86.0
-95.0
-131.0
-134.0
-108.0
-105.0
-117.0
-128.0
-118.0
-120.0
-136.0
-111.0
-126.0
-121.0
-121.0
-79.0
-67.0
-126.0
-107.0
-99.0
-103.0
-83.0
-112.0
-119.0
-94.0
-98.0
-109.0
-104.0
-108.0
-106.0
-84.0
-130.0
-134.0
-103.0
-119.0
-97.0
-118.0
-98.0
-76.0
-97.0
-118.0
-134.0
-95.0
-101.0
-112.0
-103.0
-123.0
-125.0
-72.0
-96.0
-110.0
-102.0
-100.0
-96.0
-90.0
-140.0
-88.0
-92.0
-108.0
-81.0
-87.0
-107.0
-82.0
-95.0
-80.0
-79.0
-84.0
-119.0
-86.0
-85.0
-91.0
-111.0
-74.0
-100.0
-111.0
-62.0
-69.0
-82.0
-95.0
-91.0
-98.0
-99.0
-96.0
-88.0
-107.0
-90.0
-95.0
-71.0
-70.0
-108.0
-99.0
-82.0
-105.0
-88.0
-93.0
-76.0
-58.0
-77.0
-96.0
-93.0
-78.0
-88.0
-120.0
-126.0
-88.0
-54.0
-54.0
-56.0
-95.0
-81.0
-68.0
-56.0
-74.0
-95.0
-97.0
-88.0
-90.0
-33.0
-40.0
-60.0
-50.0
-58.0
-90.0
-57.0
-71.0
-77.0
-89.0
-92.0
-88.0
-79.0
-76.0
-84.0
-87.0
-77.0
-94.0
-76.0
-52.0
-58.0
-67.0
-73.0
-104.0
-88.0
-92.0
-91.0
-20.0
-51.0
-63.0
-40.0
-56.0
-80.0
-43.0
-31.0
-58.0
-80.0
-60.0
-54.0
-75.0
-52.0
-51.0
-76.0
-61.0
-68.0
-91.0
-56.0
-59.0
-42.0
-17.0
-38.0
-45.0
-44.0
-47.0
-22.0
-34.0
-51.0
-81.0
-58.0
-17.0
-59.0
-59.0
-54.0
-58.0
-46.0
-59.0
-63.0
-58.0
-48.0
-39.0
-36.0
-60.0
-21.0
-14.0
-34.0
-38.0
-59.0
-54.0
-38.0
-59.0
-41.0
-56.0
-75.0
-46.0
-66.0
-63.0
-24.0
-47.0
-56.0
-46.0
-39.0
-35.0
-11.0
-42.0
-55.0
-50.0
-48.0
-58.0
-39.0
-27.0
-56.0
-64.0
-20.0
-67.0
-60.0
-45.0
-59.0
-58.0
-64.0
-43.0
-74.0
-72.0
-36.0
-37.0
-48.0
-39.0
-54.0
-71.0
-59.0
-44.0
-25.0
-25.0
-14.0
2.0
-34.0
-35.0
-44.0
-61.0
-37.0
-63.0
-90.0
-58.0
-44.0
-44.0
13.0
-3.0
-32.0
-65.0
-59.0
-42.0
-52.0
-34.0
-10.0
-79.0
-80.0
-51.0
-11.0
-3.0
-33.0
-40.0
-32.0
-37.0
-46.0
-72.0
-67.0
-24.0
-30.0
-36.0
-34.0
-69.0
-64.0
-37.0
-49.0
-58.0
-17.0
-35.0
-62.0
-42.0
-15.0
-33.0
-48.0
-47.0
-72.0
-41.0
-35.0
-60.0
-31.0
-34.0
-37.0
-18.0
-50.0
-65.0
-55.0
-43.0
-11.0
3.0
-49.0
-15.0
-16.0
-34.0
-30.0
-41.0
-11.0
-35.0
-65.0
-14.0
-43.0
-27.0
-22.0
-35.0
-51.0
-41.0
-40.0
-5.0
-44.0
-58.0
-24.0
-35.0
-33.0
-59.0
-50.0
-11.0
-36.0
-16.0
-12.0
-56.0
-51.0
-36.0
-43.0
-7.0
3.0
-17.0
-32.0
-11.0
-13.0
-43.0
-61.0
15.0
-20.0
-37.0
-30.0
-55.0
-8.0
-30.0
-35.0
0.0
-21.0
-53.0
-11.0
-14.0
-16.0
-27.0
-40.0
-39.0
-31.0
-15.0
-32.0
-34.0
-5.0
-2.0
-28.0
-53.0
-22.0
-2.0
-35.0
-57.0
-1.0
5.0
-44.0
-11.0
-4.0
7.0
1.0
-36.0
-5.0
-2.0
10.0
56.0
106.0
132.0
190.0
233.0
245.0
255.0
251.0
252.0
255.0
254.0
244.0
251.0
229.0
159.0
112.0
130.0
63.0
26.0
-24.0
-55.0
-45.0
-96.0
-83.0
-112.0
-148.0
-123.0
-112.0
-146.0
-154.0
-183.0
-178.0
-177.0
-193.0
-228.0
-235.0
-211.0
-191.0
-189.0
-196.0
-168.0
-191.0
-201.0
-191.0
-229.0
-242.0
-202.0
-191.0
-166.0
-194.0
-157.0
-175.0
-210.0
-144.0
-156.0
-203.0
-180.0
-168.0
-171.0
-169.0
-198.0
-183.0
-186.0
-186.0
-170.0
-195.0
-182.0
-193.0
-190.0
-174.0
-196.0
-249.0
-154.0
-147.0
-186.0
-169.0
-214.0
-166.0
-144.0
-166.0
-160.0
-182.0
-166.0
-166.0
-180.0
-158.0
-173.0
-171.0
-153.0
-194.0
-199.0
-186.0
-190.0
-157.0
-164.0
-212.0
-201.0
-210.0
-173.0
-149.0
-160.0
-169.0
-180.0
-172.0
-150.0
-132.0
-145.0
-157.0
-168.0
-171.0
-154.0
-155.0
-150.0
-140.0
-156.0
-129.0
-166.0
-158.0
-138.0
-147.0
-121.0
-167.0
-165.0
-137.0
-149.0
-121.0
-152.0
-171.0
-178.0
-157.0
-124.0
-137.0
-168.0
-154.0
-190.0
-133.0
-128.0
-147.0
-119.0
-109.0
-166.0
-169.0
-138.0
-157.0
-157.0
-159.0
-155.0
-169.0
-171.0
-125.0
-125.0
-151.0
-151.0
-178.0
-183.0
-171.0
-171.0
-143.0
-147.0
-144.0
-143.0
-147.0
-121.0
-134.0
-163.0
-182.0
-169.0
-156.0
-113.0
-151.0
-153.0
-142.0
-155.0
-156.0
-167.0
-144.0
-140.0
-134.0
-116.0
-119.0
-161.0
-148.0
-138.0
-151.0
-119.0
-129.0
-154.0
-133.0
-144.0
-160.0
-166.0
-145.0
-139.0
-140.0
-121.0
-128.0
-144.0
-142.0
-129.0
-115.0
-95.0
-102.0
-110.0
-115.0
-159.0
-95.0
-91.0
-111.0
-86.0
-91.0
-106.0
-98.0
-121.0
-101.0
-131.0
-143.0
-112.0
-119.0
-89.0
-107.0
-143.0
-107.0
-80.0
-71.0
-51.0
-88.0
-98.0
-103.0
-93.0
-95.0
-106.0
-87.0
-61.0
-127.0
-109.0
-82.0
-91.0
-92.0
-91.0
-109.0
-111.0
-86.0
-82.0
-116.0
-139.0
-106.0
-93.0
-86.0
-108.0
-126.0
-106.0
-64.0
-97.0
-90.0
-91.0
-106.0
-65.0
-98.0
-105.0
-69.0
-69.0
-76.0
-78.0
-96.0
-86.0
-97.0
-86.0
-66.0
-76.0
-63.0
-67.0
-106.0
-91.0
-136.0
-128.0
-78.0
-97.0
-91.0
-80.0
-77.0
-93.0
-127.0
-83.0
-77.0
-115.0
-99.0
-114.0
-118.0
-107.0
-96.0
-90.0
-82.0
-98.0
-71.0
-98.0
-145.0
-87.0
-94.0
-110.0
-92.0
-82.0
-88.0
-86.0
-70.0
-80.0
-79.0
-66.0
-57.0
-65.0
-68.0
-96.0
-117.0
-33.0
-71.0
-75.0
-65.0
-56.0
-53.0
-64.0
-73.0
-70.0
-62.0
-71.0
-53.0
-102.0
-65.0
-56.0
-66.0
-83.0
-82.0
-63.0
-71.0
-97.0
-57.0
-88.0
-82.0
-61.0
-89.0
-59.0
-62.0
-102.0
-107.0
-62.0
-47.0
-87.0
-102.0
-56.0
-73.0
-94.0
-94.0
-106.0
-78.0
-73.0
-100.0
-91.0
-77.0
-72.0
-78.0
-79.0
-112.0
-103.0
-67.0
-80.0
-68.0
-72.0
-74.0
-82.0
-81.0
-88.0
-112.0
-100.0
-93.0
-69.0
-49.0
-55.0
-76.0
-70.0
-88.0
-78.0
-87.0
-92.0
-70.0
-81.0
-65.0
-74.0
-118.0
-79.0
-65.0
-69.0
-65.0
-76.0
-74.0
-71.0
-87.0
-70.0
-29.0
-70.0
-67.0
-50.0
-73.0
-54.0
-56.0
-84.0
-92.0
-39.0
-33.0
-48.0
-55.0
-55.0
-112.0
-98.0
-60.0
-35.0
-33.0
-63.0
-34.0
-10.0
-42.0
-48.0
-85.0
-77.0
-41.0
-72.0
-43.0
-68.0
-83.0
-44.0
-54.0
-84.0
-75.0
-83.0
-73.0
-62.0
-74.0
-69.0
-37.0
-40.0
-32.0
-48.0
-61.0
-42.0
-63.0
-60.0
-30.0
-39.0
-58.0
-40.0
-62.0
-66.0
-58.0
-51.0
-63.0
-96.0
-52.0
-86.0
-71.0
-28.0
-65.0
-56.0
-45.0
-88.0
-87.0
-98.0
-78.0
-42.0
-56.0
-59.0
-51.0
-56.0
-84.0
-63.0
-65.0
-32.0
-51.0
-25.0
-53.0
-75.0
-63.0
-70.0
-68.0
-71.0
-73.0
-80.0
-41.0
-37.0
-59.0
-58.0
-73.0
-80.0
-87.0
-66.0
-56.0
-64.0
-62.0
-62.0
-80.0
-58.0
-79.0
-68.0
-62.0
-101.0
-71.0
-62.0
-69.0
-57.0
-101.0
-92.0
-46.0
-94.0
-72.0
-65.0
-72.0
-43.0
-59.0
-82.0
-56.0
-78.0
-93.0
-62.0
-92.0
-71.0
-40.0
-49.0
-72.0
-88.0
-46.0
-80.0
-99.0
-56.0
-62.0
-72.0
-73.0
-73.0
-83.0
-83.0
-56.0
-51.0
-73.0
-52.0
-52.0
-88.0
-44.0
-68.0
-99.0
-62.0
-59.0
-51.0
-61.0
-102.0
-73.0
-58.0
-101.0
-65.0
-67.0
-75.0
-45.0
-50.0
-56.0
-83.0
-67.0
-61.0
-76.0
-60.0
-63.0
-61.0
-63.0
-101.0
-80.0
-43.0
-77.0
-73.0
-62.0
-91.0
-45.0
-69.0
-77.0
-42.0
-78.0
-73.0
-49.0
-59.0
-57.0
-81.0
-65.0
-49.0
-88.0
-84.0
-73.0
-45.0
-44.0
-77.0
-59.0
-45.0
-63.0
-17.0
-48.0
-78.0
-60.0
-36.0
-77.0
-92.0
-33.0
-20.0
-25.0
-61.0
-66.0
-35.0
-61.0
-61.0
-69.0
-67.0
-7.0
-53.0
-48.0
-62.0
-70.0
-50.0
-45.0
-54.0
-43.0
-36.0
-40.0
-75.0
-48.0
-32.0
-50.0
-47.0
-53.0
-76.0
-59.0
-13.0
-41.0
-56.0
-65.0
-61.0
-51.0
-66.0
-74.0
-67.0
-63.0
-35.0
-39.0
-37.0
-36.0
-40.0
-51.0
-55.0
-32.0
15.0
-24.0
-27.0
-44.0
-79.0
-81.0
-41.0
-45.0
-44.0
-57.0
6.0
-12.0
-87.0
-56.0
-79.0
-83.0
-4.0
-24.0
-36.0
-60.0
-57.0
-57.0
-58.0
-31.0
-24.0
-53.0
-16.0
-24.0
-57.0
-20.0
-21.0
-25.0
35.0
11.0
48.0
75.0
56.0
148.0
206.0
228.0
259.0
257.0
253.0
254.0
253.0
255.0
256.0
250.0
214.0
148.0
96.0
86.0
58.0
50.0
4.0
-20.0
-9.0
-39.0
-31.0
-56.0
-61.0
-71.0
-99.0
-62.0
-45.0
-113.0
-96.0
-71.0
-89.0
-98.0
-116.0
-87.0
-104.0
-140.0
-119.0
-111.0
-129.0
-120.0
-142.0
-130.0
-115.0
-134.0
-152.0
-135.0
-104.0
-105.0
-134.0
-163.0
-155.0
-152.0
-118.0
-140.0
-161.0
-137.0
-132.0
-140.0
-114.0
-120.0
-136.0
-154.0
-109.0
-101.0
-122.0
-124.0
-109.0
-128.0
-145.0
-140.0
-140.0
-139.0
-184.0
-164.0
-150.0
-152.0
-159.0
-172.0
-172.0
-159.0
-161.0
-152.0
-127.0
-137.0
-146.0
-159.0
-133.0
-112.0
-154.0
-153.0
-87.0
-165.0
-136.0
-113.0
-149.0
-134.0
-169.0
-183.0
-141.0
-144.0
-134.0
-129.0
-133.0
-125.0
-120.0
-118.0
-121.0
-128.0
-87.0
-106.0
-108.0
-84.0
-128.0
-128.0
-105.0
-152.0
-139.0
-96.0
-117.0
-124.0
-149.0
-137.0
-123.0
-130.0
-139.0
-149.0
-161.0
-139.0
-126.0
-124.0
-107.0
-110.0
-124.0
-115.0
-115.0
-93.0
-111.0
-136.0
-95.0
-99.0
-105.0
-100.0
-117.0
-108.0
-120.0
-70.0
-67.0
-89.0
-89.0
-90.0
-121.0
-113.0
-140.0
-110.0
-106.0
-138.0
-99.0
-90.0
-145.0
-111.0
-87.0
-126.0
-125.0
-103.0
-98.0
-117.0
-135.0
-95.0
-81.0
-81.0
-80.0
-100.0
-102.0
-63.0
-63.0
-90.0
-110.0
-99.0
-73.0
-70.0
-68.0
-76.0
-99.0
-87.0
-58.0
-65.0
-78.0
-74.0
-64.0
-91.0
-97.0
-91.0
-77.0
-110.0
-78.0
-82.0
-77.0
-63.0
-71.0
-82.0
-127.0
-117.0
-49.0
-76.0
-73.0
-81.0
-111.0
-90.0
-64.0
-72.0
-83.0
-61.0
-53.0
-69.0
-81.0
-46.0
-50.0
-80.0
-30.0
-15.0
-14.0
-35.0
-54.0
-53.0
-73.0
-75.0
-65.0
-59.0
-56.0
-80.0
-65.0
-54.0
-60.0
-72.0
-40.0
-63.0
-46.0
-54.0
-77.0
-43.0
-60.0
-100.0
-89.0
-72.0
-72.0
-67.0
-63.0
-83.0
-39.0
-41.0
-60.0
-89.0
-79.0
-72.0
-115.0
-111.0
-47.0
-21.0
-29.0
-67.0
-82.0
-51.0
-56.0
-53.0
-52.0
-64.0
-64.0
-55.0
-39.0
-29.0
-72.0
-37.0
-49.0
-61.0
-61.0
-81.0
-92.0
-102.0
-98.0
-89.0
-91.0
-88.0
-61.0
-81.0
-94.0
-71.0
-89.0
-89.0
-88.0
-56.0
-59.0
-74.0
-65.0
-55.0
-78.0
-38.0
-56.0
-71.0
-60.0
-50.0
-26.0
-63.0
-61.0
-7.0
-47.0
-64.0
-53.0
-35.0
-40.0
-71.0
-73.0
-24.0
-41.0
-49.0
-29.0
-71.0
-40.0
-41.0
-52.0
-22.0
-39.0
-59.0
-29.0
-33.0
-39.0
-35.0
-65.0
-48.0
-65.0
-94.0
-31.0
-50.0
-61.0
-80.0
-91.0
-68.0
-54.0
-59.0
-69.0
-71.0
-45.0
-53.0
-65.0
-48.0
-51.0
-37.0
-58.0
-58.0
-32.0
-53.0
-54.0
-45.0
-58.0
-96.0
-63.0
-50.0
-56.0
-40.0
-43.0
-79.0
-50.0
-45.0
-49.0
-67.0
-70.0
-76.0
-77.0
-59.0
-93.0
-82.0
-55.0
-96.0
-64.0
-58.0
-64.0
-64.0
-80.0
-56.0
-69.0
-64.0
-32.0
-53.0
-90.0
-45.0
-53.0
-43.0
-56.0
-87.0
-56.0
-51.0
-53.0
-56.0
-93.0
-59.0
-72.0
-89.0
-39.0
-55.0
-77.0
-44.0
-45.0
-77.0
-22.0
-48.0
-72.0
-39.0
-60.0
-58.0
-84.0
-96.0
-39.0
-96.0
-49.0
-53.0
-70.0
-73.0
-77.0
-53.0
-49.0
-95.0
-58.0
-64.0
-48.0
-25.0
-69.0
-80.0
-64.0
-97.0
-76.0
-26.0
-57.0
-49.0
-72.0
-77.0
-87.0
-83.0
-34.0
-53.0
-81.0
-71.0
-56.0
-55.0
-76.0
-95.0
-59.0
-45.0
-48.0
-28.0
-49.0
-70.0
-36.0
-63.0
-53.0
-40.0
-48.0
-52.0
-69.0
-70.0
-63.0
-71.0
-47.0
-82.0
-81.0
-37.0
-46.0
-74.0
-70.0
-74.0
-43.0
-31.0
-14.0
3.0
46.0
61.0
96.0
177.0
182.0
187.0
227.0
260.0
247.0
241.0
214.0
249.0
225.0
181.0
156.0
138.0
84.0
53.0
64.0
28.0
10.0
2.0
-30.0
-8.0
-34.0
-51.0
-17.0
-36.0
-42.0
-21.0
-40.0
-50.0
-69.0
-81.0
-91.0
-90.0
-27.0
-18.0
-67.0
-79.0
-81.0
-50.0
-44.0
-87.0
-88.0
-111.0
-105.0
-53.0
-86.0
-83.0
-81.0
-89.0
-76.0
-85.0
-99.0
-100.0
-108.0
-82.0
-91.0
-108.0
-110.0
-97.0
-95.0
-114.0
-148.0
-110.0
-90.0
-103.0
-106.0
-85.0
-119.0
-95.0
-97.0
-117.0
-118.0
-114.0
-96.0
-83.0
-90.0
-130.0
-111.0
-79.0
-98.0
-110.0
-67.0
-69.0
-49.0
-46.0
-68.0
-70.0
-108.0
-98.0
-50.0
-85.0
-98.0
-73.0
-70.0
-63.0
-48.0
-76.0
-65.0
-96.0
-99.0
-62.0
-89.0
-77.0
-87.0
-93.0
-69.0
-99.0
-111.0
-100.0
-102.0
-100.0
-60.0
-68.0
-92.0
-89.0
-94.0
-78.0
-60.0
-98.0
-119.0
-104.0
-101.0
-120.0
-106.0
-88.0
-116.0
-109.0
-120.0
-139.0
-107.0
-91.0
-98.0
-74.0
-92.0
-90.0
-103.0
-111.0
-109.0
-97.0
-105.0
-105.0
-133.0
-117.0
-96.0
-120.0
-128.0
-104.0
-118.0
-90.0
-106.0
-82.0
-91.0
-96.0
-91.0
-101.0
-116.0
-87.0
-105.0
-101.0
-107.0
-128.0
-133.0
-116.0
-93.0
-116.0
-133.0
-87.0
-76.0
-110.0
-105.0
-109.0
-120.0
-61.0
-60.0
-72.0
-64.0
-82.0
-73.0
-77.0
-66.0
-67.0
-99.0
-94.0
-44.0
-127.0
-78.0
-40.0
-73.0
-79.0
-77.0
-93.0
-81.0
-90.0
-75.0
-74.0
-91.0
-79.0
-59.0
-98.0
-78.0
-54.0
-59.0
-76.0
-73.0
-63.0
-65.0
-42.0
-68.0
-74.0
-72.0
-39.0
-41.0
-42.0
-44.0
-51.0
-53.0
-81.0
-62.0
-67.0
-58.0
-54.0
-84.0
-59.0
-54.0
-56.0
-50.0
-61.0
-81.0
-67.0
-65.0
-63.0
-46.0
-76.0
-58.0
-54.0
-65.0
-26.0
-65.0
-59.0
-40.0
-73.0
-49.0
-64.0
-60.0
-34.0
-62.0
-68.0
-21.0
-67.0
-50.0
-44.0
-54.0
-59.0
-54.0
-38.0
-26.0
-46.0
-32.0
-64.0
-82.0
-70.0
-43.0
-46.0
-60.0
-86.0
-56.0
-60.0
-86.0
-62.0
-46.0
-49.0
-63.0
-82.0
-45.0
-54.0
-70.0
-63.0
-73.0
-34.0
-30.0
-69.0
-71.0
-82.0
-95.0
-48.0
-77.0
-100.0
-93.0
-67.0
-50.0
-45.0
-52.0
-42.0
-69.0
-67.0
-41.0
-78.0
-34.0
-40.0
-50.0
-83.0
-80.0
-37.0
-44.0
-65.0
-49.0
-59.0
-107.0
-45.0
-52.0
-61.0
-61.0
-86.0
-83.0
-85.0
-53.0
-42.0
-60.0
-55.0
-77.0
-100.0
-73.0
-69.0
-74.0
-65.0
-64.0
-67.0
-58.0
-84.0
-67.0
-61.0
-83.0
-47.0
-45.0
-57.0
-79.0
-102.0
-84.0
-97.0
-61.0
-55.0
-92.0
-81.0
-46.0
-99.0
-78.0
-59.0
-77.0
-46.0
-76.0
-73.0
-83.0
-108.0
-31.0
-56.0
-79.0
-61.0
-81.0
-101.0
-57.0
-99.0
-89.0
-84.0
-96.0
-71.0
-75.0
-79.0
-66.0
-81.0
-96.0
-70.0
-102.0
-77.0
-66.0
-87.0
-93.0
-99.0
-68.0
-76.0
-107.0
-105.0
-72.0
-91.0
-80.0
-80.0
-70.0
-73.0
-87.0
-91.0
-64.0
-98.0
-80.0
-87.0
-74.0
-48.0
-56.0
-41.0
-54.0
-71.0
-82.0
-37.0
-37.0
-66.0
-76.0
-63.0
-101.0
-108.0
-70.0
-69.0
-47.0
-29.0
-69.0
-41.0
-34.0
-64.0
-64.0
-65.0
-45.0
-67.0
-81.0
-82.0
-93.0
-97.0
-67.0
-31.0
-34.0
-65.0
-83.0
-69.0
-102.0
-73.0
-32.0
-64.0
-53.0
-50.0
-45.0
-30.0
-60.0
-27.0
-26.0
-64.0
-49.0
-53.0
-56.0
-78.0
-55.0
-52.0
-51.0
-34.0
-33.0
-49.0
-11.0
-9.0
-57.0
-64.0
-41.0
-67.0
-38.0
-45.0
-73.0
-25.0
-43.0
-27.0
-16.0
-54.0
-58.0
-31.0
-43.0
-34.0
-26.0
-22.0
-42.0
-75.0
-75.0
-56.0
-80.0
-61.0
-54.0
-52.0
-60.0
-89.0
-16.0
-30.0
-52.0
-31.0
-66.0
-46.0
-23.0
-49.0
-40.0
-29.0
-32.0
-28.0
-26.0
-36.0
-40.0
-41.0
-37.0
-36.0
-48.0
-58.0
-36.0
-25.0
-33.0
-55.0
-44.0
-46.0
-36.0
1.0
-34.0
-27.0
3.0
-8.0
-30.0
-30.0
-33.0
-33.0
-64.0
-37.0
-46.0
-56.0
-40.0
-44.0
-49.0
-50.0
-98.0
-103.0
-67.0
-54.0
1.0
-22.0
-60.0
-53.0
-47.0
-51.0
-24.0
-59.0
-42.0
-54.0
-37.0
-17.0
-82.0
-64.0
-39.0
-34.0
-46.0
-33.0
-29.0
-45.0
-91.0
-64.0
-83.0
-126.0
-129.0
-116.0
-148.0
-128.0
-136.0
-127.0
-164.0
-161.0
-68.0
-120.0
-124.0
-104.0
-125.0
-129.0
-111.0
-91.0
-64.0
-49.0
-7.0
22.0
74.0
140.0
164.0
241.0
265.0
250.0
253.0
252.0
244.0
254.0
232.0
176.0
194.0
121.0
112.0
92.0
14.0
11.0
-22.0
-32.0
-64.0
-78.0
-76.0
-91.0
-103.0
-120.0
-143.0
-186.0
-128.0
-168.0
-157.0
-132.0
-154.0
-152.0
-161.0
-171.0
-157.0
-160.0
-152.0
-171.0
-178.0
-150.0
-173.0
-215.0
-162.0
-159.0
-164.0
-139.0
-164.0
-159.0
-139.0
-157.0
-129.0
-132.0
-155.0
-139.0
-137.0
-138.0
-149.0
-183.0
-180.0
-182.0
-116.0
-156.0
-173.0
-162.0
-150.0
-149.0
-164.0
-148.0
-133.0
-158.0
-157.0
-171.0
-142.0
-127.0
-113.0
-136.0
-157.0
-93.0
-154.0
-138.0
-126.0
-109.0
-120.0
-150.0
-145.0
-151.0
-143.0
0.0
0.0
0.0
0.0
0.0
0.0
0.0
0.0
0.0
0.0
0.0
0.0
0.0
0.0
0.0
0.0
0.0
0.0
0.0
0.0
0.0
0.0
0.0
0.0
0.0
0.0
0.0
0.0
0.0
0.0
0.0
0.0
0.0
0.0
0.0
0.0
0.0
0.0
0.0
0.0
0.0
0.0
0.0
0.0
0.0
0.0
0.0
0.0
0.0
0.0
0.0
0.0
0.0
0.0
0.0
0.0
0.0
0.0
0.0
0.0
0.0
0.0
0.0
0.0
0.0
0.0
0.0
0.0
0.0
0.0
0.0
0.0
0.0
0.0
0.0
0.0
0.0
0.0
0.0
0.0
0.0
0.0
0.0
0.0
0.0
0.0
0.0
0.0
0.0
0.0
0.0
0.0
0.0
0.0
0.0
0.0
0.0
0.0
0.0
0.0
0.0
0.0
0.0
0.0
0.0
0.0
0.0
0.0
0.0
0.0
0.0
0.0
0.0
0.0
0.0
0.0
0.0
0.0
0.0
0.0
0.0
0.0
0.0
0.0
0.0
0.0
0.0
0.0
