61.0
74.0
72.0
73.0
93.0
89.0
71.0
69.0
90.0
101.0
78.0
67.0
98.0
65.0
91.0
91.0
62.0
59.0
31.0
41.0
39.0
11.0
26.0
43.0
24.0
34.0
41.0
22.0
41.0
36.0
42.0
40.0
12.0
26.0
63.0
26.0
26.0
39.0
49.0
57.0
17.0
5.0
23.0
22.0
5.0
24.0
26.0
35.0
15.0
35.0
23.0
29.0
54.0
46.0
36.0
53.0
23.0
46.0
17.0
26.0
41.0
13.0
21.0
49.0
14.0
6.0
17.0
-7.0
-16.0
-27.0
15.0
37.0
10.0
40.0
3.0
-7.0
49.0
17.0
21.0
32.0
10.0
-11.0
-16.0
-31.0
-12.0
-32.0
-25.0
-21.0
-50.0
12.0
26.0
25.0
53.0
24.0
27.0
18.0
-24.0
-3.0
-21.0
-44.0
-20.0
-10.0
-23.0
2.0
-22.0
15.0
34.0
-13.0
28.0
32.0
-4.0
28.0
40.0
37.0
36.0
4.0
30.0
18.0
-35.0
-22.0
-27.0
-20.0
-10.0
11.0
26.0
-10.0
-22.0
0.0
2.0
50.0
61.0
29.0
20.0
4.0
7.0
32.0
12.0
14.0
-17.0
-38.0
-26.0
-34.0
-7.0
4.0
-3.0
0.0
9.0
21.0
50.0
54.0
7.0
18.0
-8.0
-22.0
2.0
-41.0
6.0
-21.0
-70.0
-35.0
-34.0
-50.0
-43.0
-50.0
-36.0
-14.0
-10.0
2.0
14.0
-7.0
-11.0
-27.0
-10.0
-22.0
-29.0
-3.0
-68.0
-58.0
-53.0
-41.0
-13.0
-31.0
-26.0
15.0
10.0
-8.0
2.0
-12.0
-1.0
-22.0
-44.0
-34.0
-40.0
-17.0
-20.0
-32.0
-6.0
-26.0
-20.0
12.0
-24.0
-32.0
-15.0
-1.0
3.0
18.0
36.0
33.0
2.0
-14.0
11.0
-12.0
6.0
10.0
14.0
41.0
-11.0
19.0
27.0
26.0
51.0
41.0
23.0
31.0
20.0
58.0
43.0
-12.0
7.0
25.0
7.0
-11.0
4.0
53.0
49.0
61.0
56.0
11.0
15.0
39.0
39.0
3.0
-22.0
25.0
54.0
-4.0
19.0
52.0
34.0
28.0
33.0
32.0
58.0
64.0
23.0
17.0
13.0
53.0
45.0
19.0
56.0
34.0
-1.0
-1.0
18.0
13.0
9.0
15.0
30.0
16.0
-2.0
1.0
-15.0
8.0
11.0
13.0
50.0
58.0
50.0
45.0
2.0
-12.0
-16.0
-10.0
-31.0
-26.0
-33.0
-30.0
-33.0
-30.0
-36.0
-16.0
-11.0
-33.0
-20.0
31.0
21.0
29.0
51.0
36.0
40.0
34.0
8.0
-6.0
-14.0
11.0
-4.0
-20.0
-8.0
-17.0
-14.0
2.0
-11.0
-18.0
-10.0
2.0
6.0
25.0
25.0
45.0
48.0
27.0
-7.0
-5.0
5.0
14.0
5.0
4.0
-20.0
12.0
7.0
-10.0
-26.0
-17.0
12.0
36.0
-2.0
-16.0
4.0
38.0
36.0
-3.0
-18.0
-27.0
-49.0
1.0
-37.0
-52.0
-37.0
-20.0
-30.0
-16.0
-10.0
10.0
17.0
-11.0
8.0
13.0
-22.0
-7.0
-8.0
-13.0
-9.0
-20.0
-5.0
4.0
-37.0
-33.0
-23.0
-33.0
-10.0
-6.0
-10.0
-14.0
-16.0
7.0
-14.0
-2.0
-22.0
-21.0
5.0
12.0
25.0
29.0
-12.0
-22.0
-1.0
-16.0
-17.0
-31.0
-40.0
-15.0
-41.0
-19.0
6.0
21.0
11.0
-26.0
-17.0
6.0
-7.0
-11.0
-4.0
-8.0
-15.0
-41.0
-3.0
1.0
-44.0
-20.0
-20.0
-30.0
-6.0
-15.0
-31.0
-22.0
-25.0
-27.0
-6.0
19.0
41.0
28.0
19.0
50.0
35.0
3.0
12.0
7.0
11.0
-16.0
-19.0
-15.0
-20.0
3.0
-6.0
-17.0
19.0
-12.0
-4.0
44.0
2.0
6.0
54.0
55.0
54.0
19.0
2.0
-1.0
-1.0
17.0
13.0
-11.0
2.0
-1.0
-11.0
6.0
-15.0
5.0
17.0
5.0
12.0
-6.0
10.0
32.0
7.0
34.0
24.0
-7.0
16.0
-13.0
-24.0
-50.0
-79.0
-33.0
-16.0
-51.0
-17.0
-17.0
-2.0
14.0
3.0
12.0
13.0
-5.0
5.0
26.0
-3.0
-25.0
2.0
-13.0
-21.0
-20.0
-17.0
-27.0
-48.0
2.0
-21.0
-31.0
-33.0
-49.0
-55.0
-23.0
-38.0
-32.0
-45.0
-21.0
-4.0
-10.0
-16.0
-40.0
-44.0
-37.0
-81.0
-65.0
-42.0
-68.0
-79.0
-99.0
-86.0
-81.0
-97.0
-89.0
-102.0
-125.0
-91.0
-30.0
7.0
18.0
30.0
64.0
53.0
25.0
29.0
19.0
-18.0
-59.0
-120.0
-117.0
-155.0
-140.0
-138.0
-157.0
-111.0
-17.0
-24.0
-8.0
27.0
32.0
56.0
-3.0
-53.0
-38.0
-25.0
-34.0
-67.0
-102.0
-61.0
-44.0
-69.0
-59.0
-63.0
-37.0
-37.0
-50.0
-2.0
14.0
19.0
20.0
16.0
46.0
30.0
-21.0
27.0
-6.0
-39.0
-31.0
-47.0
-7.0
25.0
-8.0
-13.0
37.0
34.0
29.0
17.0
16.0
20.0
5.0
-7.0
-17.0
-30.0
-17.0
-48.0
-45.0
-31.0
-43.0
-39.0
-30.0
-12.0
-6.0
-21.0
-13.0
-4.0
-26.0
-6.0
-44.0
-78.0
-38.0
-52.0
-65.0
-65.0
-77.0
-72.0
-51.0
-50.0
-52.0
-40.0
3.0
3.0
-26.0
-9.0
-7.0
-17.0
-18.0
-28.0
-21.0
3.0
5.0
18.0
29.0
10.0
16.0
-29.0
-29.0
-38.0
-58.0
-52.0
-8.0
-29.0
-29.0
-43.0
-51.0
-48.0
-53.0
-41.0
-51.0
-43.0
-37.0
-77.0
-75.0
-36.0
-73.0
-59.0
-73.0
-91.0
-71.0
-39.0
-25.0
-26.0
-44.0
-32.0
-48.0
-53.0
-26.0
-43.0
-29.0
-26.0
-26.0
-12.0
-5.0
-19.0
-18.0
-33.0
-24.0
-15.0
-42.0
-19.0
-23.0
-18.0
-5.0
-31.0
3.0
10.0
-5.0
-6.0
10.0
-8.0
-4.0
-13.0
-26.0
11.0
-27.0
-24.0
-3.0
-18.0
-24.0
-31.0
-27.0
-18.0
-29.0
-46.0
-51.0
-36.0
-38.0
-84.0
-62.0
-54.0
-73.0
-51.0
-56.0
-25.0
6.0
-25.0
-44.0
-3.0
-40.0
-25.0
10.0
7.0
14.0
-32.0
-47.0
-44.0
-62.0
-64.0
-70.0
-87.0
-74.0
-61.0
-40.0
-54.0
-61.0
-23.0
-26.0
-29.0
-4.0
-25.0
12.0
45.0
-6.0
25.0
3.0
-30.0
-7.0
24.0
17.0
13.0
7.0
5.0
5.0
8.0
37.0
-1.0
-2.0
-18.0
3.0
22.0
7.0
48.0
53.0
6.0
39.0
24.0
7.0
35.0
-5.0
-17.0
-10.0
-23.0
-42.0
-42.0
-57.0
-32.0
-37.0
-32.0
2.0
-28.0
-14.0
-3.0
-18.0
0.0
1.0
-8.0
-2.0
-2.0
-8.0
-10.0
14.0
33.0
-13.0
-31.0
-3.0
-32.0
-40.0
-20.0
-34.0
-13.0
-41.0
-43.0
-11.0
-40.0
-33.0
-16.0
-27.0
-51.0
-50.0
-57.0
-53.0
-35.0
-6.0
-11.0
-3.0
14.0
53.0
60.0
33.0
22.0
52.0
37.0
14.0
35.0
69.0
76.0
67.0
94.0
92.0
63.0
55.0
65.0
58.0
63.0
82.0
42.0
44.0
29.0
41.0
51.0
6.0
-14.0
16.0
-21.0
3.0
36.0
21.0
59.0
68.0
54.0
71.0
37.0
44.0
52.0
21.0
74.0
42.0
10.0
39.0
-8.0
4.0
17.0
1.0
21.0
14.0
29.0
14.0
-18.0
42.0
32.0
-22.0
-7.0
13.0
24.0
9.0
-3.0
25.0
7.0
-35.0
-9.0
4.0
-25.0
-18.0
-37.0
-23.0
-20.0
-15.0
6.0
33.0
-22.0
9.0
10.0
-4.0
15.0
-58.0
-30.0
-30.0
-81.0
-38.0
-60.0
-53.0
-50.0
-57.0
-29.0
-8.0
40.0
38.0
59.0
111.0
116.0
100.0
121.0
53.0
34.0
45.0
-26.0
-7.0
50.0
16.0
31.0
34.0
22.0
42.0
30.0
44.0
48.0
30.0
95.0
54.0
52.0
69.0
32.0
7.0
2.0
16.0
25.0
-16.0
-33.0
23.0
2.0
16.0
26.0
34.0
41.0
27.0
18.0
5.0
-5.0
-1.0
-18.0
-58.0
-49.0
-8.0
-28.0
-29.0
-22.0
2.0
31.0
-2.0
-6.0
-8.0
4.0
4.0
-20.0
14.0
11.0
4.0
7.0
-16.0
-58.0
-39.0
-46.0
-57.0
-37.0
-54.0
-40.0
-42.0
-43.0
-15.0
-10.0
-10.0
-9.0
-1.0
6.0
-25.0
-26.0
-6.0
-15.0
-33.0
-32.0
-34.0
-6.0
-18.0
-23.0
-20.0
-47.0
10.0
18.0
16.0
25.0
-12.0
2.0
10.0
-44.0
-29.0
-35.0
-36.0
-18.0
-43.0
-42.0
11.0
3.0
17.0
6.0
-29.0
-26.0
24.0
24.0
-7.0
-40.0
-10.0
-21.0
-31.0
-18.0
-60.0
-57.0
-19.0
-51.0
-58.0
-59.0
-58.0
-6.0
-34.0
-19.0
31.0
1.0
-20.0
-24.0
-26.0
-7.0
3.0
22.0
25.0
23.0
34.0
10.0
-27.0
33.0
1.0
-27.0
-12.0
-29.0
-46.0
-30.0
-35.0
-19.0
-18.0
-25.0
-7.0
-21.0
-10.0
27.0
-13.0
-15.0
-23.0
-37.0
-49.0
-76.0
-79.0
-78.0
-64.0
-37.0
-46.0
-30.0
-14.0
-12.0
4.0
17.0
15.0
3.0
-38.0
-11.0
8.0
-14.0
-50.0
-75.0
-57.0
-30.0
-62.0
-12.0
25.0
5.0
64.0
87.0
61.0
64.0
77.0
37.0
27.0
-23.0
-35.0
-44.0
-65.0
-34.0
-79.0
-91.0
-42.0
-23.0
-8.0
-2.0
-23.0
-26.0
-15.0
-30.0
-30.0
-24.0
-12.0
11.0
-20.0
-10.0
-14.0
-58.0
-29.0
-55.0
-66.0
-60.0
-63.0
-24.0
-27.0
-17.0
4.0
-34.0
-18.0
30.0
-24.0
-21.0
-25.0
-41.0
-86.0
-136.0
-122.0
-173.0
-230.0
-229.0
-248.0
-269.0
-263.0
-265.0
-265.0
-265.0
-266.0
-263.0
-261.0
-261.0
-259.0
-261.0
-253.0
-251.0
-260.0
-235.0
-242.0
-263.0
-247.0
-254.0
-246.0
-204.0
-194.0
-190.0
-182.0
-211.0
-185.0
-182.0
-182.0
-183.0
-197.0
-189.0
-173.0
-155.0
-145.0
-177.0
-148.0
-126.0
-133.0
-131.0
-128.0
-129.0
-114.0
-136.0
-107.0
-89.0
-107.0
-97.0
-109.0
-81.0
-71.0
-71.0
-71.0
-78.0
-98.0
-71.0
-71.0
-83.0
-68.0
-18.0
-24.0
-34.0
-34.0
20.0
22.0
109.0
249.0
253.0
251.0
257.0
255.0
256.0
254.0
253.0
255.0
255.0
237.0
249.0
258.0
255.0
251.0
247.0
224.0
202.0
223.0
192.0
194.0
206.0
163.0
137.0
152.0
206.0
188.0
155.0
130.0
165.0
190.0
147.0
121.0
112.0
106.0
128.0
118.0
78.0
54.0
80.0
70.0
35.0
54.0
65.0
82.0
77.0
11.0
63.0
100.0
37.0
11.0
43.0
31.0
31.0
20.0
7.0
10.0
-20.0
10.0
6.0
-10.0
41.0
45.0
-12.0
29.0
56.0
44.0
-3.0
-8.0
27.0
-12.0
-19.0
17.0
-1.0
-22.0
-7.0
1.0
0.0
12.0
-10.0
13.0
6.0
-24.0
-16.0
-25.0
-37.0
-70.0
-68.0
-35.0
-47.0
-49.0
-21.0
-25.0
-10.0
-14.0
-29.0
30.0
12.0
31.0
16.0
-15.0
-23.0
-34.0
-33.0
-33.0
-31.0
-7.0
13.0
-14.0
-24.0
-21.0
-9.0
2.0
31.0
63.0
-7.0
-13.0
43.0
-18.0
-38.0
-13.0
-51.0
-53.0
-58.0
-74.0
-13.0
-46.0
-51.0
-33.0
-40.0
-31.0
2.0
-3.0
5.0
5.0
-16.0
-6.0
-15.0
-26.0
-41.0
-45.0
-56.0
-66.0
-36.0
-16.0
-5.0
-15.0
-46.0
-22.0
17.0
-21.0
-43.0
-26.0
-59.0
-72.0
-68.0
-53.0
-36.0
-72.0
-88.0
-54.0
-82.0
-60.0
-45.0
-62.0
-51.0
-83.0
-71.0
-55.0
-45.0
-40.0
-48.0
-83.0
-70.0
-92.0
-74.0
-65.0
-108.0
-90.0
-79.0
-74.0
-53.0
-79.0
-59.0
-42.0
-63.0
-56.0
-46.0
-33.0
-47.0
-66.0
-58.0
-56.0
-90.0
-80.0
-44.0
-40.0
-59.0
-74.0
-64.0
-62.0
-64.0
-53.0
-69.0
-63.0
-48.0
-52.0
-44.0
-27.0
-53.0
-41.0
-59.0
-73.0
-33.0
-71.0
-105.0
-114.0
-84.0
-87.0
-93.0
-86.0
-65.0
-67.0
-34.0
-17.0
-52.0
-6.0
-39.0
-44.0
-20.0
-45.0
-52.0
-43.0
-53.0
-44.0
-25.0
-48.0
-37.0
-62.0
-55.0
-41.0
-89.0
-56.0
-36.0
-46.0
-29.0
-43.0
-41.0
-33.0
-71.0
-67.0
-31.0
-25.0
-1.0
-12.0
-30.0
-13.0
-57.0
-80.0
-92.0
-81.0
-76.0
-99.0
-78.0
-65.0
-46.0
-40.0
-58.0
-46.0
-32.0
-17.0
-3.0
11.0
0.0
-28.0
-28.0
-49.0
-36.0
-3.0
-33.0
-12.0
-33.0
-68.0
-55.0
-63.0
-65.0
-56.0
-47.0
-34.0
-46.0
-39.0
-24.0
-31.0
-46.0
-57.0
-54.0
-40.0
-29.0
-10.0
-10.0
-25.0
-20.0
-33.0
-39.0
-49.0
-65.0
-54.0
-55.0
-67.0
-51.0
-51.0
-60.0
-52.0
-64.0
-48.0
-28.0
-60.0
-49.0
-43.0
-22.0
-66.0
-96.0
-33.0
-30.0
-52.0
-1.0
-29.0
-58.0
-18.0
-43.0
-26.0
-55.0
-61.0
-51.0
-71.0
-79.0
-62.0
-60.0
-50.0
-71.0
-54.0
-33.0
-69.0
-70.0
-55.0
-53.0
-29.0
-41.0
-60.0
-38.0
-60.0
-92.0
-73.0
-90.0
-63.0
-50.0
-76.0
-42.0
-56.0
-62.0
-41.0
-53.0
-27.0
-42.0
-75.0
-46.0
-54.0
-48.0
-31.0
-62.0
-54.0
-22.0
-40.0
-8.0
-11.0
-64.0
-33.0
-35.0
-14.0
-19.0
-39.0
10.0
6.0
-32.0
-28.0
-44.0
-43.0
-48.0
-81.0
-46.0
-51.0
-48.0
-39.0
-14.0
-34.0
-63.0
-41.0
-15.0
-52.0
-53.0
-23.0
-60.0
-33.0
-11.0
-16.0
-10.0
-51.0
-82.0
-18.0
-21.0
-31.0
-17.0
-40.0
-23.0
-32.0
-32.0
-37.0
-46.0
-52.0
-21.0
-15.0
-9.0
-23.0
-12.0
-4.0
-25.0
-18.0
-13.0
-23.0
-4.0
-26.0
-61.0
-81.0
-106.0
-84.0
-55.0
-58.0
-10.0
-12.0
-12.0
-6.0
-36.0
-31.0
-31.0
-49.0
-4.0
-29.0
-28.0
-14.0
-4.0
-5.0
-30.0
-33.0
-60.0
-70.0
-58.0
-35.0
-39.0
-35.0
-45.0
-47.0
-33.0
-45.0
-62.0
-44.0
-85.0
-42.0
-37.0
-60.0
-51.0
-67.0
-44.0
-39.0
-78.0
-74.0
-40.0
-65.0
-75.0
-77.0
-79.0
-44.0
-41.0
-34.0
-34.0
-86.0
-49.0
-67.0
-68.0
-66.0
-93.0
-75.0
-53.0
-54.0
-70.0
-70.0
-60.0
-32.0
-65.0
-70.0
-64.0
-60.0
-70.0
-65.0
-63.0
-48.0
-67.0
-70.0
-87.0
-62.0
-46.0
-42.0
-52.0
-55.0
-68.0
-39.0
-43.0
-64.0
-47.0
-50.0
-55.0
-55.0
-64.0
-54.0
-54.0
-80.0
-81.0
-89.0
-93.0
-51.0
-78.0
-54.0
-40.0
-39.0
-14.0
-23.0
-26.0
-32.0
-63.0
-30.0
-10.0
-43.0
-27.0
-67.0
-61.0
-20.0
-41.0
-44.0
-52.0
-34.0
-31.0
-42.0
-31.0
-21.0
-54.0
-35.0
-27.0
-74.0
-52.0
-59.0
-42.0
-54.0
-54.0
-46.0
-75.0
-52.0
-45.0
-46.0
-67.0
-60.0
-65.0
-69.0
-100.0
-119.0
-98.0
-113.0
-130.0
-97.0
-101.0
-105.0
-79.0
-57.0
-40.0
-56.0
-70.0
-58.0
-47.0
-37.0
-34.0
-24.0
36.0
-18.0
-41.0
-8.0
-35.0
-10.0
-7.0
-27.0
-21.0
-32.0
-35.0
-27.0
-24.0
1.0
4.0
1.0
10.0
7.0
16.0
35.0
27.0
12.0
14.0
3.0
35.0
1.0
-17.0
0.0
-22.0
-19.0
-4.0
-25.0
-11.0
-10.0
-7.0
29.0
17.0
3.0
-2.0
-7.0
-25.0
-56.0
-59.0
-54.0
-61.0
-41.0
-23.0
-58.0
-26.0
-6.0
-15.0
-13.0
-55.0
-53.0
-32.0
-42.0
-55.0
-54.0
-61.0
-48.0
-79.0
-72.0
-64.0
-64.0
-42.0
-64.0
-87.0
-58.0
-92.0
-91.0
-78.0
-79.0
-55.0
-48.0
-66.0
-52.0
-89.0
-60.0
-42.0
-60.0
-56.0
-56.0
-50.0
-73.0
-95.0
-71.0
-60.0
-88.0
-90.0
-80.0
-88.0
-68.0
-84.0
-64.0
-46.0
-79.0
-42.0
-37.0
-44.0
-17.0
-54.0
-59.0
-65.0
-84.0
-63.0
-79.0
-60.0
-40.0
-54.0
-40.0
-34.0
-56.0
-22.0
-59.0
-92.0
-57.0
-72.0
-62.0
-52.0
-76.0
-63.0
-45.0
-46.0
-57.0
-62.0
-61.0
-49.0
-55.0
-37.0
-51.0
-75.0
-51.0
-69.0
-58.0
-63.0
-82.0
-50.0
-63.0
-100.0
-42.0
-33.0
-37.0
-45.0
-49.0
-41.0
-32.0
-24.0
-25.0
-22.0
-9.0
-40.0
-73.0
-63.0
-42.0
-63.0
-46.0
-58.0
-72.0
-69.0
-58.0
-56.0
-73.0
-92.0
-77.0
-68.0
-59.0
-61.0
-84.0
-64.0
-69.0
-78.0
-74.0
-86.0
-70.0
-54.0
-65.0
-62.0
-76.0
-90.0
-93.0
-103.0
-90.0
-87.0
-112.0
-71.0
-73.0
-64.0
-49.0
-72.0
-52.0
-62.0
-26.0
-29.0
-24.0
12.0
10.0
-27.0
7.0
-7.0
-16.0
-1.0
4.0
-30.0
-24.0
-16.0
-30.0
-45.0
-58.0
-16.0
-13.0
-46.0
-22.0
-31.0
4.0
-7.0
-48.0
-14.0
-4.0
-29.0
-33.0
-28.0
-29.0
-48.0
-55.0
-16.0
-15.0
-34.0
-23.0
-40.0
-5.0
-20.0
-40.0
-29.0
-61.0
-57.0
-18.0
-44.0
-30.0
-25.0
-66.0
-30.0
-49.0
-64.0
-29.0
-32.0
13.0
-4.0
-23.0
-9.0
-14.0
-7.0
-8.0
-31.0
-45.0
16.0
15.0
16.0
6.0
5.0
4.0
-30.0
10.0
12.0
-19.0
6.0
-14.0
-16.0
3.0
-6.0
-4.0
-8.0
-2.0
-29.0
-15.0
25.0
6.0
-18.0
-9.0
22.0
11.0
42.0
37.0
31.0
-1.0
-13.0
-22.0
-45.0
-42.0
-1.0
9.0
-7.0
7.0
-7.0
1.0
7.0
-1.0
-10.0
-27.0
-41.0
14.0
8.0
27.0
21.0
-15.0
26.0
-10.0
-44.0
-7.0
-31.0
-13.0
-22.0
-28.0
-17.0
-27.0
-6.0
-5.0
-45.0
-31.0
-37.0
-44.0
-29.0
-32.0
-31.0
-5.0
-26.0
-45.0
-37.0
-23.0
-17.0
-12.0
-6.0
-10.0
-21.0
-13.0
-46.0
-74.0
-60.0
-67.0
-49.0
-39.0
-42.0
-11.0
-12.0
-14.0
-1.0
2.0
16.0
25.0
9.0
28.0
24.0
56.0
106.0
88.0
59.0
84.0
73.0
53.0
21.0
20.0
60.0
47.0
43.0
89.0
60.0
32.0
56.0
61.0
57.0
54.0
44.0
26.0
64.0
77.0
42.0
54.0
63.0
18.0
42.0
44.0
-8.0
24.0
57.0
-6.0
-1.0
4.0
22.0
53.0
43.0
39.0
20.0
22.0
30.0
8.0
14.0
23.0
3.0
27.0
44.0
69.0
83.0
37.0
24.0
36.0
12.0
11.0
9.0
-9.0
-7.0
-26.0
11.0
7.0
-18.0
10.0
38.0
12.0
23.0
25.0
18.0
21.0
-3.0
15.0
34.0
21.0
37.0
15.0
1.0
-2.0
-33.0
-14.0
19.0
-6.0
-5.0
-11.0
18.0
41.0
21.0
30.0
36.0
3.0
1.0
-7.0
2.0
27.0
15.0
16.0
22.0
14.0
25.0
26.0
22.0
14.0
21.0
21.0
6.0
5.0
44.0
9.0
-15.0
-7.0
-50.0
-51.0
-53.0
-68.0
-32.0
-15.0
-21.0
-8.0
-15.0
-13.0
13.0
-10.0
9.0
-4.0
-33.0
-33.0
-44.0
-55.0
-28.0
-53.0
-52.0
-46.0
-78.0
-61.0
-67.0
-42.0
-26.0
-48.0
-33.0
-23.0
-32.0
-24.0
-41.0
-26.0
-23.0
-52.0
-52.0
-84.0
-87.0
-77.0
-77.0
-81.0
-73.0
-68.0
-39.0
-40.0
-40.0
-35.0
-48.0
-51.0
-76.0
-52.0
-31.0
-36.0
-13.0
-47.0
-38.0
-35.0
-40.0
-56.0
-44.0
-55.0
-52.0
-33.0
-70.0
-60.0
-61.0
-69.0
-44.0
-55.0
-58.0
-45.0
-56.0
-48.0
-36.0
-65.0
-40.0
-52.0
-62.0
-23.0
-72.0
-96.0
-72.0
-100.0
-83.0
-76.0
-79.0
-61.0
-70.0
-36.0
-36.0
-99.0
-70.0
-90.0
-87.0
-76.0
-91.0
-65.0
-58.0
-59.0
-15.0
-40.0
-55.0
-42.0
-36.0
-9.0
-17.0
-26.0
-25.0
-18.0
3.0
-2.0
-17.0
23.0
32.0
7.0
17.0
17.0
6.0
30.0
6.0
15.0
17.0
23.0
69.0
43.0
43.0
77.0
36.0
28.0
61.0
32.0
15.0
21.0
40.0
38.0
4.0
11.0
43.0
42.0
43.0
23.0
24.0
20.0
1.0
31.0
22.0
-7.0
41.0
20.0
16.0
39.0
-10.0
-24.0
-26.0
-35.0
-7.0
-11.0
-19.0
-15.0
-25.0
6.0
12.0
-6.0
41.0
21.0
14.0
31.0
-3.0
-36.0
-12.0
-28.0
-17.0
-34.0
-36.0
-15.0
-13.0
1.0
-10.0
12.0
54.0
44.0
25.0
27.0
-3.0
20.0
43.0
13.0
46.0
31.0
28.0
57.0
33.0
36.0
52.0
30.0
68.0
72.0
61.0
51.0
8.0
46.0
61.0
33.0
56.0
63.0
58.0
69.0
41.0
64.0
62.0
41.0
37.0
24.0
1.0
6.0
29.0
44.0
37.0
15.0
29.0
17.0
12.0
16.0
-12.0
-1.0
15.0
36.0
42.0
16.0
37.0
42.0
23.0
29.0
35.0
30.0
55.0
25.0
34.0
31.0
-10.0
33.0
23.0
-16.0
-18.0
-35.0
-22.0
15.0
1.0
17.0
8.0
-6.0
31.0
-1.0
-12.0
14.0
5.0
23.0
-6.0
-26.0
4.0
-20.0
-37.0
-3.0
-7.0
-9.0
4.0
8.0
29.0
-11.0
5.0
13.0
-4.0
5.0
16.0
-17.0
-4.0
5.0
-6.0
-24.0
-19.0
1.0
-24.0
-33.0
7.0
-5.0
6.0
33.0
36.0
48.0
25.0
4.0
24.0
-2.0
-2.0
-8.0
-33.0
-8.0
11.0
-29.0
-28.0
-18.0
-3.0
-2.0
-21.0
10.0
31.0
10.0
36.0
25.0
25.0
18.0
4.0
26.0
23.0
3.0
58.0
18.0
8.0
53.0
50.0
37.0
43.0
11.0
15.0
16.0
17.0
-2.0
-41.0
23.0
27.0
-1.0
43.0
24.0
-11.0
11.0
15.0
12.0
51.0
30.0
25.0
12.0
-3.0
31.0
8.0
15.0
-2.0
-8.0
30.0
20.0
24.0
40.0
18.0
34.0
43.0
5.0
32.0
36.0
32.0
38.0
32.0
31.0
22.0
11.0
23.0
12.0
7.0
26.0
19.0
11.0
37.0
11.0
50.0
43.0
-9.0
5.0
36.0
45.0
34.0
18.0
13.0
-5.0
47.0
56.0
18.0
11.0
17.0
-27.0
5.0
13.0
-12.0
-12.0
-18.0
20.0
36.0
-1.0
11.0
23.0
21.0
38.0
31.0
45.0
40.0
12.0
26.0
16.0
-6.0
2.0
-23.0
-17.0
-4.0
-4.0
1.0
-32.0
-13.0
22.0
-4.0
-11.0
-31.0
-51.0
-6.0
-30.0
-32.0
5.0
-13.0
-26.0
-20.0
-32.0
-16.0
-18.0
-3.0
11.0
-1.0
28.0
11.0
-5.0
-4.0
-31.0
-33.0
-2.0
21.0
-3.0
-3.0
3.0
18.0
-13.0
-29.0
3.0
2.0
17.0
6.0
-14.0
13.0
-10.0
-12.0
-8.0
-18.0
-26.0
-34.0
-15.0
-17.0
-40.0
-29.0
8.0
-17.0
0.0
-17.0
-25.0
-6.0
-10.0
-4.0
-43.0
-59.0
-48.0
-4.0
-5.0
-5.0
-24.0
-32.0
-11.0
-37.0
-29.0
-26.0
-12.0
-1.0
-31.0
6.0
20.0
-2.0
10.0
34.0
25.0
32.0
41.0
43.0
41.0
14.0
44.0
64.0
48.0
60.0
37.0
58.0
90.0
51.0
32.0
36.0
25.0
31.0
8.0
-3.0
27.0
-7.0
9.0
5.0
-22.0
-17.0
-39.0
-26.0
-12.0
-31.0
-7.0
12.0
-1.0
4.0
17.0
43.0
8.0
11.0
37.0
20.0
15.0
51.0
13.0
-2.0
37.0
37.0
18.0
4.0
4.0
20.0
11.0
17.0
12.0
-20.0
-14.0
-16.0
-32.0
1.0
-23.0
-36.0
-18.0
17.0
8.0
6.0
-11.0
3.0
-11.0
5.0
16.0
-6.0
10.0
10.0
3.0
3.0
-12.0
-24.0
5.0
-23.0
-32.0
-15.0
-33.0
-17.0
-17.0
-18.0
-6.0
-37.0
-48.0
-31.0
-49.0
-20.0
-5.0
-18.0
-19.0
-26.0
-25.0
-23.0
-23.0
-18.0
-34.0
-23.0
-17.0
-36.0
-24.0
-30.0
-70.0
-78.0
-51.0
-35.0
-41.0
-61.0
-50.0
-71.0
-72.0
-50.0
-77.0
-77.0
-48.0
-73.0
-72.0
-68.0
-81.0
-42.0
-56.0
-60.0
-26.0
-63.0
-45.0
-25.0
-69.0
-63.0
-53.0
-61.0
-31.0
-50.0
-54.0
-65.0
-91.0
-54.0
-60.0
-76.0
-64.0
-32.0
-59.0
-72.0
-65.0
-50.0
-77.0
-71.0
-51.0
-56.0
-8.0
-9.0
-30.0
-29.0
-36.0
-29.0
-27.0
-21.0
-7.0
-34.0
-22.0
3.0
-26.0
-34.0
-5.0
-23.0
-30.0
-24.0
-33.0
-23.0
-25.0
-50.0
-49.0
-46.0
-21.0
-28.0
-44.0
-36.0
-10.0
-39.0
-26.0
-44.0
-43.0
-33.0
-42.0
-21.0
-12.0
-24.0
-3.0
-18.0
-41.0
-77.0
-62.0
-3.0
-34.0
-22.0
-10.0
-30.0
-22.0
-43.0
-71.0
-54.0
-54.0
-53.0
-35.0
-22.0
-15.0
6.0
-22.0
-28.0
-42.0
-58.0
-47.0
-59.0
-45.0
-63.0
-46.0
-7.0
-38.0
-30.0
-23.0
-69.0
-63.0
-45.0
-70.0
-35.0
-42.0
-54.0
-41.0
-67.0
-84.0
-75.0
-64.0
-53.0
-70.0
-86.0
-44.0
-29.0
7.0
8.0
-17.0
17.0
23.0
-1.0
-4.0
-6.0
-7.0
-3.0
-32.0
-14.0
-25.0
-52.0
-33.0
-26.0
-10.0
-14.0
-50.0
-48.0
-41.0
-25.0
-24.0
-25.0
-21.0
-27.0
-58.0
-31.0
-37.0
-28.0
-22.0
-46.0
-64.0
-36.0
-25.0
-39.0
-61.0
-67.0
-49.0
-41.0
-30.0
-70.0
-49.0
-26.0
-50.0
-36.0
-24.0
-30.0
-9.0
-48.0
-58.0
-32.0
-43.0
-46.0
-31.0
-49.0
-31.0
-11.0
-14.0
6.0
-30.0
-25.0
-1.0
1.0
10.0
43.0
16.0
29.0
-13.0
-32.0
-49.0
-60.0
-67.0
-41.0
-59.0
-37.0
-36.0
-66.0
-45.0
-23.0
-4.0
-10.0
-35.0
-20.0
-31.0
-39.0
-52.0
-54.0
-20.0
-20.0
-68.0
14.0
6.0
-33.0
-27.0
-23.0
-9.0
-42.0
-6.0
17.0
-3.0
-40.0
-41.0
-48.0
-38.0
-11.0
-4.0
2.0
7.0
4.0
6.0
-22.0
-56.0
-43.0
-38.0
-37.0
-39.0
-22.0
14.0
-13.0
-28.0
0.0
-24.0
-10.0
-37.0
-67.0
-21.0
2.0
-12.0
1.0
-5.0
5.0
11.0
10.0
44.0
15.0
8.0
5.0
-13.0
3.0
10.0
-31.0
-27.0
1.0
44.0
40.0
-2.0
3.0
-7.0
5.0
35.0
49.0
75.0
60.0
56.0
69.0
16.0
45.0
59.0
19.0
32.0
25.0
23.0
34.0
13.0
12.0
39.0
24.0
19.0
12.0
-23.0
33.0
54.0
34.0
77.0
49.0
27.0
30.0
37.0
64.0
14.0
1.0
18.0
24.0
40.0
18.0
13.0
32.0
35.0
43.0
60.0
59.0
32.0
21.0
19.0
15.0
18.0
30.0
17.0
26.0
58.0
7.0
5.0
9.0
-45.0
-3.0
20.0
-1.0
16.0
24.0
10.0
17.0
-8.0
-17.0
-20.0
-18.0
32.0
12.0
-10.0
25.0
-10.0
-18.0
-30.0
-50.0
-18.0
17.0
-5.0
-7.0
-10.0
-13.0
-12.0
-21.0
-21.0
-6.0
-11.0
3.0
14.0
-17.0
-4.0
-29.0
-39.0
-33.0
-13.0
4.0
3.0
-21.0
-12.0
-3.0
1.0
-21.0
-20.0
-6.0
-13.0
2.0
30.0
-7.0
-14.0
17.0
17.0
4.0
-18.0
-4.0
-3.0
-32.0
-48.0
-21.0
-11.0
19.0
-3.0
14.0
20.0
-30.0
-49.0
-30.0
-15.0
3.0
-10.0
-9.0
8.0
-20.0
-28.0
-33.0
-37.0
-31.0
-48.0
-71.0
-13.0
-10.0
-2.0
17.0
-31.0
29.0
43.0
-22.0
5.0
-13.0
-13.0
5.0
13.0
48.0
30.0
14.0
4.0
-20.0
4.0
-6.0
-3.0
15.0
2.0
1.0
14.0
4.0
-1.0
-2.0
-31.0
-25.0
-32.0
-31.0
-5.0
-29.0
-25.0
-5.0
-24.0
-15.0
-37.0
-76.0
-52.0
-19.0
-10.0
-41.0
-65.0
-34.0
-43.0
-60.0
-21.0
-60.0
-26.0
-37.0
-37.0
-25.0
-31.0
-4.0
-26.0
-23.0
-27.0
-25.0
-41.0
-10.0
-39.0
-44.0
-23.0
-41.0
-44.0
-36.0
-65.0
-74.0
-87.0
-73.0
-48.0
-37.0
-22.0
-24.0
-36.0
-40.0
-24.0
-24.0
-39.0
-52.0
-28.0
-21.0
-43.0
-21.0
-31.0
-20.0
20.0
-38.0
-71.0
-52.0
-40.0
-41.0
-33.0
-45.0
-35.0
-44.0
-38.0
-33.0
4.0
12.0
-20.0
-23.0
-6.0
1.0
2.0
-2.0
9.0
21.0
-5.0
-13.0
1.0
-29.0
-20.0
-22.0
-33.0
-1.0
-3.0
-6.0
-5.0
-14.0
3.0
-14.0
-24.0
1.0
-15.0
1.0
18.0
-11.0
-13.0
14.0
-3.0
-32.0
-37.0
-23.0
-39.0
-48.0
3.0
2.0
-42.0
-38.0
-48.0
-60.0
-46.0
-41.0
-37.0
-34.0
-43.0
-51.0
-80.0
-40.0
-5.0
-36.0
-17.0
-25.0
-63.0
-57.0
-76.0
-86.0
-76.0
-92.0
-78.0
-36.0
-45.0
-40.0
-49.0
-53.0
-50.0
-60.0
-77.0
-66.0
-78.0
-46.0
-54.0
-52.0
-17.0
-46.0
-61.0
-58.0
-58.0
-74.0
-64.0
-53.0
-61.0
-63.0
-46.0
-65.0
-86.0
-62.0
-78.0
-73.0
-71.0
-72.0
-39.0
-42.0
-45.0
-51.0
-79.0
-92.0
-84.0
-96.0
-74.0
-79.0
-85.0
-62.0
-76.0
-82.0
-52.0
-61.0
-39.0
-20.0
-33.0
-36.0
-37.0
-40.0
-20.0
-34.0
-14.0
-18.0
-20.0
-10.0
1.0
3.0
1.0
-8.0
13.0
2.0
9.0
5.0
0.0
11.0
16.0
8.0
8.0
-11.0
-16.0
25.0
-20.0
-31.0
-15.0
-15.0
-6.0
-21.0
-37.0
-8.0
-1.0
-32.0
-3.0
-8.0
-4.0
-16.0
-8.0
20.0
-18.0
-23.0
-21.0
-36.0
-30.0
-36.0
-40.0
-7.0
-17.0
-10.0
-4.0
-31.0
-30.0
-1.0
-10.0
-16.0
-18.0
7.0
15.0
-42.0
-16.0
-10.0
-68.0
-46.0
-65.0
-79.0
-28.0
-31.0
-57.0
-14.0
-8.0
-20.0
-21.0
-37.0
-39.0
-66.0
-38.0
-5.0
-21.0
2.0
-13.0
13.0
2.0
-47.0
-58.0
-47.0
-55.0
-38.0
-51.0
-58.0
-17.0
-23.0
-45.0
-42.0
-45.0
-26.0
-50.0
-55.0
-20.0
-31.0
7.0
8.0
-4.0
16.0
-15.0
-17.0
-8.0
-22.0
-23.0
-37.0
-42.0
-20.0
-39.0
-43.0
-27.0
-55.0
-73.0
-67.0
-75.0
-34.0
-8.0
-14.0
7.0
-10.0
-8.0
-14.0
-38.0
-46.0
-75.0
-74.0
-45.0
-60.0
-58.0
-59.0
-76.0
-77.0
-68.0
-63.0
-58.0
-78.0
-40.0
-16.0
-20.0
-14.0
-21.0
-41.0
-44.0
-59.0
-69.0
-74.0
-73.0
-68.0
-109.0
-86.0
-63.0
-58.0
-49.0
-33.0
-55.0
-47.0
-84.0
-70.0
-42.0
-55.0
-36.0
-18.0
-31.0
-8.0
-20.0
-61.0
-52.0
-70.0
-50.0
-41.0
-23.0
-10.0
-21.0
-11.0
-12.0
-14.0
13.0
-20.0
-48.0
-31.0
-37.0
-25.0
-40.0
-56.0
-50.0
-55.0
-59.0
-24.0
-21.0
-19.0
-18.0
-43.0
-47.0
-40.0
-41.0
-20.0
-55.0
-29.0
-38.0
-50.0
-11.0
-54.0
-70.0
-69.0
-81.0
-23.0
-21.0
-51.0
-54.0
-44.0
-81.0
-61.0
-73.0
-53.0
-44.0
-78.0
-52.0
-43.0
-54.0
-49.0
-74.0
-108.0
-74.0
-90.0
-60.0
-37.0
-76.0
-85.0
-80.0
-81.0
-49.0
-52.0
-45.0
-52.0
-56.0
-39.0
-59.0
-67.0
-52.0
-52.0
-51.0
-49.0
-49.0
-33.0
-62.0
-61.0
-66.0
-80.0
-60.0
-60.0
-59.0
-56.0
-48.0
-50.0
-7.0
-35.0
-21.0
-13.0
-43.0
-23.0
-23.0
-45.0
-51.0
-64.0
-47.0
-36.0
-78.0
-81.0
-66.0
-58.0
-58.0
-83.0
-69.0
-34.0
-62.0
-64.0
-88.0
-46.0
-25.0
-43.0
-23.0
-40.0
-24.0
-26.0
-56.0
-72.0
-35.0
-14.0
-14.0
1.0
-27.0
2.0
6.0
-3.0
-10.0
-21.0
-3.0
-13.0
-36.0
-29.0
-20.0
-30.0
1.0
20.0
-5.0
-37.0
-14.0
-27.0
-45.0
-31.0
-21.0
-27.0
-21.0
-16.0
-44.0
-17.0
-43.0
-36.0
-21.0
-41.0
-27.0
-14.0
-12.0
-3.0
-24.0
-12.0
5.0
-20.0
-3.0
-23.0
-30.0
16.0
-1.0
-29.0
-33.0
-43.0
-15.0
-5.0
-33.0
-33.0
-8.0
4.0
-13.0
-7.0
-14.0
0.0
-4.0
-7.0
-25.0
-21.0
4.0
-6.0
-12.0
-21.0
-29.0
6.0
-19.0
-37.0
-34.0
-63.0
-34.0
-25.0
-36.0
-4.0
-5.0
-18.0
2.0
-4.0
10.0
-11.0
-4.0
29.0
34.0
25.0
22.0
-1.0
-16.0
13.0
-8.0
-36.0
-37.0
-25.0
11.0
-15.0
7.0
17.0
-20.0
-12.0
-7.0
-34.0
-18.0
-21.0
1.0
-7.0
-21.0
-28.0
-31.0
-21.0
-3.0
-31.0
-35.0
-24.0
-44.0
-25.0
-18.0
-22.0
-17.0
-38.0
-20.0
-10.0
-17.0
8.0
-21.0
-33.0
-24.0
-35.0
-31.0
-37.0
-16.0
12.0
-22.0
-27.0
-4.0
5.0
-6.0
-4.0
-24.0
-11.0
-5.0
-33.0
-33.0
-25.0
-23.0
-25.0
-58.0
-28.0
-20.0
-36.0
-12.0
-20.0
-12.0
-15.0
-16.0
-10.0
-10.0
-22.0
2.0
-10.0
-5.0
-11.0
-26.0
3.0
22.0
-2.0
32.0
-8.0
-17.0
6.0
3.0
1.0
-13.0
-9.0
11.0
-8.0
24.0
17.0
-5.0
-10.0
6.0
-6.0
-10.0
-7.0
-13.0
-16.0
-30.0
-20.0
-17.0
-47.0
-29.0
-34.0
-14.0
-7.0
-26.0
11.0
-2.0
11.0
2.0
-27.0
-35.0
-36.0
-53.0
1.0
-22.0
-23.0
12.0
-4.0
-12.0
13.0
-5.0
-9.0
-11.0
30.0
48.0
13.0
8.0
-13.0
-31.0
-8.0
-33.0
-42.0
-25.0
-27.0
-7.0
-2.0
-33.0
-30.0
-33.0
-36.0
-19.0
-32.0
-19.0
-21.0
-17.0
14.0
-8.0
14.0
21.0
-4.0
-27.0
-31.0
-37.0
-16.0
-20.0
-7.0
11.0
-22.0
-18.0
-5.0
-33.0
-36.0
-10.0
16.0
3.0
-7.0
10.0
-14.0
-32.0
8.0
-8.0
-13.0
15.0
-32.0
-23.0
-19.0
-25.0
27.0
23.0
-1.0
15.0
7.0
3.0
-7.0
-9.0
-8.0
-5.0
8.0
26.0
16.0
5.0
34.0
34.0
36.0
33.0
11.0
0.0
-30.0
-14.0
-26.0
-30.0
17.0
-2.0
-4.0
8.0
-11.0
5.0
17.0
-19.0
-1.0
14.0
-16.0
-15.0
-7.0
4.0
-11.0
-22.0
7.0
-13.0
-16.0
2.0
6.0
-13.0
-39.0
-34.0
11.0
-17.0
-8.0
11.0
-18.0
-3.0
3.0
1.0
-15.0
-31.0
10.0
25.0
1.0
29.0
27.0
10.0
27.0
23.0
30.0
43.0
8.0
-2.0
9.0
42.0
37.0
23.0
24.0
41.0
29.0
20.0
29.0
24.0
58.0
41.0
13.0
50.0
30.0
34.0
25.0
9.0
26.0
29.0
37.0
37.0
34.0
59.0
32.0
-4.0
24.0
35.0
44.0
63.0
70.0
106.0
96.0
63.0
73.0
67.0
72.0
54.0
70.0
117.0
104.0
92.0
101.0
77.0
95.0
112.0
108.0
124.0
137.0
146.0
137.0
118.0
121.0
159.0
114.0
136.0
155.0
128.0
148.0
149.0
158.0
151.0
137.0
151.0
140.0
129.0
166.0
173.0
169.0
166.0
142.0
173.0
139.0
121.0
155.0
161.0
140.0
147.0
144.0
105.0
111.0
109.0
113.0
127.0
135.0
153.0
139.0
165.0
151.0
121.0
152.0
154.0
103.0
108.0
109.0
140.0
128.0
53.0
69.0
93.0
86.0
120.0
133.0
138.0
119.0
124.0
168.0
140.0
136.0
199.0
225.0
221.0
207.0
218.0
209.0
196.0
215.0
246.0
230.0
219.0
228.0
234.0
249.0
229.0
232.0
251.0
233.0
206.0
195.0
204.0
243.0
211.0
211.0
197.0
162.0
158.0
145.0
128.0
147.0
140.0
152.0
157.0
133.0
167.0
160.0
125.0
136.0
137.0
145.0
157.0
130.0
117.0
122.0
106.0
102.0
79.0
100.0
83.0
43.0
22.0
-17.0
-30.0
-53.0
-71.0
-91.0
-107.0
-147.0
-134.0
-123.0
-193.0
-209.0
-214.0
-258.0
-255.0
-233.0
-243.0
-249.0
-251.0
-234.0
-239.0
-238.0
-219.0
-242.0
-232.0
-181.0
-150.0
-143.0
-176.0
-195.0
-198.0
-219.0
-214.0
-223.0
-211.0
-191.0
-224.0
-187.0
-174.0
-204.0
-188.0
-207.0
-229.0
-171.0
-177.0
-173.0
-167.0
-193.0
-181.0
-198.0
-208.0
-188.0
-213.0
-199.0
-178.0
-186.0
-176.0
-176.0
-179.0
-160.0
-174.0
-153.0
-143.0
-157.0
-149.0
-164.0
-163.0
-144.0
-152.0
-137.0
-146.0
-163.0
-165.0
-154.0
-159.0
-177.0
-199.0
-197.0
-180.0
-173.0
-190.0
-161.0
-175.0
-148.0
-147.0
-141.0
-130.0
-160.0
-170.0
-142.0
-161.0
-150.0
-158.0
-164.0
-125.0
-140.0
-145.0
-169.0
-148.0
-108.0
-157.0
-137.0
-113.0
-135.0
-103.0
-98.0
-103.0
-106.0
-136.0
-127.0
-98.0
-120.0
-114.0
-132.0
-118.0
-98.0
-106.0
-80.0
-82.0
-102.0
-78.0
-89.0
-88.0
-69.0
-73.0
-78.0
-67.0
-73.0
-81.0
-82.0
-102.0
-93.0
-80.0
-90.0
-61.0
-63.0
-64.0
-37.0
-54.0
-29.0
-43.0
-56.0
-23.0
-40.0
-62.0
-52.0
-69.0
-36.0
-46.0
-32.0
-25.0
-44.0
-37.0
-37.0
-42.0
-22.0
-18.0
-25.0
-1.0
-12.0
-34.0
-32.0
-33.0
-7.0
-26.0
-29.0
-32.0
-52.0
-39.0
-32.0
-46.0
-48.0
-34.0
-12.0
-7.0
-47.0
-46.0
-37.0
-72.0
-62.0
-58.0
-27.0
-15.0
-29.0
-22.0
-39.0
-52.0
-33.0
-59.0
-33.0
-11.0
-28.0
-23.0
-16.0
-19.0
4.0
-15.0
-40.0
-29.0
-35.0
-12.0
5.0
-22.0
-27.0
-51.0
-51.0
-13.0
-13.0
17.0
1.0
-6.0
19.0
-13.0
-9.0
22.0
14.0
18.0
46.0
43.0
40.0
-2.0
-25.0
-13.0
-14.0
-16.0
-12.0
-5.0
-8.0
-7.0
6.0
5.0
-8.0
22.0
-2.0
-10.0
6.0
-21.0
-17.0
-11.0
-30.0
-18.0
16.0
-6.0
-6.0
-23.0
-21.0
8.0
5.0
23.0
42.0
31.0
43.0
-3.0
3.0
21.0
-4.0
30.0
32.0
-10.0
5.0
-14.0
-23.0
-18.0
-11.0
3.0
14.0
18.0
31.0
7.0
-6.0
18.0
2.0
10.0
13.0
-22.0
5.0
-7.0
13.0
32.0
-3.0
-1.0
5.0
-6.0
39.0
17.0
-2.0
44.0
10.0
-1.0
10.0
-3.0
-3.0
-5.0
2.0
19.0
11.0
3.0
3.0
-4.0
-3.0
6.0
30.0
32.0
11.0
26.0
29.0
-6.0
32.0
20.0
1.0
31.0
16.0
1.0
1.0
1.0
41.0
13.0
-3.0
18.0
2.0
23.0
27.0
11.0
11.0
19.0
-7.0
23.0
-11.0
-11.0
7.0
18.0
30.0
32.0
7.0
26.0
3.0
15.0
34.0
16.0
29.0
36.0
62.0
59.0
24.0
29.0
-18.0
-13.0
31.0
32.0
33.0
42.0
12.0
1.0
-3.0
-11.0
3.0
7.0
-5.0
9.0
44.0
44.0
25.0
25.0
29.0
-13.0
5.0
25.0
15.0
23.0
52.0
51.0
62.0
48.0
32.0
65.0
37.0
17.0
42.0
25.0
19.0
12.0
29.0
42.0
22.0
13.0
36.0
21.0
38.0
43.0
15.0
82.0
83.0
67.0
53.0
46.0
48.0
52.0
48.0
41.0
52.0
44.0
35.0
14.0
37.0
26.0
30.0
55.0
36.0
48.0
38.0
8.0
20.0
20.0
39.0
59.0
48.0
68.0
61.0
39.0
62.0
44.0
33.0
50.0
15.0
2.0
23.0
30.0
20.0
7.0
10.0
38.0
30.0
35.0
21.0
-25.0
23.0
15.0
4.0
44.0
-12.0
-11.0
3.0
-1.0
-7.0
-6.0
5.0
32.0
41.0
14.0
21.0
-11.0
-13.0
19.0
1.0
6.0
-7.0
-4.0
24.0
25.0
51.0
42.0
23.0
22.0
10.0
40.0
14.0
-35.0
-17.0
5.0
-15.0
-9.0
-16.0
-13.0
-17.0
-4.0
30.0
-10.0
-22.0
30.0
17.0
16.0
25.0
6.0
-13.0
-22.0
-23.0
12.0
20.0
4.0
-9.0
1.0
22.0
4.0
-1.0
29.0
-22.0
3.0
30.0
-9.0
-2.0
-19.0
-35.0
-18.0
-33.0
-22.0
-18.0
-48.0
-34.0
-38.0
-45.0
2.0
0.0
25.0
46.0
14.0
7.0
-4.0
-12.0
-12.0
-33.0
-35.0
-28.0
-16.0
-6.0
-19.0
-29.0
-22.0
-49.0
-57.0
-18.0
-30.0
-42.0
-49.0
-37.0
-2.0
-7.0
-13.0
7.0
-33.0
0.0
-9.0
-48.0
-23.0
-17.0
-13.0
-15.0
-25.0
-13.0
-25.0
-14.0
2.0
-19.0
-8.0
2.0
-4.0
-7.0
-31.0
-24.0
0.0
2.0
-14.0
-15.0
-10.0
-4.0
-31.0
-53.0
-35.0
-38.0
-29.0
-24.0
-33.0
-37.0
-39.0
-31.0
-22.0
-51.0
-23.0
-8.0
-33.0
10.0
13.0
-4.0
23.0
13.0
-5.0
-33.0
-41.0
-32.0
-12.0
18.0
7.0
-13.0
4.0
3.0
-13.0
-3.0
29.0
8.0
22.0
39.0
31.0
46.0
55.0
22.0
7.0
38.0
29.0
-28.0
14.0
58.0
40.0
14.0
23.0
38.0
52.0
52.0
66.0
52.0
33.0
71.0
33.0
18.0
12.0
21.0
59.0
24.0
4.0
27.0
1.0
-11.0
38.0
7.0
2.0
37.0
18.0
41.0
20.0
-13.0
-4.0
-18.0
-10.0
6.0
-11.0
-7.0
23.0
21.0
15.0
-2.0
7.0
8.0
15.0
33.0
34.0
21.0
34.0
7.0
-13.0
-25.0
-28.0
24.0
12.0
7.0
34.0
45.0
25.0
8.0
41.0
58.0
43.0
27.0
54.0
20.0
24.0
45.0
7.0
8.0
15.0
18.0
24.0
25.0
38.0
30.0
35.0
32.0
-9.0
3.0
33.0
4.0
20.0
46.0
10.0
-4.0
-8.0
11.0
16.0
-21.0
32.0
26.0
-11.0
36.0
1.0
-8.0
27.0
32.0
50.0
32.0
40.0
37.0
-1.0
-1.0
3.0
-4.0
30.0
40.0
10.0
22.0
46.0
29.0
42.0
16.0
27.0
21.0
29.0
49.0
24.0
26.0
32.0
-14.0
-17.0
-9.0
-18.0
10.0
16.0
13.0
12.0
23.0
13.0
8.0
-10.0
-23.0
-3.0
-7.0
14.0
4.0
9.0
11.0
-23.0
-46.0
-62.0
-47.0
-16.0
-39.0
-26.0
-2.0
-37.0
1.0
21.0
-7.0
22.0
16.0
47.0
72.0
42.0
17.0
4.0
-5.0
-6.0
14.0
11.0
21.0
7.0
36.0
-5.0
-10.0
17.0
-26.0
-30.0
2.0
-17.0
-5.0
-15.0
11.0
22.0
33.0
23.0
3.0
1.0
5.0
-13.0
-30.0
-22.0
3.0
-10.0
-36.0
-43.0
33.0
34.0
-12.0
-1.0
-28.0
-35.0
-17.0
-21.0
4.0
1.0
-25.0
-22.0
-39.0
-58.0
-41.0
-51.0
-52.0
-53.0
-55.0
-72.0
-33.0
-8.0
-39.0
-50.0
7.0
1.0
-20.0
17.0
-20.0
-33.0
-38.0
-65.0
-15.0
-26.0
-39.0
-10.0
-19.0
-3.0
-7.0
-34.0
-35.0
-31.0
-32.0
-49.0
-36.0
-39.0
-26.0
-44.0
6.0
-28.0
-42.0
-10.0
-40.0
-36.0
-11.0
-37.0
-39.0
-59.0
-75.0
-53.0
-93.0
-60.0
-24.0
-44.0
-23.0
-22.0
-55.0
-34.0
-37.0
-51.0
-5.0
-37.0
-23.0
3.0
-30.0
6.0
-25.0
-13.0
-1.0
-25.0
-15.0
-25.0
-30.0
-23.0
-52.0
-33.0
-48.0
-49.0
-22.0
-20.0
-11.0
-20.0
-51.0
-38.0
-9.0
-7.0
-21.0
-39.0
-15.0
-9.0
-32.0
7.0
-5.0
-35.0
-18.0
-27.0
-54.0
-29.0
-14.0
13.0
3.0
-28.0
-11.0
-33.0
-52.0
-26.0
-26.0
-33.0
-8.0
-31.0
-23.0
-14.0
-39.0
-16.0
-17.0
-54.0
-61.0
-55.0
-41.0
-39.0
-34.0
-31.0
-55.0
-56.0
-48.0
-60.0
-63.0
-58.0
-46.0
-13.0
-22.0
-46.0
-48.0
-68.0
-49.0
-42.0
-69.0
-70.0
-87.0
-90.0
-59.0
-68.0
-13.0
-23.0
-32.0
11.0
-39.0
-41.0
-50.0
-56.0
-46.0
-79.0
-50.0
-15.0
-13.0
17.0
20.0
-37.0
-19.0
-39.0
-28.0
2.0
-35.0
-33.0
-7.0
-29.0
-8.0
5.0
-12.0
5.0
-24.0
-38.0
-22.0
-58.0
-11.0
19.0
-11.0
-24.0
-14.0
-20.0
-34.0
-35.0
-21.0
-42.0
-43.0
-32.0
-45.0
-47.0
-46.0
-51.0
-49.0
-41.0
-16.0
24.0
-29.0
-19.0
-8.0
-46.0
-73.0
-59.0
-52.0
-40.0
-44.0
-48.0
-41.0
-63.0
-65.0
-46.0
-73.0
-34.0
-46.0
-45.0
5.0
-32.0
-49.0
-35.0
-38.0
-51.0
-66.0
-59.0
-40.0
-49.0
-14.0
-36.0
-68.0
-45.0
-36.0
-53.0
-72.0
-76.0
-20.0
-29.0
-55.0
-23.0
-39.0
-30.0
-14.0
-46.0
-31.0
-23.0
-35.0
-17.0
-51.0
-56.0
-14.0
-48.0
-40.0
-33.0
-51.0
2.0
9.0
6.0
17.0
4.0
-10.0
-18.0
-29.0
-47.0
-54.0
-29.0
-10.0
-36.0
-33.0
8.0
-11.0
-5.0
-2.0
-15.0
-24.0
-53.0
-38.0
-40.0
-60.0
-64.0
-44.0
1.0
-4.0
-31.0
14.0
-2.0
-24.0
-28.0
-58.0
-60.0
-50.0
-36.0
-4.0
-30.0
-35.0
-11.0
-40.0
-64.0
-58.0
-44.0
-35.0
-35.0
-24.0
-7.0
-13.0
6.0
-27.0
-62.0
1.0
-12.0
-40.0
-13.0
-80.0
-62.0
7.0
1.0
3.0
-11.0
-3.0
12.0
2.0
20.0
-2.0
-20.0
-3.0
-4.0
6.0
5.0
2.0
16.0
11.0
-17.0
12.0
-14.0
-51.0
5.0
-25.0
-3.0
12.0
-21.0
1.0
3.0
-6.0
6.0
-22.0
-9.0
4.0
-14.0
-10.0
-23.0
-36.0
-19.0
-32.0
-18.0
1.0
-16.0
-13.0
-36.0
-56.0
-6.0
-1.0
-43.0
-31.0
-27.0
-34.0
-48.0
-72.0
-66.0
-98.0
-82.0
-43.0
-89.0
-63.0
-57.0
-61.0
-51.0
-89.0
-105.0
-76.0
-84.0
-68.0
-62.0
-78.0
-59.0
-63.0
-68.0
-86.0
-91.0
-58.0
-70.0
-95.0
-64.0
-57.0
-44.0
-33.0
-48.0
-45.0
-47.0
-66.0
-73.0
-70.0
-59.0
-81.0
-91.0
-77.0
-70.0
-102.0
-82.0
-69.0
-49.0
-50.0
-57.0
-39.0
-61.0
-70.0
-69.0
-98.0
-90.0
-69.0
-81.0
-77.0
-94.0
-106.0
-83.0
-77.0
-81.0
-109.0
-83.0
-62.0
-77.0
-98.0
-88.0
-87.0
-63.0
-70.0
-92.0
-67.0
-80.0
-97.0
-93.0
-100.0
-87.0
-90.0
-86.0
-37.0
-67.0
-75.0
-49.0
-53.0
-71.0
-48.0
-95.0
-81.0
-42.0
-63.0
-58.0
-76.0
-73.0
-52.0
-57.0
-45.0
-75.0
-90.0
-31.0
-43.0
-63.0
-52.0
-65.0
-51.0
-52.0
-66.0
-60.0
-83.0
-66.0
-65.0
-81.0
-67.0
-52.0
-64.0
-67.0
-72.0
-48.0
-29.0
-54.0
-53.0
-51.0
-52.0
-44.0
-86.0
-72.0
-52.0
-67.0
-53.0
-67.0
-72.0
-61.0
-64.0
-50.0
-35.0
-58.0
-41.0
-57.0
-81.0
-69.0
-63.0
-60.0
-67.0
-62.0
-31.0
-50.0
-45.0
-29.0
-54.0
-87.0
-53.0
-65.0
-41.0
-42.0
-64.0
-39.0
-50.0
-72.0
-40.0
-62.0
-64.0
-86.0
-109.0
-72.0
-79.0
-80.0
-58.0
-61.0
-44.0
-60.0
-65.0
-40.0
-81.0
-92.0
-59.0
-89.0
-78.0
-69.0
-82.0
-66.0
-63.0
-46.0
-25.0
-64.0
-60.0
-51.0
-79.0
-26.0
-55.0
-67.0
-36.0
-34.0
-17.0
-31.0
-40.0
-10.0
-43.0
-78.0
-77.0
-67.0
-42.0
-20.0
-41.0
-47.0
-37.0
-15.0
-11.0
-21.0
-18.0
-16.0
-28.0
-22.0
-19.0
-22.0
-48.0
-82.0
-87.0
-81.0
-71.0
-42.0
-39.0
-63.0
-44.0
-22.0
-18.0
-46.0
-68.0
-62.0
-46.0
-36.0
-36.0
-49.0
-18.0
-34.0
-75.0
-54.0
-62.0
-75.0
-48.0
-63.0
-34.0
-46.0
-44.0
-35.0
-55.0
-16.0
-6.0
-31.0
-2.0
3.0
-11.0
3.0
-15.0
-6.0
-18.0
-29.0
-11.0
-12.0
-17.0
10.0
8.0
-8.0
-14.0
-23.0
-18.0
-27.0
-37.0
-1.0
4.0
12.0
7.0
-13.0
4.0
-14.0
4.0
27.0
26.0
39.0
40.0
-1.0
36.0
5.0
-8.0
42.0
13.0
17.0
64.0
48.0
31.0
24.0
-10.0
13.0
-10.0
-20.0
17.0
8.0
23.0
31.0
9.0
20.0
12.0
1.0
22.0
19.0
21.0
-12.0
-5.0
3.0
-13.0
8.0
35.0
23.0
5.0
1.0
-5.0
18.0
-5.0
6.0
17.0
-19.0
-5.0
10.0
4.0
-1.0
0.0
10.0
13.0
2.0
14.0
3.0
14.0
-4.0
-23.0
-3.0
17.0
-27.0
5.0
10.0
-17.0
5.0
-19.0
-17.0
-7.0
-13.0
-5.0
7.0
-20.0
-13.0
-3.0
-22.0
-30.0
-52.0
-25.0
-14.0
-17.0
-19.0
-26.0
-42.0
17.0
13.0
-2.0
-11.0
-24.0
-2.0
-26.0
-4.0
31.0
1.0
-2.0
-23.0
-27.0
14.0
-12.0
-11.0
-6.0
-46.0
-31.0
-42.0
-42.0
-13.0
-21.0
-7.0
1.0
-29.0
-1.0
-31.0
-32.0
8.0
-15.0
-14.0
17.0
8.0
10.0
-2.0
13.0
-15.0
-34.0
-10.0
-1.0
-43.0
-35.0
-11.0
-54.0
-39.0
-45.0
-56.0
-34.0
-43.0
-53.0
-52.0
-40.0
-1.0
-38.0
-37.0
-18.0
-26.0
-31.0
-47.0
-50.0
-44.0
-68.0
-30.0
5.0
-3.0
29.0
14.0
-24.0
-21.0
-36.0
-61.0
-40.0
2.0
13.0
-10.0
-31.0
1.0
-14.0
-54.0
-49.0
-50.0
-46.0
-34.0
-30.0
-38.0
-55.0
-24.0
-37.0
-51.0
-36.0
-57.0
-70.0
-39.0
-52.0
-57.0
-62.0
-72.0
-59.0
-38.0
-20.0
-17.0
-28.0
-4.0
-47.0
-71.0
-50.0
-39.0
-21.0
-10.0
-35.0
-25.0
-25.0
-30.0
-7.0
-35.0
-69.0
-37.0
-61.0
-43.0
-5.0
-22.0
-7.0
17.0
-8.0
14.0
14.0
15.0
24.0
14.0
16.0
15.0
-1.0
10.0
11.0
-34.0
-23.0
-10.0
-16.0
-32.0
-19.0
7.0
-14.0
-1.0
35.0
14.0
-2.0
-10.0
-15.0
32.0
8.0
6.0
27.0
-37.0
-38.0
-16.0
-26.0
-10.0
4.0
-12.0
-13.0
-21.0
-4.0
-2.0
-8.0
-6.0
-21.0
-21.0
-32.0
-7.0
16.0
1.0
-23.0
20.0
16.0
-17.0
-19.0
-35.0
-16.0
-11.0
-43.0
-42.0
-30.0
-23.0
-18.0
-31.0
-11.0
-8.0
-6.0
5.0
-41.0
-28.0
-21.0
-48.0
-18.0
-2.0
-2.0
-5.0
-14.0
4.0
3.0
-34.0
-13.0
-18.0
-33.0
-16.0
-23.0
1.0
18.0
-30.0
-5.0
7.0
-21.0
-19.0
-39.0
-22.0
12.0
-5.0
1.0
-22.0
-48.0
-22.0
-48.0
-41.0
15.0
-2.0
-8.0
-32.0
-11.0
-20.0
-28.0
-47.0
-21.0
-34.0
-24.0
-20.0
-6.0
32.0
3.0
-49.0
-30.0
-31.0
-30.0
-49.0
-51.0
-38.0
-25.0
-26.0
-39.0
-23.0
-40.0
-35.0
-74.0
-42.0
-54.0
-63.0
-42.0
-33.0
-11.0
-1.0
-15.0
-13.0
-23.0
-2.0
1.0
-7.0
12.0
-2.0
-52.0
-4.0
-1.0
-7.0
5.0
12.0
26.0
12.0
-9.0
-3.0
-4.0
9.0
36.0
31.0
0.0
-16.0
-5.0
2.0
-31.0
-43.0
-23.0
-31.0
-30.0
-47.0
-65.0
-45.0
-35.0
-36.0
-35.0
-45.0
-43.0
-38.0
-37.0
-14.0
-22.0
2.0
26.0
-3.0
-3.0
16.0
-3.0
14.0
13.0
35.0
47.0
-6.0
33.0
36.0
-12.0
35.0
32.0
20.0
23.0
11.0
22.0
21.0
29.0
46.0
9.0
27.0
32.0
10.0
20.0
18.0
-20.0
-5.0
-8.0
7.0
16.0
-3.0
10.0
-10.0
-48.0
-31.0
-22.0
-2.0
10.0
-11.0
10.0
-11.0
-27.0
-27.0
-45.0
-11.0
16.0
6.0
16.0
17.0
13.0
27.0
-2.0
-26.0
-34.0
-38.0
-8.0
27.0
20.0
34.0
30.0
25.0
26.0
17.0
13.0
3.0
-13.0
23.0
34.0
39.0
16.0
-6.0
27.0
7.0
18.0
37.0
18.0
44.0
50.0
18.0
21.0
-2.0
-22.0
29.0
27.0
-1.0
2.0
15.0
22.0
26.0
35.0
50.0
31.0
11.0
25.0
0.0
14.0
18.0
10.0
34.0
6.0
21.0
57.0
15.0
5.0
-9.0
-26.0
-12.0
-13.0
-9.0
-3.0
21.0
38.0
8.0
-20.0
-5.0
-24.0
-28.0
0.0
-11.0
-15.0
6.0
11.0
18.0
-4.0
2.0
23.0
3.0
-2.0
-14.0
-9.0
-16.0
-32.0
-24.0
-27.0
-10.0
8.0
-6.0
-3.0
30.0
40.0
30.0
20.0
27.0
27.0
-4.0
-23.0
8.0
-5.0
-3.0
22.0
-23.0
-5.0
25.0
-11.0
-10.0
-6.0
21.0
18.0
3.0
29.0
39.0
20.0
33.0
14.0
28.0
12.0
-20.0
6.0
0.0
14.0
44.0
-7.0
5.0
38.0
26.0
33.0
24.0
-3.0
43.0
46.0
41.0
26.0
32.0
30.0
39.0
4.0
18.0
2.0
2.0
18.0
-12.0
16.0
23.0
0.0
20.0
25.0
-15.0
22.0
-6.0
1.0
39.0
16.0
-8.0
-10.0
31.0
26.0
-12.0
-14.0
3.0
2.0
-16.0
-44.0
-45.0
-35.0
-27.0
11.0
20.0
-25.0
-1.0
-8.0
-19.0
18.0
-2.0
-3.0
4.0
5.0
16.0
-2.0
17.0
-1.0
-32.0
-11.0
-11.0
-21.0
-9.0
-17.0
-33.0
-18.0
-22.0
-2.0
-6.0
-12.0
13.0
7.0
8.0
-13.0
-37.0
-21.0
-33.0
-43.0
-25.0
-68.0
-56.0
-22.0
-59.0
-46.0
-30.0
-30.0
-31.0
-36.0
-12.0
15.0
-27.0
-23.0
-4.0
-19.0
-14.0
-55.0
-63.0
-45.0
-56.0
-26.0
-36.0
-49.0
-37.0
-39.0
-34.0
-32.0
-45.0
-55.0
-26.0
-72.0
-67.0
-36.0
-32.0
-33.0
-56.0
-40.0
-10.0
-48.0
-51.0
-44.0
-47.0
-45.0
-87.0
-52.0
-43.0
-69.0
-65.0
-54.0
-49.0
-59.0
-48.0
-27.0
-43.0
-57.0
-39.0
-77.0
-88.0
-67.0
-81.0
-76.0
-52.0
-83.0
-58.0
-74.0
-83.0
-46.0
-74.0
-74.0
-19.0
-39.0
-10.0
-1.0
-15.0
-25.0
-41.0
-21.0
-15.0
-38.0
-14.0
-31.0
-37.0
45.0
6.0
-22.0
8.0
7.0
24.0
36.0
26.0
44.0
17.0
13.0
26.0
24.0
36.0
-14.0
-6.0
11.0
4.0
7.0
8.0
22.0
30.0
31.0
71.0
40.0
26.0
31.0
35.0
31.0
29.0
18.0
7.0
16.0
-11.0
6.0
33.0
15.0
18.0
24.0
38.0
54.0
51.0
59.0
37.0
-6.0
-1.0
1.0
0.0
-6.0
0.0
21.0
22.0
3.0
35.0
-4.0
-25.0
17.0
11.0
24.0
3.0
-7.0
13.0
-14.0
-21.0
-4.0
-12.0
19.0
14.0
-6.0
32.0
34.0
35.0
33.0
11.0
13.0
32.0
34.0
21.0
5.0
22.0
27.0
33.0
27.0
33.0
12.0
17.0
22.0
56.0
70.0
14.0
-14.0
6.0
23.0
-4.0
-28.0
-17.0
29.0
35.0
39.0
27.0
20.0
33.0
35.0
53.0
59.0
15.0
6.0
27.0
16.0
25.0
24.0
11.0
18.0
10.0
37.0
49.0
20.0
42.0
20.0
7.0
32.0
27.0
45.0
43.0
50.0
59.0
49.0
35.0
52.0
46.0
42.0
48.0
6.0
32.0
10.0
-3.0
18.0
12.0
43.0
47.0
32.0
38.0
9.0
6.0
6.0
-15.0
8.0
10.0
-21.0
25.0
22.0
19.0
17.0
2.0
30.0
25.0
13.0
-10.0
-1.0
-1.0
13.0
30.0
27.0
19.0
4.0
23.0
31.0
12.0
10.0
-34.0
-28.0
-7.0
-14.0
7.0
13.0
46.0
50.0
40.0
43.0
30.0
32.0
49.0
31.0
34.0
53.0
24.0
24.0
16.0
27.0
29.0
37.0
30.0
57.0
60.0
63.0
81.0
78.0
68.0
64.0
81.0
86.0
73.0
82.0
55.0
68.0
62.0
40.0
25.0
24.0
35.0
75.0
61.0
74.0
71.0
53.0
69.0
53.0
37.0
70.0
48.0
41.0
82.0
76.0
52.0
46.0
18.0
10.0
12.0
4.0
7.0
16.0
37.0
41.0
17.0
19.0
8.0
-26.0
-10.0
-7.0
-4.0
-12.0
-41.0
5.0
-2.0
-30.0
-37.0
-34.0
-42.0
-20.0
-33.0
-17.0
-33.0
-46.0
-31.0
-34.0
-14.0
-24.0
-38.0
-2.0
-17.0
-72.0
-41.0
-29.0
-60.0
-14.0
-14.0
-22.0
-16.0
-14.0
-8.0
-16.0
-24.0
-17.0
-23.0
-21.0
-29.0
-37.0
-26.0
-28.0
-21.0
-5.0
-26.0
-41.0
-32.0
-62.0
-41.0
-38.0
-65.0
-51.0
-58.0
-34.0
-26.0
-46.0
-46.0
-26.0
-33.0
-27.0
-30.0
-16.0
-23.0
-32.0
-27.0
-49.0
-12.0
-14.0
-51.0
-20.0
-16.0
-21.0
-3.0
-26.0
-27.0
-13.0
-29.0
-30.0
-51.0
-51.0
-34.0
-31.0
-45.0
-21.0
-32.0
-13.0
-30.0
-22.0
-1.0
-24.0
-21.0
-15.0
-26.0
-46.0
8.0
-18.0
-33.0
-31.0
-22.0
2.0
-4.0
9.0
12.0
14.0
20.0
5.0
13.0
22.0
-21.0
-28.0
-3.0
-23.0
-16.0
-23.0
-1.0
7.0
-4.0
-6.0
13.0
34.0
18.0
-9.0
-2.0
27.0
35.0
37.0
46.0
26.0
-8.0
-4.0
13.0
6.0
-8.0
-6.0
23.0
-11.0
-1.0
-9.0
-36.0
-19.0
-51.0
-37.0
-14.0
-50.0
-39.0
-36.0
-54.0
-42.0
-22.0
-23.0
-35.0
-88.0
-46.0
-29.0
-28.0
-33.0
-16.0
10.0
-7.0
-23.0
7.0
-10.0
-52.0
-37.0
-49.0
-34.0
-38.0
-50.0
-30.0
-44.0
-46.0
-33.0
-55.0
-27.0
7.0
-7.0
-39.0
-29.0
6.0
-4.0
-18.0
-13.0
-27.0
-45.0
-1.0
6.0
10.0
2.0
1.0
-13.0
-14.0
-22.0
-21.0
-18.0
-8.0
24.0
12.0
1.0
-20.0
-36.0
-2.0
-7.0
-2.0
5.0
-38.0
3.0
26.0
-21.0
-46.0
-49.0
-39.0
-24.0
-37.0
13.0
14.0
-27.0
-14.0
-27.0
-34.0
-34.0
-34.0
11.0
2.0
-13.0
0.0
-10.0
-16.0
-8.0
-18.0
-16.0
-22.0
-38.0
-46.0
-57.0
-15.0
-25.0
-22.0
18.0
10.0
-20.0
27.0
33.0
10.0
6.0
-11.0
13.0
37.0
36.0
41.0
23.0
0.0
12.0
-15.0
-5.0
-3.0
-6.0
24.0
18.0
7.0
3.0
-20.0
6.0
6.0
18.0
13.0
-11.0
34.0
32.0
-3.0
6.0
14.0
-20.0
10.0
4.0
20.0
50.0
27.0
30.0
13.0
-25.0
0.0
-4.0
-18.0
-14.0
-11.0
-5.0
-2.0
-27.0
-13.0
-43.0
-31.0
27.0
-14.0
-15.0
2.0
14.0
21.0
-31.0
-37.0
-10.0
-15.0
-17.0
-9.0
-24.0
-14.0
-31.0
-33.0
-1.0
-21.0
6.0
-8.0
-18.0
0.0
-3.0
13.0
36.0
24.0
10.0
22.0
43.0
72.0
42.0
22.0
39.0
-16.0
-10.0
15.0
-11.0
-12.0
-14.0
3.0
35.0
21.0
55.0
40.0
10.0
13.0
10.0
7.0
27.0
-1.0
7.0
47.0
39.0
66.0
30.0
18.0
26.0
5.0
5.0
12.0
2.0
4.0
25.0
35.0
39.0
54.0
60.0
42.0
32.0
41.0
18.0
-1.0
14.0
-7.0
8.0
22.0
12.0
14.0
12.0
21.0
40.0
29.0
35.0
6.0
-22.0
-5.0
15.0
-6.0
13.0
16.0
11.0
21.0
18.0
30.0
15.0
2.0
-2.0
-35.0
11.0
-2.0
-48.0
0.0
36.0
25.0
22.0
-12.0
8.0
23.0
8.0
24.0
12.0
-9.0
-3.0
5.0
12.0
18.0
-7.0
15.0
20.0
-29.0
-30.0
-15.0
-27.0
-31.0
-29.0
-15.0
-7.0
-1.0
26.0
10.0
2.0
13.0
-16.0
11.0
-13.0
-2.0
7.0
-20.0
-11.0
-16.0
-30.0
3.0
-5.0
-17.0
3.0
-20.0
-26.0
-45.0
-35.0
-13.0
-15.0
-3.0
11.0
14.0
14.0
4.0
3.0
2.0
-2.0
-10.0
-4.0
-44.0
-10.0
14.0
-32.0
-12.0
4.0
-12.0
19.0
-3.0
2.0
23.0
20.0
54.0
12.0
1.0
13.0
-22.0
-13.0
-20.0
-25.0
2.0
-1.0
-8.0
-6.0
-6.0
23.0
8.0
4.0
40.0
35.0
12.0
36.0
0.0
-27.0
-16.0
5.0
3.0
-6.0
2.0
3.0
-18.0
6.0
10.0
-6.0
40.0
-10.0
11.0
87.0
39.0
60.0
59.0
30.0
25.0
16.0
34.0
27.0
10.0
17.0
33.0
33.0
49.0
35.0
5.0
18.0
2.0
28.0
27.0
10.0
28.0
22.0
-16.0
-26.0
-22.0
-10.0
-20.0
-18.0
28.0
13.0
6.0
13.0
16.0
31.0
31.0
14.0
36.0
26.0
13.0
42.0
24.0
4.0
-3.0
-17.0
22.0
11.0
-5.0
10.0
16.0
34.0
35.0
14.0
27.0
-12.0
-26.0
27.0
16.0
21.0
35.0
21.0
50.0
22.0
-5.0
-1.0
-7.0
12.0
11.0
18.0
36.0
29.0
41.0
33.0
7.0
27.0
49.0
40.0
66.0
59.0
30.0
65.0
21.0
-4.0
-9.0
-11.0
7.0
20.0
31.0
17.0
-11.0
23.0
31.0
7.0
18.0
20.0
3.0
24.0
28.0
6.0
25.0
44.0
36.0
16.0
30.0
42.0
23.0
18.0
18.0
8.0
50.0
26.0
10.0
27.0
6.0
23.0
15.0
-5.0
19.0
4.0
-15.0
-13.0
-2.0
8.0
2.0
-22.0
-7.0
-7.0
-25.0
-54.0
-45.0
-16.0
-29.0
-27.0
-1.0
-12.0
2.0
21.0
-19.0
-8.0
4.0
-19.0
-33.0
-29.0
-44.0
-43.0
-55.0
-21.0
-26.0
-32.0
1.0
-31.0
-31.0
-12.0
-46.0
-22.0
-10.0
-18.0
-17.0
-29.0
-15.0
-25.0
-42.0
-29.0
-42.0
-68.0
-7.0
7.0
-16.0
18.0
-17.0
-27.0
-9.0
12.0
1.0
-9.0
-16.0
2.0
-33.0
-49.0
-40.0
-64.0
-52.0
-54.0
-45.0
-27.0
-50.0
-52.0
-29.0
-25.0
-25.0
-26.0
-32.0
-21.0
-63.0
-78.0
-45.0
-33.0
-16.0
-36.0
-29.0
-14.0
-54.0
-27.0
-5.0
-11.0
5.0
-16.0
-22.0
-6.0
-6.0
23.0
36.0
13.0
29.0
31.0
0.0
5.0
6.0
-3.0
33.0
34.0
34.0
12.0
14.0
37.0
3.0
5.0
11.0
-15.0
2.0
1.0
22.0
23.0
3.0
23.0
21.0
-24.0
3.0
23.0
17.0
25.0
-4.0
5.0
33.0
16.0
18.0
17.0
8.0
26.0
23.0
10.0
15.0
-8.0
-12.0
-12.0
-4.0
23.0
-2.0
23.0
40.0
-2.0
3.0
-12.0
-12.0
13.0
-10.0
14.0
23.0
-8.0
14.0
-15.0
-8.0
6.0
-11.0
-12.0
-1.0
-6.0
6.0
1.0
-2.0
31.0
17.0
-4.0
13.0
-9.0
-11.0
-22.0
-21.0
3.0
-4.0
0.0
5.0
29.0
7.0
8.0
23.0
46.0
25.0
27.0
14.0
-22.0
12.0
-20.0
-20.0
22.0
10.0
26.0
12.0
-8.0
43.0
20.0
13.0
42.0
22.0
33.0
22.0
15.0
37.0
16.0
3.0
34.0
28.0
29.0
35.0
12.0
1.0
-17.0
0.0
45.0
42.0
38.0
44.0
30.0
30.0
14.0
21.0
29.0
20.0
37.0
17.0
1.0
-4.0
11.0
31.0
25.0
4.0
6.0
-2.0
-14.0
17.0
-14.0
-36.0
3.0
-1.0
28.0
22.0
16.0
48.0
4.0
22.0
1.0
-2.0
-14.0
-21.0
11.0
27.0
8.0
17.0
20.0
21.0
-11.0
-13.0
-14.0
7.0
6.0
-10.0
29.0
7.0
-28.0
6.0
3.0
6.0
5.0
1.0
7.0
-17.0
-30.0
-12.0
-13.0
7.0
-17.0
-44.0
-20.0
-63.0
-51.0
-11.0
-12.0
-10.0
-15.0
-2.0
12.0
-36.0
-22.0
-21.0
-19.0
-2.0
-13.0
-3.0
23.0
-13.0
-12.0
-16.0
-17.0
7.0
-11.0
-9.0
8.0
-2.0
-6.0
-7.0
1.0
23.0
-2.0
-6.0
12.0
-3.0
-10.0
-2.0
-13.0
7.0
-7.0
-5.0
6.0
5.0
5.0
23.0
-4.0
13.0
-12.0
-2.0
7.0
-26.0
4.0
-4.0
-28.0
-20.0
-36.0
-17.0
29.0
-12.0
-16.0
42.0
22.0
30.0
35.0
21.0
48.0
7.0
4.0
14.0
-10.0
-8.0
-7.0
10.0
47.0
30.0
18.0
25.0
13.0
-1.0
6.0
-22.0
15.0
38.0
42.0
30.0
27.0
62.0
27.0
-1.0
5.0
-11.0
-20.0
-20.0
-16.0
-11.0
-2.0
-1.0
-5.0
-6.0
7.0
4.0
-1.0
-2.0
-8.0
-11.0
-14.0
-35.0
-22.0
-25.0
-12.0
1.0
-14.0
-16.0
-7.0
-33.0
-22.0
-13.0
-33.0
3.0
2.0
2.0
-8.0
-54.0
-55.0
-51.0
-45.0
-16.0
-40.0
-60.0
-12.0
-50.0
-44.0
-46.0
-62.0
-49.0
-41.0
-45.0
-36.0
-52.0
-5.0
-6.0
-24.0
-22.0
-44.0
-49.0
-43.0
-41.0
-32.0
-44.0
-47.0
-2.0
-41.0
-46.0
-35.0
-76.0
-78.0
-43.0
-58.0
-48.0
-36.0
-52.0
-51.0
-50.0
-43.0
-59.0
-41.0
-6.0
-18.0
-25.0
-37.0
-52.0
-68.0
-50.0
-56.0
-46.0
-39.0
-39.0
-17.0
-68.0
-63.0
-65.0
-84.0
-65.0
-48.0
-35.0
-21.0
-43.0
-58.0
-69.0
-83.0
-86.0
-67.0
-68.0
-63.0
-70.0
-40.0
-33.0
-71.0
-65.0
-92.0
-105.0
-81.0
-81.0
-74.0
-80.0
-90.0
-75.0
-87.0
-110.0
-84.0
-76.0
-36.0
-39.0
-81.0
-73.0
-73.0
-77.0
-67.0
-70.0
-81.0
-95.0
-67.0
-33.0
-54.0
-62.0
-46.0
-62.0
-62.0
-102.0
-60.0
-14.0
-34.0
-72.0
-45.0
-39.0
-30.0
-27.0
-57.0
-56.0
-55.0
-52.0
-19.0
-28.0
-34.0
-18.0
-12.0
-15.0
-45.0
-64.0
-33.0
-11.0
-34.0
-39.0
-47.0
-64.0
-67.0
-54.0
-34.0
-47.0
-29.0
-28.0
-57.0
-22.0
-36.0
-75.0
-40.0
-24.0
-32.0
-34.0
-42.0
-40.0
-18.0
-31.0
-16.0
-56.0
-53.0
-25.0
-38.0
-8.0
-6.0
-11.0
13.0
-22.0
-12.0
-12.0
14.0
35.0
-2.0
10.0
20.0
-24.0
-21.0
-8.0
-41.0
-52.0
-49.0
-40.0
-35.0
-41.0
-6.0
7.0
-1.0
2.0
-25.0
-4.0
39.0
35.0
30.0
27.0
3.0
-12.0
-30.0
-37.0
-37.0
-46.0
-41.0
-26.0
-24.0
-3.0
-3.0
-8.0
-6.0
-36.0
-10.0
-4.0
-31.0
-23.0
-46.0
-48.0
-27.0
-41.0
-36.0
-4.0
-31.0
-2.0
-10.0
-58.0
-16.0
-13.0
-21.0
-27.0
-32.0
-15.0
-21.0
-39.0
-24.0
-53.0
-45.0
-13.0
-52.0
-17.0
-6.0
-14.0
2.0
-26.0
-15.0
-4.0
-43.0
-47.0
-50.0
-46.0
7.0
-17.0
-20.0
-10.0
-17.0
-18.0
-30.0
-39.0
-35.0
-59.0
-41.0
-27.0
-46.0
-6.0
-16.0
-22.0
-24.0
-32.0
-41.0
-60.0
-59.0
-32.0
-34.0
-53.0
-35.0
-32.0
-35.0
-50.0
-63.0
-33.0
-37.0
-45.0
-31.0
-59.0
-25.0
-19.0
-44.0
-33.0
-25.0
-47.0
-47.0
-58.0
-69.0
-74.0
-53.0
-34.0
-49.0
-42.0
-25.0
-48.0
-64.0
-58.0
-51.0
-42.0
-59.0
-83.0
-48.0
-52.0
-42.0
-24.0
-24.0
-17.0
-35.0
-31.0
-27.0
-91.0
-78.0
-25.0
-42.0
-40.0
-14.0
11.0
-34.0
-36.0
-26.0
-35.0
-47.0
-40.0
-63.0
-51.0
-29.0
-38.0
-40.0
-32.0
-55.0
-30.0
-29.0
-22.0
-27.0
-64.0
-59.0
-59.0
-84.0
-82.0
-73.0
-43.0
-16.0
-14.0
-22.0
-4.0
-3.0
3.0
8.0
-25.0
1.0
0.0
-2.0
-8.0
-35.0
-14.0
2.0
-4.0
-12.0
-49.0
4.0
13.0
3.0
23.0
7.0
-23.0
-3.0
-27.0
-37.0
-19.0
-45.0
-5.0
12.0
-7.0
-4.0
-4.0
-7.0
16.0
20.0
2.0
-2.0
16.0
-10.0
-25.0
-24.0
-20.0
-50.0
-8.0
-4.0
-7.0
32.0
-1.0
1.0
2.0
-13.0
-18.0
-25.0
22.0
9.0
-17.0
-14.0
-3.0
-29.0
-37.0
-6.0
-20.0
9.0
-13.0
7.0
20.0
2.0
17.0
-23.0
-24.0
-11.0
-38.0
15.0
29.0
17.0
53.0
8.0
3.0
24.0
-3.0
-25.0
-14.0
25.0
48.0
15.0
-12.0
4.0
13.0
34.0
31.0
5.0
-2.0
-14.0
-22.0
-6.0
-5.0
17.0
13.0
12.0
24.0
3.0
-9.0
-1.0
-19.0
14.0
18.0
9.0
34.0
35.0
-8.0
16.0
7.0
10.0
30.0
8.0
-6.0
16.0
48.0
9.0
-11.0
16.0
27.0
-5.0
33.0
57.0
44.0
62.0
41.0
31.0
29.0
21.0
49.0
50.0
34.0
27.0
17.0
-5.0
8.0
-3.0
25.0
44.0
30.0
27.0
40.0
75.0
42.0
12.0
30.0
26.0
7.0
6.0
-5.0
15.0
33.0
-1.0
8.0
13.0
6.0
-1.0
16.0
29.0
24.0
14.0
51.0
63.0
44.0
42.0
10.0
13.0
11.0
-12.0
29.0
44.0
36.0
38.0
48.0
74.0
79.0
29.0
25.0
30.0
18.0
34.0
-1.0
-17.0
2.0
-33.0
-5.0
11.0
11.0
33.0
13.0
24.0
32.0
12.0
23.0
-15.0
-22.0
41.0
19.0
2.0
25.0
-4.0
1.0
24.0
-5.0
14.0
15.0
6.0
-11.0
-12.0
-4.0
8.0
-15.0
6.0
-12.0
-8.0
6.0
-8.0
3.0
-16.0
-17.0
-3.0
-12.0
7.0
38.0
25.0
24.0
-6.0
-11.0
-5.0
-10.0
-13.0
-8.0
-37.0
-20.0
-24.0
-10.0
-15.0
-39.0
-8.0
-12.0
-27.0
-10.0
-44.0
-64.0
-41.0
-59.0
-59.0
-43.0
-40.0
1.0
17.0
-22.0
-17.0
-62.0
-69.0
-52.0
-85.0
-79.0
-70.0
-39.0
-16.0
-67.0
-80.0
-75.0
-89.0
-62.0
-34.0
-37.0
-50.0
-82.0
-37.0
-40.0
-67.0
-63.0
-68.0
-65.0
-52.0
-54.0
-32.0
-49.0
-60.0
-21.0
-51.0
-50.0
-20.0
-67.0
-67.0
-44.0
-72.0
-61.0
-72.0
-74.0
-40.0
-64.0
-64.0
-33.0
-51.0
-25.0
-14.0
-37.0
-32.0
-30.0
-22.0
-45.0
-74.0
-74.0
-73.0
-84.0
-57.0
-68.0
-49.0
-14.0
-34.0
-36.0
-49.0
-49.0
-38.0
-67.0
-55.0
-37.0
-62.0
-43.0
-59.0
-70.0
-68.0
-72.0
-67.0
-65.0
-72.0
-56.0
-61.0
-66.0
-50.0
-50.0
-32.0
-55.0
-42.0
-24.0
-43.0
-65.0
-50.0
-38.0
-25.0
-9.0
-43.0
-18.0
-35.0
-66.0
-18.0
-39.0
-54.0
-26.0
-49.0
-63.0
-55.0
-36.0
-39.0
-59.0
-61.0
-36.0
-26.0
-18.0
-22.0
-55.0
-67.0
-76.0
-67.0
-57.0
-37.0
-29.0
-23.0
-9.0
-37.0
-39.0
-15.0
-29.0
-60.0
-41.0
-37.0
-18.0
5.0
2.0
-14.0
-10.0
-31.0
-34.0
-10.0
28.0
35.0
15.0
17.0
23.0
3.0
13.0
-4.0
-17.0
7.0
-24.0
-4.0
32.0
31.0
29.0
14.0
14.0
42.0
15.0
8.0
-5.0
-6.0
-18.0
-39.0
-16.0
38.0
30.0
20.0
17.0
-16.0
-1.0
-11.0
6.0
20.0
-7.0
2.0
17.0
-8.0
14.0
14.0
-40.0
-20.0
-12.0
2.0
25.0
-23.0
-4.0
16.0
11.0
13.0
-5.0
-21.0
-15.0
-7.0
-2.0
-32.0
-11.0
30.0
-4.0
-10.0
-18.0
-22.0
-10.0
-22.0
-23.0
-6.0
8.0
16.0
7.0
-12.0
-10.0
-27.0
-55.0
-29.0
-35.0
-29.0
1.0
-24.0
-27.0
-7.0
3.0
13.0
4.0
7.0
-6.0
-13.0
-12.0
-38.0
-22.0
17.0
-6.0
0.0
-1.0
-33.0
-19.0
-7.0
-35.0
-17.0
-22.0
-18.0
13.0
14.0
19.0
0.0
-22.0
-17.0
-40.0
-34.0
-10.0
-30.0
-16.0
-8.0
-11.0
-3.0
-1.0
10.0
-2.0
-1.0
12.0
-11.0
-6.0
13.0
9.0
11.0
4.0
-10.0
-11.0
-20.0
-19.0
-18.0
-37.0
-42.0
-24.0
-39.0
-11.0
-7.0
-29.0
12.0
-29.0
-21.0
-4.0
-31.0
-21.0
-35.0
-36.0
5.0
-29.0
-6.0
7.0
-26.0
-3.0
-22.0
-18.0
10.0
-17.0
-29.0
-7.0
-12.0
-20.0
-29.0
-6.0
-12.0
-6.0
-11.0
-30.0
-34.0
-1.0
11.0
-37.0
-15.0
-4.0
22.0
8.0
1.0
23.0
2.0
-45.0
-29.0
-17.0
-15.0
-2.0
-36.0
-32.0
-32.0
-37.0
-30.0
-43.0
-29.0
4.0
-12.0
-2.0
-34.0
-18.0
17.0
-27.0
-73.0
-25.0
-71.0
-70.0
-33.0
-41.0
-41.0
-30.0
-25.0
-7.0
-12.0
6.0
-14.0
-2.0
8.0
4.0
13.0
8.0
2.0
4.0
-3.0
0.0
-3.0
-21.0
15.0
13.0
7.0
29.0
25.0
10.0
16.0
3.0
14.0
25.0
8.0
2.0
-14.0
-1.0
-8.0
-15.0
-18.0
-25.0
-55.0
-52.0
-17.0
-19.0
4.0
-18.0
-15.0
-17.0
-64.0
-31.0
-4.0
0.0
-4.0
-10.0
4.0
5.0
-40.0
-34.0
-33.0
-37.0
-21.0
-54.0
-36.0
-20.0
-40.0
-27.0
-46.0
-43.0
-21.0
-37.0
-35.0
-17.0
-20.0
-21.0
-42.0
-56.0
-27.0
-32.0
-36.0
-11.0
-36.0
-41.0
-51.0
-53.0
-53.0
-27.0
-6.0
-22.0
-18.0
-16.0
7.0
-33.0
-25.0
-13.0
-25.0
-27.0
-43.0
-22.0
-24.0
-31.0
-32.0
-56.0
-36.0
-13.0
-43.0
-15.0
-9.0
-25.0
-23.0
-1.0
-5.0
-1.0
11.0
40.0
55.0
41.0
15.0
-26.0
-32.0
-5.0
-13.0
-12.0
17.0
16.0
19.0
7.0
40.0
67.0
19.0
15.0
7.0
6.0
13.0
15.0
12.0
22.0
-15.0
-14.0
-23.0
-52.0
3.0
13.0
-12.0
6.0
20.0
30.0
5.0
-16.0
5.0
-31.0
-45.0
-46.0
-55.0
-19.0
-8.0
-6.0
5.0
-35.0
-50.0
-42.0
-53.0
-49.0
-22.0
1.0
11.0
-20.0
-21.0
-39.0
-45.0
-34.0
-44.0
-36.0
-8.0
-19.0
-17.0
-24.0
-44.0
-37.0
-49.0
-58.0
-3.0
0.0
-23.0
-11.0
-24.0
-15.0
-31.0
-32.0
-18.0
-32.0
-34.0
-10.0
16.0
25.0
5.0
-3.0
16.0
-5.0
-12.0
5.0
-12.0
9.0
30.0
27.0
36.0
21.0
34.0
23.0
8.0
44.0
17.0
-10.0
36.0
51.0
52.0
57.0
32.0
42.0
41.0
15.0
13.0
6.0
24.0
22.0
-20.0
-8.0
-22.0
-20.0
6.0
-24.0
-14.0
1.0
5.0
40.0
17.0
13.0
30.0
13.0
14.0
31.0
23.0
50.0
28.0
8.0
40.0
26.0
21.0
31.0
-15.0
1.0
16.0
21.0
8.0
-31.0
6.0
15.0
-29.0
17.0
10.0
-6.0
28.0
-9.0
-14.0
-6.0
-22.0
-2.0
-20.0
-30.0
2.0
-18.0
30.0
37.0
16.0
52.0
35.0
8.0
18.0
9.0
-3.0
10.0
0.0
12.0
1.0
-33.0
31.0
7.0
8.0
9.0
13.0
16.0
-5.0
-18.0
24.0
56.0
50.0
33.0
7.0
24.0
24.0
13.0
14.0
4.0
34.0
56.0
18.0
-6.0
2.0
-2.0
6.0
31.0
21.0
27.0
21.0
27.0
20.0
-1.0
-7.0
-23.0
-33.0
-8.0
-36.0
-18.0
7.0
3.0
16.0
13.0
44.0
29.0
16.0
23.0
34.0
81.0
62.0
46.0
75.0
46.0
30.0
51.0
31.0
10.0
32.0
12.0
17.0
37.0
12.0
22.0
22.0
46.0
56.0
31.0
42.0
70.0
54.0
68.0
49.0
30.0
21.0
21.0
45.0
56.0
12.0
29.0
3.0
2.0
33.0
17.0
21.0
13.0
19.0
35.0
31.0
-11.0
4.0
29.0
53.0
59.0
37.0
54.0
24.0
21.0
46.0
34.0
34.0
50.0
33.0
84.0
72.0
6.0
4.0
17.0
18.0
34.0
37.0
50.0
18.0
40.0
65.0
29.0
30.0
25.0
-7.0
14.0
3.0
0.0
41.0
54.0
59.0
41.0
15.0
10.0
8.0
30.0
32.0
19.0
31.0
42.0
21.0
30.0
24.0
33.0
38.0
44.0
36.0
32.0
4.0
14.0
12.0
-12.0
15.0
33.0
29.0
40.0
13.0
40.0
49.0
33.0
42.0
20.0
17.0
34.0
23.0
13.0
18.0
30.0
39.0
28.0
14.0
41.0
34.0
8.0
8.0
1.0
32.0
15.0
29.0
25.0
-6.0
2.0
22.0
20.0
36.0
26.0
23.0
60.0
41.0
43.0
25.0
10.0
36.0
30.0
45.0
92.0
36.0
34.0
22.0
-16.0
33.0
20.0
32.0
36.0
27.0
35.0
8.0
-12.0
7.0
-4.0
10.0
29.0
16.0
25.0
51.0
53.0
64.0
57.0
37.0
30.0
22.0
40.0
34.0
14.0
29.0
4.0
1.0
-14.0
-6.0
-1.0
16.0
43.0
56.0
37.0
31.0
16.0
26.0
67.0
35.0
-18.0
3.0
10.0
1.0
21.0
-11.0
8.0
33.0
9.0
20.0
27.0
15.0
15.0
46.0
59.0
7.0
4.0
71.0
56.0
43.0
35.0
15.0
2.0
-36.0
-28.0
18.0
-6.0
-6.0
8.0
8.0
-4.0
-33.0
-24.0
10.0
-26.0
-33.0
33.0
18.0
16.0
-8.0
-14.0
1.0
-36.0
-15.0
-7.0
-38.0
-60.0
-64.0
-59.0
-44.0
-29.0
-29.0
-11.0
-25.0
-25.0
-15.0
-36.0
-36.0
-52.0
-77.0
-64.0
-26.0
-30.0
-64.0
-31.0
-8.0
-68.0
-57.0
-23.0
-26.0
-31.0
-7.0
-23.0
-50.0
-57.0
-43.0
-18.0
-52.0
-35.0
-17.0
-23.0
-8.0
-56.0
-64.0
-45.0
-50.0
-35.0
-30.0
-3.0
-13.0
-67.0
-30.0
-34.0
-49.0
-21.0
-32.0
-22.0
-54.0
-65.0
-59.0
-12.0
-6.0
3.0
18.0
-3.0
11.0
13.0
-5.0
-11.0
-35.0
-18.0
-12.0
-30.0
-5.0
-29.0
-15.0
-15.0
-23.0
7.0
6.0
27.0
54.0
39.0
34.0
15.0
10.0
12.0
-23.0
-49.0
-29.0
-25.0
-18.0
-11.0
-12.0
22.0
26.0
7.0
30.0
25.0
5.0
17.0
14.0
22.0
10.0
-18.0
12.0
-15.0
-21.0
6.0
-9.0
4.0
-18.0
-14.0
12.0
-21.0
2.0
34.0
-17.0
-29.0
-35.0
-52.0
-55.0
-64.0
-43.0
-38.0
-47.0
-54.0
-67.0
-44.0
6.0
13.0
2.0
16.0
-23.0
-34.0
-22.0
-17.0
-35.0
-59.0
-41.0
-15.0
-29.0
-7.0
-15.0
-18.0
10.0
-5.0
4.0
23.0
12.0
13.0
8.0
7.0
-3.0
-30.0
-14.0
-20.0
-22.0
20.0
16.0
-6.0
3.0
-25.0
-7.0
1.0
-27.0
1.0
-3.0
-20.0
-12.0
-36.0
-17.0
-15.0
-65.0
-48.0
-21.0
-7.0
-17.0
-37.0
-29.0
-21.0
-41.0
-27.0
-29.0
-25.0
4.0
-21.0
-31.0
-34.0
-40.0
-29.0
-39.0
-73.0
-55.0
-71.0
-77.0
-40.0
-36.0
-37.0
-35.0
-18.0
-13.0
-27.0
-29.0
-18.0
-23.0
-35.0
-64.0
-64.0
-41.0
-71.0
-84.0
-54.0
-62.0
-55.0
-26.0
-57.0
-40.0
-36.0
-31.0
-7.0
-24.0
-21.0
-40.0
-58.0
-9.0
-43.0
-47.0
-18.0
-56.0
-28.0
-22.0
-51.0
-13.0
-1.0
-16.0
-25.0
-39.0
12.0
-14.0
-64.0
-35.0
-47.0
-60.0
-39.0
-16.0
-16.0
-27.0
-11.0
12.0
-13.0
-16.0
7.0
-9.0
14.0
23.0
19.0
16.0
-16.0
-21.0
-3.0
-1.0
8.0
20.0
3.0
7.0
1.0
0.0
-7.0
-22.0
12.0
-1.0
-26.0
-21.0
-35.0
-11.0
-15.0
-57.0
-34.0
6.0
-13.0
5.0
4.0
27.0
36.0
22.0
24.0
17.0
11.0
13.0
2.0
-3.0
-9.0
-10.0
21.0
9.0
1.0
-10.0
2.0
23.0
17.0
-3.0
5.0
-10.0
-13.0
10.0
12.0
2.0
-28.0
-45.0
-18.0
-4.0
-16.0
7.0
-21.0
-19.0
17.0
3.0
12.0
-4.0
-27.0
-25.0
-32.0
-8.0
-4.0
-22.0
-14.0
-32.0
-30.0
-29.0
-35.0
-34.0
-12.0
-21.0
-10.0
-26.0
-4.0
22.0
-21.0
-41.0
-4.0
-3.0
-33.0
-54.0
-55.0
-14.0
-50.0
-26.0
-7.0
-29.0
-16.0
-16.0
5.0
14.0
22.0
23.0
12.0
-31.0
-18.0
-35.0
-34.0
-17.0
-58.0
-54.0
-32.0
-24.0
-51.0
-35.0
1.0
-1.0
-22.0
-45.0
-7.0
9.0
7.0
-14.0
-17.0
1.0
-32.0
-45.0
-41.0
-30.0
14.0
-10.0
-15.0
-4.0
-37.0
-24.0
11.0
0.0
11.0
18.0
-20.0
12.0
-11.0
-43.0
6.0
-14.0
-16.0
-2.0
-34.0
-7.0
-27.0
-45.0
-37.0
-41.0
-22.0
-32.0
-56.0
-45.0
-50.0
-18.0
-16.0
-21.0
-44.0
-69.0
-42.0
-12.0
-25.0
-14.0
11.0
-10.0
10.0
4.0
-36.0
-37.0
-40.0
-34.0
-14.0
-23.0
23.0
-1.0
-14.0
16.0
5.0
6.0
23.0
17.0
24.0
-11.0
13.0
47.0
12.0
11.0
3.0
6.0
27.0
1.0
1.0
36.0
55.0
54.0
34.0
9.0
23.0
19.0
20.0
23.0
-7.0
-31.0
-34.0
-6.0
50.0
33.0
6.0
7.0
-5.0
-5.0
13.0
-1.0
5.0
0.0
0.0
0.0
0.0
0.0
0.0
0.0
0.0
0.0
0.0
0.0
0.0
0.0
0.0
0.0
0.0
0.0
0.0
0.0
0.0
0.0
0.0
0.0
0.0
0.0
0.0
0.0
0.0
0.0
0.0
0.0
0.0
0.0
0.0
0.0
0.0
0.0
0.0
0.0
0.0
0.0
0.0
0.0
0.0
0.0
0.0
0.0
0.0
0.0
0.0
0.0
0.0
0.0
0.0
0.0
0.0
0.0
0.0
0.0
0.0
0.0
0.0
0.0
0.0
0.0
0.0
0.0
0.0
0.0
0.0
0.0
0.0
0.0
0.0
0.0
0.0
0.0
0.0
0.0
0.0
0.0
0.0
0.0
0.0
0.0
0.0
0.0
0.0
0.0
0.0
0.0
0.0
0.0
0.0
0.0
0.0
0.0
0.0
0.0
0.0
0.0
0.0
0.0
0.0
0.0
0.0
0.0
0.0
0.0
0.0
0.0
0.0
0.0
0.0
0.0
0.0
0.0
0.0
0.0
0.0
0.0
0.0
0.0
0.0
0.0
0.0
0.0
0.0
