-149.0
-115.0
-136.0
-164.0
-156.0
-167.0
-144.0
-101.0
-86.0
-104.0
-156.0
-169.0
-145.0
-144.0
-137.0
-145.0
-150.0
-146.0
-215.0
-206.0
-121.0
-107.0
-96.0
-119.0
-99.0
-48.0
-97.0
-114.0
-93.0
-97.0
-107.0
-128.0
-131.0
-80.0
-79.0
-69.0
-63.0
-84.0
-82.0
-119.0
-137.0
-106.0
-128.0
-96.0
-110.0
-163.0
-152.0
-121.0
-95.0
-114.0
-163.0
-168.0
-187.0
-240.0
-223.0
-188.0
-219.0
-214.0
-180.0
-132.0
-105.0
-134.0
-125.0
-125.0
-127.0
-143.0
-185.0
-196.0
-180.0
-203.0
-183.0
-134.0
-137.0
-115.0
-106.0
-80.0
-95.0
-121.0
-130.0
-155.0
-148.0
-136.0
-133.0
-114.0
-110.0
-148.0
-134.0
-108.0
-117.0
-131.0
-169.0
-149.0
-148.0
-183.0
-131.0
-115.0
-126.0
-108.0
-124.0
-106.0
-89.0
-111.0
-107.0
-128.0
-108.0
-97.0
-134.0
-147.0
-149.0
-178.0
-160.0
-148.0
-154.0
-154.0
-180.0
-138.0
-113.0
-157.0
-164.0
-183.0
-202.0
-174.0
-201.0
-185.0
-152.0
-196.0
-216.0
-231.0
-231.0
-210.0
-215.0
-197.0
-164.0
-159.0
-146.0
-151.0
-157.0
-155.0
-202.0
-213.0
-202.0
-235.0
-243.0
-270.0
-265.0
-200.0
-186.0
-148.0
-121.0
-143.0
-124.0
-132.0
-166.0
-177.0
-203.0
-222.0
-223.0
-191.0
-162.0
-180.0
-149.0
-105.0
-108.0
-94.0
-92.0
-106.0
-89.0
-108.0
-117.0
-87.0
-84.0
-76.0
-76.0
-107.0
-95.0
-110.0
-116.0
-54.0
-23.0
2.0
-7.0
-55.0
-56.0
-90.0
-156.0
-151.0
-119.0
-55.0
-69.0
-121.0
-63.0
-32.0
-48.0
-64.0
-57.0
-34.0
-34.0
-49.0
-54.0
-92.0
-87.0
-54.0
-83.0
-70.0
-59.0
-65.0
-16.0
-6.0
-11.0
15.0
26.0
6.0
-10.0
-61.0
-69.0
-81.0
-95.0
-108.0
-146.0
-159.0
-143.0
-118.0
-83.0
-91.0
-92.0
-84.0
-121.0
-115.0
-134.0
-159.0
-135.0
-174.0
-182.0
-180.0
-197.0
-174.0
-171.0
-178.0
-156.0
-169.0
-158.0
-107.0
-128.0
-149.0
-156.0
-171.0
-170.0
-175.0
-149.0
-121.0
-130.0
-122.0
-98.0
-99.0
-96.0
-128.0
-151.0
-155.0
-186.0
-174.0
-153.0
-143.0
-113.0
-100.0
-94.0
-56.0
-51.0
-20.0
-27.0
-61.0
-44.0
-100.0
-167.0
-180.0
-177.0
-158.0
-127.0
-101.0
-69.0
-72.0
-48.0
-10.0
-14.0
3.0
-15.0
-96.0
-124.0
-145.0
-167.0
-159.0
-158.0
-122.0
-121.0
-142.0
-79.0
-43.0
-42.0
-10.0
-8.0
-55.0
-136.0
-189.0
-161.0
-120.0
-97.0
-101.0
-114.0
-69.0
-35.0
-66.0
-62.0
-48.0
-8.0
-1.0
-65.0
-87.0
-103.0
-108.0
-68.0
-45.0
-43.0
-36.0
-68.0
-54.0
-36.0
-30.0
20.0
0.0
-37.0
-31.0
-103.0
-170.0
-192.0
-178.0
-110.0
-93.0
-95.0
-51.0
-93.0
-65.0
-33.0
-66.0
-45.0
-34.0
-49.0
-95.0
-204.0
-161.0
-60.0
-87.0
-102.0
-63.0
-39.0
-36.0
-34.0
-6.0
45.0
49.0
31.0
-42.0
-91.0
-83.0
-118.0
-115.0
-89.0
-66.0
14.0
29.0
43.0
60.0
39.0
30.0
18.0
-32.0
-71.0
-115.0
-122.0
-98.0
-87.0
-47.0
-12.0
4.0
78.0
98.0
83.0
99.0
68.0
13.0
-40.0
-90.0
-110.0
-126.0
-117.0
-95.0
-131.0
-104.0
-38.0
-33.0
21.0
24.0
6.0
-2.0
-76.0
-89.0
-82.0
-79.0
-58.0
-85.0
-104.0
-129.0
-166.0
-137.0
-102.0
-100.0
-91.0
-119.0
-127.0
-89.0
-73.0
-17.0
-12.0
-48.0
-34.0
-18.0
-31.0
-39.0
-31.0
-32.0
-55.0
-67.0
-48.0
-55.0
-24.0
26.0
31.0
25.0
16.0
-1.0
11.0
5.0
21.0
30.0
-16.0
-37.0
-32.0
-13.0
9.0
-7.0
-1.0
43.0
54.0
87.0
73.0
41.0
62.0
13.0
-77.0
-90.0
-17.0
29.0
5.0
-5.0
8.0
7.0
23.0
28.0
-1.0
39.0
77.0
99.0
84.0
27.0
-1.0
20.0
14.0
37.0
27.0
-18.0
25.0
15.0
6.0
51.0
57.0
96.0
109.0
59.0
52.0
6.0
-18.0
-5.0
-72.0
-2.0
56.0
56.0
117.0
103.0
125.0
147.0
110.0
120.0
107.0
48.0
51.0
15.0
-2.0
8.0
4.0
51.0
107.0
150.0
191.0
167.0
187.0
240.0
220.0
196.0
137.0
92.0
101.0
59.0
30.0
31.0
45.0
74.0
112.0
128.0
145.0
150.0
161.0
183.0
160.0
151.0
147.0
115.0
122.0
110.0
119.0
135.0
102.0
103.0
128.0
99.0
90.0
88.0
106.0
120.0
93.0
112.0
146.0
176.0
195.0
143.0
108.0
93.0
68.0
105.0
99.0
62.0
114.0
140.0
184.0
232.0
230.0
234.0
187.0
150.0
166.0
141.0
112.0
88.0
70.0
88.0
84.0
72.0
104.0
105.0
107.0
131.0
129.0
146.0
124.0
88.0
139.0
135.0
113.0
118.0
80.0
98.0
110.0
71.0
85.0
110.0
91.0
104.0
116.0
87.0
73.0
89.0
100.0
119.0
146.0
149.0
147.0
174.0
184.0
178.0
203.0
184.0
155.0
159.0
151.0
137.0
115.0
103.0
67.0
36.0
140.0
178.0
107.0
128.0
164.0
176.0
171.0
123.0
124.0
133.0
93.0
103.0
120.0
121.0
133.0
116.0
120.0
114.0
105.0
131.0
118.0
82.0
90.0
42.0
31.0
112.0
91.0
87.0
112.0
100.0
144.0
177.0
184.0
185.0
155.0
158.0
133.0
85.0
52.0
32.0
54.0
86.0
106.0
123.0
174.0
174.0
187.0
190.0
181.0
162.0
128.0
120.0
99.0
69.0
75.0
58.0
64.0
106.0
100.0
134.0
156.0
160.0
188.0
151.0
113.0
80.0
50.0
53.0
44.0
18.0
41.0
41.0
57.0
118.0
129.0
120.0
112.0
75.0
67.0
45.0
22.0
49.0
38.0
18.0
23.0
40.0
90.0
109.0
154.0
215.0
206.0
195.0
148.0
91.0
51.0
0.0
-22.0
14.0
36.0
52.0
59.0
76.0
84.0
26.0
12.0
52.0
69.0
73.0
46.0
16.0
7.0
7.0
21.0
31.0
0.0
21.0
30.0
27.0
68.0
40.0
24.0
44.0
58.0
71.0
84.0
76.0
74.0
81.0
80.0
110.0
126.0
102.0
30.0
2.0
26.0
-3.0
26.0
72.0
54.0
58.0
83.0
71.0
101.0
82.0
50.0
43.0
2.0
-8.0
-6.0
-1.0
48.0
41.0
56.0
122.0
135.0
131.0
81.0
36.0
59.0
53.0
12.0
-26.0
-25.0
11.0
32.0
63.0
98.0
41.0
30.0
50.0
41.0
49.0
35.0
12.0
8.0
-17.0
-1.0
41.0
14.0
18.0
18.0
-11.0
-16.0
-17.0
-5.0
4.0
-19.0
-22.0
-18.0
-22.0
7.0
-12.0
-16.0
-29.0
-64.0
-34.0
-39.0
-73.0
-50.0
-73.0
-97.0
-37.0
11.0
14.0
-22.0
-30.0
-22.0
-61.0
-40.0
-18.0
-50.0
-85.0
-133.0
-157.0
-92.0
-80.0
-99.0
-65.0
-74.0
-61.0
-49.0
-61.0
-41.0
-63.0
-43.0
-22.0
-59.0
-52.0
-48.0
-39.0
-36.0
-68.0
-53.0
-21.0
-54.0
-39.0
-22.0
-29.0
-35.0
-13.0
-16.0
-4.0
-42.0
-55.0
-52.0
-58.0
-37.0
-56.0
-73.0
-70.0
-54.0
-35.0
-45.0
-47.0
-37.0
-73.0
-79.0
-59.0
-80.0
-88.0
-88.0
-87.0
-68.0
-79.0
-39.0
13.0
-11.0
-6.0
-29.0
-79.0
-53.0
-64.0
-95.0
-30.0
2.0
39.0
11.0
-27.0
7.0
-8.0
-48.0
-60.0
-53.0
3.0
12.0
-22.0
-2.0
-10.0
-8.0
11.0
5.0
30.0
-1.0
-21.0
-24.0
-42.0
-59.0
-52.0
-29.0
33.0
21.0
-12.0
0.0
15.0
27.0
14.0
-7.0
13.0
-8.0
-30.0
-7.0
-21.0
2.0
30.0
12.0
-3.0
-39.0
-39.0
-42.0
-87.0
-42.0
-8.0
-37.0
-16.0
-15.0
-2.0
26.0
-18.0
-30.0
-21.0
-70.0
-98.0
-102.0
-102.0
-71.0
-66.0
-90.0
-110.0
-127.0
-80.0
-52.0
-94.0
-133.0
-166.0
-187.0
-180.0
-183.0
-167.0
-163.0
-175.0
-157.0
-184.0
-171.0
-121.0
-155.0
-144.0
-89.0
-109.0
-127.0
-114.0
-108.0
-144.0
-157.0
-112.0
-110.0
-157.0
-115.0
-115.0
-168.0
-156.0
-156.0
-117.0
-110.0
-139.0
-125.0
-100.0
-49.0
-52.0
-107.0
-126.0
-158.0
-164.0
-108.0
-107.0
-88.0
-70.0
-112.0
-70.0
-36.0
-26.0
-7.0
-18.0
-22.0
-11.0
-8.0
-12.0
-46.0
-21.0
17.0
-24.0
-23.0
-29.0
-40.0
-2.0
10.0
17.0
49.0
21.0
23.0
32.0
57.0
75.0
7.0
-18.0
11.0
17.0
15.0
14.0
-9.0
10.0
15.0
8.0
82.0
123.0
87.0
36.0
11.0
49.0
34.0
-26.0
-33.0
-29.0
-2.0
14.0
15.0
32.0
10.0
7.0
44.0
46.0
52.0
58.0
16.0
7.0
49.0
52.0
30.0
-11.0
-13.0
30.0
32.0
26.0
31.0
22.0
47.0
42.0
24.0
1.0
1.0
34.0
1.0
-37.0
-8.0
21.0
57.0
37.0
34.0
97.0
109.0
116.0
140.0
99.0
75.0
82.0
77.0
87.0
69.0
84.0
121.0
103.0
115.0
146.0
99.0
80.0
67.0
76.0
114.0
55.0
18.0
4.0
-4.0
83.0
138.0
106.0
99.0
93.0
103.0
95.0
52.0
60.0
31.0
7.0
61.0
76.0
84.0
116.0
142.0
127.0
86.0
105.0
129.0
80.0
78.0
92.0
79.0
111.0
115.0
135.0
192.0
197.0
192.0
204.0
168.0
159.0
157.0
162.0
191.0
187.0
219.0
280.0
278.0
286.0
298.0
301.0
296.0
271.0
268.0
259.0
210.0
219.0
213.0
221.0
217.0
212.0
313.0
355.0
334.0
357.0
339.0
324.0
334.0
295.0
269.0
279.0
258.0
272.0
282.0
293.0
332.0
338.0
338.0
333.0
297.0
316.0
319.0
273.0
240.0
211.0
258.0
275.0
276.0
340.0
337.0
311.0
358.0
354.0
334.0
323.0
305.0
300.0
250.0
224.0
256.0
272.0
293.0
302.0
303.0
345.0
386.0
397.0
384.0
348.0
340.0
322.0
257.0
256.0
266.0
273.0
320.0
311.0
303.0
327.0
349.0
369.0
329.0
307.0
327.0
266.0
240.0
254.0
237.0
265.0
287.0
316.0
378.0
342.0
306.0
317.0
297.0
341.0
367.0
317.0
308.0
303.0
323.0
329.0
328.0
377.0
371.0
344.0
381.0
363.0
318.0
354.0
340.0
326.0
328.0
294.0
327.0
352.0
342.0
342.0
336.0
362.0
331.0
277.0
275.0
198.0
182.0
244.0
258.0
256.0
277.0
286.0
271.0
244.0
272.0
257.0
185.0
155.0
140.0
149.0
159.0
149.0
216.0
263.0
234.0
256.0
275.0
232.0
199.0
150.0
117.0
73.0
16.0
39.0
53.0
58.0
64.0
92.0
134.0
148.0
124.0
139.0
132.0
112.0
122.0
55.0
30.0
32.0
10.0
36.0
31.0
29.0
65.0
86.0
129.0
139.0
92.0
65.0
43.0
13.0
2.0
-20.0
-24.0
-26.0
-31.0
-8.0
27.0
11.0
5.0
-29.0
-55.0
-36.0
-49.0
-49.0
-69.0
-59.0
-8.0
-31.0
-40.0
-36.0
-50.0
-24.0
-29.0
-53.0
-58.0
-85.0
-110.0
-148.0
-145.0
-89.0
-81.0
-98.0
-52.0
-48.0
-80.0
-107.0
-139.0
-134.0
-147.0
-178.0
-188.0
-219.0
-218.0
-192.0
-192.0
-151.0
-124.0
-146.0
-168.0
-157.0
-117.0
-128.0
-132.0
-110.0
-162.0
-188.0
-156.0
-144.0
-119.0
-105.0
-112.0
-88.0
-123.0
-148.0
-128.0
-170.0
-193.0
-219.0
-253.0
-243.0
-255.0
-272.0
-225.0
-205.0
-174.0
-160.0
-176.0
-158.0
-161.0
-187.0
-184.0
-218.0
-213.0
-189.0
-189.0
-165.0
-190.0
-219.0
-186.0
-192.0
-182.0
-165.0
-173.0
-175.0
-209.0
-236.0
-208.0
-229.0
-237.0
-233.0
-237.0
-201.0
-208.0
-233.0
-225.0
-271.0
-253.0
-177.0
-162.0
-150.0
-184.0
-256.0
-288.0
-256.0
-158.0
-173.0
-230.0
-221.0
-197.0
-182.0
-134.0
-128.0
-139.0
-83.0
-92.0
-103.0
-115.0
-146.0
-126.0
-152.0
-162.0
-139.0
-121.0
-96.0
-138.0
-167.0
-131.0
-116.0
-114.0
-109.0
-134.0
-150.0
-162.0
-146.0
-102.0
-123.0
-114.0
-74.0
-91.0
-121.0
-170.0
-108.0
-69.0
-97.0
-105.0
-117.0
-153.0
-153.0
-167.0
-169.0
-122.0
-139.0
-148.0
-140.0
-166.0
-126.0
-124.0
-148.0
-140.0
-180.0
-181.0
-164.0
-195.0
-180.0
-178.0
-204.0
-178.0
-167.0
-152.0
-137.0
-154.0
-163.0
-191.0
-184.0
-169.0
-222.0
-205.0
-180.0
-182.0
-169.0
-204.0
-216.0
-156.0
-160.0
-183.0
-212.0
-233.0
-219.0
-215.0
-201.0
-159.0
-196.0
-200.0
-177.0
-161.0
-118.0
-120.0
-139.0
-154.0
-202.0
-214.0
-224.0
-277.0
-261.0
-250.0
-229.0
-188.0
-196.0
-146.0
-115.0
-158.0
-152.0
-143.0
-155.0
-158.0
-187.0
-165.0
-147.0
-164.0
-142.0
-168.0
-176.0
-171.0
-137.0
-46.0
-47.0
-83.0
-88.0
-113.0
-137.0
-119.0
-122.0
-119.0
-130.0
-172.0
-174.0
-189.0
-177.0
-119.0
-125.0
-110.0
-80.0
-114.0
-117.0
-116.0
-119.0
-110.0
-146.0
-130.0
-105.0
-108.0
-102.0
-134.0
-154.0
-143.0
-158.0
-170.0
-166.0
-177.0
-184.0
-240.0
-236.0
-176.0
-184.0
-147.0
-103.0
-89.0
-45.0
-54.0
-87.0
-87.0
-130.0
-128.0
-121.0
-131.0
-105.0
-125.0
-96.0
-53.0
-61.0
-25.0
30.0
43.0
48.0
17.0
-35.0
-72.0
-98.0
-95.0
-107.0
-114.0
-101.0
-85.0
-50.0
-53.0
-61.0
-7.0
-13.0
-88.0
-70.0
-96.0
-120.0
-82.0
-86.0
-94.0
-87.0
-81.0
-71.0
-77.0
-73.0
-93.0
-149.0
-184.0
-201.0
-229.0
-218.0
-225.0
-218.0
-191.0
-207.0
-212.0
-195.0
-190.0
-144.0
-88.0
-111.0
-145.0
-171.0
-168.0
-200.0
-230.0
-215.0
-261.0
-221.0
-114.0
-89.0
-78.0
-77.0
-102.0
-106.0
-139.0
-139.0
-122.0
-143.0
-127.0
-114.0
-116.0
-105.0
-115.0
-122.0
-92.0
-80.0
-65.0
-82.0
-104.0
-108.0
-144.0
-143.0
-103.0
-118.0
-96.0
-77.0
-90.0
-71.0
-92.0
-93.0
-106.0
-122.0
-72.0
-75.0
-101.0
-97.0
-127.0
-84.0
-67.0
-120.0
-108.0
-53.0
-16.0
-31.0
-69.0
-56.0
-63.0
-116.0
-138.0
-152.0
-171.0
-152.0
-149.0
-136.0
-116.0
-146.0
-125.0
-86.0
-118.0
-116.0
-128.0
-132.0
-108.0
-136.0
-136.0
-124.0
-116.0
-118.0
-122.0
-37.0
23.0
-61.0
-66.0
-21.0
-68.0
-80.0
-60.0
-50.0
-16.0
-59.0
-45.0
-24.0
-52.0
-30.0
-31.0
-33.0
-18.0
-46.0
-42.0
-37.0
-31.0
-4.0
-46.0
-50.0
-17.0
-30.0
-51.0
-45.0
-50.0
-46.0
-44.0
-36.0
-30.0
-27.0
20.0
33.0
14.0
20.0
-10.0
-11.0
22.0
24.0
11.0
-24.0
-37.0
-32.0
-68.0
-43.0
-7.0
-35.0
-40.0
-41.0
-23.0
30.0
11.0
-14.0
-10.0
-37.0
-2.0
27.0
-25.0
-56.0
-83.0
-81.0
-64.0
-62.0
-23.0
5.0
12.0
45.0
47.0
52.0
38.0
-5.0
-8.0
-30.0
-41.0
-30.0
-60.0
-69.0
-46.0
-54.0
-46.0
-7.0
-22.0
-12.0
-12.0
-25.0
-40.0
-77.0
-83.0
-105.0
-142.0
-116.0
-98.0
-52.0
-22.0
-17.0
2.0
-21.0
-22.0
4.0
-24.0
-24.0
-6.0
-45.0
-63.0
-45.0
-60.0
-55.0
-60.0
-51.0
-14.0
-34.0
-31.0
-49.0
-86.0
-75.0
-60.0
-54.0
-20.0
-41.0
-16.0
-25.0
-97.0
-68.0
-11.0
-26.0
-54.0
-75.0
-54.0
-27.0
3.0
1.0
-24.0
23.0
74.0
57.0
25.0
5.0
-7.0
-35.0
-108.0
-115.0
-83.0
-66.0
-27.0
4.0
25.0
67.0
36.0
35.0
68.0
35.0
35.0
26.0
-31.0
-59.0
-81.0
-55.0
-20.0
-18.0
-12.0
-5.0
18.0
69.0
74.0
91.0
108.0
63.0
45.0
52.0
33.0
47.0
50.0
64.0
116.0
88.0
81.0
85.0
48.0
40.0
52.0
39.0
22.0
10.0
20.0
33.0
64.0
132.0
131.0
105.0
135.0
142.0
156.0
141.0
86.0
82.0
73.0
75.0
110.0
69.0
67.0
115.0
144.0
193.0
191.0
166.0
176.0
148.0
128.0
120.0
101.0
102.0
70.0
74.0
124.0
144.0
164.0
159.0
177.0
178.0
135.0
131.0
155.0
105.0
101.0
144.0
155.0
178.0
172.0
197.0
249.0
235.0
233.0
193.0
133.0
111.0
72.0
60.0
58.0
53.0
98.0
103.0
112.0
186.0
213.0
243.0
272.0
227.0
194.0
154.0
80.0
67.0
74.0
54.0
46.0
27.0
75.0
96.0
103.0
169.0
182.0
178.0
181.0
156.0
154.0
129.0
96.0
101.0
88.0
106.0
145.0
161.0
207.0
186.0
136.0
151.0
112.0
116.0
133.0
78.0
84.0
87.0
56.0
73.0
89.0
108.0
144.0
159.0
196.0
179.0
101.0
94.0
69.0
55.0
62.0
42.0
33.0
29.0
42.0
97.0
106.0
119.0
127.0
114.0
106.0
79.0
49.0
26.0
16.0
59.0
78.0
62.0
105.0
158.0
180.0
188.0
180.0
216.0
227.0
177.0
177.0
139.0
79.0
105.0
103.0
112.0
147.0
87.0
84.0
131.0
142.0
159.0
155.0
148.0
119.0
76.0
93.0
95.0
82.0
87.0
73.0
103.0
105.0
58.0
83.0
122.0
98.0
91.0
79.0
92.0
119.0
119.0
142.0
153.0
168.0
205.0
172.0
139.0
169.0
162.0
159.0
132.0
89.0
112.0
67.0
48.0
64.0
69.0
121.0
148.0
115.0
112.0
113.0
136.0
156.0
116.0
83.0
77.0
52.0
72.0
95.0
137.0
172.0
171.0
188.0
183.0
140.0
130.0
95.0
71.0
50.0
1.0
16.0
18.0
6.0
59.0
74.0
72.0
103.0
102.0
99.0
81.0
60.0
64.0
32.0
-3.0
-6.0
-51.0
-61.0
-44.0
-8.0
51.0
38.0
41.0
69.0
66.0
80.0
63.0
19.0
-22.0
-47.0
-29.0
-14.0
-33.0
-2.0
-1.0
-12.0
33.0
38.0
67.0
81.0
42.0
53.0
74.0
29.0
8.0
-22.0
-23.0
-23.0
-63.0
-86.0
-63.0
-74.0
-66.0
-52.0
-48.0
-28.0
-20.0
-13.0
-56.0
-77.0
-60.0
-96.0
-88.0
-55.0
-74.0
-96.0
-142.0
-168.0
-115.0
-106.0
-91.0
-58.0
-71.0
-41.0
-20.0
-54.0
-48.0
-62.0
-85.0
-79.0
-78.0
-80.0
-102.0
-82.0
-69.0
-93.0
-109.0
-107.0
-131.0
-127.0
-139.0
-146.0
-143.0
-183.0
-161.0
-127.0
-168.0
-178.0
-144.0
-115.0
-68.0
-72.0
-83.0
-82.0
-154.0
-187.0
-206.0
-239.0
-243.0
-246.0
-200.0
-148.0
-157.0
-144.0
-136.0
-153.0
-172.0
-203.0
-220.0
-235.0
-254.0
-237.0
-238.0
-255.0
-225.0
-242.0
-233.0
-183.0
-160.0
-126.0
-106.0
-109.0
-103.0
-135.0
-145.0
-140.0
-183.0
-190.0
-197.0
-231.0
-221.0
-237.0
-222.0
-181.0
-184.0
-144.0
-150.0
-215.0
-197.0
-191.0
-202.0
-204.0
-234.0
-208.0
-202.0
-222.0
-197.0
-189.0
-168.0
-154.0
-176.0
-199.0
-242.0
-276.0
-246.0
-251.0
-269.0
-266.0
-284.0
-257.0
-258.0
-255.0
-204.0
-220.0
-259.0
-275.0
-288.0
-258.0
-294.0
-354.0
-347.0
-344.0
-327.0
-295.0
-293.0
-270.0
-276.0
-294.0
-289.0
-315.0
-329.0
-325.0
-363.0
-331.0
-295.0
-304.0
-288.0
-304.0
-294.0
-283.0
-304.0
-289.0
-296.0
-310.0
-301.0
-329.0
-314.0
-314.0
-316.0
-288.0
-276.0
-271.0
-240.0
-242.0
-212.0
-168.0
-168.0
-159.0
-185.0
-222.0
-215.0
-219.0
-202.0
-195.0
-239.0
-224.0
-208.0
-205.0
-162.0
-162.0
-136.0
-118.0
-155.0
-171.0
-197.0
-220.0
-196.0
-225.0
-230.0
-246.0
-258.0
-225.0
-227.0
-241.0
-214.0
-212.0
-200.0
-182.0
-210.0
-199.0
-239.0
-296.0
-278.0
-273.0
-277.0
-257.0
-250.0
-221.0
-213.0
-217.0
-213.0
-247.0
-238.0
-209.0
-232.0
-221.0
-247.0
-267.0
-241.0
-261.0
-254.0
-244.0
-265.0
-251.0
-281.0
-299.0
-263.0
-272.0
-277.0
-310.0
-340.0
-293.0
-248.0
-192.0
-137.0
-144.0
-161.0
-169.0
-202.0
-218.0
-249.0
-282.0
-267.0
-297.0
-305.0
-284.0
-278.0
-220.0
-217.0
-238.0
-201.0
-134.0
-58.0
-62.0
-121.0
-118.0
-123.0
-158.0
-187.0
-241.0
-234.0
-206.0
-207.0
-191.0
-191.0
-185.0
-163.0
-155.0
-102.0
-72.0
-93.0
-51.0
-67.0
-99.0
-79.0
-88.0
-72.0
-50.0
-80.0
-97.0
-130.0
-155.0
-145.0
-140.0
-130.0
-99.0
-82.0
-50.0
-52.0
-54.0
-37.0
-74.0
-72.0
-62.0
-91.0
-116.0
-158.0
-190.0
-184.0
-177.0
-126.0
-71.0
-41.0
35.0
65.0
75.0
98.0
42.0
3.0
2.0
-32.0
-25.0
-37.0
-39.0
-16.0
-35.0
-16.0
30.0
56.0
103.0
116.0
92.0
50.0
-48.0
-87.0
-85.0
-125.0
-156.0
-138.0
-89.0
-43.0
-40.0
12.0
69.0
72.0
73.0
48.0
46.0
36.0
-31.0
-58.0
-45.0
-48.0
-29.0
-50.0
-55.0
-13.0
-7.0
21.0
34.0
-13.0
-4.0
27.0
48.0
65.0
20.0
16.0
28.0
18.0
44.0
44.0
37.0
33.0
4.0
20.0
13.0
-8.0
59.0
65.0
21.0
32.0
6.0
-26.0
-41.0
-37.0
11.0
31.0
15.0
18.0
-2.0
5.0
23.0
4.0
-3.0
-33.0
-25.0
13.0
-6.0
18.0
48.0
29.0
54.0
62.0
57.0
67.0
36.0
45.0
60.0
29.0
35.0
15.0
34.0
89.0
73.0
53.0
64.0
72.0
71.0
43.0
26.0
42.0
7.0
-45.0
-37.0
-11.0
11.0
18.0
39.0
82.0
92.0
111.0
117.0
121.0
137.0
111.0
84.0
57.0
-7.0
-16.0
-11.0
-12.0
34.0
25.0
12.0
20.0
-21.0
4.0
28.0
-5.0
13.0
10.0
11.0
32.0
19.0
46.0
74.0
77.0
102.0
81.0
39.0
62.0
89.0
92.0
85.0
52.0
73.0
95.0
100.0
115.0
113.0
119.0
131.0
126.0
134.0
81.0
54.0
72.0
45.0
47.0
68.0
67.0
99.0
108.0
108.0
170.0
167.0
162.0
189.0
157.0
145.0
127.0
115.0
95.0
34.0
31.0
32.0
5.0
27.0
48.0
50.0
100.0
117.0
98.0
117.0
105.0
106.0
101.0
105.0
138.0
111.0
98.0
117.0
121.0
152.0
161.0
153.0
137.0
106.0
111.0
90.0
53.0
67.0
58.0
96.0
161.0
106.0
100.0
118.0
105.0
105.0
90.0
72.0
72.0
68.0
108.0
124.0
85.0
122.0
156.0
125.0
138.0
140.0
133.0
127.0
107.0
135.0
139.0
140.0
162.0
140.0
160.0
177.0
166.0
202.0
161.0
121.0
136.0
99.0
93.0
98.0
98.0
126.0
126.0
122.0
137.0
137.0
169.0
155.0
124.0
142.0
103.0
106.0
135.0
88.0
103.0
161.0
147.0
117.0
91.0
70.0
89.0
97.0
91.0
82.0
92.0
106.0
90.0
79.0
77.0
98.0
102.0
110.0
109.0
116.0
117.0
98.0
115.0
143.0
163.0
154.0
156.0
131.0
92.0
108.0
123.0
118.0
118.0
113.0
102.0
133.0
144.0
139.0
161.0
164.0
174.0
161.0
139.0
157.0
121.0
105.0
126.0
130.0
131.0
86.0
61.0
76.0
59.0
68.0
82.0
56.0
86.0
108.0
102.0
95.0
86.0
98.0
87.0
37.0
18.0
-2.0
-19.0
14.0
8.0
10.0
37.0
25.0
34.0
57.0
50.0
52.0
21.0
-2.0
7.0
-31.0
-52.0
-46.0
-28.0
24.0
8.0
4.0
38.0
39.0
69.0
43.0
-3.0
21.0
1.0
-11.0
-32.0
-71.0
-8.0
4.0
-15.0
6.0
5.0
-24.0
-36.0
-45.0
-27.0
-27.0
-38.0
-39.0
-49.0
-21.0
13.0
2.0
3.0
16.0
34.0
70.0
43.0
4.0
12.0
-3.0
-20.0
-17.0
-33.0
-51.0
-65.0
-43.0
-33.0
-36.0
-18.0
-14.0
-18.0
10.0
-12.0
-37.0
-43.0
-83.0
-114.0
-129.0
-137.0
-116.0
-180.0
-163.0
-108.0
-116.0
-98.0
-63.0
-61.0
-57.0
-61.0
-72.0
-107.0
-157.0
-146.0
-126.0
-124.0
-123.0
-162.0
-178.0
-132.0
-115.0
-79.0
-51.0
-33.0
-13.0
-13.0
-37.0
-57.0
-86.0
-71.0
-68.0
-53.0
-26.0
-45.0
-44.0
-14.0
-27.0
3.0
-18.0
-46.0
-36.0
-54.0
-60.0
-62.0
-91.0
-60.0
-27.0
-40.0
-42.0
-62.0
-53.0
-30.0
-47.0
-23.0
-5.0
-20.0
-16.0
-64.0
-61.0
-13.0
-53.0
-72.0
-76.0
-78.0
-15.0
-11.0
-37.0
-35.0
-42.0
-35.0
-68.0
-75.0
-50.0
-60.0
-45.0
3.0
-33.0
-32.0
-42.0
-67.0
-13.0
-32.0
-76.0
-101.0
-100.0
-86.0
-81.0
-60.0
-20.0
-41.0
-32.0
-4.0
-23.0
-27.0
-41.0
-101.0
-112.0
-135.0
-146.0
-131.0
-131.0
-91.0
-50.0
-39.0
-18.0
-33.0
-44.0
-25.0
-25.0
-8.0
-24.0
-46.0
-40.0
-87.0
-85.0
-66.0
-74.0
-33.0
-33.0
-81.0
-90.0
-54.0
-27.0
0.0
-22.0
-22.0
-16.0
-32.0
-51.0
-50.0
-30.0
-39.0
-40.0
26.0
39.0
2.0
-6.0
-21.0
-33.0
-14.0
-27.0
-39.0
-64.0
-93.0
-94.0
-87.0
-37.0
3.0
-5.0
24.0
41.0
6.0
7.0
-18.0
-37.0
-48.0
-88.0
-55.0
-15.0
-5.0
41.0
52.0
45.0
71.0
55.0
35.0
1.0
-12.0
-15.0
-42.0
-58.0
-37.0
-58.0
-56.0
-36.0
-18.0
32.0
57.0
47.0
6.0
-44.0
-43.0
-48.0
-70.0
-70.0
-120.0
-131.0
-101.0
-101.0
-36.0
-3.0
-14.0
25.0
26.0
62.0
90.0
57.0
84.0
54.0
-6.0
-12.0
-48.0
-64.0
-65.0
-68.0
-64.0
-54.0
-46.0
-15.0
-45.0
-65.0
-78.0
-93.0
-90.0
-110.0
-102.0
-37.0
-72.0
-98.0
-53.0
-42.0
-43.0
-71.0
-70.0
-37.0
-69.0
-102.0
-154.0
-220.0
-191.0
-201.0
-214.0
-206.0
-194.0
-154.0
-93.0
-88.0
-65.0
-31.0
-30.0
-25.0
-62.0
-59.0
-69.0
-137.0
-160.0
-202.0
-251.0
-214.0
-224.0
-249.0
-220.0
-199.0
-173.0
-178.0
-196.0
-206.0
-247.0
-239.0
-203.0
-216.0
-220.0
-211.0
-220.0
-172.0
-171.0
-144.0
-112.0
-147.0
-128.0
-143.0
-204.0
-206.0
-222.0
-239.0
-243.0
-251.0
-258.0
-267.0
-229.0
-156.0
-156.0
-140.0
-126.0
-172.0
-183.0
-218.0
-253.0
-253.0
-267.0
-249.0
-203.0
-218.0
-212.0
-199.0
-182.0
-134.0
-122.0
-89.0
-81.0
-138.0
-143.0
-142.0
-168.0
-178.0
-239.0
-249.0
-214.0
-219.0
-213.0
-203.0
-193.0
-169.0
-168.0
-140.0
-119.0
-160.0
-157.0
-170.0
-197.0
-208.0
-202.0
-163.0
-163.0
-199.0
-194.0
-190.0
-186.0
-159.0
-176.0
-174.0
-158.0
-202.0
-195.0
-193.0
-215.0
-201.0
-193.0
-170.0
-142.0
-146.0
-120.0
-127.0
-154.0
-158.0
-190.0
-189.0
-158.0
-179.0
-162.0
-169.0
-172.0
-128.0
-124.0
-103.0
-80.0
-68.0
-35.0
-32.0
-53.0
-71.0
-114.0
-110.0
-103.0
-150.0
-167.0
-165.0
-147.0
-125.0
-127.0
-101.0
-55.0
-67.0
-60.0
-60.0
-76.0
-43.0
-46.0
-70.0
-53.0
-39.0
-22.0
-51.0
-79.0
-25.0
-6.0
8.0
13.0
-14.0
-7.0
7.0
-5.0
-3.0
-35.0
-54.0
-53.0
-97.0
-68.0
-44.0
-43.0
-11.0
-15.0
-4.0
26.0
23.0
33.0
6.0
6.0
-14.0
-77.0
-84.0
-30.0
11.0
39.0
5.0
2.0
59.0
77.0
82.0
105.0
105.0
90.0
60.0
35.0
50.0
-7.0
-33.0
-22.0
-15.0
18.0
17.0
1.0
20.0
17.0
35.0
55.0
42.0
72.0
46.0
29.0
24.0
-2.0
-5.0
19.0
15.0
20.0
20.0
20.0
50.0
39.0
26.0
34.0
27.0
37.0
35.0
35.0
55.0
48.0
22.0
12.0
-21.0
-4.0
5.0
-9.0
-3.0
-29.0
-34.0
1.0
30.0
68.0
76.0
63.0
73.0
71.0
126.0
169.0
148.0
154.0
118.0
58.0
42.0
2.0
3.0
11.0
-11.0
17.0
33.0
50.0
96.0
89.0
76.0
68.0
56.0
92.0
82.0
74.0
72.0
8.0
-29.0
-25.0
-12.0
18.0
1.0
-3.0
81.0
117.0
112.0
106.0
93.0
91.0
58.0
41.0
87.0
72.0
79.0
89.0
86.0
117.0
101.0
94.0
111.0
92.0
108.0
96.0
40.0
46.0
44.0
36.0
77.0
83.0
95.0
134.0
126.0
158.0
183.0
179.0
224.0
207.0
181.0
170.0
134.0
145.0
106.0
62.0
87.0
115.0
127.0
123.0
110.0
116.0
121.0
119.0
108.0
68.0
82.0
91.0
101.0
114.0
114.0
138.0
147.0
126.0
147.0
175.0
157.0
165.0
171.0
177.0
204.0
186.0
173.0
167.0
148.0
164.0
182.0
214.0
243.0
225.0
207.0
190.0
155.0
155.0
135.0
103.0
111.0
117.0
131.0
152.0
175.0
203.0
202.0
216.0
233.0
204.0
193.0
183.0
142.0
153.0
183.0
194.0
219.0
235.0
267.0
267.0
251.0
294.0
304.0
290.0
296.0
267.0
262.0
241.0
186.0
213.0
220.0
243.0
287.0
287.0
339.0
340.0
310.0
319.0
327.0
332.0
317.0
288.0
311.0
316.0
294.0
306.0
290.0
283.0
329.0
353.0
386.0
396.0
358.0
371.0
363.0
343.0
338.0
305.0
297.0
280.0
253.0
288.0
294.0
306.0
361.0
369.0
387.0
409.0
386.0
370.0
356.0
337.0
325.0
323.0
312.0
306.0
299.0
325.0
308.0
304.0
326.0
312.0
314.0
315.0
324.0
329.0
294.0
276.0
311.0
319.0
325.0
346.0
356.0
428.0
419.0
384.0
414.0
416.0
415.0
410.0
388.0
390.0
381.0
379.0
411.0
407.0
415.0
429.0
438.0
491.0
452.0
407.0
436.0
394.0
373.0
386.0
381.0
392.0
387.0
398.0
431.0
432.0
475.0
496.0
454.0
458.0
466.0
458.0
459.0
412.0
404.0
400.0
384.0
402.0
383.0
377.0
433.0
437.0
446.0
449.0
440.0
467.0
439.0
403.0
417.0
403.0
417.0
413.0
391.0
405.0
414.0
433.0
434.0
389.0
406.0
425.0
413.0
452.0
423.0
421.0
461.0
436.0
442.0
448.0
405.0
376.0
365.0
378.0
376.0
323.0
334.0
352.0
324.0
333.0
356.0
342.0
314.0
291.0
334.0
352.0
318.0
352.0
384.0
370.0
356.0
315.0
319.0
335.0
308.0
288.0
255.0
251.0
272.0
288.0
315.0
293.0
281.0
319.0
311.0
340.0
363.0
332.0
351.0
354.0
269.0
260.0
277.0
286.0
319.0
305.0
326.0
346.0
310.0
334.0
343.0
336.0
363.0
328.0
305.0
291.0
246.0
273.0
272.0
248.0
241.0
224.0
259.0
296.0
315.0
319.0
291.0
274.0
263.0
230.0
243.0
262.0
228.0
232.0
238.0
236.0
245.0
242.0
287.0
321.0
323.0
361.0
346.0
325.0
290.0
238.0
232.0
214.0
202.0
264.0
252.0
243.0
301.0
313.0
353.0
383.0
351.0
336.0
317.0
305.0
316.0
285.0
275.0
254.0
221.0
249.0
222.0
205.0
253.0
282.0
318.0
339.0
315.0
298.0
242.0
228.0
254.0
213.0
210.0
221.0
194.0
212.0
194.0
194.0
225.0
195.0
186.0
202.0
195.0
213.0
216.0
218.0
205.0
174.0
172.0
156.0
132.0
172.0
169.0
152.0
156.0
139.0
145.0
178.0
179.0
207.0
201.0
196.0
211.0
172.0
148.0
129.0
119.0
111.0
108.0
126.0
133.0
106.0
143.0
183.0
131.0
125.0
151.0
157.0
139.0
92.0
92.0
81.0
59.0
82.0
70.0
58.0
99.0
105.0
116.0
120.0
132.0
155.0
122.0
110.0
90.0
56.0
86.0
105.0
84.0
97.0
89.0
80.0
73.0
43.0
69.0
93.0
79.0
72.0
48.0
60.0
53.0
16.0
42.0
69.0
50.0
81.0
91.0
98.0
133.0
121.0
122.0
90.0
62.0
74.0
49.0
11.0
2.0
-26.0
-24.0
-10.0
12.0
53.0
68.0
82.0
96.0
65.0
92.0
108.0
73.0
46.0
16.0
36.0
50.0
4.0
21.0
26.0
-4.0
20.0
21.0
17.0
30.0
13.0
18.0
-8.0
-46.0
-23.0
-34.0
-17.0
36.0
21.0
41.0
60.0
17.0
21.0
13.0
25.0
51.0
2.0
-46.0
-61.0
-44.0
3.0
-28.0
-34.0
8.0
-16.0
26.0
35.0
-7.0
1.0
-53.0
-89.0
-91.0
-139.0
-146.0
-139.0
-164.0
-161.0
-174.0
-138.0
-106.0
-117.0
-69.0
-56.0
-59.0
-33.0
-80.0
-142.0
-166.0
-184.0
-203.0
-233.0
-242.0
-229.0
-230.0
-219.0
-222.0
-205.0
-130.0
-106.0
-120.0
-115.0
-138.0
-177.0
-186.0
-206.0
-203.0
-222.0
-261.0
-253.0
-272.0
-285.0
-259.0
-268.0
-290.0
-290.0
-280.0
-246.0
-232.0
-213.0
-215.0
-277.0
-293.0
-310.0
-318.0
-298.0
-313.0
-329.0
-309.0
-314.0
-322.0
-314.0
-296.0
-262.0
-285.0
-305.0
-304.0
-343.0
-373.0
-400.0
-416.0
-438.0
-485.0
-491.0
-471.0
-452.0
-404.0
-386.0
-383.0
-318.0
-315.0
-343.0
-355.0
-367.0
-367.0
-374.0
-384.0
-345.0
-378.0
-422.0
-423.0
-450.0
-454.0
-465.0
-459.0
-431.0
-452.0
-448.0
-431.0
-457.0
-447.0
-464.0
-494.0
-487.0
-497.0
-498.0
-482.0
-461.0
-430.0
-452.0
-498.0
-496.0
-499.0
-505.0
-472.0
-473.0
-452.0
-463.0
-452.0
-428.0
-457.0
-458.0
-432.0
-442.0
-442.0
-450.0
-471.0
-486.0
-501.0
-477.0
-464.0
-486.0
-450.0
-447.0
-432.0
-379.0
-384.0
-393.0
-404.0
-425.0
-445.0
-471.0
-498.0
-491.0
-504.0
-469.0
-430.0
-456.0
-435.0
-410.0
-401.0
-406.0
-451.0
-451.0
-427.0
-448.0
-436.0
-407.0
-400.0
-385.0
-389.0
-369.0
-327.0
-332.0
-319.0
-336.0
-376.0
-388.0
-416.0
-415.0
-383.0
-408.0
-404.0
-378.0
-346.0
-328.0
-353.0
-344.0
-314.0
-327.0
-333.0
-348.0
-403.0
-416.0
-422.0
-412.0
-400.0
-372.0
-318.0
-323.0
-309.0
-260.0
-272.0
-253.0
-223.0
-247.0
-257.0
-265.0
-284.0
-265.0
-282.0
-266.0
-247.0
-270.0
-252.0
-279.0
-309.0
-282.0
-304.0
-313.0
-296.0
-295.0
-281.0
-289.0
-317.0
-294.0
-284.0
-276.0
-285.0
-316.0
-313.0
-309.0
-317.0
-310.0
-308.0
-293.0
-274.0
-306.0
-300.0
-285.0
-285.0
-249.0
-275.0
-303.0
-297.0
-306.0
-294.0
-318.0
-348.0
-335.0
-361.0
-340.0
-285.0
-306.0
-291.0
-238.0
-239.0
-220.0
-217.0
-205.0
-193.0
-228.0
-227.0
-223.0
-212.0
-184.0
-220.0
-221.0
-189.0
-206.0
-195.0
-188.0
-188.0
-193.0
-233.0
-227.0
-200.0
-209.0
-202.0
-200.0
-216.0
-176.0
-205.0
-221.0
-164.0
-142.0
-129.0
-145.0
-172.0
-163.0
-197.0
-203.0
-163.0
-175.0
-153.0
-150.0
-157.0
-133.0
-148.0
-149.0
-151.0
-186.0
-184.0
-204.0
-228.0
-185.0
-157.0
-114.0
-79.0
-101.0
-116.0
-124.0
-119.0
-82.0
-79.0
-62.0
-37.0
-59.0
-56.0
-77.0
-82.0
-54.0
-63.0
-41.0
-30.0
-30.0
-15.0
-39.0
-47.0
-20.0
-48.0
-66.0
-50.0
-55.0
-36.0
-3.0
10.0
9.0
-21.0
4.0
38.0
32.0
54.0
47.0
29.0
58.0
62.0
87.0
103.0
90.0
105.0
83.0
70.0
106.0
92.0
71.0
75.0
68.0
62.0
43.0
53.0
82.0
64.0
69.0
71.0
69.0
124.0
119.0
84.0
91.0
92.0
108.0
138.0
122.0
139.0
149.0
149.0
193.0
215.0
197.0
191.0
188.0
184.0
206.0
221.0
241.0
235.0
225.0
209.0
204.0
243.0
242.0
246.0
266.0
235.0
224.0
221.0
227.0
284.0
300.0
292.0
291.0
244.0
257.0
302.0
304.0
322.0
315.0
319.0
333.0
351.0
377.0
375.0
352.0
374.0
402.0
385.0
343.0
331.0
378.0
378.0
317.0
345.0
376.0
390.0
423.0
429.0
446.0
465.0
452.0
472.0
455.0
414.0
434.0
414.0
412.0
436.0
453.0
492.0
504.0
493.0
544.0
547.0
517.0
484.0
442.0
440.0
416.0
394.0
425.0
440.0
463.0
495.0
505.0
504.0
515.0
562.0
573.0
508.0
478.0
468.0
427.0
406.0
394.0
429.0
449.0
425.0
475.0
524.0
510.0
515.0
512.0
500.0
497.0
459.0
454.0
453.0
417.0
407.0
392.0
404.0
449.0
452.0
476.0
475.0
455.0
489.0
467.0
432.0
431.0
388.0
381.0
412.0
395.0
420.0
419.0
426.0
504.0
535.0
529.0
529.0
533.0
521.0
432.0
370.0
371.0
327.0
316.0
320.0
307.0
317.0
328.0
375.0
435.0
415.0
433.0
494.0
457.0
429.0
402.0
365.0
383.0
371.0
370.0
385.0
386.0
421.0
403.0
392.0
436.0
437.0
451.0
448.0
378.0
378.0
363.0
328.0
353.0
357.0
341.0
375.0
379.0
388.0
391.0
399.0
430.0
422.0
413.0
385.0
353.0
363.0
349.0
344.0
328.0
288.0
289.0
277.0
251.0
266.0
260.0
291.0
355.0
336.0
332.0
325.0
309.0
319.0
278.0
240.0
248.0
248.0
285.0
304.0
284.0
279.0
284.0
319.0
350.0
310.0
285.0
301.0
280.0
270.0
236.0
209.0
210.0
185.0
212.0
247.0
249.0
245.0
214.0
228.0
288.0
278.0
288.0
284.0
246.0
259.0
261.0
274.0
300.0
286.0
277.0
283.0
286.0
322.0
287.0
263.0
275.0
233.0
213.0
211.0
206.0
225.0
225.0
233.0
249.0
246.0
276.0
280.0
251.0
248.0
204.0
183.0
197.0
168.0
159.0
162.0
125.0
166.0
180.0
187.0
216.0
195.0
190.0
157.0
136.0
193.0
169.0
142.0
186.0
181.0
200.0
216.0
193.0
219.0
203.0
189.0
183.0
146.0
142.0
131.0
92.0
111.0
100.0
114.0
149.0
111.0
125.0
169.0
161.0
187.0
187.0
149.0
151.0
134.0
136.0
166.0
173.0
189.0
211.0
237.0
255.0
245.0
256.0
244.0
187.0
177.0
185.0
186.0
190.0
174.0
181.0
177.0
162.0
212.0
195.0
166.0
200.0
171.0
126.0
104.0
86.0
108.0
106.0
111.0
123.0
94.0
117.0
120.0
67.0
59.0
44.0
45.0
51.0
6.0
20.0
32.0
-4.0
-8.0
-29.0
-17.0
25.0
-5.0
-27.0
-40.0
-59.0
-58.0
-83.0
-89.0
-72.0
-88.0
-81.0
-84.0
-114.0
-111.0
-133.0
-132.0
-121.0
-142.0
-103.0
-88.0
-102.0
-96.0
-117.0
-124.0
-100.0
-95.0
-73.0
-76.0
-98.0
-98.0
-144.0
-173.0
-155.0
-161.0
-136.0
-122.0
-132.0
-109.0
-80.0
-66.0
-59.0
-71.0
-85.0
-125.0
-169.0
-173.0
-182.0
-186.0
-180.0
-184.0
-161.0
-175.0
-183.0
-148.0
-148.0
-115.0
-99.0
-158.0
-176.0
-178.0
-208.0
-217.0
-243.0
-242.0
-220.0
-237.0
-228.0
-211.0
-211.0
-185.0
-203.0
-223.0
-239.0
-305.0
-311.0
-292.0
-303.0
-263.0
-263.0
-275.0
-234.0
-235.0
-233.0
-248.0
-281.0
-258.0
-309.0
-332.0
-306.0
-312.0
-268.0
-242.0
-256.0
-236.0
-232.0
-227.0
-198.0
-208.0
-219.0
-227.0
-244.0
-237.0
-270.0
-289.0
-281.0
-295.0
-253.0
-233.0
-241.0
-206.0
-238.0
-236.0
-230.0
-261.0
-262.0
-276.0
-272.0
-213.0
-205.0
-218.0
-232.0
-256.0
-224.0
-217.0
-263.0
-261.0
-265.0
-275.0
-269.0
-292.0
-288.0
-273.0
-297.0
-268.0
-258.0
-230.0
-194.0
-239.0
-244.0
-227.0
-279.0
-318.0
-343.0
-344.0
-336.0
-340.0
-318.0
-317.0
-294.0
-268.0
-306.0
-306.0
-272.0
-286.0
-269.0
-261.0
-288.0
-285.0
-274.0
-244.0
-214.0
-226.0
-238.0
-257.0
-285.0
-281.0
-286.0
-313.0
-304.0
-314.0
-291.0
-259.0
-259.0
-235.0
-241.0
-232.0
-210.0
-232.0
-250.0
-272.0
-289.0
-288.0
-308.0
-323.0
-282.0
-270.0
-255.0
-222.0
-208.0
-183.0
-216.0
-242.0
-258.0
-328.0
-338.0
-331.0
-340.0
-308.0
-298.0
-249.0
-182.0
-180.0
-139.0
-135.0
-151.0
-157.0
-194.0
-224.0
-251.0
-301.0
-308.0
-285.0
-267.0
-230.0
-214.0
-191.0
-155.0
-158.0
-127.0
-130.0
-178.0
-197.0
-228.0
-279.0
-316.0
-324.0
-266.0
-250.0
-247.0
-180.0
-187.0
-203.0
-144.0
-140.0
-181.0
-214.0
-239.0
-230.0
-264.0
-256.0
-223.0
-235.0
-194.0
-175.0
-200.0
-173.0
-168.0
-194.0
-224.0
-261.0
-242.0
-215.0
-216.0
-194.0
-192.0
-178.0
-145.0
-166.0
-171.0
-167.0
-173.0
-157.0
-181.0
-206.0
-178.0
-175.0
-183.0
-203.0
-184.0
-134.0
-152.0
-144.0
-56.0
-74.0
-97.0
-122.0
-170.0
-153.0
-162.0
-196.0
-201.0
-228.0
-218.0
-190.0
-172.0
-147.0
-146.0
-145.0
-168.0
-176.0
-134.0
-101.0
-109.0
-76.0
-87.0
-74.0
-55.0
-91.0
-95.0
-65.0
-54.0
-31.0
-29.0
-30.0
-13.0
-50.0
-63.0
-63.0
-83.0
-74.0
-51.0
-52.0
-88.0
-116.0
-77.0
-49.0
-64.0
-37.0
-51.0
-89.0
-91.0
-122.0
-106.0
-88.0
-88.0
-70.0
-63.0
-48.0
-17.0
-12.0
-4.0
-7.0
-22.0
-4.0
-18.0
-32.0
-46.0
-99.0
-104.0
-82.0
-104.0
-97.0
-102.0
-99.0
-103.0
-81.0
-40.0
-50.0
-80.0
-87.0
-97.0
-83.0
-84.0
-124.0
-106.0
-94.0
-90.0
-54.0
-40.0
-14.0
-11.0
-38.0
-32.0
-56.0
-99.0
-98.0
-121.0
-122.0
-110.0
-144.0
-133.0
-129.0
-100.0
-41.0
-35.0
3.0
41.0
-10.0
-63.0
-69.0
-62.0
-98.0
-157.0
-178.0
-176.0
-178.0
-165.0
-169.0
-175.0
-152.0
-135.0
-104.0
-90.0
-122.0
-111.0
-90.0
-111.0
-106.0
-95.0
-90.0
-103.0
-127.0
-129.0
-127.0
-100.0
-85.0
-103.0
-74.0
-52.0
-99.0
-109.0
-111.0
-136.0
-132.0
-135.0
-116.0
-100.0
-114.0
-55.0
-42.0
-62.0
-15.0
3.0
-29.0
-67.0
-102.0
-76.0
-78.0
-118.0
-103.0
-79.0
-71.0
-52.0
-74.0
-59.0
-27.0
-7.0
-5.0
-56.0
-74.0
-65.0
-100.0
-120.0
-140.0
-159.0
-108.0
-69.0
-77.0
-67.0
-55.0
-6.0
29.0
40.0
44.0
-19.0
-52.0
-41.0
-59.0
-57.0
-69.0
-82.0
-89.0
-118.0
-84.0
-58.0
-55.0
-8.0
8.0
-9.0
-21.0
-67.0
-75.0
-61.0
-79.0
-74.0
-77.0
-71.0
-44.0
-46.0
5.0
56.0
56.0
40.0
19.0
7.0
5.0
-21.0
6.0
10.0
-40.0
-29.0
-14.0
-19.0
19.0
46.0
77.0
108.0
95.0
87.0
44.0
-10.0
-3.0
-56.0
-92.0
-125.0
-170.0
-129.0
-85.0
-81.0
-66.0
-69.0
-45.0
-16.0
-24.0
8.0
29.0
-5.0
-8.0
-23.0
-25.0
0.0
-6.0
7.0
10.0
32.0
53.0
8.0
15.0
40.0
7.0
18.0
18.0
5.0
31.0
10.0
-8.0
30.0
34.0
33.0
26.0
15.0
17.0
-3.0
26.0
42.0
12.0
24.0
24.0
20.0
32.0
29.0
49.0
51.0
62.0
96.0
74.0
33.0
19.0
-14.0
-27.0
-33.0
-55.0
-34.0
-31.0
-28.0
1.0
1.0
36.0
58.0
17.0
24.0
27.0
6.0
10.0
-33.0
-32.0
0.0
-30.0
-30.0
-38.0
-55.0
-31.0
-23.0
-1.0
34.0
28.0
52.0
43.0
6.0
-11.0
-36.0
-26.0
-32.0
-88.0
-60.0
-13.0
-14.0
-8.0
-27.0
-11.0
18.0
-2.0
-7.0
-17.0
-25.0
-20.0
-31.0
-18.0
1.0
-36.0
-10.0
31.0
10.0
-3.0
9.0
42.0
9.0
-54.0
-44.0
-40.0
-63.0
-63.0
-79.0
-52.0
-1.0
-18.0
-4.0
-5.0
-10.0
10.0
9.0
29.0
32.0
-3.0
11.0
8.0
2.0
38.0
30.0
45.0
78.0
51.0
68.0
33.0
-50.0
-83.0
-112.0
-127.0
-124.0
-131.0
-91.0
-44.0
-25.0
21.0
17.0
26.0
36.0
11.0
13.0
-12.0
-39.0
-29.0
-47.0
-26.0
2.0
-22.0
-6.0
9.0
9.0
32.0
15.0
15.0
33.0
28.0
41.0
31.0
-10.0
-26.0
-65.0
-74.0
-76.0
-82.0
-34.0
-58.0
-84.0
-48.0
-35.0
-6.0
20.0
16.0
26.0
10.0
-43.0
-50.0
-53.0
-34.0
-28.0
-58.0
-68.0
-59.0
-38.0
-15.0
-50.0
-56.0
-27.0
-33.0
-30.0
-59.0
-63.0
-29.0
-50.0
-71.0
-92.0
-98.0
-67.0
-94.0
-115.0
-100.0
-129.0
-140.0
-124.0
-156.0
-148.0
-127.0
-93.0
-63.0
-101.0
-122.0
-102.0
-107.0
-111.0
-136.0
-184.0
-180.0
-196.0
-188.0
-184.0
-195.0
-155.0
-116.0
-103.0
-95.0
-77.0
-48.0
-47.0
-84.0
-74.0
-84.0
-90.0
-65.0
-100.0
-120.0
-155.0
-206.0
-193.0
-175.0
-148.0
-112.0
-138.0
-130.0
-91.0
-89.0
-59.0
-45.0
-24.0
-18.0
-82.0
-90.0
-83.0
-132.0
-146.0
-147.0
-158.0
-173.0
-188.0
-146.0
-119.0
-146.0
-122.0
-95.0
-93.0
-81.0
-117.0
-152.0
-154.0
-199.0
-210.0
-219.0
-239.0
-235.0
-246.0
-237.0
-224.0
-231.0
-199.0
-174.0
-177.0
-168.0
-198.0
-206.0
-240.0
-306.0
-288.0
-283.0
-297.0
-289.0
-301.0
-272.0
-227.0
-238.0
-216.0
-231.0
-280.0
-266.0
-299.0
-316.0
-302.0
-300.0
-295.0
-289.0
-267.0
-263.0
-289.0
-252.0
-211.0
-253.0
-276.0
-303.0
-350.0
-372.0
-436.0
-432.0
-404.0
-411.0
-368.0
-355.0
-365.0
-329.0
-312.0
-291.0
-285.0
-336.0
-349.0
-369.0
-392.0
-399.0
-404.0
-420.0
-400.0
-389.0
-354.0
-317.0
-293.0
-260.0
-251.0
-265.0
-301.0
-347.0
-327.0
-334.0
-351.0
-341.0
-360.0
-340.0
-296.0
-260.0
-222.0
-229.0
-244.0
-239.0
-274.0
-259.0
-268.0
-315.0
-298.0
-300.0
-320.0
-327.0
-333.0
-332.0
-312.0
-278.0
-235.0
-246.0
-259.0
-232.0
-273.0
-295.0
-289.0
-298.0
-277.0
-261.0
-280.0
-281.0
-284.0
-257.0
-266.0
-285.0
-268.0
-293.0
-336.0
-322.0
-359.0
-362.0
-307.0
-269.0
-249.0
-253.0
-222.0
-184.0
-186.0
-164.0
-166.0
-228.0
-251.0
-283.0
-315.0
-300.0
-320.0
-305.0
-292.0
-320.0
-302.0
-267.0
-249.0
-228.0
-243.0
-260.0
-287.0
-279.0
-244.0
-258.0
-268.0
-231.0
-242.0
-224.0
-197.0
-258.0
-256.0
-213.0
-201.0
-191.0
-228.0
-256.0
-265.0
-287.0
-275.0
-299.0
-307.0
-276.0
-288.0
-261.0
-193.0
-183.0
-188.0
-197.0
-182.0
-178.0
-228.0
-253.0
-289.0
-320.0
-280.0
-281.0
-307.0
-303.0
-306.0
-277.0
-255.0
-240.0
-207.0
-208.0
-201.0
-204.0
-243.0
-230.0
-225.0
-241.0
-211.0
-182.0
-178.0
-164.0
-162.0
-150.0
-152.0
-179.0
-168.0
-218.0
-262.0
-258.0
-237.0
-224.0
-241.0
-236.0
-199.0
-195.0
-205.0
-176.0
-174.0
-162.0
-177.0
-200.0
-176.0
-200.0
-202.0
-183.0
-194.0
-157.0
-156.0
-201.0
-157.0
-146.0
-165.0
-175.0
-217.0
-200.0
-176.0
-186.0
-169.0
-165.0
-161.0
-139.0
-123.0
-106.0
-111.0
-112.0
-79.0
-92.0
-95.0
-85.0
-102.0
-112.0
-130.0
-142.0
-133.0
-142.0
-137.0
-124.0
-153.0
-142.0
-126.0
-131.0
-77.0
-70.0
-77.0
-64.0
-78.0
-65.0
-83.0
-93.0
-48.0
-77.0
-119.0
-84.0
-93.0
-111.0
-106.0
-111.0
-96.0
-108.0
-116.0
-78.0
-71.0
-39.0
3.0
6.0
18.0
-1.0
-12.0
-24.0
-61.0
-67.0
-72.0
-87.0
-70.0
-89.0
-91.0
-70.0
-80.0
-41.0
-7.0
-24.0
-6.0
-45.0
-79.0
-61.0
-54.0
-40.0
-31.0
-49.0
-29.0
-29.0
-19.0
4.0
-20.0
-15.0
-11.0
-42.0
-29.0
-53.0
-73.0
-54.0
-76.0
-69.0
-52.0
-51.0
-36.0
-52.0
-43.0
-29.0
-53.0
-24.0
-7.0
-36.0
-20.0
-10.0
1.0
-5.0
-48.0
-29.0
-11.0
-4.0
33.0
50.0
54.0
40.0
-18.0
-20.0
3.0
-20.0
-5.0
-35.0
-52.0
-5.0
3.0
42.0
65.0
32.0
35.0
16.0
22.0
56.0
37.0
23.0
20.0
-3.0
-4.0
-4.0
7.0
15.0
-5.0
3.0
-3.0
-21.0
-9.0
-39.0
-29.0
14.0
-10.0
-6.0
42.0
43.0
46.0
41.0
50.0
50.0
20.0
15.0
10.0
1.0
7.0
-23.0
-36.0
-2.0
3.0
3.0
-10.0
-3.0
40.0
31.0
37.0
32.0
7.0
22.0
-13.0
-38.0
-18.0
-29.0
7.0
36.0
25.0
32.0
36.0
32.0
42.0
33.0
39.0
30.0
-29.0
-27.0
-26.0
-49.0
-33.0
-63.0
-62.0
-37.0
-52.0
-40.0
-35.0
-31.0
22.0
19.0
-39.0
-56.0
-72.0
-64.0
-71.0
-82.0
-74.0
-82.0
-69.0
-47.0
-43.0
11.0
46.0
43.0
41.0
12.0
5.0
12.0
-17.0
-14.0
-21.0
-30.0
6.0
-17.0
-30.0
-21.0
-51.0
-40.0
-25.0
-27.0
10.0
2.0
-33.0
-9.0
-9.0
-16.0
-43.0
-71.0
-42.0
-22.0
-2.0
-34.0
-77.0
-45.0
-47.0
-101.0
-89.0
-89.0
-72.0
-37.0
-53.0
-74.0
-90.0
-95.0
-86.0
-135.0
-133.0
-106.0
-158.0
-177.0
-160.0
-121.0
-52.0
-44.0
-29.0
14.0
27.0
56.0
43.0
21.0
30.0
-27.0
-64.0
-59.0
-83.0
-71.0
-56.0
-80.0
-57.0
-46.0
-33.0
-3.0
4.0
56.0
97.0
69.0
44.0
-5.0
-43.0
-45.0
-69.0
-56.0
-54.0
-60.0
-27.0
-21.0
12.0
47.0
43.0
53.0
53.0
51.0
64.0
31.0
47.0
82.0
51.0
54.0
78.0
69.0
87.0
72.0
86.0
105.0
73.0
78.0
67.0
67.0
94.0
52.0
70.0
111.0
102.0
110.0
99.0
87.0
117.0
111.0
88.0
78.0
79.0
93.0
79.0
66.0
91.0
91.0
112.0
150.0
122.0
100.0
100.0
73.0
91.0
92.0
93.0
116.0
106.0
125.0
131.0
114.0
146.0
158.0
172.0
157.0
117.0
119.0
111.0
91.0
112.0
111.0
111.0
121.0
122.0
138.0
133.0
134.0
186.0
185.0
166.0
156.0
138.0
136.0
131.0
88.0
90.0
75.0
95.0
120.0
109.0
166.0
197.0
190.0
216.0
202.0
181.0
172.0
164.0
184.0
166.0
135.0
137.0
152.0
162.0
161.0
160.0
233.0
259.0
247.0
277.0
266.0
225.0
214.0
186.0
203.0
210.0
186.0
201.0
200.0
184.0
176.0
161.0
174.0
183.0
184.0
210.0
180.0
155.0
157.0
146.0
169.0
177.0
151.0
147.0
142.0
162.0
153.0
127.0
145.0
145.0
141.0
178.0
173.0
181.0
204.0
214.0
242.0
222.0
206.0
216.0
199.0
210.0
216.0
215.0
257.0
249.0
243.0
295.0
277.0
285.0
331.0
331.0
317.0
277.0
242.0
239.0
212.0
214.0
219.0
166.0
183.0
228.0
257.0
294.0
284.0
283.0
310.0
279.0
273.0
252.0
202.0
201.0
188.0
196.0
220.0
206.0
235.0
272.0
291.0
332.0
345.0
333.0
283.0
235.0
252.0
225.0
178.0
182.0
147.0
134.0
153.0
143.0
174.0
185.0
187.0
229.0
229.0
228.0
251.0
233.0
211.0
189.0
162.0
140.0
96.0
105.0
86.0
37.0
84.0
130.0
169.0
215.0
176.0
154.0
156.0
143.0
164.0
148.0
117.0
137.0
156.0
196.0
219.0
212.0
205.0
195.0
213.0
230.0
209.0
196.0
180.0
137.0
128.0
107.0
87.0
117.0
133.0
160.0
180.0
189.0
268.0
291.0
275.0
277.0
227.0
181.0
167.0
172.0
210.0
192.0
171.0
177.0
127.0
128.0
159.0
149.0
179.0
160.0
134.0
138.0
94.0
72.0
99.0
89.0
90.0
96.0
108.0
102.0
62.0
86.0
79.0
28.0
36.0
33.0
24.0
65.0
30.0
-11.0
-15.0
-31.0
7.0
-3.0
-52.0
-32.0
-34.0
-55.0
-35.0
-42.0
-46.0
-59.0
-64.0
-31.0
-53.0
-56.0
-31.0
-30.0
-16.0
-33.0
-73.0
-54.0
-54.0
-56.0
-53.0
-69.0
-44.0
-49.0
-57.0
-13.0
-18.0
-34.0
-51.0
-96.0
-87.0
-68.0
-68.0
-92.0
-97.0
-81.0
-83.0
-98.0
-92.0
-94.0
-81.0
-67.0
-106.0
-122.0
-127.0
-179.0
-192.0
-197.0
-188.0
-152.0
-177.0
-183.0
-159.0
-184.0
-186.0
-181.0
-151.0
-143.0
-189.0
-187.0
-193.0
-244.0
-223.0
-201.0
-227.0
-216.0
-216.0
-246.0
-286.0
-272.0
-248.0
-268.0
-279.0
-271.0
-277.0
-250.0
-237.0
-250.0
-234.0
-263.0
-264.0
-199.0
-180.0
-187.0
-185.0
-205.0
-190.0
-203.0
-224.0
-203.0
-216.0
-189.0
-159.0
-163.0
-174.0
-194.0
-224.0
-211.0
-205.0
-196.0
-205.0
-236.0
-233.0
-250.0
-267.0
-252.0
-261.0
-260.0
-242.0
-270.0
-282.0
-269.0
-282.0
-261.0
-275.0
-259.0
-233.0
-248.0
-233.0
-253.0
-260.0
-235.0
-269.0
-303.0
-316.0
-315.0
-290.0
-306.0
-289.0
-270.0
-291.0
-260.0
-225.0
-233.0
-225.0
-258.0
-268.0
-221.0
-233.0
-254.0
-276.0
-295.0
-248.0
-211.0
-184.0
-128.0
-114.0
-106.0
-116.0
-155.0
-138.0
-127.0
-150.0
-160.0
-178.0
-184.0
-192.0
-202.0
-152.0
-140.0
-143.0
-138.0
-188.0
-167.0
-112.0
-110.0
-105.0
-152.0
-182.0
-167.0
-188.0
-177.0
-185.0
-202.0
-159.0
-161.0
-143.0
-111.0
-116.0
-90.0
-85.0
-125.0
-132.0
-150.0
-159.0
-136.0
-160.0
-179.0
-209.0
-232.0
-182.0
-146.0
-116.0
-67.0
-63.0
-26.0
-3.0
-21.0
-10.0
-18.0
-49.0
-68.0
-87.0
-70.0
-87.0
-117.0
-89.0
-87.0
-86.0
-56.0
-61.0
-28.0
3.0
-1.0
9.0
-10.0
-25.0
-6.0
-11.0
3.0
27.0
22.0
40.0
31.0
8.0
8.0
-15.0
-16.0
-64.0
-97.0
-70.0
-75.0
-37.0
23.0
33.0
60.0
68.0
58.0
109.0
95.0
49.0
44.0
26.0
36.0
67.0
42.0
47.0
67.0
70.0
122.0
145.0
163.0
157.0
118.0
124.0
138.0
130.0
110.0
112.0
172.0
166.0
135.0
155.0
162.0
161.0
158.0
140.0
145.0
149.0
118.0
117.0
125.0
102.0
78.0
103.0
146.0
106.0
91.0
174.0
163.0
126.0
153.0
145.0
115.0
96.0
108.0
138.0
127.0
127.0
134.0
101.0
129.0
148.0
143.0
167.0
137.0
97.0
73.0
80.0
105.0
131.0
111.0
122.0
108.0
87.0
148.0
156.0
153.0
180.0
187.0
188.0
122.0
95.0
104.0
77.0
48.0
53.0
84.0
102.0
67.0
122.0
199.0
162.0
167.0
174.0
109.0
93.0
53.0
51.0
66.0
-1.0
33.0
67.0
51.0
91.0
104.0
116.0
177.0
167.0
136.0
120.0
99.0
92.0
48.0
25.0
13.0
-10.0
18.0
32.0
-1.0
25.0
65.0
102.0
132.0
133.0
133.0
116.0
107.0
97.0
28.0
24.0
21.0
-35.0
-6.0
10.0
21.0
95.0
69.0
49.0
109.0
107.0
106.0
121.0
113.0
154.0
145.0
133.0
144.0
120.0
129.0
126.0
77.0
62.0
25.0
32.0
78.0
71.0
108.0
133.0
142.0
192.0
188.0
191.0
212.0
209.0
209.0
181.0
116.0
111.0
72.0
70.0
112.0
129.0
166.0
160.0
158.0
229.0
206.0
177.0
194.0
133.0
106.0
149.0
143.0
99.0
50.0
68.0
117.0
114.0
151.0
183.0
153.0
134.0
115.0
106.0
110.0
94.0
102.0
78.0
69.0
129.0
127.0
109.0
154.0
135.0
115.0
101.0
67.0
59.0
27.0
-14.0
7.0
44.0
69.0
55.0
46.0
60.0
59.0
73.0
37.0
-26.0
-13.0
-1.0
-67.0
-77.0
-77.0
-64.0
-15.0
-30.0
-14.0
10.0
10.0
22.0
1.0
6.0
11.0
-34.0
-29.0
-6.0
-30.0
-39.0
-50.0
-32.0
5.0
-22.0
-19.0
-12.0
-34.0
-39.0
-75.0
-70.0
-45.0
-84.0
-78.0
-41.0
-36.0
-12.0
-4.0
-13.0
-44.0
-63.0
-39.0
-42.0
-73.0
-67.0
-82.0
-99.0
-73.0
-50.0
-19.0
-18.0
-27.0
-22.0
-44.0
-65.0
-67.0
-95.0
-75.0
-79.0
-111.0
-110.0
-112.0
-80.0
-40.0
-63.0
-66.0
-80.0
-90.0
-69.0
-100.0
-100.0
-75.0
-99.0
-101.0
-97.0
-88.0
-26.0
-10.0
-8.0
-6.0
-58.0
-71.0
-90.0
-100.0
-67.0
-74.0
-66.0
-63.0
-77.0
-15.0
-4.0
-15.0
17.0
-20.0
-79.0
-99.0
-123.0
-115.0
-106.0
-91.0
-62.0
-58.0
-28.0
-8.0
-31.0
-6.0
4.0
16.0
28.0
-35.0
-74.0
-79.0
-105.0
-78.0
-67.0
-59.0
-32.0
-27.0
-17.0
-27.0
-84.0
-58.0
-23.0
-32.0
-36.0
-64.0
-86.0
-81.0
-106.0
-107.0
-90.0
-87.0
-68.0
-92.0
-113.0
-112.0
-118.0
-86.0
-86.0
-101.0
-74.0
-87.0
-53.0
-12.0
-22.0
-24.0
-26.0
-29.0
-39.0
-85.0
-82.0
-53.0
-61.0
-37.0
-60.0
-118.0
-81.0
-58.0
-36.0
-7.0
1.0
18.0
-21.0
-19.0
10.0
-26.0
-56.0
-85.0
-139.0
-125.0
-95.0
-103.0
-72.0
-46.0
-42.0
-58.0
-82.0
-23.0
6.0
-2.0
-2.0
-27.0
-44.0
-49.0
-70.0
-49.0
-30.0
-50.0
-53.0
-86.0
-76.0
-42.0
-79.0
-64.0
-31.0
-62.0
-42.0
8.0
54.0
67.0
24.0
23.0
-17.0
-44.0
-45.0
-93.0
-106.0
-92.0
-100.0
-81.0
-93.0
-111.0
-46.0
-15.0
-61.0
-88.0
-86.0
-76.0
-87.0
-84.0
-51.0
-68.0
-43.0
-18.0
-74.0
-72.0
-40.0
-51.0
-70.0
-126.0
-163.0
-167.0
-190.0
-188.0
-219.0
-206.0
-132.0
-119.0
-89.0
-41.0
-38.0
-10.0
-6.0
-42.0
-56.0
-111.0
-126.0
-146.0
-200.0
-190.0
-202.0
-203.0
-169.0
-148.0
-122.0
-103.0
-104.0
-92.0
-99.0
-139.0
-131.0
-156.0
-209.0
-216.0
-215.0
-187.0
-200.0
-239.0
-212.0
-195.0
-164.0
-166.0
-185.0
-172.0
-197.0
-213.0
-210.0
-220.0
-200.0
-175.0
-201.0
-184.0
-174.0
-183.0
-122.0
-91.0
-108.0
-138.0
-191.0
-214.0
-252.0
-275.0
-242.0
-265.0
-279.0
-259.0
-238.0
-181.0
-157.0
-133.0
-142.0
-197.0
-201.0
-206.0
-258.0
-286.0
-314.0
-321.0
-318.0
-341.0
-341.0
-301.0
-265.0
-181.0
-143.0
-150.0
-147.0
-187.0
-207.0
-239.0
-309.0
-265.0
-204.0
-246.0
-278.0
-289.0
-247.0
-192.0
-191.0
-155.0
-114.0
-126.0
-126.0
-122.0
-61.0
-46.0
-128.0
-140.0
-136.0
-168.0
-161.0
-146.0
-155.0
-121.0
-105.0
-85.0
-96.0
-89.0
-69.0
-125.0
-88.0
-52.0
-78.0
-56.0
-52.0
-53.0
-67.0
-76.0
-44.0
-46.0
-49.0
-1.0
-13.0
-24.0
9.0
-3.0
19.0
24.0
-38.0
-24.0
-15.0
-24.0
5.0
-6.0
19.0
61.0
40.0
54.0
83.0
111.0
131.0
99.0
110.0
147.0
103.0
64.0
54.0
56.0
68.0
69.0
105.0
114.0
81.0
105.0
137.0
146.0
168.0
152.0
137.0
135.0
93.0
82.0
77.0
83.0
96.0
118.0
157.0
163.0
143.0
165.0
158.0
175.0
206.0
168.0
154.0
163.0
148.0
135.0
120.0
116.0
155.0
164.0
193.0
201.0
187.0
240.0
242.0
212.0
241.0
241.0
245.0
253.0
229.0
238.0
228.0
210.0
240.0
260.0
298.0
305.0
279.0
288.0
303.0
318.0
319.0
267.0
268.0
278.0
269.0
274.0
262.0
278.0
298.0
280.0
295.0
294.0
264.0
281.0
287.0
256.0
250.0
218.0
233.0
262.0
240.0
261.0
280.0
276.0
287.0
254.0
258.0
293.0
305.0
362.0
342.0
300.0
322.0
327.0
316.0
323.0
320.0
340.0
323.0
296.0
303.0
271.0
244.0
246.0
226.0
216.0
194.0
206.0
244.0
223.0
231.0
267.0
271.0
283.0
272.0
244.0
270.0
286.0
281.0
259.0
240.0
270.0
244.0
222.0
254.0
272.0
294.0
314.0
312.0
298.0
242.0
221.0
243.0
218.0
204.0
175.0
119.0
140.0
154.0
169.0
237.0
261.0
257.0
253.0
257.0
285.0
262.0
237.0
247.0
224.0
208.0
171.0
131.0
150.0
161.0
184.0
210.0
200.0
237.0
246.0
220.0
214.0
183.0
164.0
175.0
157.0
140.0
125.0
124.0
183.0
181.0
157.0
177.0
201.0
247.0
248.0
181.0
156.0
98.0
98.0
124.0
106.0
131.0
173.0
182.0
215.0
247.0
250.0
274.0
278.0
262.0
239.0
180.0
173.0
173.0
160.0
149.0
102.0
108.0
141.0
141.0
134.0
111.0
122.0
157.0
143.0
118.0
97.0
88.0
115.0
91.0
86.0
128.0
108.0
96.0
125.0
149.0
182.0
174.0
160.0
165.0
129.0
137.0
157.0
126.0
128.0
131.0
120.0
103.0
72.0
90.0
116.0
103.0
129.0
147.0
158.0
152.0
120.0
122.0
131.0
115.0
101.0
67.0
48.0
29.0
-16.0
-24.0
-22.0
-42.0
-16.0
10.0
23.0
39.0
24.0
32.0
38.0
18.0
26.0
36.0
50.0
92.0
79.0
66.0
49.0
38.0
71.0
82.0
56.0
52.0
36.0
38.0
36.0
38.0
78.0
44.0
-9.0
15.0
0.0
3.0
7.0
-22.0
5.0
32.0
52.0
77.0
45.0
59.0
79.0
30.0
38.0
42.0
14.0
22.0
21.0
53.0
64.0
20.0
22.0
18.0
16.0
29.0
-20.0
2.0
39.0
18.0
34.0
45.0
60.0
96.0
56.0
45.0
67.0
68.0
109.0
88.0
64.0
46.0
-1.0
-4.0
-23.0
-27.0
13.0
3.0
-29.0
-13.0
7.0
38.0
59.0
61.0
91.0
101.0
83.0
71.0
26.0
16.0
1.0
-21.0
-27.0
-65.0
-73.0
-68.0
-80.0
-28.0
2.0
-7.0
15.0
11.0
2.0
4.0
-26.0
-4.0
8.0
-19.0
3.0
-7.0
-26.0
-15.0
-18.0
4.0
1.0
-30.0
-8.0
-17.0
-12.0
15.0
-30.0
-43.0
-34.0
-48.0
-15.0
6.0
7.0
18.0
7.0
10.0
15.0
-11.0
-34.0
-54.0
-41.0
-15.0
-22.0
7.0
35.0
33.0
44.0
58.0
83.0
108.0
71.0
33.0
-14.0
-49.0
-23.0
-18.0
-22.0
-7.0
-7.0
39.0
54.0
45.0
72.0
60.0
55.0
80.0
49.0
40.0
26.0
-1.0
22.0
14.0
2.0
16.0
-6.0
3.0
8.0
-3.0
29.0
15.0
1.0
13.0
3.0
23.0
14.0
-20.0
13.0
27.0
28.0
41.0
8.0
-5.0
-1.0
-18.0
15.0
2.0
3.0
29.0
-10.0
-15.0
-6.0
-26.0
-15.0
-33.0
-41.0
-14.0
-31.0
-27.0
-26.0
-44.0
-10.0
9.0
-3.0
41.0
62.0
79.0
98.0
94.0
108.0
84.0
51.0
40.0
2.0
15.0
15.0
-43.0
-43.0
-31.0
-4.0
36.0
55.0
93.0
106.0
117.0
155.0
144.0
109.0
89.0
42.0
31.0
22.0
-31.0
-37.0
-16.0
20.0
70.0
70.0
88.0
95.0
74.0
94.0
92.0
96.0
95.0
52.0
38.0
45.0
25.0
8.0
6.0
43.0
68.0
48.0
59.0
98.0
89.0
75.0
51.0
43.0
53.0
22.0
30.0
42.0
34.0
44.0
32.0
42.0
73.0
55.0
55.0
60.0
58.0
70.0
59.0
72.0
58.0
8.0
29.0
58.0
50.0
48.0
16.0
10.0
30.0
-4.0
24.0
49.0
40.0
56.0
62.0
88.0
131.0
111.0
106.0
93.0
72.0
76.0
29.0
4.0
36.0
17.0
29.0
54.0
46.0
98.0
128.0
136.0
140.0
109.0
76.0
31.0
-7.0
-15.0
-49.0
-54.0
-37.0
-62.0
-52.0
-40.0
-40.0
-2.0
30.0
60.0
64.0
-28.0
-84.0
-106.0
-150.0
-148.0
-154.0
-134.0
-88.0
-98.0
-62.0
-41.0
-36.0
29.0
26.0
-26.0
-71.0
-102.0
-88.0
-106.0
-131.0
-128.0
-158.0
-158.0
-115.0
-107.0
-73.0
-64.0
-100.0
-97.0
-111.0
-124.0
-137.0
-180.0
-181.0
-182.0
-185.0
-144.0
-137.0
-115.0
-74.0
-73.0
-40.0
-41.0
-84.0
-97.0
-139.0
-166.0
-152.0
-170.0
-167.0
-162.0
-155.0
-135.0
-136.0
-89.0
-44.0
-58.0
-54.0
-72.0
-131.0
-166.0
-212.0
-205.0
-158.0
-174.0
-183.0
-158.0
-163.0
-148.0
-140.0
-125.0
-133.0
-215.0
-244.0
-250.0
-257.0
-229.0
-228.0
-228.0
-235.0
-260.0
-215.0
-184.0
-167.0
-125.0
-129.0
-135.0
-143.0
-167.0
-180.0
-183.0
-192.0
-200.0
-248.0
-260.0
-267.0
-287.0
-260.0
-260.0
-266.0
-238.0
-250.0
-262.0
-271.0
-300.0
-288.0
-277.0
-320.0
-316.0
-313.0
-310.0
-303.0
-301.0
-253.0
-233.0
-228.0
-210.0
-224.0
-223.0
-209.0
-221.0
-215.0
-230.0
-237.0
-211.0
-238.0
-265.0
-272.0
-287.0
-263.0
-267.0
-275.0
-248.0
-272.0
-265.0
-231.0
-283.0
-291.0
-288.0
-309.0
-313.0
-331.0
-336.0
-313.0
-326.0
-299.0
-272.0
-276.0
-273.0
-274.0
-250.0
-230.0
-286.0
-277.0
-276.0
-314.0
-295.0
-296.0
-289.0
-294.0
-307.0
-238.0
-212.0
-252.0
-251.0
-265.0
-293.0
-347.0
-408.0
-373.0
-352.0
-358.0
-351.0
-362.0
-335.0
-318.0
-329.0
-294.0
-299.0
-335.0
-330.0
-355.0
-345.0
-330.0
-371.0
-361.0
-378.0
-397.0
-344.0
-312.0
-298.0
-300.0
-335.0
-355.0
-334.0
-334.0
-358.0
-390.0
-363.0
-322.0
-300.0
-247.0
-216.0
-219.0
-214.0
-248.0
-281.0
-289.0
-303.0
-286.0
-301.0
-313.0
-281.0
-301.0
-300.0
-264.0
-251.0
-231.0
-230.0
-259.0
-285.0
-329.0
-326.0
-299.0
-323.0
-308.0
-308.0
-329.0
-306.0
-307.0
-286.0
-265.0
-279.0
-262.0
-297.0
-344.0
-333.0
-327.0
-305.0
-301.0
-325.0
-317.0
-311.0
-291.0
-279.0
-294.0
-267.0
-253.0
-334.0
-384.0
-342.0
-288.0
-251.0
-261.0
-267.0
-300.0
-362.0
-347.0
-315.0
-308.0
-276.0
-262.0
-250.0
-260.0
-293.0
-285.0
-301.0
-324.0
-308.0
-334.0
-343.0
-341.0
-354.0
-338.0
-333.0
-338.0
-296.0
-269.0
-276.0
-257.0
-268.0
-285.0
-310.0
-318.0
-295.0
-313.0
-285.0
-253.0
-272.0
-264.0
-249.0
-248.0
-242.0
-276.0
-258.0
-242.0
-277.0
-278.0
-255.0
-263.0
-282.0
-290.0
-256.0
-243.0
-281.0
-293.0
-342.0
-390.0
-308.0
-282.0
-295.0
-270.0
-265.0
-241.0
-251.0
-271.0
-270.0
-252.0
-213.0
-187.0
-225.0
-225.0
-224.0
-261.0
-267.0
-276.0
-266.0
-217.0
-203.0
-195.0
-200.0
-199.0
-173.0
-193.0
-197.0
-195.0
-244.0
-230.0
-208.0
-222.0
-219.0
-230.0
-200.0
-144.0
-175.0
-198.0
-120.0
-65.0
-52.0
-105.0
-157.0
-210.0
-277.0
-254.0
-237.0
-234.0
-231.0
-235.0
-211.0
-168.0
-138.0
-74.0
-71.0
-95.0
-97.0
-134.0
-156.0
-159.0
-208.0
-228.0
-231.0
-215.0
-175.0
-192.0
-192.0
-156.0
-142.0
-120.0
-129.0
-154.0
-130.0
-147.0
-174.0
-177.0
-183.0
-136.0
-103.0
-86.0
-29.0
-53.0
-90.0
-78.0
-111.0
-163.0
-204.0
-210.0
-176.0
-195.0
-203.0
-182.0
-173.0
-129.0
-137.0
-132.0
-64.0
-91.0
-124.0
-156.0
-220.0
-220.0
-184.0
-197.0
-143.0
-110.0
-103.0
-93.0
-75.0
-39.0
-21.0
-7.0
-10.0
-49.0
-70.0
-81.0
-112.0
-77.0
-67.0
-80.0
-50.0
-45.0
-29.0
-9.0
-30.0
-7.0
-3.0
-26.0
-63.0
-145.0
-128.0
-100.0
-135.0
-123.0
-118.0
-133.0
-99.0
-84.0
-39.0
-12.0
-26.0
-17.0
-31.0
-50.0
-34.0
-42.0
-33.0
-17.0
-31.0
-10.0
5.0
42.0
92.0
60.0
59.0
67.0
36.0
37.0
46.0
42.0
22.0
-4.0
-2.0
39.0
44.0
72.0
98.0
105.0
128.0
112.0
110.0
81.0
-4.0
-17.0
-24.0
-29.0
-1.0
-13.0
-20.0
-14.0
-17.0
48.0
79.0
96.0
125.0
76.0
36.0
27.0
-1.0
15.0
13.0
12.0
35.0
60.0
105.0
120.0
103.0
134.0
164.0
122.0
108.0
113.0
82.0
36.0
-4.0
20.0
3.0
14.0
77.0
75.0
81.0
113.0
148.0
152.0
56.0
14.0
0.0
-55.0
-34.0
-4.0
-23.0
-6.0
-2.0
14.0
63.0
74.0
129.0
171.0
153.0
166.0
136.0
94.0
52.0
-51.0
-88.0
-67.0
-58.0
-56.0
-74.0
-83.0
-45.0
-25.0
19.0
61.0
43.0
62.0
69.0
50.0
55.0
37.0
18.0
-22.0
-38.0
6.0
3.0
-4.0
18.0
13.0
21.0
35.0
6.0
-11.0
-43.0
-54.0
-21.0
-18.0
1.0
15.0
-3.0
-6.0
-45.0
-83.0
-49.0
-86.0
-106.0
-85.0
-84.0
-87.0
-90.0
-58.0
-59.0
-71.0
2.0
23.0
-18.0
-40.0
-84.0
-130.0
-149.0
-211.0
-220.0
-188.0
-179.0
-147.0
-116.0
-98.0
-33.0
-44.0
-73.0
-89.0
-98.0
-91.0
-122.0
-146.0
-115.0
-127.0
-119.0
-95.0
-111.0
-73.0
-53.0
-49.0
-47.0
-93.0
-109.0
-124.0
-171.0
-149.0
-165.0
-173.0
-116.0
-117.0
-109.0
-97.0
-96.0
-68.0
-82.0
-66.0
-53.0
-109.0
-131.0
-125.0
-142.0
-142.0
-159.0
-140.0
-107.0
-120.0
-86.0
-53.0
-73.0
-67.0
-73.0
-88.0
-107.0
-173.0
-176.0
-159.0
-180.0
-173.0
-178.0
-182.0
-175.0
-184.0
-189.0
-201.0
-192.0
-186.0
-202.0
-186.0
-173.0
-201.0
-193.0
-176.0
-181.0
-143.0
-158.0
-197.0
-194.0
-194.0
-179.0
-166.0
-193.0
-183.0
-197.0
-232.0
-216.0
-210.0
-175.0
-183.0
-197.0
-141.0
-156.0
-171.0
-120.0
-144.0
-191.0
-231.0
-254.0
-229.0
-217.0
-207.0
-175.0
-165.0
-124.0
-121.0
-153.0
-108.0
-90.0
-80.0
-90.0
-131.0
-156.0
-164.0
-202.0
-206.0
-203.0
-199.0
-187.0
-168.0
-98.0
-69.0
-91.0
-78.0
-71.0
-70.0
-88.0
-151.0
-163.0
-190.0
-230.0
-211.0
-207.0
-199.0
-191.0
-217.0
-204.0
-158.0
-125.0
-72.0
-81.0
-67.0
-34.0
-73.0
-82.0
-86.0
-99.0
-78.0
-92.0
-103.0
-86.0
-110.0
-94.0
-15.0
9.0
17.0
-16.0
-43.0
-49.0
-77.0
-75.0
-72.0
-68.0
-33.0
-49.0
-33.0
23.0
20.0
55.0
88.0
58.0
37.0
23.0
-21.0
-45.0
-111.0
-126.0
-102.0
-109.0
-72.0
-51.0
-6.0
32.0
-6.0
24.0
67.0
58.0
67.0
31.0
-16.0
-9.0
-8.0
-6.0
-27.0
-68.0
-48.0
-31.0
-8.0
23.0
20.0
37.0
74.0
80.0
68.0
29.0
24.0
41.0
18.0
26.0
50.0
48.0
71.0
60.0
35.0
22.0
-4.0
17.0
22.0
5.0
27.0
8.0
7.0
80.0
112.0
147.0
138.0
96.0
115.0
115.0
92.0
79.0
55.0
55.0
56.0
50.0
78.0
58.0
61.0
101.0
87.0
94.0
100.0
100.0
125.0
89.0
108.0
143.0
127.0
149.0
192.0
198.0
227.0
238.0
242.0
227.0
192.0
203.0
167.0
106.0
95.0
93.0
113.0
117.0
97.0
111.0
124.0
111.0
130.0
133.0
145.0
177.0
168.0
197.0
194.0
177.0
226.0
230.0
232.0
231.0
202.0
205.0
217.0
225.0
257.0
219.0
199.0
215.0
176.0
163.0
157.0
127.0
137.0
120.0
146.0
173.0
152.0
191.0
229.0
218.0
259.0
261.0
240.0
268.0
274.0
251.0
206.0
184.0
180.0
171.0
202.0
200.0
181.0
212.0
201.0
171.0
188.0
169.0
165.0
155.0
124.0
125.0
90.0
61.0
126.0
140.0
138.0
175.0
184.0
208.0
203.0
173.0
180.0
138.0
124.0
135.0
118.0
135.0
126.0
115.0
155.0
155.0
160.0
210.0
202.0
210.0
225.0
219.0
220.0
182.0
169.0
177.0
138.0
159.0
177.0
156.0
188.0
206.0
206.0
238.0
225.0
212.0
206.0
191.0
191.0
167.0
145.0
147.0
139.0
157.0
174.0
178.0
209.0
208.0
231.0
255.0
235.0
231.0
190.0
134.0
121.0
85.0
83.0
119.0
108.0
128.0
135.0
135.0
206.0
216.0
203.0
218.0
194.0
194.0
176.0
137.0
138.0
136.0
129.0
126.0
107.0
125.0
153.0
181.0
200.0
201.0
223.0
234.0
207.0
189.0
147.0
128.0
139.0
119.0
136.0
137.0
118.0
166.0
188.0
174.0
174.0
159.0
181.0
210.0
162.0
155.0
166.0
179.0
208.0
186.0
206.0
209.0
162.0
159.0
163.0
161.0
181.0
170.0
174.0
209.0
176.0
177.0
187.0
172.0
160.0
136.0
146.0
164.0
148.0
159.0
194.0
191.0
192.0
191.0
227.0
265.0
232.0
207.0
209.0
218.0
220.0
195.0
178.0
181.0
172.0
202.0
249.0
286.0
304.0
261.0
257.0
268.0
236.0
234.0
204.0
204.0
250.0
225.0
230.0
252.0
251.0
306.0
336.0
320.0
334.0
307.0
285.0
304.0
271.0
245.0
191.0
135.0
136.0
129.0
164.0
214.0
210.0
251.0
273.0
259.0
251.0
206.0
166.0
149.0
126.0
121.0
107.0
109.0
141.0
98.0
110.0
200.0
228.0
237.0
213.0
167.0
138.0
101.0
122.0
141.0
107.0
133.0
141.0
132.0
152.0
164.0
188.0
209.0
203.0
243.0
261.0
260.0
277.0
251.0
206.0
153.0
116.0
139.0
127.0
134.0
138.0
81.0
86.0
114.0
92.0
113.0
100.0
81.0
91.0
50.0
50.0
81.0
58.0
79.0
92.0
76.0
82.0
69.0
65.0
58.0
30.0
84.0
66.0
3.0
42.0
64.0
91.0
114.0
107.0
134.0
144.0
106.0
65.0
20.0
29.0
40.0
11.0
24.0
31.0
32.0
78.0
61.0
56.0
74.0
36.0
37.0
46.0
26.0
15.0
-26.0
-16.0
-3.0
-4.0
58.0
91.0
98.0
115.0
82.0
73.0
87.0
71.0
72.0
48.0
-7.0
20.0
21.0
6.0
34.0
49.0
73.0
69.0
67.0
76.0
37.0
24.0
42.0
13.0
22.0
49.0
53.0
64.0
55.0
79.0
98.0
87.0
125.0
109.0
63.0
53.0
22.0
3.0
-10.0
-49.0
-43.0
-46.0
-35.0
7.0
-1.0
16.0
45.0
42.0
45.0
-1.0
-47.0
-22.0
-39.0
-68.0
-61.0
-67.0
-44.0
-38.0
-31.0
-13.0
-23.0
10.0
17.0
-22.0
-18.0
-1.0
8.0
-8.0
-49.0
-65.0
-60.0
-40.0
-3.0
-1.0
-10.0
-14.0
-67.0
-75.0
-50.0
-48.0
-49.0
-81.0
-80.0
-30.0
-53.0
-52.0
-32.0
-43.0
-34.0
-60.0
-63.0
-61.0
-84.0
-71.0
-82.0
-93.0
-63.0
-78.0
-91.0
-54.0
-64.0
-39.0
4.0
-6.0
17.0
8.0
-10.0
-15.0
-97.0
-140.0
-117.0
-124.0
-114.0
-119.0
-140.0
-106.0
-69.0
-49.0
-41.0
-54.0
-50.0
-67.0
-95.0
-107.0
-118.0
-112.0
-112.0
-137.0
-122.0
-134.0
-136.0
-78.0
-78.0
-62.0
-38.0
-74.0
-105.0
-157.0
-162.0
-125.0
-164.0
-196.0
-198.0
-193.0
-151.0
-147.0
-112.0
-73.0
-92.0
-108.0
-126.0
-143.0
-125.0
-167.0
-201.0
-177.0
-203.0
-209.0
-195.0
-191.0
-180.0
-180.0
-138.0
-87.0
-112.0
-127.0
-149.0
-208.0
-230.0
-274.0
-286.0
-247.0
-265.0
-270.0
-248.0
-232.0
-208.0
-222.0
-221.0
-193.0
-208.0
-200.0
-201.0
-215.0
-219.0
-238.0
-250.0
-248.0
-256.0
-226.0
-195.0
-207.0
-213.0
-237.0
-234.0
-196.0
-210.0
-231.0
-233.0
-257.0
-258.0
-297.0
-308.0
-274.0
-271.0
-226.0
-214.0
-247.0
-229.0
-244.0
-247.0
-219.0
-238.0
-234.0
-241.0
-266.0
-249.0
-260.0
-271.0
-250.0
-261.0
-253.0
-260.0
-270.0
-240.0
-269.0
-307.0
-281.0
-291.0
-320.0
-336.0
-343.0
-312.0
-316.0
-306.0
-277.0
-313.0
-293.0
-259.0
-280.0
-271.0
-288.0
-284.0
-253.0
-254.0
-256.0
-247.0
-263.0
-269.0
-274.0
-278.0
-256.0
-287.0
-298.0
-293.0
-300.0
-287.0
-285.0
-289.0
-266.0
-261.0
-224.0
-230.0
-277.0
-267.0
-259.0
-272.0
-262.0
-275.0
-262.0
-251.0
-247.0
-218.0
-230.0
-225.0
-200.0
-250.0
-273.0
-267.0
-280.0
-306.0
-348.0
-341.0
-286.0
-275.0
-264.0
-248.0
-232.0
-199.0
-185.0
-199.0
-211.0
-243.0
-261.0
-294.0
-340.0
-320.0
-308.0
-319.0
-317.0
-328.0
-304.0
-299.0
-323.0
-320.0
-338.0
-350.0
-347.0
-376.0
-363.0
-346.0
-355.0
-335.0
-344.0
-338.0
-298.0
-295.0
-270.0
-251.0
-266.0
-269.0
-307.0
-337.0
-323.0
-309.0
-286.0
-284.0
-295.0
-274.0
-280.0
-269.0
-215.0
-222.0
-228.0
-224.0
-253.0
-257.0
-266.0
-285.0
-294.0
-314.0
-293.0
-280.0
-307.0
-276.0
-281.0
-275.0
-231.0
-251.0
-233.0
-223.0
-256.0
-251.0
-263.0
-277.0
-239.0
-249.0
-292.0
-309.0
-298.0
-271.0
-298.0
-301.0
-272.0
-314.0
-301.0
-270.0
-281.0
-256.0
-256.0
-261.0
-247.0
-274.0
-280.0
-294.0
-322.0
-307.0
-297.0
-311.0
-325.0
-329.0
-313.0
-322.0
-330.0
-304.0
-325.0
-331.0
-317.0
-343.0
-326.0
-305.0
-304.0
-278.0
-299.0
-309.0
-274.0
-281.0
-281.0
-258.0
-254.0
-263.0
-279.0
-254.0
-237.0
-268.0
-268.0
-260.0
-254.0
-218.0
-232.0
-229.0
-192.0
-217.0
-190.0
-184.0
-226.0
-226.0
-232.0
-242.0
-236.0
-237.0
-240.0
-258.0
-251.0
-201.0
-209.0
-221.0
-224.0
-249.0
-234.0
-241.0
-256.0
-239.0
-244.0
-235.0
-199.0
-191.0
-175.0
-191.0
-248.0
-241.0
-275.0
-295.0
-266.0
-275.0
-258.0
-250.0
-253.0
-242.0
-221.0
-185.0
-160.0
-188.0
-194.0
-190.0
-210.0
-203.0
-218.0
-223.0
-203.0
-197.0
-175.0
-190.0
-208.0
-162.0
-144.0
-119.0
-87.0
-129.0
-172.0
-189.0
-186.0
-147.0
-154.0
-155.0
-124.0
-138.0
-153.0
-156.0
-147.0
-125.0
-150.0
-162.0
-147.0
-178.0
-194.0
-208.0
-215.0
-179.0
-181.0
-169.0
-153.0
-174.0
-144.0
-122.0
-119.0
-107.0
-158.0
-213.0
-220.0
-227.0
-214.0
-239.0
-243.0
-224.0
-229.0
-207.0
-154.0
-125.0
-92.0
-100.0
-149.0
-177.0
-222.0
-238.0
-227.0
-250.0
-252.0
-254.0
-265.0
-228.0
-211.0
-181.0
-154.0
-175.0
-182.0
-190.0
-231.0
-240.0
-263.0
-251.0
-225.0
-245.0
-243.0
-258.0
-256.0
-203.0
-196.0
-174.0
-148.0
-175.0
-181.0
-194.0
-228.0
-232.0
-252.0
-242.0
-215.0
-209.0
-177.0
-177.0
-184.0
-158.0
-168.0
-167.0
-161.0
-184.0
-171.0
-195.0
-216.0
-185.0
-196.0
-207.0
-212.0
-213.0
-176.0
-155.0
-139.0
-114.0
-120.0
-109.0
-102.0
-127.0
-116.0
-130.0
-157.0
-135.0
-125.0
-112.0
-91.0
-111.0
-100.0
-98.0
-100.0
-84.0
-101.0
-82.0
-53.0
-71.0
-87.0
-103.0
-102.0
-95.0
-97.0
-64.0
-18.0
-26.0
-11.0
-41.0
-83.0
-81.0
-104.0
-108.0
-102.0
-121.0
-129.0
-146.0
-154.0
-99.0
-70.0
-61.0
-34.0
-34.0
-50.0
-99.0
-131.0
-103.0
-122.0
-133.0
-149.0
-172.0
-124.0
-89.0
-64.0
-30.0
-50.0
-45.0
-21.0
-49.0
-43.0
-67.0
-107.0
-110.0
-163.0
-193.0
-166.0
-153.0
-126.0
-100.0
-64.0
-44.0
-63.0
-36.0
-4.0
-25.0
-26.0
-68.0
-76.0
-84.0
-122.0
-102.0
-69.0
-52.0
-1.0
-21.0
-50.0
-34.0
-54.0
-73.0
-79.0
-106.0
-94.0
-91.0
-102.0
-105.0
-131.0
-111.0
-81.0
-91.0
-79.0
-91.0
-98.0
-65.0
-89.0
-81.0
-59.0
-77.0
-45.0
-47.0
-60.0
-22.0
-11.0
-2.0
-4.0
-25.0
-14.0
-19.0
-10.0
16.0
5.0
5.0
13.0
-11.0
17.0
23.0
35.0
64.0
49.0
64.0
91.0
64.0
50.0
29.0
8.0
31.0
10.0
30.0
88.0
78.0
95.0
110.0
101.0
101.0
48.0
44.0
61.0
17.0
35.0
61.0
53.0
72.0
71.0
76.0
88.0
90.0
122.0
112.0
120.0
144.0
117.0
112.0
114.0
96.0
103.0
85.0
94.0
129.0
121.0
157.0
158.0
120.0
156.0
145.0
114.0
125.0
109.0
90.0
57.0
41.0
87.0
95.0
102.0
153.0
180.0
168.0
139.0
117.0
136.0
124.0
78.0
91.0
98.0
134.0
164.0
129.0
130.0
133.0
149.0
178.0
158.0
167.0
167.0
133.0
133.0
149.0
154.0
163.0
152.0
141.0
141.0
146.0
184.0
172.0
162.0
186.0
161.0
145.0
130.0
119.0
148.0
132.0
127.0
174.0
154.0
142.0
136.0
106.0
140.0
134.0
90.0
116.0
130.0
114.0
97.0
99.0
136.0
132.0
120.0
133.0
95.0
90.0
109.0
109.0
142.0
137.0
123.0
149.0
130.0
136.0
167.0
155.0
165.0
153.0
126.0
139.0
126.0
131.0
158.0
158.0
167.0
146.0
159.0
196.0
164.0
149.0
151.0
136.0
152.0
118.0
79.0
106.0
100.0
104.0
141.0
131.0
0.0
0.0
0.0
0.0
0.0
0.0
0.0
0.0
0.0
0.0
0.0
0.0
0.0
0.0
0.0
0.0
0.0
0.0
0.0
0.0
0.0
0.0
0.0
0.0
0.0
0.0
0.0
0.0
0.0
0.0
0.0
0.0
0.0
0.0
0.0
0.0
0.0
0.0
0.0
0.0
0.0
0.0
0.0
0.0
0.0
0.0
0.0
0.0
0.0
0.0
0.0
0.0
0.0
0.0
0.0
0.0
0.0
0.0
0.0
0.0
0.0
0.0
0.0
0.0
0.0
0.0
0.0
0.0
0.0
0.0
0.0
0.0
0.0
0.0
0.0
0.0
0.0
0.0
0.0
0.0
0.0
0.0
0.0
0.0
0.0
0.0
0.0
0.0
0.0
0.0
0.0
0.0
0.0
0.0
0.0
0.0
0.0
0.0
0.0
0.0
0.0
0.0
0.0
0.0
0.0
0.0
0.0
0.0
0.0
0.0
0.0
0.0
0.0
0.0
0.0
0.0
0.0
0.0
0.0
0.0
0.0
0.0
0.0
0.0
0.0
0.0
0.0
0.0
