-513.0
-518.0
-517.0
-494.0
-478.0
-447.0
-444.0
-466.0
-431.0
-426.0
-434.0
-445.0
-442.0
-421.0
-415.0
-379.0
-352.0
-383.0
-420.0
-408.0
-351.0
-363.0
-423.0
-403.0
-388.0
-427.0
-436.0
-405.0
-379.0
-367.0
-414.0
-408.0
-389.0
-404.0
-375.0
-389.0
-450.0
-411.0
-363.0
-335.0
-353.0
-382.0
-355.0
-341.0
-334.0
-309.0
-333.0
-341.0
-334.0
-336.0
-309.0
-317.0
-331.0
-283.0
-316.0
-347.0
-338.0
-301.0
-284.0
-352.0
-355.0
-286.0
-293.0
-313.0
-306.0
-324.0
-298.0
-301.0
-308.0
-315.0
-320.0
-281.0
-264.0
-278.0
-259.0
-284.0
-270.0
-231.0
-268.0
-263.0
-229.0
-265.0
-266.0
-265.0
-266.0
-267.0
-297.0
-295.0
-292.0
-333.0
-325.0
-298.0
-310.0
-309.0
-327.0
-355.0
-378.0
-415.0
-393.0
-409.0
-423.0
-377.0
-366.0
-380.0
-388.0
-408.0
-404.0
-371.0
-374.0
-402.0
-425.0
-411.0
-419.0
-409.0
-372.0
-393.0
-412.0
-378.0
-391.0
-375.0
-333.0
-342.0
-319.0
-369.0
-404.0
-335.0
-323.0
-291.0
-317.0
-348.0
-302.0
-298.0
-282.0
-251.0
-286.0
-299.0
-290.0
-274.0
-281.0
-283.0
-260.0
-252.0
-272.0
-213.0
-172.0
-206.0
-209.0
-172.0
-188.0
-190.0
-178.0
-165.0
-170.0
-194.0
-202.0
-215.0
-205.0
-169.0
-222.0
-231.0
-201.0
-215.0
-204.0
-204.0
-183.0
-161.0
-214.0
-233.0
-190.0
-176.0
-163.0
-186.0
-216.0
-219.0
-213.0
-177.0
-147.0
-184.0
-178.0
-182.0
-177.0
-171.0
-188.0
-188.0
-160.0
-191.0
-211.0
-183.0
-171.0
-158.0
-177.0
-191.0
-203.0
-230.0
-233.0
-220.0
-199.0
-191.0
-202.0
-206.0
-180.0
-175.0
-176.0
-191.0
-184.0
-165.0
-177.0
-135.0
-127.0
-134.0
-79.0
-48.0
-70.0
-119.0
-126.0
-108.0
-120.0
-104.0
-73.0
-90.0
-99.0
-76.0
-66.0
-65.0
-62.0
-90.0
-96.0
-135.0
-141.0
-66.0
-84.0
-87.0
-97.0
-93.0
-42.0
-68.0
-67.0
-53.0
-106.0
-108.0
-117.0
-143.0
-127.0
-122.0
-106.0
-102.0
-141.0
-107.0
-69.0
-133.0
-145.0
-135.0
-125.0
-116.0
-120.0
-105.0
-108.0
-113.0
-84.0
-86.0
-83.0
-43.0
-55.0
-66.0
-88.0
-109.0
-83.0
-92.0
-112.0
-92.0
-89.0
-72.0
-54.0
-69.0
-18.0
-30.0
-50.0
-31.0
-76.0
-62.0
-21.0
-49.0
-59.0
-74.0
-76.0
-66.0
-84.0
-56.0
-82.0
-115.0
-86.0
-108.0
-125.0
-91.0
-135.0
-110.0
-70.0
-140.0
-120.0
-87.0
-110.0
-112.0
-120.0
-91.0
-59.0
-61.0
-18.0
-54.0
-97.0
-45.0
-35.0
-37.0
-20.0
-33.0
-25.0
-56.0
-65.0
-7.0
-33.0
-80.0
-68.0
-71.0
-73.0
-99.0
-93.0
-59.0
-77.0
-88.0
-72.0
-83.0
-68.0
-72.0
-98.0
-64.0
-76.0
-117.0
-115.0
-73.0
-42.0
-82.0
-78.0
-40.0
-59.0
-54.0
-37.0
-59.0
-69.0
-86.0
-79.0
-48.0
-43.0
-105.0
-106.0
-65.0
-11.0
-48.0
-102.0
-105.0
-81.0
-37.0
-40.0
-53.0
-8.0
-16.0
-24.0
-16.0
-35.0
-29.0
-4.0
-23.0
-5.0
-4.0
-44.0
-42.0
-16.0
22.0
-8.0
-44.0
-37.0
-44.0
-25.0
21.0
-50.0
-54.0
-20.0
-59.0
-31.0
-52.0
-97.0
-89.0
-91.0
-91.0
-101.0
-109.0
-80.0
-97.0
-114.0
-90.0
-81.0
-93.0
-88.0
-79.0
-63.0
-67.0
-86.0
-91.0
-90.0
-69.0
-76.0
-67.0
-4.0
-38.0
-79.0
-63.0
-50.0
-27.0
-6.0
-26.0
-24.0
-24.0
-7.0
-17.0
-76.0
-64.0
-47.0
-52.0
-55.0
-93.0
-95.0
-65.0
-102.0
-67.0
-51.0
-73.0
-61.0
-77.0
-96.0
-74.0
-113.0
-105.0
-67.0
-90.0
-86.0
-92.0
-100.0
-79.0
-115.0
-117.0
-91.0
-97.0
-102.0
-134.0
-119.0
-97.0
-110.0
-109.0
-87.0
-79.0
-52.0
-51.0
-45.0
-59.0
-137.0
-106.0
-82.0
-95.0
-89.0
-122.0
-102.0
-43.0
-67.0
-89.0
-65.0
-79.0
-62.0
-57.0
-103.0
-91.0
-69.0
-59.0
-60.0
-85.0
-76.0
-72.0
-80.0
-59.0
-72.0
-80.0
-71.0
-79.0
-61.0
-80.0
-93.0
-43.0
-57.0
-69.0
-67.0
-71.0
-51.0
-117.0
-122.0
-55.0
-55.0
-68.0
-71.0
-66.0
4.0
3.0
-46.0
-22.0
-37.0
-24.0
30.0
2.0
-27.0
-20.0
1.0
35.0
-22.0
-66.0
-54.0
-69.0
-39.0
-29.0
-65.0
-65.0
-48.0
-34.0
-38.0
-38.0
7.0
-16.0
-65.0
-65.0
-91.0
-87.0
-86.0
-107.0
-79.0
-90.0
-87.0
-68.0
-113.0
-66.0
1.0
-22.0
-20.0
-33.0
-36.0
-23.0
-25.0
-16.0
-33.0
-76.0
-71.0
-69.0
-58.0
-24.0
-12.0
-14.0
-27.0
-39.0
-8.0
-15.0
-14.0
-32.0
-65.0
-52.0
-26.0
-58.0
-89.0
-77.0
-15.0
-9.0
-54.0
-56.0
-33.0
-21.0
-11.0
-27.0
-15.0
6.0
15.0
37.0
30.0
-26.0
-21.0
-14.0
-15.0
1.0
-8.0
-10.0
-20.0
-43.0
-35.0
-22.0
-49.0
-21.0
-14.0
-10.0
-14.0
-57.0
-17.0
-5.0
3.0
24.0
5.0
23.0
32.0
33.0
73.0
72.0
96.0
144.0
92.0
98.0
139.0
120.0
95.0
95.0
113.0
100.0
62.0
106.0
109.0
62.0
98.0
115.0
119.0
128.0
50.0
107.0
165.0
135.0
131.0
121.0
137.0
165.0
136.0
116.0
150.0
137.0
165.0
167.0
158.0
175.0
146.0
134.0
119.0
110.0
157.0
167.0
142.0
134.0
117.0
134.0
138.0
111.0
143.0
139.0
152.0
171.0
149.0
136.0
121.0
111.0
108.0
107.0
89.0
96.0
105.0
106.0
95.0
87.0
95.0
72.0
35.0
57.0
44.0
45.0
22.0
25.0
34.0
-10.0
-2.0
58.0
58.0
70.0
68.0
65.0
105.0
76.0
41.0
72.0
49.0
75.0
90.0
3.0
-12.0
31.0
60.0
56.0
14.0
16.0
-6.0
-20.0
11.0
7.0
18.0
24.0
10.0
11.0
12.0
56.0
65.0
-1.0
-11.0
16.0
-6.0
16.0
25.0
-3.0
44.0
56.0
33.0
44.0
-8.0
-3.0
36.0
-4.0
1.0
5.0
-8.0
3.0
-34.0
-42.0
-33.0
-38.0
4.0
-18.0
-29.0
3.0
20.0
23.0
33.0
4.0
-8.0
-11.0
5.0
40.0
-1.0
-2.0
52.0
81.0
91.0
56.0
30.0
46.0
75.0
94.0
76.0
74.0
128.0
130.0
120.0
109.0
98.0
105.0
78.0
93.0
121.0
81.0
81.0
107.0
107.0
108.0
96.0
105.0
137.0
155.0
177.0
146.0
118.0
194.0
212.0
172.0
164.0
146.0
181.0
291.0
409.0
559.0
654.0
633.0
611.0
618.0
621.0
621.0
630.0
635.0
595.0
521.0
464.0
341.0
258.0
219.0
124.0
70.0
39.0
-35.0
-60.0
-117.0
-178.0
-200.0
-237.0
-253.0
-285.0
-336.0
-337.0
-325.0
-320.0
-345.0
-402.0
-385.0
-396.0
-486.0
-443.0
-425.0
-447.0
-433.0
-482.0
-512.0
-485.0
-485.0
-505.0
-516.0
-496.0
-482.0
-496.0
-459.0
-470.0
-510.0
-501.0
-474.0
-474.0
-485.0
-467.0
-440.0
-447.0
-488.0
-460.0
-446.0
-442.0
-438.0
-484.0
-444.0
-397.0
-435.0
-435.0
-425.0
-401.0
-378.0
-441.0
-486.0
-459.0
-434.0
-428.0
-486.0
-495.0
-474.0
-529.0
-538.0
-497.0
-493.0
-510.0
-536.0
-554.0
-546.0
-526.0
-491.0
-482.0
-514.0
-532.0
-537.0
-500.0
-477.0
-512.0
-491.0
-485.0
-473.0
-411.0
-433.0
-455.0
-448.0
-470.0
-430.0
-399.0
-422.0
-435.0
-448.0
-427.0
-422.0
-467.0
-455.0
-435.0
-463.0
-470.0
-482.0
-470.0
-422.0
-439.0
-479.0
-496.0
-486.0
-447.0
-436.0
-417.0
-393.0
-414.0
-408.0
-396.0
-397.0
-386.0
-390.0
-401.0
-394.0
-375.0
-384.0
-413.0
-437.0
-413.0
-430.0
-449.0
-442.0
-440.0
-403.0
-420.0
-471.0
-448.0
-431.0
-422.0
-415.0
-455.0
-454.0
-437.0
-439.0
-420.0
-427.0
-420.0
-410.0
-438.0
-420.0
-430.0
-454.0
-450.0
-448.0
-402.0
-343.0
-411.0
-447.0
-420.0
-408.0
-381.0
-388.0
-381.0
-379.0
-419.0
-423.0
-423.0
-435.0
-440.0
-473.0
-448.0
-425.0
-465.0
-477.0
-495.0
-514.0
-440.0
-448.0
-465.0
-434.0
-441.0
-435.0
-412.0
-423.0
-378.0
-389.0
-408.0
-368.0
-397.0
-403.0
-401.0
-411.0
-404.0
-429.0
-425.0
-383.0
-396.0
-408.0
-410.0
-416.0
-407.0
-423.0
-401.0
-385.0
-404.0
-384.0
-383.0
-397.0
-331.0
-319.0
-327.0
-338.0
-368.0
-353.0
-346.0
-352.0
-305.0
-307.0
-334.0
-352.0
-388.0
-383.0
-371.0
-382.0
-343.0
-372.0
-424.0
-391.0
-401.0
-393.0
-380.0
-396.0
-391.0
-373.0
-344.0
-350.0
-367.0
-336.0
-346.0
-335.0
-286.0
-280.0
-308.0
-372.0
-372.0
-295.0
-308.0
-357.0
-345.0
-343.0
-328.0
-295.0
-331.0
-344.0
-344.0
-349.0
-315.0
-346.0
-377.0
-329.0
-310.0
-293.0
-302.0
-335.0
-310.0
-277.0
-284.0
-287.0
-269.0
-250.0
-299.0
-315.0
-265.0
-250.0
-269.0
-295.0
-351.0
-293.0
-277.0
-316.0
-296.0
-290.0
-284.0
-286.0
-325.0
-326.0
-304.0
-319.0
-306.0
-295.0
-294.0
-286.0
-312.0
-297.0
-273.0
-280.0
-269.0
-281.0
-269.0
-253.0
-300.0
-293.0
-275.0
-275.0
-263.0
-288.0
-282.0
-290.0
-311.0
-232.0
-253.0
-304.0
-259.0
-240.0
-230.0
-202.0
-219.0
-222.0
-197.0
-214.0
-204.0
-233.0
-252.0
-235.0
-257.0
-249.0
-202.0
-177.0
-187.0
-241.0
-275.0
-223.0
-215.0
-220.0
-228.0
-241.0
-198.0
-198.0
-213.0
-203.0
-201.0
-188.0
-209.0
-217.0
-195.0
-222.0
-232.0
-201.0
-227.0
-221.0
-208.0
-216.0
-188.0
-223.0
-240.0
-214.0
-205.0
-183.0
-185.0
-206.0
-218.0
-242.0
-217.0
-213.0
-233.0
-194.0
-181.0
-234.0
-208.0
-234.0
-261.0
-247.0
-244.0
-243.0
-228.0
-232.0
-227.0
-227.0
-241.0
-227.0
-235.0
-232.0
-220.0
-252.0
-242.0
-256.0
-277.0
-255.0
-254.0
-241.0
-209.0
-224.0
-266.0
-268.0
-219.0
-200.0
-223.0
-187.0
-219.0
-270.0
-242.0
-237.0
-228.0
-227.0
-257.0
-267.0
-272.0
-274.0
-279.0
-295.0
-290.0
-268.0
-295.0
-276.0
-257.0
-261.0
-214.0
-240.0
-276.0
-301.0
-299.0
-260.0
-230.0
-222.0
-235.0
-261.0
-251.0
-233.0
-251.0
-283.0
-278.0
-262.0
-217.0
-210.0
-202.0
-191.0
-206.0
-163.0
-215.0
-256.0
-175.0
-186.0
-238.0
-234.0
-229.0
-195.0
-199.0
-215.0
-171.0
-180.0
-149.0
-186.0
-239.0
-205.0
-199.0
-209.0
-154.0
-144.0
-225.0
-256.0
-240.0
-204.0
-228.0
-253.0
-201.0
-230.0
-253.0
-228.0
-270.0
-262.0
-247.0
-235.0
-257.0
-277.0
-257.0
-257.0
-306.0
-267.0
-225.0
-256.0
-260.0
-254.0
-253.0
-229.0
-258.0
-266.0
-262.0
-232.0
-201.0
-177.0
-187.0
-223.0
-247.0
-211.0
-216.0
-221.0
-187.0
-174.0
-178.0
-187.0
-219.0
-205.0
-205.0
-219.0
-205.0
-221.0
-217.0
-223.0
-261.0
-253.0
-275.0
-286.0
-254.0
-268.0
-278.0
-263.0
-271.0
-297.0
-328.0
-317.0
-251.0
-298.0
-330.0
-293.0
-301.0
-288.0
-256.0
-275.0
-247.0
-233.0
-296.0
-305.0
-325.0
-291.0
-244.0
-272.0
-269.0
-291.0
-318.0
-309.0
-310.0
-295.0
-312.0
-324.0
-279.0
-279.0
-309.0
-303.0
-269.0
-266.0
-288.0
-290.0
-278.0
-308.0
-321.0
-290.0
-279.0
-297.0
-337.0
-337.0
-314.0
-352.0
-362.0
-355.0
-289.0
-194.0
-258.0
-340.0
-293.0
-265.0
-262.0
-262.0
-263.0
-262.0
-269.0
-239.0
-240.0
-270.0
-237.0
-217.0
-290.0
-275.0
-206.0
-202.0
-269.0
-306.0
-222.0
-122.0
-163.0
-216.0
-224.0
-206.0
-157.0
-137.0
-131.0
-168.0
-211.0
-151.0
-95.0
-115.0
-110.0
-84.0
-46.0
17.0
56.0
144.0
254.0
303.0
378.0
454.0
469.0
495.0
426.0
321.0
295.0
258.0
258.0
213.0
172.0
97.0
50.0
88.0
59.0
3.0
-39.0
-101.0
-89.0
-9.0
-28.0
-45.0
-84.0
-112.0
-63.0
-101.0
-105.0
-78.0
-101.0
-99.0
-134.0
-153.0
-67.0
-73.0
-125.0
-87.0
-77.0
-23.0
-48.0
-93.0
-24.0
10.0
-91.0
-93.0
-55.0
-65.0
-96.0
-83.0
-43.0
-63.0
-105.0
-110.0
-118.0
-98.0
-101.0
-117.0
-95.0
-141.0
-125.0
-53.0
-123.0
-114.0
-103.0
-103.0
-83.0
-87.0
-93.0
-75.0
-74.0
-53.0
-74.0
-100.0
-71.0
-54.0
-68.0
-76.0
-49.0
8.0
-51.0
-88.0
2.0
-33.0
-136.0
-99.0
-35.0
-25.0
-52.0
-40.0
-5.0
-45.0
-63.0
-51.0
-84.0
-53.0
-46.0
-110.0
-72.0
-74.0
-79.0
-24.0
-114.0
-154.0
-118.0
-143.0
-116.0
-89.0
-115.0
-115.0
-174.0
-195.0
-187.0
-165.0
-165.0
-234.0
-195.0
-148.0
-188.0
-211.0
-191.0
-193.0
-143.0
-150.0
-182.0
-138.0
-153.0
-165.0
-148.0
-114.0
-111.0
-157.0
-133.0
-117.0
-136.0
-97.0
-95.0
-115.0
-109.0
-120.0
-124.0
-108.0
-100.0
-6.0
-83.0
-178.0
-93.0
-23.0
-33.0
-93.0
-109.0
-47.0
-56.0
-81.0
-88.0
-111.0
-109.0
-70.0
-70.0
-103.0
-109.0
-114.0
-95.0
-99.0
-68.0
-45.0
-127.0
-127.0
-122.0
-121.0
-88.0
-148.0
-145.0
-44.0
-28.0
-54.0
-87.0
-78.0
-26.0
-46.0
-40.0
-24.0
-30.0
-14.0
-108.0
-83.0
-20.0
-36.0
-1.0
44.0
29.0
19.0
35.0
-16.0
5.0
-10.0
-21.0
5.0
-13.0
-26.0
-29.0
-40.0
36.0
10.0
-88.0
-43.0
5.0
17.0
90.0
103.0
-5.0
29.0
118.0
114.0
103.0
123.0
71.0
132.0
163.0
99.0
147.0
206.0
157.0
149.0
176.0
205.0
207.0
173.0
114.0
136.0
172.0
146.0
111.0
93.0
139.0
133.0
110.0
148.0
159.0
131.0
121.0
102.0
96.0
27.0
8.0
89.0
129.0
131.0
100.0
62.0
92.0
110.0
109.0
110.0
89.0
56.0
-21.0
32.0
126.0
62.0
77.0
63.0
13.0
87.0
87.0
70.0
134.0
76.0
82.0
136.0
100.0
175.0
410.0
150.0
18.0
237.0
361.0
268.0
282.0
406.0
424.0
463.0
512.0
391.0
483.0
627.0
613.0
617.0
638.0
637.0
633.0
635.0
635.0
636.0
636.0
633.0
600.0
573.0
629.0
649.0
636.0
635.0
636.0
636.0
637.0
636.0
628.0
602.0
586.0
600.0
533.0
540.0
511.0
440.0
435.0
461.0
550.0
531.0
407.0
401.0
451.0
473.0
501.0
497.0
458.0
288.0
383.0
392.0
464.0
494.0
347.0
429.0
582.0
610.0
628.0
635.0
573.0
525.0
614.0
657.0
636.0
631.0
635.0
624.0
631.0
638.0
606.0
488.0
395.0
435.0
445.0
328.0
287.0
286.0
277.0
234.0
206.0
192.0
219.0
220.0
274.0
300.0
60.0
26.0
182.0
339.0
180.0
182.0
377.0
409.0
352.0
296.0
270.0
391.0
365.0
393.0
382.0
184.0
147.0
184.0
186.0
179.0
164.0
108.0
117.0
114.0
21.0
6.0
106.0
152.0
63.0
-1.0
40.0
25.0
-67.0
-8.0
-22.0
-110.0
-100.0
-37.0
-36.0
-95.0
-95.0
-101.0
-43.0
-55.0
-144.0
-73.0
-79.0
-147.0
-20.0
-130.0
-204.0
-76.0
-47.0
-61.0
-54.0
-27.0
-55.0
-155.0
-116.0
-109.0
-224.0
-135.0
-128.0
-149.0
-158.0
-169.0
-133.0
-3.0
-124.0
-262.0
-190.0
-91.0
52.0
-45.0
35.0
205.0
313.0
253.0
278.0
411.0
476.0
484.0
543.0
591.0
527.0
587.0
654.0
620.0
610.0
624.0
627.0
596.0
596.0
597.0
628.0
628.0
620.0
555.0
554.0
619.0
605.0
610.0
571.0
594.0
639.0
641.0
633.0
619.0
537.0
573.0
648.0
641.0
571.0
542.0
617.0
603.0
539.0
614.0
542.0
395.0
536.0
531.0
539.0
497.0
408.0
469.0
546.0
450.0
233.0
348.0
477.0
319.0
329.0
435.0
393.0
306.0
269.0
315.0
300.0
277.0
249.0
218.0
133.0
218.0
199.0
137.0
193.0
268.0
222.0
127.0
100.0
137.0
96.0
35.0
-57.0
-99.0
-13.0
46.0
-20.0
-107.0
-102.0
-100.0
-156.0
-137.0
-243.0
-258.0
-275.0
-354.0
-286.0
-363.0
-432.0
-327.0
-364.0
-480.0
-382.0
-391.0
-360.0
-351.0
-397.0
-338.0
-355.0
-392.0
-456.0
-551.0
-450.0
-393.0
-390.0
-435.0
-498.0
-456.0
-383.0
-437.0
-430.0
-428.0
-386.0
-428.0
-508.0
-428.0
-417.0
-503.0
-485.0
-441.0
-562.0
-608.0
-543.0
-489.0
-467.0
-521.0
-483.0
-469.0
-520.0
-578.0
-581.0
-494.0
-521.0
-554.0
-389.0
-488.0
-585.0
-492.0
-477.0
-567.0
-584.0
-503.0
-382.0
-494.0
-533.0
-427.0
-488.0
-525.0
-472.0
-543.0
-574.0
-499.0
-512.0
-584.0
-543.0
-465.0
-497.0
-573.0
-394.0
-368.0
-577.0
-581.0
-477.0
-436.0
-529.0
-546.0
-504.0
-548.0
-495.0
-451.0
-535.0
-564.0
-573.0
-549.0
-506.0
-558.0
-592.0
-586.0
-578.0
-560.0
-539.0
-519.0
-507.0
-485.0
-531.0
-564.0
-485.0
-420.0
-538.0
-557.0
-545.0
-487.0
-480.0
-486.0
-528.0
-524.0
-522.0
-562.0
-571.0
-575.0
-546.0
-573.0
-598.0
-544.0
-526.0
-583.0
-574.0
-553.0
-588.0
-601.0
-597.0
-539.0
-452.0
-559.0
-617.0
-571.0
-493.0
-486.0
-568.0
-557.0
-527.0
-522.0
-572.0
-557.0
-483.0
-462.0
-536.0
-549.0
-542.0
-494.0
-410.0
-551.0
-612.0
-526.0
-441.0
-451.0
-550.0
-579.0
-493.0
-460.0
-510.0
-550.0
-531.0
-496.0
-558.0
-596.0
-575.0
-545.0
-551.0
-534.0
-570.0
-549.0
-495.0
-541.0
-537.0
-527.0
-508.0
-488.0
-559.0
-568.0
-524.0
-550.0
-522.0
-525.0
-583.0
-562.0
-544.0
-569.0
-565.0
-529.0
-569.0
-596.0
-586.0
-572.0
-560.0
-560.0
-584.0
-449.0
-417.0
-586.0
-534.0
-473.0
-517.0
-523.0
-525.0
-534.0
-450.0
-496.0
-555.0
-579.0
-556.0
-501.0
-487.0
-533.0
-559.0
-536.0
-492.0
-533.0
-555.0
-505.0
-467.0
-485.0
-543.0
-469.0
-523.0
-521.0
-478.0
-507.0
-541.0
-538.0
-486.0
-550.0
-592.0
-512.0
-496.0
-544.0
-561.0
-550.0
-561.0
-532.0
-546.0
-564.0
-552.0
-557.0
-541.0
-557.0
-588.0
-593.0
-535.0
-516.0
-587.0
-561.0
-514.0
-565.0
-580.0
-577.0
-529.0
-531.0
-576.0
-602.0
-581.0
-544.0
-523.0
-587.0
-602.0
-535.0
-535.0
-572.0
-541.0
-539.0
-511.0
-529.0
-581.0
-577.0
-554.0
-551.0
-589.0
-561.0
-495.0
-560.0
-589.0
-565.0
-569.0
-535.0
-524.0
-568.0
-558.0
-546.0
-568.0
-543.0
-491.0
-516.0
-590.0
-567.0
-529.0
-527.0
-546.0
-568.0
-565.0
-515.0
-529.0
-543.0
-568.0
-590.0
-535.0
-463.0
-494.0
-586.0
-588.0
-529.0
-513.0
-546.0
-569.0
-528.0
-543.0
-567.0
-536.0
-518.0
-482.0
-519.0
-570.0
-520.0
-497.0
-492.0
-526.0
-540.0
-531.0
-511.0
-496.0
-496.0
-536.0
-504.0
-532.0
-533.0
-464.0
-493.0
-547.0
-585.0
-521.0
-446.0
-549.0
-553.0
-473.0
-427.0
-497.0
-572.0
-560.0
-517.0
-514.0
-535.0
-549.0
-555.0
-550.0
-509.0
-494.0
-490.0
-570.0
-532.0
-488.0
-545.0
-560.0
-517.0
-505.0
-539.0
-557.0
-539.0
-447.0
-539.0
-546.0
-496.0
-539.0
-590.0
-561.0
-474.0
-423.0
-493.0
-558.0
-467.0
-491.0
-519.0
-453.0
-482.0
-466.0
-451.0
-405.0
-408.0
-444.0
-416.0
-466.0
-464.0
-372.0
-424.0
-486.0
-480.0
-474.0
-465.0
-531.0
-496.0
-420.0
-514.0
-467.0
-467.0
-493.0
-328.0
-272.0
-332.0
-356.0
-331.0
-314.0
-356.0
-340.0
-293.0
-344.0
-332.0
-294.0
-309.0
-331.0
-371.0
-381.0
-328.0
-431.0
-462.0
-386.0
-417.0
-434.0
-400.0
-405.0
-463.0
-483.0
-447.0
-440.0
-541.0
-461.0
-355.0
-530.0
-546.0
-487.0
-416.0
-325.0
-413.0
-425.0
-334.0
-382.0
-478.0
-456.0
-363.0
-393.0
-450.0
-375.0
-355.0
-329.0
-326.0
-392.0
-338.0
-210.0
-293.0
-460.0
-366.0
-242.0
-214.0
-365.0
-364.0
-226.0
-216.0
-279.0
-318.0
-362.0
-268.0
-309.0
-386.0
-319.0
-334.0
-401.0
-433.0
-432.0
-347.0
-455.0
-510.0
-353.0
-390.0
-447.0
-429.0
-401.0
-357.0
-433.0
-423.0
-388.0
-386.0
-425.0
-463.0
-422.0
-455.0
-395.0
-405.0
-449.0
-425.0
-370.0
-279.0
-378.0
-487.0
-356.0
-238.0
-161.0
-200.0
-267.0
-175.0
-101.0
-126.0
-143.0
-60.0
-28.0
-146.0
-73.0
-198.0
-217.0
-69.0
11.0
-2.0
32.0
61.0
-33.0
-97.0
-50.0
43.0
-72.0
-185.0
-85.0
-58.0
-23.0
-21.0
-78.0
-54.0
-129.0
-124.0
-36.0
-25.0
-12.0
187.0
-48.0
-246.0
-20.0
93.0
81.0
4.0
76.0
138.0
-30.0
-11.0
135.0
72.0
-1.0
60.0
136.0
183.0
51.0
77.0
112.0
158.0
177.0
117.0
144.0
182.0
12.0
79.0
211.0
174.0
197.0
158.0
134.0
167.0
214.0
229.0
197.0
155.0
166.0
240.0
93.0
53.0
69.0
145.0
74.0
48.0
186.0
180.0
137.0
124.0
191.0
238.0
88.0
56.0
142.0
180.0
223.0
168.0
79.0
152.0
155.0
-20.0
12.0
129.0
121.0
88.0
72.0
-45.0
14.0
61.0
34.0
89.0
155.0
98.0
54.0
123.0
59.0
-32.0
126.0
162.0
99.0
37.0
15.0
92.0
-11.0
-81.0
-36.0
54.0
46.0
-67.0
-30.0
-24.0
-87.0
60.0
9.0
-73.0
46.0
78.0
-111.0
-54.0
-3.0
14.0
32.0
-42.0
15.0
7.0
-44.0
-78.0
-62.0
-65.0
-21.0
-117.0
-113.0
-36.0
-73.0
-127.0
-26.0
-57.0
-187.0
-129.0
-16.0
-57.0
-137.0
-148.0
-131.0
-43.0
-16.0
-181.0
-155.0
-107.0
-163.0
-159.0
-97.0
-82.0
-105.0
-196.0
-110.0
-60.0
-164.0
-198.0
-176.0
-64.0
-151.0
-231.0
-209.0
-117.0
-168.0
-281.0
-240.0
-209.0
-224.0
-248.0
-261.0
-192.0
-282.0
-254.0
-156.0
-244.0
-290.0
-264.0
-251.0
-211.0
-225.0
-240.0
-304.0
-344.0
-321.0
-328.0
-285.0
-254.0
-341.0
-342.0
-280.0
-239.0
-298.0
-358.0
-340.0
-283.0
-280.0
-250.0
-271.0
-243.0
-354.0
-432.0
-374.0
-319.0
-337.0
-312.0
-286.0
-341.0
-317.0
-395.0
-381.0
-269.0
-231.0
-348.0
-350.0
-273.0
-354.0
-392.0
-421.0
-331.0
-289.0
-427.0
-394.0
-262.0
-349.0
-433.0
-379.0
-330.0
-322.0
-358.0
-385.0
-391.0
-371.0
-438.0
-407.0
-376.0
-448.0
-445.0
-445.0
-477.0
-488.0
-498.0
-425.0
-502.0
-572.0
-524.0
-524.0
-538.0
-526.0
-543.0
-531.0
-552.0
-530.0
-477.0
-532.0
-563.0
-498.0
-499.0
-494.0
-432.0
-546.0
-580.0
-532.0
-458.0
-444.0
-485.0
-527.0
-486.0
-456.0
-428.0
-411.0
-526.0
-582.0
-521.0
-467.0
-462.0
-502.0
-540.0
-550.0
-533.0
-452.0
-479.0
-496.0
-536.0
-508.0
-463.0
-535.0
-514.0
-416.0
-360.0
-464.0
-529.0
-522.0
-425.0
-439.0
-457.0
-481.0
-416.0
-375.0
-393.0
-421.0
-438.0
-315.0
-270.0
-398.0
-381.0
-256.0
-248.0
-392.0
-248.0
-197.0
-195.0
-168.0
-187.0
-223.0
-191.0
-223.0
-213.0
-182.0
-265.0
-310.0
-331.0
-282.0
-307.0
-352.0
-312.0
-398.0
-470.0
-338.0
-343.0
-410.0
-381.0
-404.0
-474.0
-461.0
-407.0
-433.0
-428.0
-391.0
-464.0
-470.0
-423.0
-418.0
-398.0
-404.0
-416.0
-425.0
-480.0
-427.0
-315.0
-364.0
-493.0
-434.0
-364.0
-404.0
-316.0
-381.0
-516.0
-410.0
-252.0
-350.0
-413.0
-375.0
-167.0
-298.0
-515.0
-354.0
-232.0
-289.0
-229.0
-166.0
-318.0
-301.0
-242.0
-260.0
-286.0
-272.0
-344.0
-357.0
-333.0
-403.0
-351.0
-338.0
-416.0
-362.0
-265.0
-344.0
-459.0
-384.0
-325.0
-309.0
-363.0
-422.0
-333.0
-348.0
-430.0
-347.0
-394.0
-432.0
-355.0
-368.0
-438.0
-370.0
-301.0
-369.0
-399.0
-389.0
-399.0
-379.0
-356.0
-317.0
-351.0
-442.0
-379.0
-305.0
-315.0
-395.0
-407.0
-372.0
-399.0
-444.0
-327.0
-309.0
-365.0
-323.0
-365.0
-265.0
-302.0
-464.0
-380.0
-315.0
-368.0
-444.0
-460.0
-360.0
-279.0
-389.0
-395.0
-352.0
-354.0
-312.0
-383.0
-408.0
-304.0
-318.0
-344.0
-348.0
-305.0
-254.0
-314.0
-354.0
-350.0
-360.0
-318.0
-334.0
-299.0
-228.0
-332.0
-447.0
-405.0
-358.0
-314.0
-328.0
-441.0
-457.0
-374.0
-274.0
-312.0
-383.0
-358.0
-404.0
-421.0
-290.0
-390.0
-441.0
-359.0
-359.0
-371.0
-410.0
-406.0
-322.0
-361.0
-341.0
-352.0
-383.0
-307.0
-347.0
-315.0
-351.0
-436.0
-399.0
-310.0
-351.0
-366.0
-261.0
-257.0
-314.0
-289.0
-201.0
-297.0
-342.0
-227.0
-276.0
-359.0
-297.0
-301.0
-243.0
-186.0
-299.0
-268.0
-177.0
-232.0
-287.0
-261.0
-155.0
-158.0
-197.0
-194.0
-246.0
-220.0
-180.0
-161.0
-125.0
-207.0
-252.0
-151.0
-137.0
-207.0
-177.0
-176.0
-239.0
-210.0
-161.0
-92.0
-164.0
-281.0
-190.0
-166.0
-183.0
-178.0
-70.0
-211.0
-214.0
-121.0
-110.0
-146.0
-82.0
-16.0
-66.0
-90.0
-131.0
-134.0
-101.0
-138.0
-211.0
-184.0
-189.0
-134.0
-221.0
-151.0
-96.0
-302.0
-312.0
-183.0
-142.0
-184.0
-201.0
-126.0
-76.0
-102.0
-165.0
-166.0
-101.0
-161.0
-179.0
-115.0
-49.0
-8.0
-85.0
-102.0
-25.0
-2.0
-30.0
-79.0
-185.0
-150.0
-70.0
-92.0
-117.0
-130.0
-83.0
-62.0
-37.0
-111.0
-195.0
-97.0
-42.0
-121.0
-68.0
-32.0
-92.0
-122.0
-102.0
-34.0
8.0
-71.0
-149.0
-70.0
-30.0
-137.0
-132.0
-38.0
-13.0
-16.0
-80.0
10.0
37.0
-77.0
-69.0
16.0
12.0
32.0
-1.0
-89.0
-22.0
-64.0
-76.0
-64.0
-48.0
24.0
83.0
-85.0
-125.0
-18.0
-11.0
18.0
34.0
-5.0
-55.0
-16.0
47.0
-88.0
-56.0
-11.0
-13.0
-8.0
-27.0
-11.0
54.0
21.0
-55.0
-50.0
27.0
47.0
49.0
34.0
-13.0
-36.0
44.0
90.0
76.0
-40.0
-23.0
17.0
-44.0
-30.0
3.0
-75.0
-60.0
7.0
-57.0
-82.0
25.0
37.0
-53.0
-77.0
-67.0
-39.0
-22.0
-64.0
-82.0
-121.0
-147.0
-71.0
-54.0
-70.0
-59.0
-60.0
-30.0
-113.0
-142.0
-56.0
-3.0
-29.0
-180.0
-154.0
-86.0
-114.0
-98.0
-147.0
-216.0
-98.0
-60.0
-145.0
-127.0
-86.0
-216.0
-202.0
-164.0
-111.0
-155.0
-181.0
-120.0
-95.0
-124.0
-144.0
-142.0
-116.0
-142.0
-153.0
-146.0
-142.0
-81.0
-132.0
-154.0
-137.0
-167.0
-228.0
-167.0
-98.0
-105.0
-190.0
-183.0
-135.0
-187.0
-213.0
-233.0
-220.0
-168.0
-143.0
-168.0
-238.0
-254.0
-243.0
-125.0
-188.0
-372.0
-341.0
-224.0
-122.0
-127.0
-153.0
-198.0
-191.0
-152.0
-194.0
-204.0
-197.0
-212.0
-209.0
-227.0
-235.0
-209.0
-222.0
-219.0
-175.0
-230.0
-247.0
-224.0
-243.0
-167.0
-158.0
-276.0
-239.0
-215.0
-209.0
-186.0
-216.0
-205.0
-225.0
-263.0
-232.0
-239.0
-268.0
-244.0
-298.0
-268.0
-154.0
-224.0
-226.0
-232.0
-193.0
-126.0
-230.0
-225.0
-155.0
-155.0
-146.0
-157.0
-187.0
-175.0
-185.0
-210.0
-183.0
-68.0
-120.0
-202.0
-136.0
-75.0
-189.0
-198.0
-133.0
-144.0
-239.0
-251.0
-165.0
-155.0
-187.0
-117.0
-121.0
-260.0
-188.0
-97.0
-164.0
-192.0
-125.0
-142.0
-221.0
-173.0
-112.0
-175.0
-172.0
-157.0
-134.0
-46.0
-153.0
-203.0
-34.0
21.0
-64.0
-99.0
14.0
182.0
43.0
-94.0
-12.0
37.0
-7.0
39.0
69.0
30.0
-35.0
13.0
-13.0
-143.0
-91.0
42.0
73.0
-90.0
-90.0
4.0
9.0
78.0
21.0
-65.0
-11.0
111.0
106.0
19.0
96.0
96.0
-82.0
-17.0
80.0
138.0
171.0
74.0
81.0
235.0
203.0
146.0
175.0
208.0
208.0
176.0
209.0
187.0
100.0
118.0
122.0
97.0
147.0
70.0
79.0
129.0
157.0
97.0
53.0
98.0
172.0
154.0
109.0
77.0
152.0
41.0
-4.0
154.0
237.0
123.0
43.0
148.0
192.0
225.0
40.0
34.0
169.0
165.0
139.0
172.0
284.0
291.0
172.0
113.0
205.0
185.0
13.0
59.0
178.0
227.0
246.0
177.0
122.0
128.0
244.0
171.0
127.0
192.0
215.0
233.0
185.0
41.0
135.0
220.0
102.0
89.0
131.0
160.0
244.0
158.0
58.0
165.0
137.0
44.0
114.0
135.0
106.0
71.0
177.0
162.0
106.0
138.0
93.0
130.0
209.0
259.0
169.0
129.0
225.0
216.0
159.0
220.0
217.0
214.0
150.0
67.0
77.0
136.0
178.0
147.0
108.0
185.0
176.0
109.0
136.0
157.0
25.0
65.0
184.0
135.0
118.0
67.0
77.0
191.0
144.0
32.0
117.0
37.0
18.0
171.0
136.0
91.0
99.0
209.0
190.0
129.0
208.0
95.0
38.0
176.0
124.0
94.0
210.0
176.0
63.0
67.0
186.0
216.0
181.0
68.0
129.0
193.0
155.0
137.0
195.0
166.0
165.0
110.0
124.0
163.0
171.0
143.0
171.0
205.0
106.0
166.0
221.0
192.0
164.0
143.0
173.0
227.0
244.0
222.0
211.0
200.0
250.0
222.0
149.0
184.0
197.0
199.0
188.0
113.0
137.0
262.0
276.0
149.0
135.0
165.0
160.0
147.0
204.0
181.0
174.0
246.0
171.0
176.0
182.0
266.0
157.0
56.0
151.0
223.0
213.0
100.0
10.0
91.0
190.0
113.0
33.0
40.0
96.0
163.0
143.0
35.0
41.0
61.0
9.0
61.0
166.0
142.0
59.0
86.0
91.0
48.0
69.0
67.0
109.0
76.0
-17.0
36.0
101.0
39.0
45.0
50.0
69.0
120.0
92.0
67.0
8.0
12.0
84.0
153.0
53.0
24.0
94.0
131.0
86.0
2.0
-4.0
35.0
1.0
18.0
76.0
45.0
91.0
42.0
-35.0
106.0
41.0
21.0
-1.0
2.0
75.0
73.0
69.0
13.0
-65.0
16.0
138.0
30.0
13.0
123.0
94.0
-9.0
23.0
112.0
59.0
4.0
68.0
111.0
114.0
110.0
77.0
95.0
88.0
6.0
86.0
124.0
136.0
119.0
49.0
87.0
196.0
159.0
90.0
99.0
128.0
168.0
172.0
190.0
180.0
119.0
104.0
113.0
155.0
164.0
-24.0
58.0
163.0
163.0
108.0
127.0
190.0
198.0
119.0
115.0
217.0
163.0
98.0
111.0
139.0
137.0
124.0
157.0
118.0
63.0
98.0
128.0
45.0
52.0
82.0
137.0
154.0
118.0
137.0
79.0
125.0
227.0
164.0
111.0
173.0
162.0
30.0
45.0
156.0
163.0
136.0
146.0
88.0
142.0
183.0
119.0
76.0
167.0
157.0
147.0
158.0
140.0
136.0
16.0
49.0
157.0
79.0
77.0
101.0
107.0
136.0
101.0
79.0
146.0
102.0
66.0
113.0
136.0
135.0
123.0
149.0
110.0
108.0
84.0
77.0
107.0
175.0
72.0
22.0
62.0
112.0
189.0
124.0
70.0
106.0
176.0
232.0
150.0
-7.0
77.0
216.0
186.0
27.0
86.0
196.0
209.0
50.0
57.0
224.0
260.0
18.0
-48.0
115.0
201.0
167.0
194.0
170.0
143.0
199.0
155.0
74.0
152.0
194.0
186.0
130.0
93.0
186.0
208.0
161.0
83.0
156.0
266.0
154.0
40.0
167.0
187.0
190.0
238.0
197.0
81.0
85.0
137.0
133.0
136.0
97.0
82.0
118.0
136.0
167.0
63.0
20.0
107.0
193.0
110.0
-19.0
83.0
218.0
215.0
72.0
-11.0
129.0
171.0
43.0
14.0
37.0
102.0
163.0
124.0
56.0
62.0
65.0
73.0
-33.0
27.0
130.0
67.0
-25.0
24.0
10.0
50.0
96.0
48.0
21.0
8.0
60.0
2.0
-51.0
35.0
61.0
30.0
47.0
5.0
-54.0
-16.0
51.0
79.0
-8.0
-17.0
39.0
16.0
25.0
95.0
50.0
-3.0
57.0
128.0
37.0
-43.0
26.0
87.0
84.0
85.0
91.0
79.0
109.0
58.0
71.0
115.0
60.0
36.0
126.0
205.0
294.0
238.0
229.0
276.0
288.0
301.0
233.0
223.0
287.0
329.0
378.0
303.0
186.0
293.0
386.0
200.0
180.0
250.0
215.0
215.0
208.0
165.0
181.0
157.0
178.0
177.0
109.0
119.0
136.0
148.0
221.0
265.0
158.0
84.0
169.0
316.0
214.0
195.0
258.0
212.0
130.0
175.0
188.0
174.0
111.0
144.0
176.0
183.0
98.0
154.0
241.0
225.0
124.0
111.0
153.0
115.0
165.0
249.0
118.0
97.0
172.0
295.0
134.0
130.0
252.0
195.0
198.0
242.0
188.0
167.0
270.0
273.0
218.0
130.0
176.0
289.0
163.0
156.0
219.0
234.0
258.0
248.0
156.0
191.0
254.0
203.0
117.0
155.0
260.0
268.0
174.0
174.0
220.0
252.0
141.0
152.0
292.0
303.0
188.0
204.0
257.0
319.0
315.0
240.0
268.0
276.0
280.0
308.0
293.0
295.0
203.0
244.0
282.0
232.0
296.0
336.0
267.0
340.0
361.0
263.0
271.0
344.0
329.0
210.0
214.0
340.0
250.0
163.0
361.0
363.0
185.0
302.0
375.0
206.0
192.0
291.0
367.0
241.0
265.0
361.0
356.0
328.0
319.0
257.0
282.0
298.0
332.0
395.0
223.0
134.0
323.0
356.0
233.0
241.0
303.0
312.0
238.0
262.0
285.0
354.0
347.0
268.0
262.0
317.0
361.0
367.0
401.0
329.0
303.0
327.0
308.0
340.0
336.0
282.0
289.0
296.0
335.0
294.0
268.0
267.0
232.0
270.0
283.0
307.0
367.0
242.0
216.0
353.0
294.0
259.0
329.0
435.0
344.0
256.0
301.0
404.0
437.0
346.0
355.0
318.0
343.0
364.0
403.0
448.0
343.0
343.0
388.0
410.0
392.0
340.0
335.0
341.0
338.0
365.0
328.0
298.0
334.0
326.0
355.0
320.0
345.0
423.0
349.0
328.0
314.0
318.0
360.0
312.0
249.0
379.0
360.0
258.0
258.0
345.0
389.0
333.0
246.0
266.0
343.0
305.0
274.0
239.0
287.0
360.0
328.0
337.0
271.0
204.0
304.0
263.0
129.0
182.0
292.0
233.0
187.0
194.0
234.0
289.0
250.0
210.0
305.0
260.0
119.0
168.0
306.0
290.0
167.0
268.0
404.0
207.0
134.0
283.0
422.0
323.0
224.0
277.0
389.0
362.0
257.0
248.0
266.0
219.0
247.0
329.0
221.0
142.0
221.0
240.0
266.0
218.0
182.0
172.0
201.0
253.0
164.0
149.0
352.0
323.0
131.0
222.0
294.0
186.0
213.0
338.0
344.0
290.0
317.0
400.0
374.0
355.0
337.0
327.0
370.0
394.0
428.0
411.0
239.0
318.0
418.0
366.0
430.0
372.0
229.0
264.0
374.0
338.0
314.0
351.0
306.0
315.0
392.0
374.0
265.0
336.0
380.0
357.0
308.0
367.0
392.0
289.0
293.0
361.0
372.0
294.0
258.0
258.0
304.0
270.0
191.0
252.0
280.0
298.0
356.0
254.0
244.0
297.0
285.0
359.0
409.0
261.0
186.0
249.0
300.0
313.0
177.0
234.0
383.0
333.0
231.0
231.0
272.0
299.0
321.0
364.0
294.0
263.0
253.0
271.0
355.0
316.0
214.0
266.0
310.0
218.0
240.0
292.0
223.0
258.0
224.0
209.0
272.0
389.0
328.0
100.0
120.0
289.0
213.0
183.0
289.0
409.0
332.0
196.0
331.0
371.0
231.0
292.0
329.0
196.0
297.0
351.0
271.0
258.0
325.0
373.0
332.0
364.0
335.0
174.0
185.0
357.0
289.0
108.0
215.0
341.0
244.0
250.0
336.0
268.0
205.0
292.0
385.0
362.0
265.0
304.0
317.0
335.0
363.0
334.0
225.0
271.0
403.0
326.0
246.0
295.0
298.0
412.0
324.0
263.0
410.0
329.0
191.0
288.0
315.0
327.0
372.0
312.0
327.0
343.0
370.0
354.0
326.0
320.0
365.0
350.0
317.0
305.0
228.0
233.0
197.0
252.0
232.0
228.0
224.0
165.0
262.0
346.0
169.0
144.0
202.0
224.0
267.0
147.0
121.0
199.0
174.0
199.0
202.0
171.0
159.0
179.0
221.0
158.0
132.0
176.0
229.0
219.0
182.0
196.0
235.0
231.0
112.0
73.0
169.0
247.0
253.0
100.0
152.0
261.0
247.0
241.0
230.0
188.0
188.0
282.0
219.0
126.0
177.0
267.0
254.0
235.0
272.0
208.0
260.0
261.0
140.0
178.0
209.0
219.0
268.0
166.0
112.0
161.0
190.0
226.0
299.0
234.0
209.0
242.0
226.0
111.0
135.0
241.0
221.0
246.0
263.0
177.0
189.0
214.0
179.0
241.0
210.0
196.0
249.0
192.0
197.0
229.0
165.0
216.0
290.0
237.0
214.0
282.0
261.0
261.0
279.0
345.0
244.0
113.0
233.0
241.0
231.0
266.0
225.0
258.0
282.0
278.0
332.0
235.0
243.0
320.0
285.0
245.0
201.0
186.0
299.0
237.0
216.0
235.0
252.0
326.0
296.0
182.0
216.0
275.0
397.0
322.0
241.0
317.0
283.0
247.0
309.0
294.0
303.0
302.0
240.0
258.0
320.0
284.0
190.0
249.0
322.0
261.0
248.0
228.0
239.0
226.0
243.0
165.0
156.0
204.0
182.0
136.0
109.0
148.0
236.0
288.0
293.0
388.0
437.0
475.0
599.0
638.0
630.0
630.0
631.0
630.0
629.0
625.0
628.0
630.0
628.0
607.0
613.0
567.0
420.0
430.0
365.0
313.0
266.0
181.0
86.0
49.0
42.0
8.0
-13.0
-95.0
-211.0
-195.0
-130.0
-136.0
-242.0
-254.0
-83.0
-191.0
-358.0
-344.0
-259.0
-159.0
-172.0
-211.0
-304.0
-266.0
-201.0
-267.0
-212.0
-184.0
-295.0
-243.0
-142.0
-228.0
-268.0
-282.0
-172.0
-211.0
-313.0
-279.0
-295.0
-219.0
-73.0
-196.0
-398.0
-290.0
-146.0
-259.0
-332.0
-310.0
-186.0
-147.0
-290.0
-331.0
-261.0
-279.0
-299.0
-293.0
-305.0
-345.0
-258.0
-166.0
-385.0
-399.0
-281.0
-253.0
-234.0
-380.0
-403.0
-257.0
-269.0
-283.0
-218.0
-226.0
-260.0
-184.0
-175.0
-344.0
-308.0
-178.0
-210.0
-238.0
-230.0
-215.0
-162.0
-107.0
-117.0
-276.0
-149.0
-130.0
-306.0
-243.0
-114.0
-131.0
-127.0
-101.0
-124.0
-100.0
-64.0
-131.0
-88.0
-113.0
-109.0
40.0
-127.0
-137.0
65.0
-18.0
-60.0
-30.0
-36.0
-7.0
1.0
-42.0
-28.0
-80.0
-48.0
-20.0
-225.0
-139.0
-17.0
-61.0
-46.0
-169.0
-152.0
9.0
-14.0
-91.0
-84.0
-42.0
-88.0
-82.0
-60.0
-40.0
-119.0
-74.0
-29.0
-74.0
-65.0
-21.0
3.0
-77.0
-117.0
-100.0
-42.0
-37.0
-20.0
-72.0
-93.0
-74.0
-67.0
-82.0
-114.0
-72.0
-106.0
-134.0
-49.0
-59.0
-126.0
-70.0
25.0
-92.0
-203.0
-137.0
-80.0
-58.0
-3.0
6.0
-89.0
-115.0
27.0
-168.0
-165.0
43.0
5.0
-99.0
-121.0
-85.0
69.0
13.0
-188.0
-72.0
66.0
-22.0
-176.0
-122.0
45.0
23.0
-127.0
-201.0
-146.0
35.0
-7.0
-116.0
-93.0
24.0
-33.0
-194.0
-209.0
5.0
4.0
-67.0
-11.0
-107.0
-174.0
-61.0
33.0
-72.0
-173.0
-24.0
70.0
-163.0
-127.0
7.0
-56.0
-129.0
-115.0
-38.0
-60.0
-278.0
-241.0
-206.0
-218.0
-192.0
-208.0
-109.0
-138.0
-246.0
-142.0
-180.0
-225.0
-109.0
-49.0
-60.0
-164.0
-153.0
-63.0
-23.0
-154.0
-249.0
-150.0
-110.0
-100.0
-152.0
-195.0
-121.0
-99.0
-71.0
-70.0
-155.0
-174.0
-128.0
-76.0
-97.0
-125.0
-209.0
-286.0
-162.0
-28.0
-161.0
-224.0
-106.0
-122.0
-211.0
-140.0
-99.0
-76.0
-97.0
-99.0
-39.0
-94.0
-147.0
-138.0
-76.0
-43.0
-62.0
-107.0
-120.0
-99.0
-90.0
-107.0
-131.0
-84.0
-110.0
-148.0
-153.0
-174.0
-138.0
-147.0
-125.0
-6.0
-143.0
-253.0
-194.0
-190.0
-111.0
-124.0
-114.0
-95.0
-138.0
-175.0
-87.0
-135.0
-222.0
-220.0
-221.0
-137.0
-52.0
-157.0
-225.0
-182.0
-144.0
-182.0
-277.0
-162.0
-199.0
-170.0
-127.0
-164.0
-186.0
-74.0
-89.0
-262.0
-299.0
-189.0
-137.0
-183.0
-179.0
-317.0
-359.0
-210.0
-108.0
-200.0
-340.0
-292.0
-230.0
-182.0
-154.0
-195.0
-261.0
-265.0
-176.0
-181.0
-249.0
-243.0
-209.0
-180.0
-247.0
-202.0
-158.0
-298.0
-240.0
-156.0
-158.0
-182.0
-287.0
-212.0
-118.0
-214.0
-215.0
-125.0
-184.0
-127.0
-168.0
-255.0
-146.0
-181.0
-204.0
-173.0
-135.0
-107.0
-166.0
-229.0
-140.0
-104.0
-238.0
-231.0
-69.0
51.0
-194.0
-267.0
-121.0
-129.0
-150.0
-117.0
-137.0
-146.0
-214.0
-201.0
-164.0
-222.0
-236.0
-208.0
-198.0
-223.0
-247.0
-232.0
-213.0
-195.0
-211.0
-276.0
-146.0
-8.0
-314.0
-318.0
-177.0
-116.0
-134.0
-201.0
-193.0
-136.0
-221.0
-235.0
-108.0
-175.0
-330.0
-240.0
-140.0
-172.0
-227.0
-180.0
-81.0
-172.0
-98.0
-137.0
-264.0
-229.0
-107.0
-115.0
-190.0
-232.0
-190.0
-140.0
-136.0
-146.0
-297.0
-261.0
-180.0
-154.0
-96.0
-277.0
-337.0
-173.0
-134.0
-194.0
-298.0
-235.0
-202.0
-153.0
-90.0
-109.0
-258.0
-227.0
-128.0
-253.0
-283.0
-249.0
-177.0
-250.0
-360.0
-296.0
-204.0
-262.0
-289.0
-285.0
-230.0
-303.0
-318.0
-211.0
-270.0
-352.0
-313.0
-194.0
-206.0
-281.0
-231.0
-203.0
-293.0
-270.0
-182.0
-265.0
-354.0
-271.0
-191.0
-219.0
-332.0
-389.0
-275.0
-257.0
-379.0
-359.0
-322.0
-324.0
-328.0
-258.0
-159.0
-275.0
-337.0
-215.0
-317.0
-329.0
-230.0
-234.0
-268.0
-343.0
-344.0
-241.0
-216.0
-200.0
-188.0
-220.0
-139.0
-301.0
-314.0
-223.0
-280.0
-293.0
-218.0
-241.0
-243.0
-279.0
-384.0
-309.0
-222.0
-195.0
-218.0
-202.0
-192.0
-307.0
-293.0
-251.0
-267.0
-242.0
-305.0
-250.0
-144.0
-331.0
-419.0
-270.0
-165.0
-239.0
-273.0
-309.0
-260.0
-229.0
-315.0
-348.0
-297.0
-199.0
-303.0
-399.0
-303.0
-290.0
-294.0
-233.0
-266.0
-184.0
-296.0
-375.0
-245.0
-237.0
-289.0
-342.0
-390.0
-281.0
-222.0
-313.0
-347.0
-225.0
-228.0
-312.0
-327.0
-222.0
-233.0
-335.0
-326.0
-293.0
-281.0
-271.0
-343.0
-281.0
-248.0
-305.0
-275.0
-262.0
-224.0
-268.0
-374.0
-306.0
-241.0
-295.0
-290.0
-278.0
-267.0
-282.0
-277.0
-229.0
-195.0
-274.0
-253.0
-191.0
-185.0
-271.0
-318.0
-291.0
-270.0
-306.0
-354.0
-324.0
-258.0
-234.0
-225.0
-336.0
-322.0
-197.0
-253.0
-313.0
-169.0
-196.0
-330.0
-299.0
-184.0
-284.0
-348.0
-175.0
-162.0
-303.0
-296.0
-161.0
-170.0
-261.0
-274.0
-241.0
-195.0
-142.0
-220.0
-259.0
-251.0
-295.0
-289.0
-290.0
-293.0
-263.0
-286.0
-247.0
-183.0
-275.0
-317.0
-277.0
-291.0
-286.0
-260.0
-294.0
-290.0
-257.0
-251.0
-318.0
-309.0
-235.0
-207.0
-242.0
-291.0
-259.0
-190.0
-164.0
-207.0
-271.0
-257.0
-171.0
-120.0
-219.0
-280.0
-195.0
-124.0
-144.0
-189.0
-139.0
-198.0
-246.0
-107.0
-263.0
-346.0
-171.0
-200.0
-246.0
-118.0
-181.0
-165.0
-218.0
-128.0
-58.0
-201.0
-175.0
-88.0
-33.0
-229.0
-252.0
-155.0
-105.0
-160.0
-180.0
-149.0
-110.0
-131.0
-149.0
-97.0
-29.0
-138.0
-156.0
-146.0
-195.0
-81.0
-116.0
-154.0
-106.0
-94.0
-152.0
-106.0
-59.0
-114.0
-100.0
-159.0
-114.0
-133.0
-210.0
-152.0
-152.0
-113.0
-165.0
-299.0
-313.0
-203.0
-134.0
-158.0
-269.0
-200.0
-102.0
-137.0
-115.0
-166.0
-174.0
-141.0
-171.0
-139.0
-106.0
-119.0
-109.0
-180.0
-175.0
-111.0
-169.0
-220.0
-151.0
-139.0
-182.0
-178.0
-209.0
-107.0
-155.0
-274.0
-241.0
-143.0
-241.0
-284.0
-190.0
-140.0
-153.0
-137.0
-131.0
-116.0
-107.0
-148.0
-233.0
-210.0
-158.0
-215.0
-212.0
-117.0
-124.0
-184.0
-144.0
-216.0
-169.0
-97.0
-199.0
-247.0
-130.0
-161.0
-174.0
-157.0
-149.0
-127.0
-166.0
-187.0
-158.0
-149.0
-111.0
-111.0
-202.0
-230.0
-141.0
-156.0
-211.0
-168.0
-153.0
-236.0
-260.0
-145.0
-145.0
-135.0
-182.0
-204.0
-101.0
-84.0
-183.0
-117.0
-100.0
-178.0
-152.0
-148.0
-120.0
-177.0
-212.0
-143.0
-203.0
-265.0
-176.0
-101.0
-212.0
-301.0
-253.0
-189.0
-159.0
-211.0
-269.0
-237.0
-180.0
-167.0
-232.0
-183.0
-226.0
-221.0
-162.0
-196.0
-256.0
-239.0
-117.0
-134.0
-317.0
-279.0
-168.0
-140.0
-165.0
-250.0
-195.0
-164.0
-133.0
-148.0
-163.0
-127.0
-101.0
-123.0
-264.0
-219.0
-118.0
-150.0
-271.0
-285.0
-211.0
-177.0
-221.0
-211.0
-188.0
-187.0
-178.0
-212.0
-169.0
-174.0
-247.0
-207.0
-77.0
-166.0
-321.0
-260.0
-167.0
-225.0
-244.0
-197.0
-193.0
-243.0
-124.0
-100.0
-211.0
-211.0
-161.0
-188.0
-150.0
-84.0
-44.0
-34.0
-25.0
-119.0
-98.0
30.0
-68.0
-128.0
-60.0
-79.0
-52.0
-43.0
-67.0
-39.0
-76.0
-121.0
-110.0
-76.0
-26.0
-26.0
3.0
-53.0
-32.0
40.0
-48.0
-159.0
-76.0
9.0
-133.0
-147.0
-111.0
-93.0
-52.0
-63.0
-64.0
-11.0
22.0
-33.0
-56.0
-4.0
27.0
-61.0
-101.0
-5.0
-4.0
-41.0
-59.0
-54.0
60.0
-81.0
-174.0
-89.0
-14.0
0.0
-85.0
-49.0
-14.0
-114.0
-152.0
-49.0
-13.0
-10.0
-99.0
-45.0
-57.0
-69.0
-11.0
-37.0
-95.0
-46.0
-79.0
-90.0
17.0
-21.0
-66.0
-32.0
-59.0
-64.0
-55.0
-69.0
-113.0
-155.0
-136.0
-5.0
-22.0
-82.0
-35.0
-12.0
1.0
-8.0
-90.0
-68.0
-46.0
-37.0
-34.0
35.0
42.0
58.0
15.0
-88.0
-29.0
29.0
-37.0
-67.0
18.0
-4.0
31.0
-67.0
-141.0
-16.0
56.0
-110.0
-162.0
-54.0
4.0
45.0
-27.0
-129.0
-127.0
-63.0
63.0
-52.0
-146.0
-51.0
7.0
-39.0
-105.0
-87.0
-35.0
-13.0
-25.0
-41.0
-97.0
-149.0
-147.0
-79.0
-7.0
-87.0
-124.0
-27.0
41.0
-101.0
-152.0
-11.0
58.0
-62.0
-129.0
-105.0
-32.0
22.0
-101.0
-127.0
-38.0
-52.0
-119.0
-128.0
-140.0
-49.0
-62.0
-122.0
-129.0
-89.0
-30.0
-82.0
-149.0
-147.0
-160.0
-110.0
-64.0
-155.0
-218.0
-173.0
-157.0
-133.0
-107.0
-103.0
-96.0
-156.0
-110.0
-90.0
-131.0
-79.0
-38.0
-13.0
-77.0
-135.0
-115.0
-93.0
-128.0
-28.0
-109.0
-188.0
-98.0
-90.0
-113.0
-130.0
-163.0
-142.0
-113.0
-95.0
-109.0
-90.0
-117.0
-92.0
-20.0
-61.0
-148.0
-87.0
2.0
-68.0
-154.0
-102.0
-132.0
-96.0
-77.0
-65.0
-56.0
-161.0
-182.0
-96.0
-8.0
-84.0
-111.0
-119.0
-60.0
-87.0
-87.0
-74.0
-108.0
-79.0
-109.0
-115.0
-65.0
-46.0
-57.0
-49.0
-99.0
-81.0
-139.0
-75.0
-50.0
-166.0
-153.0
-87.0
-61.0
-64.0
-159.0
-178.0
-144.0
-163.0
-95.0
-96.0
-192.0
-110.0
-6.0
-101.0
-183.0
-123.0
-42.0
-76.0
-177.0
-163.0
-67.0
-42.0
-120.0
-168.0
-183.0
-101.0
-10.0
-7.0
-168.0
-190.0
-118.0
-191.0
-174.0
-142.0
-118.0
-137.0
-272.0
-299.0
-147.0
-74.0
-184.0
-240.0
-178.0
-106.0
-195.0
-286.0
-172.0
-181.0
-268.0
-221.0
-162.0
-118.0
-239.0
-220.0
-153.0
-174.0
-190.0
-220.0
-230.0
-252.0
-261.0
-231.0
-174.0
-242.0
-319.0
-292.0
-210.0
-161.0
-249.0
-276.0
-167.0
-140.0
-200.0
-264.0
-262.0
-195.0
-222.0
-215.0
-166.0
-212.0
-254.0
-181.0
-246.0
-288.0
-251.0
-251.0
-224.0
-275.0
-254.0
-178.0
-198.0
-164.0
-181.0
-247.0
-160.0
-157.0
-287.0
-242.0
-139.0
-180.0
-232.0
-179.0
-149.0
-198.0
-171.0
-123.0
-202.0
-231.0
-191.0
-110.0
-179.0
-257.0
-135.0
-89.0
-152.0
-149.0
-189.0
-181.0
-113.0
-120.0
-138.0
-115.0
-71.0
-31.0
-143.0
-209.0
-88.0
-56.0
-101.0
-51.0
-78.0
-12.0
-24.0
-123.0
-70.0
-92.0
-146.0
-120.0
-27.0
23.0
-87.0
-188.0
-158.0
-93.0
-77.0
-169.0
-199.0
-122.0
-137.0
-199.0
-190.0
-149.0
-100.0
-136.0
-234.0
-181.0
-148.0
-230.0
-214.0
-150.0
-158.0
-156.0
-192.0
-185.0
-161.0
-230.0
-262.0
-234.0
-196.0
-158.0
-241.0
-209.0
-163.0
-192.0
-229.0
-220.0
-256.0
-196.0
-193.0
-201.0
-240.0
-197.0
-184.0
-154.0
-131.0
-200.0
-191.0
-150.0
-191.0
-183.0
-174.0
-105.0
-120.0
-180.0
-166.0
-178.0
-158.0
-108.0
-156.0
-243.0
-173.0
-147.0
-274.0
-233.0
-143.0
-89.0
-95.0
-148.0
-176.0
-103.0
-72.0
-85.0
-78.0
-81.0
-112.0
-102.0
-93.0
-137.0
-81.0
-23.0
-110.0
-159.0
-71.0
-33.0
-195.0
-277.0
-176.0
-72.0
-29.0
-80.0
-158.0
-171.0
-72.0
-14.0
-192.0
-247.0
-163.0
-168.0
-112.0
-133.0
-163.0
-167.0
-130.0
-129.0
-218.0
-243.0
-163.0
-163.0
-180.0
-176.0
-197.0
-237.0
-195.0
-172.0
-209.0
-251.0
-161.0
-212.0
-289.0
-180.0
-99.0
-172.0
-188.0
-137.0
-105.0
-185.0
-248.0
-175.0
-166.0
-168.0
-112.0
-208.0
-215.0
-100.0
-134.0
-148.0
-138.0
-177.0
-153.0
-126.0
-122.0
-119.0
-143.0
-152.0
-196.0
-201.0
-174.0
-154.0
-62.0
-111.0
-178.0
-108.0
-91.0
-130.0
-88.0
-145.0
-106.0
-40.0
-83.0
-125.0
-144.0
-48.0
8.0
-131.0
-126.0
-105.0
-77.0
-61.0
-71.0
-112.0
-81.0
-1.0
-109.0
-144.0
-91.0
-80.0
-111.0
-116.0
-34.0
-88.0
-119.0
-66.0
-16.0
-18.0
-49.0
-92.0
-108.0
-165.0
-197.0
-160.0
-69.0
-25.0
-158.0
-231.0
-132.0
-154.0
-115.0
-104.0
-134.0
-119.0
-105.0
-202.0
-131.0
-67.0
-199.0
-163.0
-33.0
-104.0
-249.0
-250.0
-52.0
-18.0
-64.0
-169.0
-164.0
-59.0
-72.0
-74.0
-1.0
14.0
-28.0
52.0
107.0
172.0
135.0
29.0
95.0
107.0
82.0
45.0
60.0
59.0
36.0
98.0
18.0
-101.0
-32.0
-1.0
-30.0
30.0
-32.0
4.0
26.0
-50.0
27.0
25.0
-83.0
-68.0
-34.0
-43.0
-79.0
-101.0
-43.0
-60.0
-143.0
-60.0
-42.0
-88.0
-81.0
-37.0
-27.0
-195.0
-207.0
-49.0
45.0
-68.0
-145.0
-122.0
-65.0
-31.0
-56.0
-36.0
-49.0
-5.0
-48.0
-118.0
-13.0
14.0
-65.0
-102.0
-94.0
-139.0
-63.0
-6.0
-190.0
-182.0
-79.0
-90.0
-18.0
-54.0
-138.0
-148.0
-24.0
4.0
-83.0
-77.0
-77.0
-42.0
-115.0
-158.0
-52.0
-88.0
-187.0
-210.0
-92.0
-68.0
-195.0
-142.0
-93.0
-72.0
-106.0
-114.0
-60.0
-51.0
-33.0
-136.0
-246.0
-240.0
-158.0
-91.0
-82.0
-135.0
-137.0
-176.0
-104.0
-140.0
-114.0
-34.0
-125.0
-182.0
-187.0
-180.0
-175.0
-143.0
-122.0
-116.0
-136.0
-123.0
-119.0
-242.0
-197.0
-92.0
-101.0
-106.0
-86.0
-107.0
-147.0
-131.0
-130.0
-150.0
-97.0
-65.0
-147.0
-188.0
-76.0
-135.0
-175.0
-108.0
-88.0
-93.0
-119.0
-152.0
-97.0
-51.0
-97.0
-169.0
-187.0
-81.0
-87.0
-183.0
-174.0
-91.0
-88.0
-191.0
-208.0
-163.0
-110.0
-73.0
-115.0
-174.0
-175.0
-64.0
-136.0
-215.0
-186.0
-115.0
-108.0
-151.0
-147.0
-111.0
-125.0
-162.0
-225.0
-167.0
-83.0
-101.0
-228.0
-245.0
-201.0
-112.0
-77.0
-199.0
-252.0
-204.0
-131.0
-140.0
-145.0
-115.0
-173.0
-112.0
-117.0
-176.0
-157.0
-92.0
-130.0
-178.0
-157.0
-94.0
-45.0
-81.0
-115.0
-103.0
-50.0
-34.0
-131.0
-126.0
-65.0
-88.0
-77.0
-142.0
-162.0
-107.0
-91.0
-82.0
-107.0
-136.0
-114.0
-129.0
-201.0
-153.0
-143.0
-129.0
-101.0
-196.0
-188.0
-136.0
-226.0
-255.0
-173.0
-159.0
-156.0
-127.0
-95.0
-129.0
-75.0
-50.0
-212.0
-169.0
-102.0
-176.0
-184.0
-150.0
-159.0
-124.0
-179.0
-150.0
-106.0
-184.0
-257.0
-194.0
-107.0
-140.0
-233.0
-237.0
-139.0
-120.0
-74.0
-90.0
-70.0
-72.0
-155.0
-71.0
-73.0
-134.0
-122.0
-67.0
-84.0
-156.0
-159.0
-100.0
-61.0
-103.0
-98.0
-118.0
-83.0
-106.0
-152.0
-143.0
-131.0
-42.0
-33.0
-194.0
-152.0
-30.0
-172.0
-264.0
-107.0
-110.0
-174.0
-188.0
-105.0
-43.0
-158.0
-135.0
-88.0
-94.0
-124.0
-111.0
-48.0
-65.0
-165.0
-96.0
29.0
-116.0
-195.0
-44.0
-62.0
-122.0
-147.0
-145.0
-77.0
-136.0
-176.0
-147.0
-39.0
40.0
-177.0
-232.0
-81.0
-99.0
-167.0
-165.0
-148.0
-166.0
-112.0
-170.0
-194.0
-162.0
-88.0
-178.0
-244.0
-164.0
-151.0
-100.0
-55.0
-122.0
-155.0
-222.0
-177.0
8.0
-52.0
-154.0
-122.0
-96.0
-56.0
-126.0
-135.0
-122.0
-45.0
-157.0
-193.0
-131.0
-22.0
-76.0
-214.0
-163.0
-99.0
-129.0
-106.0
-67.0
-120.0
-119.0
-101.0
-77.0
-25.0
-59.0
-146.0
-137.0
-17.0
-84.0
-164.0
-13.0
-39.0
-143.0
-120.0
-111.0
-90.0
-135.0
-166.0
-70.0
11.0
-41.0
-93.0
-155.0
-97.0
-43.0
-65.0
-111.0
-96.0
19.0
-81.0
-177.0
-105.0
-116.0
-146.0
-44.0
-54.0
-206.0
-157.0
-109.0
-81.0
-84.0
-130.0
-124.0
-186.0
-142.0
-23.0
-164.0
-231.0
-133.0
-63.0
-90.0
-286.0
-206.0
-28.0
13.0
-114.0
-190.0
-128.0
-109.0
-165.0
-119.0
-57.0
-199.0
-180.0
-110.0
-124.0
-115.0
-101.0
-118.0
-41.0
-87.0
-138.0
-115.0
-84.0
-17.0
-76.0
-34.0
-4.0
-77.0
-119.0
-67.0
-51.0
-127.0
-211.0
-131.0
-114.0
-93.0
-94.0
-91.0
-106.0
-152.0
-166.0
-101.0
-40.0
-106.0
-149.0
-149.0
-148.0
-111.0
-96.0
-111.0
-208.0
-263.0
-196.0
-46.0
4.0
-162.0
-243.0
-106.0
-71.0
-150.0
-190.0
-111.0
-160.0
-175.0
-103.0
-118.0
-116.0
-135.0
-54.0
-8.0
-7.0
112.0
207.0
299.0
350.0
317.0
402.0
582.0
626.0
600.0
621.0
627.0
568.0
485.0
565.0
538.0
398.0
387.0
303.0
281.0
293.0
263.0
191.0
127.0
65.0
-48.0
-73.0
-127.0
-184.0
-109.0
-148.0
-259.0
-283.0
-268.0
-275.0
-259.0
-244.0
-261.0
-253.0
-201.0
-210.0
-221.0
-254.0
-260.0
-177.0
-141.0
-165.0
-180.0
-217.0
-203.0
-190.0
-261.0
-286.0
-291.0
-216.0
-193.0
-231.0
-219.0
-239.0
-261.0
-308.0
-289.0
-287.0
-317.0
-326.0
-294.0
-297.0
-180.0
-99.0
-360.0
-355.0
-193.0
-146.0
-164.0
-199.0
-203.0
-221.0
-208.0
-164.0
-268.0
-268.0
-194.0
-169.0
-159.0
-252.0
-278.0
-151.0
-214.0
-225.0
-144.0
-180.0
-179.0
-205.0
-238.0
-152.0
-130.0
-164.0
-84.0
-113.0
-201.0
-162.0
-142.0
-117.0
-97.0
-75.0
-149.0
-192.0
-74.0
-78.0
-84.0
-156.0
-194.0
-139.0
-57.0
-58.0
-102.0
-117.0
-179.0
-125.0
-70.0
-91.0
-180.0
-155.0
-112.0
-67.0
-75.0
-169.0
-141.0
-25.0
-25.0
-186.0
-249.0
-131.0
-51.0
-81.0
-128.0
-158.0
-45.0
-29.0
-141.0
-219.0
-179.0
-66.0
-67.0
-83.0
-116.0
-110.0
-104.0
-157.0
-180.0
-177.0
-120.0
-81.0
-102.0
-109.0
-129.0
-89.0
-82.0
-135.0
-187.0
-94.0
-22.0
-83.0
-169.0
-127.0
-30.0
-68.0
-168.0
-149.0
-13.0
-72.0
-227.0
-174.0
-51.0
-53.0
-159.0
-176.0
-55.0
12.0
-140.0
-172.0
-71.0
-38.0
-80.0
-111.0
-77.0
-122.0
-174.0
-194.0
-134.0
-56.0
-29.0
-143.0
-191.0
-178.0
-102.0
-68.0
-129.0
-129.0
-119.0
-146.0
-89.0
-34.0
-99.0
-105.0
-48.0
-84.0
-119.0
-172.0
-133.0
-108.0
-79.0
-147.0
-224.0
-135.0
-60.0
-119.0
-132.0
-180.0
-96.0
37.0
-48.0
-115.0
-81.0
-26.0
-29.0
-164.0
-97.0
-52.0
-112.0
-15.0
-23.0
-89.0
-98.0
-39.0
15.0
-81.0
-128.0
-55.0
16.0
-71.0
-43.0
-25.0
-74.0
-62.0
-114.0
-30.0
-72.0
-140.0
-81.0
-32.0
3.0
-21.0
-167.0
-127.0
-52.0
-88.0
-96.0
-137.0
-142.0
48.0
-10.0
-177.0
-112.0
-5.0
-61.0
-96.0
17.0
6.0
-92.0
-91.0
-101.0
-106.0
-110.0
-138.0
-110.0
-52.0
-97.0
-84.0
-99.0
-120.0
-35.0
-34.0
-166.0
-161.0
-69.0
-2.0
-12.0
-160.0
-119.0
-46.0
-52.0
-71.0
-47.0
-26.0
-89.0
-112.0
-73.0
-67.0
-99.0
-106.0
-122.0
-73.0
-91.0
-79.0
-20.0
-99.0
-206.0
-83.0
-40.0
-23.0
5.0
-105.0
-111.0
-33.0
-8.0
-109.0
-40.0
14.0
3.0
-38.0
-3.0
26.0
7.0
20.0
1.0
-18.0
-82.0
-147.0
-83.0
-49.0
-39.0
-86.0
-122.0
-49.0
-127.0
-146.0
-8.0
-90.0
-156.0
-66.0
-73.0
-64.0
-59.0
-36.0
-61.0
-78.0
-24.0
62.0
-1.0
-95.0
-111.0
-12.0
50.0
-2.0
-58.0
-72.0
-33.0
-15.0
-46.0
-89.0
-17.0
-49.0
-105.0
-23.0
-72.0
-64.0
7.0
64.0
26.0
-98.0
-2.0
120.0
-16.0
-108.0
-103.0
-43.0
42.0
52.0
5.0
41.0
79.0
68.0
27.0
14.0
107.0
120.0
122.0
115.0
21.0
5.0
56.0
109.0
87.0
-1.0
2.0
82.0
77.0
-5.0
-16.0
6.0
15.0
18.0
-22.0
-44.0
-6.0
64.0
39.0
49.0
51.0
-18.0
-50.0
-12.0
31.0
-26.0
-2.0
31.0
18.0
-6.0
-43.0
37.0
93.0
58.0
-121.0
-121.0
-11.0
1.0
46.0
71.0
-18.0
-18.0
87.0
51.0
-28.0
1.0
32.0
2.0
-36.0
2.0
58.0
40.0
18.0
61.0
50.0
-48.0
7.0
12.0
10.0
76.0
129.0
93.0
48.0
-56.0
-55.0
32.0
13.0
-69.0
-39.0
12.0
2.0
-60.0
-114.0
-67.0
-1.0
-83.0
-131.0
-47.0
-26.0
-42.0
-35.0
-83.0
-136.0
-16.0
54.0
-32.0
-105.0
-59.0
-46.0
2.0
65.0
-63.0
-113.0
-48.0
-17.0
19.0
-73.0
-71.0
47.0
104.0
167.0
261.0
416.0
452.0
487.0
627.0
643.0
609.0
601.0
624.0
639.0
631.0
546.0
514.0
571.0
516.0
347.0
304.0
364.0
362.0
160.0
77.0
125.0
113.0
32.0
-35.0
-31.0
-43.0
-99.0
-57.0
-107.0
-133.0
-109.0
-146.0
-138.0
-144.0
-165.0
-171.0
-215.0
-206.0
-147.0
-196.0
-258.0
-204.0
-174.0
-203.0
-250.0
-275.0
-198.0
-172.0
-271.0
-249.0
-332.0
-282.0
-224.0
-225.0
-228.0
-347.0
-329.0
-242.0
-240.0
-228.0
-313.0
-366.0
-314.0
-328.0
-342.0
-272.0
-286.0
-259.0
-338.0
-324.0
-275.0
-298.0
-266.0
-183.0
-238.0
-371.0
-333.0
-214.0
-184.0
-202.0
-204.0
-243.0
-236.0
-232.0
-255.0
-270.0
-263.0
-235.0
-204.0
-270.0
-291.0
-196.0
-195.0
-285.0
-243.0
-174.0
-124.0
-191.0
-320.0
-244.0
-172.0
-125.0
-125.0
-224.0
-325.0
-283.0
-162.0
-69.0
-83.0
-206.0
-235.0
-223.0
-138.0
-145.0
-190.0
-130.0
-212.0
-221.0
-164.0
-187.0
-186.0
-146.0
-166.0
-209.0
-205.0
-192.0
-202.0
-241.0
-161.0
-72.0
-205.0
-222.0
-222.0
-202.0
-168.0
-199.0
-203.0
-134.0
-133.0
-116.0
-99.0
-273.0
-256.0
-150.0
-89.0
-129.0
-143.0
-63.0
-127.0
-140.0
-93.0
-124.0
-116.0
-178.0
-193.0
-108.0
-150.0
-181.0
-153.0
-134.0
-112.0
-172.0
-231.0
-187.0
-126.0
-77.0
-163.0
-209.0
-146.0
-139.0
-195.0
-149.0
-166.0
-252.0
-161.0
-88.0
-145.0
-210.0
-218.0
-162.0
-166.0
-175.0
-187.0
-146.0
-109.0
-182.0
-140.0
-74.0
-155.0
-175.0
-117.0
-158.0
-175.0
-152.0
-156.0
-136.0
-155.0
-129.0
-104.0
-67.0
-95.0
-171.0
-223.0
-152.0
-71.0
-157.0
-199.0
-175.0
-98.0
-180.0
-224.0
-147.0
-102.0
-101.0
-86.0
-174.0
-207.0
-151.0
-163.0
-125.0
-172.0
-241.0
-147.0
-143.0
-210.0
-143.0
-96.0
-22.0
32.0
129.0
332.0
424.0
496.0
611.0
642.0
629.0
629.0
633.0
629.0
627.0
621.0
623.0
599.0
600.0
516.0
401.0
377.0
286.0
164.0
143.0
70.0
-18.0
-56.0
-50.0
-83.0
-168.0
-231.0
-250.0
-221.0
-193.0
-344.0
-469.0
-355.0
-347.0
-446.0
-439.0
-358.0
-439.0
-529.0
-495.0
-452.0
-470.0
-515.0
-478.0
-410.0
-452.0
-571.0
-588.0
-513.0
-499.0
-495.0
-447.0
-484.0
-498.0
-511.0
-511.0
-439.0
-430.0
-501.0
-432.0
-435.0
-530.0
-489.0
-427.0
-431.0
-468.0
-519.0
-535.0
-455.0
-376.0
-506.0
-487.0
-395.0
-384.0
-393.0
-402.0
-503.0
-502.0
-389.0
-352.0
-420.0
-449.0
-379.0
-347.0
-384.0
-359.0
-440.0
-503.0
-426.0
-376.0
-375.0
-355.0
-412.0
-439.0
-521.0
-511.0
-466.0
-485.0
-511.0
-550.0
-538.0
-449.0
-435.0
-427.0
-497.0
-539.0
-414.0
-379.0
-492.0
-457.0
-405.0
-427.0
-418.0
-438.0
-437.0
-461.0
-401.0
-316.0
-408.0
-446.0
-417.0
-386.0
-341.0
-320.0
-358.0
-342.0
-290.0
-316.0
-425.0
-380.0
-285.0
-258.0
-328.0
-289.0
-267.0
-242.0
-323.0
-396.0
-310.0
-262.0
-243.0
-301.0
-375.0
-367.0
-303.0
-314.0
-369.0
-399.0
-358.0
-338.0
-341.0
-359.0
-398.0
-393.0
-341.0
-377.0
-403.0
-382.0
-368.0
-341.0
-373.0
-395.0
-356.0
-359.0
-381.0
-379.0
-365.0
-315.0
-257.0
-375.0
-403.0
-346.0
-383.0
-393.0
-363.0
-326.0
-281.0
-357.0
-337.0
-342.0
-349.0
-345.0
-421.0
-361.0
-285.0
-349.0
-355.0
-319.0
-334.0
-341.0
-344.0
-376.0
-347.0
-318.0
-271.0
-252.0
-231.0
-265.0
-310.0
-288.0
-247.0
-242.0
-244.0
-237.0
-238.0
-317.0
-324.0
-292.0
-262.0
-251.0
-271.0
-264.0
-300.0
-309.0
-296.0
-263.0
-267.0
-326.0
-342.0
-211.0
-272.0
-383.0
-343.0
-204.0
-155.0
-416.0
-420.0
-220.0
-208.0
-217.0
-316.0
-352.0
-258.0
-225.0
-178.0
-191.0
-260.0
-274.0
-180.0
-147.0
-205.0
-210.0
-196.0
-169.0
-152.0
-218.0
-221.0
-267.0
-202.0
-217.0
-155.0
-61.0
-127.0
-234.0
-228.0
-132.0
-76.0
-58.0
-129.0
-197.0
-211.0
-134.0
-234.0
-163.0
-127.0
-269.0
-225.0
-180.0
-152.0
-150.0
-111.0
-133.0
-173.0
-231.0
-199.0
-194.0
-240.0
-153.0
-135.0
-92.0
-98.0
-193.0
-154.0
-132.0
-192.0
-129.0
-97.0
-156.0
-136.0
-149.0
-148.0
-227.0
-232.0
-104.0
-13.0
-158.0
-239.0
-171.0
-100.0
-44.0
-41.0
-120.0
-231.0
-222.0
-126.0
-137.0
-167.0
-127.0
-109.0
-221.0
-237.0
-114.0
-109.0
-169.0
-112.0
-135.0
-178.0
-140.0
-200.0
-154.0
-154.0
-208.0
-187.0
-203.0
-211.0
-103.0
-78.0
-241.0
-224.0
-138.0
-191.0
-224.0
-148.0
-104.0
-180.0
-204.0
-110.0
-144.0
-257.0
-267.0
-213.0
-127.0
-69.0
-219.0
-284.0
-166.0
-173.0
-305.0
-390.0
-283.0
-242.0
-232.0
-221.0
-196.0
-136.0
-218.0
-304.0
-261.0
-192.0
-187.0
-258.0
-276.0
-271.0
-338.0
-364.0
-296.0
-254.0
-263.0
-220.0
-247.0
-285.0
-260.0
-243.0
-213.0
-188.0
-192.0
-271.0
-267.0
-165.0
-261.0
-296.0
-201.0
-161.0
-211.0
-243.0
-206.0
-218.0
-242.0
-290.0
-273.0
-250.0
-219.0
-187.0
-315.0
-312.0
-177.0
-229.0
-370.0
-354.0
-174.0
-69.0
-261.0
-376.0
-272.0
-242.0
-295.0
-250.0
-261.0
-276.0
-261.0
-272.0
-224.0
-185.0
-267.0
-273.0
-272.0
-230.0
-290.0
-280.0
-297.0
-286.0
-173.0
-235.0
-345.0
-261.0
-216.0
-205.0
-147.0
-196.0
-193.0
-177.0
-166.0
-176.0
-234.0
-230.0
-139.0
-126.0
-287.0
-281.0
-202.0
-108.0
-120.0
-168.0
-165.0
-102.0
-107.0
-184.0
-181.0
-182.0
-200.0
-151.0
-169.0
-169.0
-90.0
-130.0
-173.0
-143.0
-141.0
-167.0
-171.0
-152.0
-60.0
-102.0
-128.0
-113.0
-191.0
-216.0
-105.0
-82.0
-164.0
-238.0
-186.0
-71.0
-46.0
-100.0
-148.0
-165.0
-139.0
-95.0
-101.0
-187.0
-199.0
-143.0
-145.0
-176.0
-150.0
-159.0
-204.0
-132.0
-148.0
-149.0
-58.0
-161.0
-230.0
-164.0
-100.0
-99.0
-145.0
-131.0
-208.0
-185.0
-18.0
-24.0
-103.0
-97.0
-116.0
-103.0
-134.0
-137.0
-87.0
-151.0
-171.0
-122.0
-109.0
-122.0
-174.0
-155.0
-70.0
-124.0
-145.0
-110.0
-111.0
-125.0
-150.0
-182.0
-235.0
-240.0
-194.0
-209.0
-168.0
-111.0
-162.0
-233.0
-215.0
-84.0
-156.0
-272.0
-210.0
-133.0
-228.0
-254.0
-181.0
-201.0
-243.0
-191.0
-175.0
-134.0
-109.0
-232.0
-204.0
-162.0
-164.0
-102.0
-194.0
-196.0
-227.0
-209.0
-163.0
-244.0
-249.0
-191.0
-159.0
-100.0
-103.0
-162.0
-161.0
-225.0
-183.0
-112.0
-177.0
-190.0
-185.0
-253.0
-197.0
-167.0
-185.0
-204.0
-200.0
-152.0
-78.0
-136.0
-248.0
-245.0
-203.0
-143.0
-186.0
-189.0
-235.0
-238.0
-184.0
-124.0
-111.0
-227.0
-230.0
-104.0
-110.0
-227.0
-251.0
-172.0
-145.0
-290.0
-296.0
-167.0
-146.0
-115.0
-56.0
-167.0
-228.0
-200.0
-132.0
-73.0
-108.0
-206.0
-174.0
-113.0
-113.0
-163.0
-162.0
-68.0
-16.0
-13.0
-77.0
-167.0
-133.0
-68.0
-63.0
-106.0
-160.0
-197.0
-131.0
-96.0
-82.0
-95.0
-146.0
-150.0
-117.0
-123.0
-50.0
-40.0
-105.0
-140.0
-116.0
-36.0
-46.0
-76.0
-76.0
-97.0
-91.0
-114.0
-149.0
-68.0
-17.0
-112.0
-185.0
-102.0
-52.0
-146.0
-205.0
-66.0
-48.0
-72.0
-30.0
-48.0
-149.0
-197.0
-136.0
-55.0
-61.0
-166.0
-88.0
-42.0
-104.0
-106.0
-138.0
-110.0
-88.0
-103.0
-43.0
-74.0
-125.0
-93.0
-146.0
-123.0
-122.0
-137.0
-210.0
-168.0
-79.0
-44.0
-84.0
-71.0
-103.0
-165.0
-124.0
-53.0
-24.0
-115.0
-99.0
-3.0
-77.0
-163.0
-69.0
-19.0
-106.0
-94.0
8.0
-111.0
-172.0
-89.0
-61.0
-143.0
-114.0
-124.0
-183.0
-126.0
-61.0
-98.0
-116.0
-103.0
-83.0
-79.0
-137.0
-68.0
-32.0
-93.0
-128.0
-158.0
-102.0
61.0
24.0
-131.0
-109.0
37.0
50.0
3.0
24.0
46.0
12.0
26.0
89.0
44.0
-80.0
-114.0
-43.0
80.0
119.0
31.0
6.0
22.0
65.0
63.0
-39.0
-43.0
13.0
120.0
131.0
24.0
-61.0
8.0
71.0
46.0
17.0
69.0
2.0
-39.0
11.0
-7.0
-7.0
39.0
12.0
-36.0
4.0
21.0
53.0
-48.0
-78.0
-2.0
15.0
22.0
64.0
-12.0
-64.0
-36.0
32.0
74.0
47.0
-32.0
-29.0
8.0
67.0
19.0
-81.0
-18.0
-35.0
-46.0
-25.0
-44.0
44.0
73.0
-56.0
-78.0
-8.0
1.0
-101.0
-88.0
47.0
-32.0
-110.0
-44.0
-14.0
110.0
21.0
-72.0
21.0
72.0
-24.0
-30.0
55.0
33.0
-65.0
-46.0
70.0
68.0
-87.0
-186.0
-95.0
45.0
43.0
-24.0
-60.0
-51.0
-58.0
-56.0
-83.0
-36.0
38.0
40.0
-27.0
-26.0
39.0
91.0
40.0
19.0
0.0
67.0
59.0
-74.0
-93.0
-7.0
10.0
43.0
-76.0
-107.0
-31.0
-15.0
33.0
13.0
-61.0
-95.0
-58.0
61.0
46.0
-35.0
-35.0
-25.0
12.0
63.0
44.0
-44.0
-38.0
-59.0
-25.0
51.0
84.0
35.0
-78.0
-62.0
39.0
-48.0
-78.0
4.0
42.0
-16.0
-23.0
17.0
4.0
-95.0
-69.0
55.0
-7.0
-14.0
28.0
-11.0
-30.0
-16.0
51.0
46.0
3.0
-5.0
-41.0
29.0
145.0
64.0
-40.0
-14.0
67.0
56.0
-35.0
-38.0
97.0
98.0
33.0
14.0
43.0
80.0
45.0
21.0
-35.0
-59.0
17.0
50.0
-26.0
55.0
37.0
-62.0
15.0
40.0
-22.0
-68.0
-35.0
31.0
18.0
14.0
30.0
-14.0
-26.0
37.0
22.0
90.0
106.0
45.0
15.0
48.0
21.0
-36.0
18.0
80.0
52.0
20.0
4.0
94.0
109.0
6.0
-102.0
-16.0
99.0
-2.0
-121.0
-66.0
43.0
42.0
-20.0
29.0
26.0
-71.0
-36.0
23.0
-5.0
-49.0
-26.0
24.0
-63.0
-51.0
65.0
42.0
4.0
25.0
37.0
-27.0
-112.0
-34.0
61.0
15.0
-36.0
13.0
25.0
-10.0
-24.0
-6.0
29.0
2.0
-19.0
-38.0
-67.0
-43.0
-31.0
3.0
-61.0
-152.0
-26.0
21.0
-125.0
-119.0
-18.0
-23.0
-44.0
-55.0
-107.0
-45.0
-8.0
-33.0
-81.0
-88.0
-67.0
-102.0
-138.0
-165.0
-182.0
-98.0
-63.0
-114.0
-95.0
-37.0
-70.0
-140.0
-110.0
-38.0
-33.0
-127.0
-114.0
-111.0
-156.0
-62.0
6.0
-5.0
-2.0
-47.0
-20.0
-27.0
-88.0
-64.0
-62.0
-22.0
100.0
30.0
-167.0
-126.0
37.0
76.0
-35.0
-120.0
-90.0
-80.0
-100.0
-124.0
-109.0
-43.0
-114.0
-99.0
-124.0
-119.0
-41.0
-67.0
-124.0
-94.0
-71.0
-65.0
-146.0
-167.0
-98.0
-163.0
-213.0
-119.0
-95.0
-95.0
-167.0
-231.0
-180.0
-161.0
-169.0
-134.0
-142.0
-131.0
-76.0
-92.0
-161.0
-131.0
-66.0
-73.0
-110.0
-68.0
-153.0
-161.0
-23.0
-26.0
-157.0
-174.0
-122.0
-124.0
-76.0
-101.0
-145.0
-161.0
-115.0
-11.0
-123.0
-147.0
-49.0
-77.0
-174.0
-185.0
-116.0
-76.0
-142.0
-137.0
-121.0
-39.0
-110.0
-163.0
-176.0
-147.0
-132.0
-126.0
-169.0
-225.0
-159.0
-126.0
-148.0
-167.0
-178.0
-95.0
-77.0
-89.0
-99.0
-191.0
-232.0
-131.0
-135.0
-226.0
-241.0
-204.0
-143.0
-122.0
-169.0
-224.0
-233.0
-164.0
-128.0
-95.0
-110.0
-130.0
-100.0
-124.0
-196.0
-95.0
-67.0
-59.0
-136.0
-258.0
-158.0
-83.0
-127.0
-123.0
-134.0
-144.0
-82.0
-175.0
-256.0
-172.0
-186.0
-152.0
-166.0
-182.0
-85.0
-157.0
-262.0
-178.0
-159.0
-63.0
-84.0
-187.0
-103.0
-133.0
-188.0
-131.0
-102.0
-100.0
-118.0
-129.0
-121.0
-102.0
-129.0
-172.0
-177.0
-146.0
-184.0
-181.0
-162.0
-129.0
-115.0
-252.0
-379.0
-293.0
-185.0
-179.0
-152.0
-192.0
-232.0
-182.0
-213.0
-260.0
-188.0
-136.0
-185.0
-259.0
-208.0
-90.0
-192.0
-133.0
-125.0
-241.0
-173.0
-115.0
-71.0
-108.0
-149.0
-184.0
-225.0
-197.0
-132.0
-125.0
-105.0
-137.0
-133.0
-40.0
-73.0
-224.0
-191.0
-95.0
-65.0
-101.0
-196.0
-162.0
-116.0
-148.0
-220.0
-189.0
-59.0
-55.0
-168.0
-182.0
-152.0
-75.0
-104.0
-257.0
-150.0
-140.0
-203.0
-129.0
-60.0
-182.0
-231.0
-184.0
-52.0
-176.0
-246.0
-156.0
-87.0
-138.0
-181.0
-172.0
-111.0
-121.0
-210.0
-106.0
-49.0
-178.0
-135.0
-110.0
-143.0
-184.0
-99.0
-79.0
-183.0
-226.0
-70.0
-46.0
-215.0
-241.0
-145.0
-58.0
-35.0
-72.0
-120.0
-212.0
-130.0
-108.0
-117.0
-106.0
-104.0
-156.0
-112.0
-119.0
-192.0
-176.0
-139.0
-73.0
-144.0
-199.0
-117.0
-131.0
-188.0
-210.0
-172.0
-110.0
-184.0
-220.0
-172.0
-166.0
-117.0
-29.0
-162.0
-156.0
-65.0
-87.0
-40.0
-50.0
-151.0
-89.0
-59.0
-127.0
-196.0
-165.0
-90.0
-175.0
-183.0
-125.0
-62.0
-117.0
-196.0
-220.0
-209.0
-128.0
-42.0
-94.0
-175.0
-162.0
-118.0
-124.0
-54.0
-117.0
-216.0
-154.0
-161.0
-155.0
-153.0
-157.0
-131.0
-185.0
-238.0
-173.0
-171.0
-231.0
-182.0
-140.0
-112.0
-74.0
-149.0
-168.0
-140.0
-158.0
-228.0
-233.0
-169.0
-176.0
-258.0
-244.0
-196.0
-141.0
-203.0
-283.0
-196.0
-151.0
-209.0
-161.0
-130.0
-222.0
-218.0
-175.0
-138.0
-82.0
-158.0
-246.0
-250.0
-137.0
-94.0
-184.0
-218.0
-196.0
-113.0
-157.0
-239.0
-152.0
-45.0
-68.0
-172.0
-221.0
-152.0
-40.0
-73.0
-193.0
-237.0
-143.0
-45.0
-145.0
-177.0
-163.0
-144.0
-88.0
-139.0
-194.0
-210.0
-201.0
-125.0
-103.0
-224.0
-155.0
-112.0
-169.0
-129.0
-158.0
-117.0
-90.0
-196.0
-180.0
-174.0
-140.0
-173.0
-221.0
-268.0
-239.0
-167.0
-136.0
-183.0
-205.0
-148.0
-69.0
-52.0
-133.0
-237.0
-244.0
-215.0
-158.0
-184.0
-271.0
-260.0
-227.0
-218.0
-147.0
-243.0
-299.0
-210.0
-222.0
-251.0
-223.0
-237.0
-236.0
-250.0
-285.0
-216.0
-212.0
-243.0
-151.0
-165.0
-204.0
-154.0
-139.0
-184.0
-262.0
-164.0
-166.0
-247.0
-304.0
-267.0
-220.0
-220.0
-213.0
-212.0
-152.0
-184.0
-174.0
-189.0
-252.0
-180.0
-187.0
-272.0
-243.0
-209.0
-211.0
-272.0
-275.0
-265.0
-230.0
-149.0
-108.0
-212.0
-228.0
-178.0
-214.0
-199.0
-190.0
-177.0
-144.0
-184.0
-198.0
-161.0
-136.0
-138.0
-136.0
-104.0
-125.0
-193.0
-191.0
-139.0
-130.0
-100.0
-180.0
-145.0
-73.0
-93.0
-95.0
-161.0
-233.0
-181.0
-150.0
-120.0
-142.0
-212.0
-110.0
-71.0
-181.0
-173.0
-118.0
-90.0
-184.0
-176.0
-106.0
-100.0
-58.0
-134.0
-221.0
-185.0
-107.0
-44.0
-39.0
-180.0
-269.0
-161.0
-76.0
-127.0
-141.0
-126.0
-146.0
-149.0
-138.0
-73.0
-30.0
-137.0
-206.0
-171.0
-100.0
-73.0
-65.0
-162.0
-199.0
-163.0
-80.0
-106.0
-156.0
-146.0
-171.0
-134.0
-118.0
-150.0
-237.0
-171.0
-41.0
-128.0
-130.0
-88.0
-185.0
-150.0
-87.0
-70.0
-118.0
-166.0
-116.0
-45.0
-22.0
-32.0
-86.0
-34.0
33.0
3.0
-61.0
-116.0
-135.0
-82.0
-77.0
-86.0
-108.0
-72.0
-85.0
-108.0
-77.0
-77.0
-140.0
-161.0
-3.0
41.0
-106.0
-166.0
-155.0
-120.0
-43.0
-87.0
-161.0
-141.0
-101.0
-27.0
-39.0
-95.0
-114.0
-98.0
-62.0
-69.0
-74.0
-128.0
-179.0
-105.0
-73.0
-131.0
-106.0
-65.0
-64.0
-82.0
-67.0
-33.0
-92.0
-132.0
-118.0
-102.0
-87.0
-58.0
-106.0
-98.0
-78.0
-166.0
-137.0
-93.0
-120.0
-114.0
-156.0
-113.0
-71.0
-161.0
-159.0
-100.0
-62.0
-20.0
-106.0
-145.0
-87.0
-88.0
-40.0
-26.0
-133.0
-184.0
-122.0
-43.0
-34.0
-67.0
-130.0
-137.0
-97.0
-51.0
-149.0
-117.0
-83.0
-117.0
-60.0
-77.0
-105.0
-152.0
-211.0
-152.0
-65.0
-125.0
-134.0
-102.0
-105.0
-166.0
-206.0
-117.0
-68.0
-147.0
-146.0
-123.0
-119.0
-61.0
-21.0
-28.0
-126.0
-147.0
-86.0
-33.0
-100.0
-231.0
-216.0
-152.0
-117.0
-138.0
-175.0
-173.0
-109.0
-87.0
-154.0
-89.0
-36.0
-59.0
-73.0
-118.0
-109.0
-88.0
-118.0
-86.0
-122.0
-109.0
-45.0
-154.0
-134.0
-88.0
-111.0
-94.0
-86.0
-96.0
-103.0
-102.0
-147.0
-109.0
-61.0
-43.0
-112.0
-96.0
-38.0
-24.0
-63.0
-86.0
-124.0
-83.0
-74.0
-89.0
-90.0
-112.0
-126.0
-87.0
-130.0
-127.0
-97.0
-142.0
-134.0
-70.0
-118.0
-172.0
-115.0
-137.0
-227.0
-217.0
-126.0
-55.0
-26.0
-177.0
-262.0
-128.0
-57.0
-72.0
-137.0
-143.0
-176.0
-199.0
-165.0
-129.0
-89.0
-90.0
-221.0
-205.0
-133.0
-90.0
-120.0
-103.0
-133.0
-157.0
-48.0
-127.0
-220.0
-107.0
-70.0
-115.0
-100.0
-126.0
-100.0
-99.0
-126.0
-176.0
-216.0
-180.0
-153.0
-167.0
-99.0
-137.0
-211.0
-129.0
-91.0
-129.0
-92.0
-91.0
-82.0
-92.0
-137.0
-116.0
-120.0
-144.0
-87.0
-107.0
-129.0
-144.0
-40.0
25.0
-118.0
-184.0
-102.0
-34.0
-61.0
-71.0
-123.0
-138.0
-44.0
14.0
-81.0
-154.0
-105.0
-22.0
-82.0
-207.0
-152.0
-35.0
-56.0
-149.0
-131.0
-87.0
-79.0
-17.0
-97.0
-93.0
-41.0
-136.0
-167.0
-144.0
-61.0
-36.0
-169.0
-135.0
-34.0
-70.0
-126.0
-127.0
-87.0
-20.0
-65.0
-44.0
-26.0
-111.0
-126.0
-28.0
13.0
-64.0
-113.0
-59.0
27.0
-97.0
-180.0
-103.0
62.0
36.0
-161.0
-91.0
44.0
36.0
-27.0
-94.0
-59.0
22.0
3.0
-36.0
-77.0
-119.0
-50.0
-15.0
-92.0
-115.0
-123.0
-147.0
-197.0
-187.0
-91.0
-49.0
-97.0
-93.0
-78.0
-96.0
-96.0
-148.0
-149.0
-150.0
-136.0
-83.0
-119.0
-120.0
-80.0
-76.0
-22.0
-22.0
-126.0
-103.0
-35.0
-90.0
-114.0
-67.0
-70.0
-157.0
-124.0
-13.0
-76.0
-118.0
-91.0
-109.0
-10.0
5.0
-90.0
-62.0
-73.0
-64.0
-70.0
-88.0
-25.0
-91.0
-51.0
-16.0
-5.0
26.0
-25.0
-106.0
-65.0
-13.0
-24.0
-44.0
-95.0
-30.0
-29.0
-95.0
-27.0
4.0
-17.0
-51.0
-127.0
-111.0
-29.0
-78.0
-27.0
-91.0
-163.0
-70.0
-90.0
-82.0
-77.0
-169.0
-131.0
-76.0
-129.0
-126.0
-91.0
-131.0
-186.0
-137.0
-45.0
-136.0
-221.0
-86.0
1.0
-112.0
-209.0
-184.0
-79.0
-69.0
-159.0
-150.0
-60.0
-43.0
-139.0
-110.0
-52.0
-90.0
-71.0
-60.0
-170.0
-149.0
-86.0
-76.0
-131.0
-167.0
-98.0
-121.0
-202.0
-159.0
-98.0
-98.0
-162.0
-192.0
-82.0
-12.0
-66.0
-130.0
-171.0
-99.0
-35.0
-114.0
-166.0
-145.0
-147.0
-122.0
-134.0
-144.0
-105.0
-47.0
-105.0
-121.0
-69.0
-139.0
-174.0
-130.0
-96.0
-52.0
-80.0
-144.0
-93.0
-11.0
-55.0
-137.0
-157.0
-101.0
-68.0
-46.0
-93.0
-36.0
-74.0
-155.0
-107.0
-27.0
-118.0
-156.0
-88.0
-107.0
-154.0
-116.0
-58.0
-163.0
-193.0
-90.0
-71.0
-109.0
-96.0
-75.0
-72.0
-68.0
-82.0
-24.0
-36.0
-64.0
-158.0
-167.0
-69.0
-53.0
-71.0
-85.0
-147.0
-88.0
-62.0
-74.0
-41.0
-51.0
-25.0
-74.0
-159.0
-54.0
29.0
-62.0
-97.0
-143.0
-138.0
-28.0
-29.0
-102.0
-97.0
-77.0
-124.0
-161.0
-105.0
-99.0
-152.0
-151.0
-154.0
-193.0
-88.0
-58.0
-153.0
-130.0
-83.0
-59.0
-34.0
-61.0
-121.0
-68.0
-35.0
-105.0
-91.0
-43.0
-134.0
-155.0
-30.0
-77.0
-108.0
-60.0
-54.0
-43.0
-30.0
-79.0
-66.0
18.0
-76.0
-101.0
-54.0
-1.0
-81.0
-93.0
18.0
-13.0
-41.0
-42.0
-34.0
2.0
-29.0
-71.0
46.0
52.0
-46.0
-14.0
-29.0
-81.0
12.0
63.0
28.0
-130.0
-133.0
-12.0
-67.0
-81.0
-53.0
-48.0
-65.0
-64.0
13.0
-5.0
-114.0
-81.0
-82.0
-17.0
14.0
-125.0
-138.0
-32.0
-80.0
-122.0
-88.0
-80.0
-93.0
-66.0
-16.0
-26.0
-64.0
-64.0
-37.0
-21.0
-39.0
-161.0
-224.0
-93.0
-59.0
-73.0
-64.0
-84.0
-68.0
-74.0
-79.0
-20.0
-72.0
-143.0
-107.0
-73.0
-69.0
-107.0
-154.0
-167.0
-117.0
6.0
-137.0
-264.0
-175.0
-100.0
-89.0
-48.0
-26.0
-86.0
-144.0
-126.0
-15.0
-64.0
-109.0
-88.0
-47.0
30.0
-55.0
-152.0
-100.0
-54.0
-80.0
-46.0
-35.0
-100.0
-146.0
-121.0
-88.0
-79.0
-124.0
-80.0
-31.0
-17.0
8.0
-56.0
-26.0
-2.0
-48.0
-34.0
-27.0
10.0
34.0
22.0
53.0
-48.0
-152.0
-138.0
-94.0
-40.0
-104.0
-134.0
-62.0
-29.0
12.0
-58.0
-144.0
-149.0
-81.0
-40.0
-17.0
-179.0
-178.0
-58.0
-18.0
-27.0
-102.0
-97.0
-61.0
-112.0
-83.0
-92.0
-169.0
-179.0
-171.0
-86.0
-47.0
-171.0
-156.0
-92.0
-78.0
-12.0
-85.0
-216.0
-166.0
-109.0
-90.0
-95.0
-127.0
-126.0
-108.0
-117.0
-88.0
-117.0
-125.0
-168.0
-162.0
-49.0
-5.0
-51.0
-59.0
-93.0
-70.0
-13.0
-61.0
-118.0
-188.0
-148.0
-138.0
-144.0
-88.0
-137.0
-149.0
-74.0
-127.0
-166.0
-161.0
-128.0
-161.0
-221.0
-197.0
-163.0
-144.0
-157.0
-125.0
-168.0
-200.0
-148.0
-186.0
-176.0
-185.0
-165.0
-105.0
-161.0
-181.0
-157.0
-145.0
-86.0
-103.0
-127.0
-187.0
-161.0
-90.0
-131.0
-164.0
-112.0
-131.0
-144.0
-82.0
-54.0
-96.0
-131.0
-119.0
-44.0
-53.0
-146.0
-167.0
-120.0
-60.0
-67.0
-103.0
-106.0
-98.0
-77.0
-28.0
-116.0
-153.0
-78.0
-61.0
-108.0
-80.0
-91.0
-91.0
-120.0
-112.0
-103.0
-184.0
-202.0
-222.0
-197.0
-58.0
5.0
-143.0
-190.0
-168.0
-175.0
-88.0
-105.0
-152.0
-244.0
-229.0
-51.0
-110.0
-205.0
-212.0
-114.0
-70.0
-141.0
-159.0
-201.0
-240.0
-40.0
-84.0
-257.0
-168.0
-184.0
-140.0
-100.0
-214.0
-232.0
-171.0
-149.0
-91.0
-25.0
-38.0
-106.0
-116.0
-3.0
-34.0
-102.0
-98.0
-105.0
0.0
0.0
0.0
0.0
0.0
0.0
0.0
0.0
0.0
0.0
0.0
0.0
0.0
0.0
0.0
0.0
0.0
0.0
0.0
0.0
0.0
0.0
0.0
0.0
0.0
0.0
0.0
0.0
0.0
0.0
0.0
0.0
0.0
0.0
0.0
0.0
0.0
0.0
0.0
0.0
0.0
0.0
0.0
0.0
0.0
0.0
0.0
0.0
0.0
0.0
0.0
0.0
0.0
0.0
0.0
0.0
0.0
0.0
0.0
0.0
0.0
0.0
0.0
0.0
0.0
0.0
0.0
0.0
0.0
0.0
0.0
0.0
0.0
0.0
0.0
0.0
0.0
0.0
0.0
0.0
0.0
0.0
0.0
0.0
0.0
0.0
0.0
0.0
0.0
0.0
0.0
0.0
0.0
0.0
0.0
0.0
0.0
0.0
0.0
0.0
0.0
0.0
0.0
0.0
0.0
0.0
0.0
0.0
0.0
0.0
0.0
0.0
0.0
0.0
0.0
0.0
0.0
0.0
0.0
0.0
0.0
0.0
0.0
0.0
0.0
0.0
0.0
0.0
