21.0
-18.0
-24.0
29.0
-11.0
29.0
31.0
-18.0
34.0
36.0
56.0
87.0
41.0
60.0
44.0
25.0
70.0
29.0
39.0
82.0
55.0
137.0
151.0
97.0
134.0
91.0
117.0
171.0
98.0
141.0
139.0
131.0
149.0
97.0
102.0
132.0
73.0
110.0
99.0
69.0
119.0
101.0
108.0
130.0
60.0
88.0
80.0
63.0
120.0
77.0
82.0
111.0
74.0
125.0
95.0
41.0
116.0
88.0
90.0
118.0
111.0
181.0
166.0
130.0
200.0
128.0
105.0
133.0
88.0
98.0
88.0
80.0
92.0
36.0
59.0
117.0
84.0
108.0
89.0
78.0
133.0
84.0
93.0
104.0
64.0
116.0
88.0
52.0
110.0
50.0
54.0
78.0
22.0
55.0
62.0
30.0
68.0
43.0
68.0
74.0
52.0
147.0
159.0
159.0
240.0
232.0
249.0
249.0
190.0
220.0
154.0
95.0
156.0
96.0
84.0
108.0
51.0
92.0
111.0
84.0
139.0
133.0
130.0
191.0
200.0
278.0
303.0
291.0
303.0
286.0
297.0
282.0
249.0
307.0
265.0
209.0
267.0
256.0
264.0
263.0
212.0
267.0
257.0
250.0
273.0
205.0
229.0
257.0
205.0
238.0
220.0
192.0
240.0
178.0
182.0
231.0
236.0
345.0
335.0
286.0
341.0
313.0
320.0
333.0
271.0
288.0
286.0
297.0
366.0
338.0
379.0
421.0
409.0
460.0
459.0
442.0
468.0
430.0
448.0
469.0
448.0
531.0
477.0
409.0
456.0
423.0
427.0
470.0
413.0
432.0
411.0
393.0
461.0
389.0
348.0
336.0
267.0
317.0
296.0
247.0
327.0
308.0
313.0
342.0
296.0
326.0
308.0
296.0
341.0
311.0
337.0
362.0
339.0
369.0
347.0
353.0
396.0
327.0
319.0
333.0
302.0
347.0
309.0
240.0
271.0
272.0
315.0
373.0
336.0
364.0
355.0
342.0
386.0
327.0
329.0
333.0
276.0
336.0
315.0
260.0
318.0
281.0
297.0
361.0
329.0
352.0
335.0
327.0
383.0
360.0
372.0
380.0
348.0
373.0
325.0
282.0
314.0
275.0
301.0
326.0
282.0
314.0
308.0
285.0
319.0
255.0
253.0
284.0
258.0
350.0
373.0
375.0
400.0
280.0
277.0
329.0
279.0
305.0
293.0
260.0
296.0
273.0
279.0
290.0
288.0
355.0
329.0
345.0
399.0
285.0
304.0
346.0
295.0
372.0
374.0
342.0
398.0
360.0
347.0
328.0
272.0
308.0
272.0
260.0
328.0
311.0
348.0
360.0
296.0
338.0
347.0
309.0
348.0
317.0
373.0
420.0
376.0
428.0
393.0
372.0
386.0
296.0
315.0
370.0
316.0
342.0
305.0
279.0
353.0
329.0
330.0
305.0
259.0
308.0
309.0
285.0
299.0
253.0
290.0
327.0
294.0
352.0
313.0
312.0
387.0
364.0
370.0
396.0
334.0
366.0
353.0
327.0
379.0
347.0
361.0
326.0
244.0
298.0
249.0
198.0
227.0
175.0
232.0
259.0
223.0
279.0
267.0
243.0
286.0
253.0
259.0
275.0
216.0
262.0
281.0
270.0
322.0
296.0
254.0
244.0
223.0
274.0
266.0
249.0
297.0
254.0
282.0
326.0
296.0
313.0
290.0
284.0
333.0
312.0
341.0
332.0
280.0
333.0
320.0
317.0
345.0
304.0
343.0
355.0
275.0
346.0
336.0
273.0
278.0
228.0
226.0
236.0
188.0
231.0
230.0
222.0
304.0
274.0
304.0
311.0
192.0
232.0
228.0
223.0
285.0
208.0
205.0
214.0
162.0
206.0
187.0
175.0
235.0
203.0
234.0
256.0
222.0
265.0
227.0
209.0
242.0
196.0
230.0
248.0
231.0
355.0
378.0
353.0
412.0
386.0
393.0
394.0
312.0
327.0
276.0
206.0
237.0
181.0
197.0
202.0
121.0
188.0
207.0
198.0
249.0
204.0
211.0
243.0
228.0
250.0
180.0
173.0
257.0
195.0
172.0
211.0
187.0
243.0
239.0
201.0
238.0
217.0
284.0
324.0
301.0
354.0
357.0
381.0
426.0
369.0
381.0
334.0
273.0
340.0
316.0
293.0
369.0
322.0
312.0
364.0
331.0
375.0
354.0
289.0
323.0
272.0
283.0
280.0
196.0
236.0
219.0
206.0
226.0
172.0
234.0
281.0
221.0
252.0
206.0
168.0
230.0
202.0
242.0
298.0
259.0
267.0
222.0
219.0
280.0
241.0
278.0
282.0
205.0
257.0
248.0
221.0
268.0
261.0
278.0
299.0
291.0
336.0
287.0
245.0
284.0
259.0
278.0
303.0
263.0
253.0
213.0
213.0
259.0
200.0
225.0
268.0
240.0
285.0
267.0
201.0
208.0
165.0
215.0
262.0
209.0
200.0
149.0
148.0
221.0
175.0
212.0
235.0
184.0
230.0
195.0
159.0
213.0
177.0
203.0
251.0
264.0
312.0
239.0
216.0
256.0
219.0
255.0
282.0
266.0
310.0
281.0
277.0
355.0
312.0
338.0
356.0
314.0
387.0
362.0
334.0
361.0
313.0
350.0
338.0
275.0
334.0
331.0
323.0
344.0
297.0
314.0
305.0
262.0
322.0
310.0
296.0
328.0
247.0
273.0
311.0
292.0
340.0
306.0
285.0
323.0
265.0
308.0
343.0
310.0
350.0
304.0
258.0
297.0
253.0
267.0
288.0
277.0
342.0
322.0
300.0
304.0
247.0
283.0
322.0
257.0
278.0
271.0
283.0
334.0
299.0
351.0
393.0
352.0
351.0
298.0
278.0
330.0
321.0
365.0
354.0
333.0
407.0
393.0
320.0
327.0
278.0
290.0
287.0
233.0
256.0
224.0
228.0
275.0
219.0
223.0
247.0
183.0
231.0
235.0
237.0
279.0
204.0
200.0
219.0
205.0
271.0
233.0
227.0
255.0
187.0
166.0
170.0
192.0
271.0
257.0
288.0
322.0
232.0
276.0
317.0
285.0
329.0
271.0
241.0
275.0
210.0
252.0
310.0
239.0
244.0
257.0
286.0
322.0
250.0
235.0
223.0
176.0
203.0
182.0
166.0
211.0
205.0
254.0
282.0
229.0
222.0
178.0
186.0
233.0
190.0
212.0
203.0
138.0
184.0
171.0
142.0
215.0
210.0
198.0
160.0
165.0
212.0
162.0
163.0
204.0
166.0
194.0
204.0
177.0
230.0
223.0
200.0
204.0
175.0
235.0
294.0
300.0
319.0
262.0
251.0
282.0
225.0
224.0
196.0
167.0
243.0
194.0
148.0
191.0
195.0
258.0
250.0
219.0
291.0
260.0
256.0
315.0
265.0
276.0
275.0
226.0
245.0
180.0
188.0
231.0
186.0
232.0
206.0
174.0
250.0
239.0
203.0
204.0
175.0
211.0
229.0
209.0
262.0
239.0
238.0
294.0
260.0
284.0
288.0
245.0
244.0
175.0
170.0
213.0
163.0
183.0
208.0
203.0
227.0
188.0
173.0
244.0
197.0
198.0
196.0
183.0
244.0
186.0
151.0
192.0
137.0
165.0
187.0
164.0
228.0
211.0
203.0
207.0
138.0
183.0
201.0
168.0
219.0
234.0
271.0
338.0
285.0
289.0
284.0
232.0
252.0
175.0
123.0
133.0
75.0
99.0
99.0
67.0
130.0
99.0
92.0
105.0
44.0
124.0
166.0
127.0
169.0
101.0
92.0
149.0
81.0
120.0
135.0
83.0
150.0
108.0
99.0
139.0
42.0
82.0
122.0
60.0
73.0
70.0
79.0
119.0
72.0
97.0
118.0
103.0
172.0
164.0
176.0
193.0
134.0
162.0
150.0
118.0
181.0
130.0
121.0
169.0
125.0
176.0
223.0
222.0
272.0
256.0
313.0
347.0
266.0
293.0
323.0
276.0
278.0
235.0
245.0
285.0
252.0
268.0
228.0
183.0
219.0
159.0
187.0
250.0
210.0
235.0
224.0
182.0
223.0
214.0
228.0
240.0
180.0
223.0
246.0
217.0
256.0
228.0
187.0
195.0
163.0
197.0
209.0
175.0
229.0
214.0
214.0
227.0
171.0
225.0
256.0
254.0
324.0
280.0
258.0
299.0
249.0
296.0
313.0
248.0
280.0
265.0
261.0
301.0
241.0
256.0
273.0
240.0
324.0
299.0
300.0
379.0
360.0
385.0
362.0
324.0
370.0
308.0
277.0
290.0
215.0
267.0
267.0
227.0
289.0
241.0
239.0
317.0
290.0
321.0
336.0
315.0
352.0
327.0
294.0
310.0
284.0
309.0
288.0
243.0
319.0
293.0
261.0
313.0
309.0
354.0
365.0
341.0
395.0
365.0
381.0
428.0
381.0
384.0
331.0
282.0
345.0
310.0
321.0
363.0
297.0
363.0
384.0
359.0
412.0
385.0
388.0
423.0
347.0
347.0
388.0
370.0
409.0
391.0
412.0
426.0
364.0
428.0
418.0
367.0
401.0
337.0
324.0
342.0
297.0
336.0
342.0
301.0
347.0
337.0
335.0
378.0
333.0
369.0
387.0
388.0
463.0
408.0
391.0
416.0
352.0
367.0
373.0
314.0
342.0
301.0
298.0
356.0
317.0
365.0
397.0
383.0
466.0
420.0
383.0
420.0
385.0
415.0
403.0
356.0
404.0
347.0
322.0
367.0
298.0
276.0
280.0
258.0
302.0
264.0
258.0
314.0
308.0
371.0
397.0
380.0
433.0
425.0
418.0
422.0
379.0
402.0
397.0
335.0
381.0
383.0
386.0
430.0
409.0
428.0
402.0
362.0
420.0
381.0
354.0
397.0
354.0
395.0
384.0
346.0
422.0
393.0
394.0
438.0
383.0
413.0
424.0
407.0
450.0
412.0
439.0
492.0
432.0
452.0
423.0
398.0
464.0
437.0
404.0
392.0
351.0
402.0
403.0
360.0
391.0
335.0
318.0
336.0
263.0
326.0
354.0
327.0
404.0
362.0
341.0
436.0
461.0
488.0
419.0
315.0
368.0
361.0
368.0
399.0
347.0
383.0
385.0
367.0
421.0
391.0
390.0
402.0
332.0
378.0
393.0
324.0
372.0
374.0
400.0
423.0
362.0
391.0
360.0
304.0
340.0
298.0
317.0
345.0
289.0
328.0
305.0
276.0
378.0
362.0
331.0
342.0
315.0
401.0
414.0
353.0
413.0
378.0
353.0
385.0
334.0
363.0
360.0
334.0
383.0
329.0
326.0
365.0
328.0
417.0
398.0
320.0
376.0
336.0
354.0
392.0
332.0
361.0
348.0
326.0
428.0
364.0
335.0
389.0
351.0
366.0
349.0
301.0
340.0
285.0
273.0
294.0
245.0
269.0
261.0
234.0
286.0
261.0
243.0
263.0
208.0
227.0
223.0
216.0
270.0
229.0
234.0
254.0
213.0
275.0
271.0
215.0
204.0
158.0
186.0
202.0
150.0
238.0
255.0
233.0
305.0
243.0
225.0
287.0
265.0
323.0
293.0
197.0
229.0
197.0
219.0
224.0
136.0
190.0
193.0
146.0
195.0
175.0
202.0
239.0
201.0
269.0
250.0
206.0
268.0
215.0
199.0
268.0
229.0
241.0
222.0
173.0
209.0
189.0
178.0
190.0
155.0
219.0
265.0
257.0
299.0
229.0
228.0
266.0
227.0
276.0
283.0
211.0
227.0
203.0
181.0
200.0
133.0
143.0
149.0
146.0
186.0
124.0
134.0
182.0
153.0
221.0
193.0
168.0
259.0
244.0
268.0
295.0
237.0
296.0
295.0
247.0
288.0
233.0
210.0
191.0
137.0
200.0
236.0
234.0
287.0
262.0
280.0
342.0
303.0
324.0
321.0
293.0
317.0
243.0
203.0
212.0
168.0
216.0
189.0
153.0
202.0
161.0
198.0
254.0
216.0
284.0
276.0
254.0
302.0
247.0
277.0
356.0
321.0
346.0
321.0
278.0
324.0
290.0
268.0
249.0
182.0
211.0
213.0
171.0
205.0
180.0
182.0
208.0
166.0
218.0
209.0
186.0
247.0
203.0
187.0
203.0
154.0
184.0
157.0
122.0
164.0
137.0
154.0
178.0
133.0
142.0
110.0
99.0
142.0
112.0
97.0
110.0
102.0
171.0
150.0
102.0
130.0
85.0
110.0
136.0
72.0
119.0
127.0
83.0
124.0
98.0
114.0
144.0
81.0
108.0
102.0
79.0
93.0
32.0
29.0
24.0
-6.0
41.0
27.0
21.0
100.0
57.0
58.0
58.0
20.0
66.0
58.0
24.0
46.0
25.0
58.0
85.0
11.0
12.0
-17.0
-37.0
3.0
-72.0
-35.0
20.0
-25.0
-1.0
-20.0
-53.0
9.0
11.0
48.0
61.0
-1.0
24.0
35.0
22.0
78.0
40.0
32.0
50.0
7.0
15.0
28.0
67.0
149.0
97.0
103.0
118.0
89.0
169.0
174.0
169.0
212.0
133.0
129.0
210.0
174.0
196.0
194.0
167.0
232.0
185.0
164.0
168.0
100.0
116.0
81.0
67.0
106.0
56.0
89.0
142.0
117.0
162.0
128.0
59.0
97.0
77.0
83.0
84.0
26.0
71.0
65.0
39.0
83.0
68.0
74.0
121.0
83.0
74.0
54.0
56.0
97.0
44.0
46.0
53.0
7.0
66.0
73.0
41.0
66.0
6.0
25.0
34.0
4.0
85.0
121.0
124.0
176.0
120.0
112.0
105.0
22.0
58.0
55.0
53.0
103.0
55.0
74.0
112.0
71.0
122.0
95.0
64.0
139.0
119.0
133.0
141.0
94.0
134.0
106.0
64.0
115.0
69.0
56.0
62.0
10.0
37.0
55.0
68.0
150.0
68.0
46.0
58.0
18.0
71.0
58.0
24.0
46.0
-3.0
-14.0
13.0
-18.0
26.0
8.0
-24.0
50.0
69.0
114.0
142.0
112.0
128.0
44.0
-39.0
7.0
-2.0
19.0
59.0
14.0
23.0
10.0
23.0
92.0
45.0
56.0
80.0
62.0
116.0
113.0
91.0
118.0
97.0
127.0
138.0
68.0
106.0
90.0
40.0
76.0
30.0
21.0
56.0
27.0
70.0
70.0
62.0
147.0
143.0
168.0
191.0
130.0
178.0
162.0
106.0
139.0
81.0
84.0
120.0
54.0
93.0
112.0
86.0
117.0
97.0
141.0
173.0
106.0
181.0
227.0
189.0
188.0
164.0
190.0
196.0
159.0
220.0
190.0
163.0
199.0
125.0
125.0
132.0
36.0
55.0
84.0
67.0
89.0
56.0
72.0
93.0
48.0
98.0
114.0
89.0
114.0
55.0
54.0
90.0
52.0
103.0
77.0
20.0
44.0
19.0
20.0
6.0
-16.0
70.0
73.0
-3.0
29.0
-12.0
-46.0
-24.0
-45.0
6.0
31.0
46.0
95.0
25.0
18.0
53.0
14.0
55.0
45.0
36.0
109.0
71.0
48.0
52.0
7.0
59.0
69.0
73.0
132.0
83.0
89.0
111.0
56.0
56.0
24.0
10.0
36.0
-54.0
-60.0
-28.0
-61.0
-4.0
-18.0
-54.0
-8.0
-41.0
9.0
47.0
41.0
111.0
58.0
7.0
15.0
-45.0
-52.0
-18.0
-12.0
49.0
1.0
-58.0
-2.0
-40.0
-9.0
36.0
-27.0
34.0
7.0
-44.0
34.0
21.0
14.0
23.0
-23.0
2.0
-35.0
-68.0
-17.0
-44.0
-28.0
5.0
-37.0
-4.0
6.0
1.0
52.0
29.0
24.0
46.0
38.0
108.0
92.0
76.0
136.0
114.0
130.0
116.0
44.0
104.0
92.0
61.0
138.0
99.0
96.0
89.0
16.0
82.0
80.0
39.0
100.0
80.0
87.0
70.0
32.0
112.0
109.0
108.0
165.0
91.0
98.0
131.0
83.0
127.0
92.0
45.0
57.0
10.0
34.0
26.0
-52.0
-5.0
-25.0
-31.0
50.0
37.0
76.0
95.0
40.0
89.0
53.0
22.0
67.0
-14.0
-32.0
-23.0
-73.0
-23.0
-44.0
-67.0
-12.0
-57.0
-39.0
2.0
-53.0
-8.0
-3.0
-7.0
57.0
1.0
31.0
71.0
7.0
50.0
29.0
-32.0
-3.0
-31.0
5.0
33.0
-4.0
78.0
96.0
76.0
109.0
86.0
93.0
84.0
40.0
95.0
61.0
52.0
89.0
9.0
12.0
39.0
21.0
63.0
35.0
50.0
118.0
42.0
66.0
100.0
55.0
116.0
106.0
103.0
169.0
132.0
149.0
134.0
55.0
110.0
78.0
50.0
128.0
90.0
65.0
45.0
-5.0
69.0
100.0
106.0
139.0
105.0
135.0
148.0
95.0
135.0
127.0
106.0
151.0
93.0
86.0
99.0
59.0
118.0
120.0
106.0
177.0
123.0
108.0
128.0
100.0
186.0
180.0
177.0
252.0
229.0
288.0
360.0
272.0
322.0
338.0
323.0
386.0
357.0
365.0
382.0
357.0
426.0
431.0
394.0
433.0
419.0
454.0
492.0
427.0
458.0
462.0
434.0
465.0
422.0
442.0
439.0
365.0
422.0
423.0
404.0
450.0
409.0
413.0
448.0
407.0
451.0
440.0
422.0
456.0
380.0
413.0
429.0
357.0
411.0
418.0
414.0
464.0
425.0
452.0
472.0
428.0
469.0
441.0
409.0
391.0
303.0
318.0
338.0
276.0
315.0
317.0
317.0
386.0
384.0
421.0
450.0
375.0
416.0
412.0
403.0
451.0
408.0
407.0
391.0
348.0
380.0
336.0
288.0
312.0
275.0
299.0
318.0
256.0
284.0
259.0
209.0
242.0
203.0
192.0
192.0
178.0
254.0
240.0
259.0
304.0
213.0
200.0
200.0
163.0
228.0
212.0
201.0
235.0
135.0
136.0
219.0
205.0
258.0
218.0
145.0
180.0
125.0
120.0
117.0
86.0
134.0
110.0
124.0
197.0
146.0
118.0
82.0
48.0
109.0
83.0
62.0
100.0
64.0
100.0
142.0
106.0
121.0
93.0
84.0
130.0
88.0
90.0
84.0
7.0
34.0
16.0
26.0
75.0
10.0
35.0
44.0
-14.0
54.0
45.0
11.0
24.0
-37.0
-7.0
7.0
-36.0
-4.0
-36.0
-44.0
4.0
-44.0
-24.0
-21.0
-73.0
-26.0
-53.0
-90.0
-59.0
-93.0
-70.0
-73.0
-138.0
-76.0
-103.0
-135.0
-78.0
-123.0
-101.0
-50.0
-64.0
-11.0
-30.0
-52.0
-14.0
-79.0
-64.0
-76.0
-123.0
-78.0
-108.0
-111.0
-108.0
-175.0
-119.0
-103.0
-159.0
-73.0
-82.0
-83.0
-17.0
-43.0
-22.0
-2.0
-34.0
30.0
24.0
12.0
46.0
-9.0
37.0
78.0
33.0
73.0
54.0
21.0
71.0
-8.0
-10.0
7.0
-55.0
3.0
-9.0
-65.0
-17.0
-41.0
-30.0
-29.0
-93.0
-59.0
-55.0
-68.0
-41.0
-64.0
-18.0
7.0
-32.0
12.0
-9.0
-17.0
33.0
-3.0
22.0
40.0
3.0
33.0
20.0
21.0
70.0
27.0
28.0
44.0
12.0
89.0
95.0
57.0
52.0
-26.0
-11.0
4.0
-50.0
-19.0
-27.0
-25.0
41.0
-36.0
-41.0
2.0
-53.0
-18.0
-15.0
-11.0
-3.0
-49.0
-20.0
-11.0
-66.0
-10.0
-56.0
-88.0
-49.0
-88.0
-52.0
-21.0
-55.0
-3.0
-6.0
2.0
51.0
1.0
49.0
77.0
24.0
86.0
60.0
50.0
91.0
36.0
84.0
102.0
65.0
122.0
109.0
96.0
109.0
34.0
49.0
83.0
50.0
82.0
4.0
-43.0
-13.0
-55.0
-17.0
-13.0
-63.0
-26.0
-33.0
-23.0
50.0
32.0
40.0
35.0
8.0
70.0
55.0
61.0
99.0
32.0
49.0
67.0
39.0
122.0
125.0
92.0
150.0
141.0
144.0
153.0
124.0
173.0
165.0
146.0
185.0
154.0
194.0
191.0
151.0
188.0
137.0
118.0
142.0
79.0
104.0
122.0
56.0
82.0
64.0
69.0
135.0
101.0
137.0
177.0
134.0
145.0
105.0
119.0
176.0
91.0
120.0
132.0
51.0
66.0
62.0
57.0
92.0
44.0
77.0
80.0
16.0
50.0
23.0
24.0
76.0
10.0
38.0
40.0
-59.0
-34.0
-38.0
-32.0
-3.0
-62.0
-32.0
-46.0
-144.0
-99.0
-129.0
-156.0
-66.0
-72.0
-7.0
29.0
-48.0
-48.0
-84.0
-88.0
-40.0
-110.0
-115.0
-111.0
-139.0
-74.0
-97.0
-145.0
-130.0
-181.0
-141.0
-108.0
-148.0
-88.0
-68.0
-78.0
-67.0
-118.0
-115.0
-152.0
-208.0
-171.0
-200.0
-192.0
-161.0
-243.0
-202.0
-179.0
-219.0
-167.0
-188.0
-223.0
-157.0
-139.0
-95.0
-96.0
-124.0
-57.0
-50.0
-56.0
-13.0
-37.0
5.0
15.0
-41.0
5.0
-13.0
-27.0
-7.0
-71.0
-52.0
-13.0
-44.0
-8.0
-26.0
-32.0
20.0
-8.0
-13.0
-24.0
-39.0
39.0
50.0
53.0
55.0
-2.0
29.0
58.0
37.0
74.0
82.0
94.0
136.0
91.0
91.0
88.0
33.0
74.0
36.0
-3.0
43.0
18.0
41.0
54.0
9.0
56.0
50.0
87.0
139.0
71.0
89.0
88.0
18.0
39.0
-7.0
-4.0
51.0
17.0
60.0
68.0
40.0
126.0
125.0
80.0
117.0
76.0
122.0
196.0
179.0
191.0
148.0
121.0
127.0
53.0
94.0
123.0
80.0
128.0
124.0
100.0
134.0
91.0
150.0
181.0
97.0
122.0
73.0
12.0
22.0
-29.0
-12.0
-27.0
-87.0
-47.0
-72.0
-77.0
-20.0
-41.0
-7.0
8.0
-25.0
39.0
39.0
40.0
75.0
-24.0
-59.0
-77.0
-98.0
-37.0
-74.0
-80.0
-58.0
-121.0
-99.0
-87.0
-114.0
-41.0
-64.0
-80.0
-19.0
-50.0
-4.0
7.0
-91.0
-70.0
-98.0
-109.0
-68.0
-153.0
-124.0
-115.0
-165.0
-106.0
-123.0
-97.0
-31.0
-69.0
-49.0
-41.0
-68.0
2.0
-37.0
-89.0
-51.0
-90.0
-66.0
-31.0
-87.0
-37.0
-22.0
-45.0
-12.0
-57.0
-49.0
-30.0
-54.0
-12.0
-26.0
-39.0
-36.0
-89.0
-50.0
-26.0
-57.0
-7.0
-32.0
-36.0
18.0
-22.0
-22.0
-36.0
-50.0
29.0
12.0
2.0
2.0
-54.0
-11.0
-12.0
-105.0
-74.0
-88.0
-90.0
-45.0
-101.0
-93.0
-102.0
-165.0
-117.0
-106.0
-120.0
-83.0
-126.0
-104.0
-64.0
-69.0
-21.0
-41.0
-26.0
29.0
-24.0
-48.0
-69.0
-143.0
-121.0
-127.0
-117.0
-92.0
-135.0
-103.0
-53.0
-86.0
-72.0
-99.0
-99.0
-46.0
-67.0
-54.0
-28.0
-21.0
52.0
-8.0
-69.0
-34.0
-85.0
-51.0
-48.0
-144.0
-147.0
-181.0
-194.0
-153.0
-188.0
-167.0
-144.0
-193.0
-137.0
-149.0
-185.0
-176.0
-232.0
-201.0
-160.0
-214.0
-194.0
-200.0
-189.0
-152.0
-193.0
-120.0
-94.0
-127.0
-98.0
-155.0
-180.0
-131.0
-133.0
-115.0
-138.0
-183.0
-139.0
-172.0
-191.0
-176.0
-233.0
-207.0
-222.0
-262.0
-224.0
-243.0
-266.0
-227.0
-275.0
-253.0
-234.0
-262.0
-230.0
-272.0
-262.0
-218.0
-283.0
-265.0
-263.0
-345.0
-324.0
-325.0
-324.0
-281.0
-311.0
-286.0
-277.0
-305.0
-242.0
-225.0
-206.0
-165.0
-201.0
-178.0
-186.0
-268.0
-259.0
-278.0
-294.0
-244.0
-270.0
-287.0
-285.0
-309.0
-247.0
-270.0
-287.0
-233.0
-265.0
-236.0
-223.0
-277.0
-248.0
-283.0
-296.0
-251.0
-308.0
-313.0
-292.0
-304.0
-262.0
-297.0
-296.0
-279.0
-303.0
-226.0
-187.0
-200.0
-153.0
-202.0
-201.0
-155.0
-198.0
-164.0
-181.0
-235.0
-165.0
-201.0
-218.0
-157.0
-208.0
-165.0
-137.0
-201.0
-145.0
-147.0
-193.0
-192.0
-222.0
-163.0
-162.0
-198.0
-113.0
-124.0
-108.0
-95.0
-154.0
-126.0
-138.0
-197.0
-148.0
-205.0
-230.0
-172.0
-209.0
-159.0
-188.0
-247.0
-201.0
-235.0
-248.0
-213.0
-278.0
-261.0
-248.0
-274.0
-204.0
-227.0
-235.0
-180.0
-249.0
-262.0
-258.0
-296.0
-242.0
-281.0
-286.0
-218.0
-252.0
-268.0
-275.0
-287.0
-184.0
-157.0
-153.0
-156.0
-271.0
-250.0
-231.0
-267.0
-250.0
-269.0
-234.0
-204.0
-260.0
-206.0
-219.0
-266.0
-202.0
-234.0
-265.0
-258.0
-299.0
-269.0
-289.0
-336.0
-324.0
-386.0
-389.0
-337.0
-378.0
-338.0
-310.0
-326.0
-282.0
-316.0
-326.0
-275.0
-313.0
-282.0
-259.0
-262.0
-210.0
-214.0
-183.0
-135.0
-167.0
-144.0
-161.0
-183.0
-138.0
-204.0
-223.0
-170.0
-216.0
-195.0
-185.0
-242.0
-194.0
-199.0
-221.0
-199.0
-234.0
-219.0
-199.0
-209.0
-153.0
-166.0
-188.0
-176.0
-209.0
-190.0
-228.0
-260.0
-214.0
-241.0
-220.0
-174.0
-242.0
-227.0
-237.0
-269.0
-217.0
-234.0
-250.0
-218.0
-256.0
-211.0
-207.0
-257.0
-220.0
-270.0
-309.0
-275.0
-286.0
-259.0
-266.0
-295.0
-246.0
-268.0
-290.0
-223.0
-254.0
-223.0
-228.0
-247.0
-200.0
-247.0
-248.0
-218.0
-260.0
-240.0
-232.0
-279.0
-215.0
-216.0
-235.0
-214.0
-267.0
-225.0
-199.0
-237.0
-209.0
-244.0
-248.0
-214.0
-282.0
-292.0
-285.0
-273.0
-223.0
-274.0
-297.0
-260.0
-311.0
-289.0
-299.0
-337.0
-276.0
-272.0
-282.0
-293.0
-345.0
-306.0
-309.0
-345.0
-251.0
-247.0
-245.0
-193.0
-265.0
-274.0
-280.0
-332.0
-265.0
-289.0
-286.0
-239.0
-314.0
-315.0
-296.0
-317.0
-288.0
-331.0
-331.0
-262.0
-288.0
-261.0
-275.0
-307.0
-267.0
-314.0
-314.0
-252.0
-301.0
-312.0
-318.0
-347.0
-295.0
-318.0
-311.0
-270.0
-360.0
-351.0
-327.0
-345.0
-291.0
-333.0
-348.0
-294.0
-308.0
-247.0
-221.0
-266.0
-243.0
-280.0
-295.0
-277.0
-353.0
-310.0
-295.0
-359.0
-320.0
-359.0
-375.0
-341.0
-388.0
-350.0
-368.0
-432.0
-365.0
-383.0
-365.0
-318.0
-367.0
-348.0
-349.0
-381.0
-342.0
-374.0
-336.0
-290.0
-364.0
-356.0
-334.0
-358.0
-322.0
-340.0
-334.0
-307.0
-366.0
-343.0
-335.0
-375.0
-310.0
-324.0
-360.0
-333.0
-373.0
-350.0
-346.0
-391.0
-350.0
-397.0
-413.0
-344.0
-380.0
-340.0
-304.0
-338.0
-272.0
-284.0
-288.0
-250.0
-282.0
-247.0
-271.0
-312.0
-286.0
-357.0
-371.0
-298.0
-336.0
-312.0
-307.0
-320.0
-252.0
-279.0
-289.0
-278.0
-298.0
-230.0
-233.0
-276.0
-207.0
-235.0
-229.0
-167.0
-197.0
-182.0
-199.0
-238.0
-191.0
-235.0
-275.0
-261.0
-292.0
-248.0
-243.0
-263.0
-233.0
-248.0
-197.0
-150.0
-179.0
-133.0
-129.0
-155.0
-136.0
-208.0
-223.0
-201.0
-269.0
-257.0
-260.0
-318.0
-292.0
-294.0
-265.0
-218.0
-260.0
-227.0
-240.0
-256.0
-187.0
-200.0
-190.0
-192.0
-244.0
-211.0
-200.0
-230.0
-199.0
-251.0
-242.0
-214.0
-275.0
-225.0
-224.0
-291.0
-236.0
-250.0
-246.0
-196.0
-256.0
-210.0
-213.0
-249.0
-174.0
-215.0
-231.0
-212.0
-255.0
-244.0
-294.0
-326.0
-288.0
-305.0
-315.0
-309.0
-347.0
-340.0
-343.0
-351.0
-288.0
-310.0
-305.0
-297.0
-364.0
-320.0
-310.0
-349.0
-306.0
-336.0
-356.0
-337.0
-385.0
-355.0
-332.0
-339.0
-287.0
-281.0
-252.0
-219.0
-249.0
-240.0
-257.0
-284.0
-236.0
-279.0
-294.0
-247.0
-286.0
-260.0
-274.0
-319.0
-245.0
-297.0
-314.0
-276.0
-324.0
-281.0
-266.0
-301.0
-249.0
-284.0
-300.0
-279.0
-315.0
-270.0
-294.0
-359.0
-339.0
-379.0
-361.0
-313.0
-360.0
-342.0
-359.0
-380.0
-332.0
-365.0
-333.0
-307.0
-378.0
-351.0
-355.0
-414.0
-360.0
-369.0
-345.0
-346.0
-399.0
-300.0
-248.0
-253.0
-238.0
-300.0
-291.0
-241.0
-282.0
-278.0
-291.0
-334.0
-316.0
-372.0
-365.0
-327.0
-375.0
-325.0
-340.0
-406.0
-359.0
-347.0
-287.0
-231.0
-331.0
-319.0
-308.0
-344.0
-299.0
-328.0
-289.0
-244.0
-322.0
-274.0
-287.0
-330.0
-261.0
-297.0
-300.0
-274.0
-316.0
-275.0
-251.0
-326.0
-332.0
-369.0
-357.0
-293.0
-342.0
-309.0
-291.0
-295.0
-211.0
-230.0
-238.0
-210.0
-262.0
-224.0
-234.0
-301.0
-273.0
-297.0
-292.0
-243.0
-281.0
-258.0
-274.0
-299.0
-246.0
-282.0
-290.0
-255.0
-287.0
-224.0
-213.0
-244.0
-182.0
-203.0
-224.0
-201.0
-265.0
-258.0
-281.0
-328.0
-322.0
-347.0
-290.0
-247.0
-312.0
-282.0
-298.0
-357.0
-285.0
-297.0
-311.0
-281.0
-301.0
-227.0
-206.0
-262.0
-232.0
-288.0
-318.0
-296.0
-327.0
-303.0
-308.0
-324.0
-280.0
-302.0
-302.0
-296.0
-318.0
-271.0
-282.0
-302.0
-256.0
-313.0
-312.0
-275.0
-307.0
-287.0
-312.0
-340.0
-279.0
-284.0
-250.0
-247.0
-317.0
-293.0
-326.0
-346.0
-304.0
-355.0
-343.0
-301.0
-339.0
-272.0
-281.0
-329.0
-251.0
-250.0
-236.0
-199.0
-278.0
-270.0
-244.0
-259.0
-239.0
-296.0
-292.0
-250.0
-287.0
-254.0
-262.0
-266.0
-227.0
-277.0
-253.0
-241.0
-295.0
-247.0
-251.0
-282.0
-233.0
-280.0
-288.0
-275.0
-317.0
-256.0
-252.0
-293.0
-263.0
-313.0
-277.0
-216.0
-276.0
-253.0
-288.0
-376.0
-333.0
-356.0
-396.0
-371.0
-401.0
-355.0
-342.0
-361.0
-284.0
-303.0
-321.0
-301.0
-315.0
-264.0
-300.0
-378.0
-319.0
-324.0
-307.0
-296.0
-365.0
-324.0
-310.0
-334.0
-312.0
-336.0
-310.0
-265.0
-267.0
-239.0
-243.0
-230.0
-159.0
-188.0
-187.0
-138.0
-161.0
-96.0
-90.0
-132.0
-105.0
-159.0
-175.0
-147.0
-179.0
-155.0
-146.0
-154.0
-105.0
-129.0
-133.0
-119.0
-156.0
-100.0
-108.0
-158.0
-127.0
-187.0
-201.0
-138.0
-169.0
-159.0
-176.0
-193.0
-136.0
-182.0
-202.0
-156.0
-185.0
-158.0
-162.0
-199.0
-148.0
-194.0
-214.0
-167.0
-220.0
-201.0
-224.0
-275.0
-224.0
-254.0
-269.0
-239.0
-272.0
-230.0
-246.0
-288.0
-225.0
-237.0
-220.0
-176.0
-208.0
-173.0
-204.0
-229.0
-151.0
-159.0
-169.0
-184.0
-219.0
-183.0
-219.0
-216.0
-153.0
-206.0
-180.0
-134.0
-169.0
-164.0
-177.0
-178.0
-99.0
-161.0
-169.0
-107.0
-113.0
-63.0
-91.0
-145.0
-109.0
-142.0
-150.0
-157.0
-200.0
-135.0
-127.0
-136.0
-96.0
-149.0
-150.0
-128.0
-168.0
-119.0
-114.0
-127.0
-67.0
-83.0
-59.0
-71.0
-161.0
-114.0
-110.0
-173.0
-129.0
-161.0
-166.0
-123.0
-150.0
-126.0
-130.0
-142.0
-88.0
-116.0
-105.0
-102.0
-169.0
-132.0
-112.0
-127.0
-76.0
-107.0
-99.0
-71.0
-84.0
-40.0
-47.0
-44.0
15.0
-13.0
-2.0
26.0
-4.0
61.0
31.0
-25.0
8.0
-48.0
-61.0
-33.0
-64.0
-7.0
-29.0
-78.0
-15.0
-39.0
-39.0
-32.0
-128.0
-109.0
-97.0
-96.0
-51.0
-128.0
-132.0
-105.0
-146.0
-96.0
-107.0
-120.0
-31.0
-53.0
-52.0
-56.0
-95.0
-44.0
-31.0
-56.0
-28.0
-58.0
-67.0
-51.0
-109.0
-90.0
-69.0
-27.0
50.0
-10.0
-58.0
-54.0
-107.0
-66.0
-96.0
-121.0
-72.0
-118.0
-102.0
-96.0
-121.0
-63.0
-97.0
-163.0
-119.0
-143.0
-137.0
-100.0
-141.0
-124.0
-122.0
-128.0
-76.0
-97.0
-105.0
-92.0
-120.0
-59.0
-44.0
-91.0
-77.0
-105.0
-69.0
-28.0
-77.0
-55.0
-58.0
-56.0
-20.0
-63.0
-36.0
8.0
-43.0
2.0
5.0
-6.0
34.0
-17.0
14.0
20.0
-36.0
-2.0
-13.0
-21.0
54.0
-7.0
5.0
84.0
42.0
52.0
36.0
17.0
48.0
14.0
40.0
81.0
50.0
121.0
129.0
92.0
124.0
84.0
106.0
124.0
69.0
62.0
18.0
-3.0
43.0
15.0
21.0
22.0
-41.0
8.0
31.0
45.0
78.0
26.0
46.0
82.0
4.0
53.0
53.0
15.0
69.0
6.0
29.0
91.0
50.0
56.0
40.0
59.0
112.0
68.0
85.0
102.0
34.0
46.0
16.0
-9.0
20.0
-65.0
-67.0
-65.0
-113.0
-73.0
-97.0
-107.0
-30.0
-50.0
-27.0
-25.0
-71.0
2.0
-4.0
-63.0
13.0
1.0
9.0
49.0
13.0
53.0
71.0
69.0
98.0
104.0
155.0
213.0
222.0
275.0
263.0
247.0
297.0
260.0
289.0
304.0
281.0
321.0
268.0
245.0
295.0
197.0
192.0
244.0
204.0
270.0
279.0
253.0
309.0
304.0
288.0
266.0
247.0
338.0
360.0
312.0
320.0
303.0
348.0
352.0
287.0
362.0
361.0
286.0
276.0
217.0
216.0
224.0
177.0
228.0
223.0
212.0
283.0
240.0
220.0
234.0
220.0
294.0
268.0
239.0
293.0
247.0
246.0
277.0
246.0
337.0
318.0
258.0
323.0
315.0
308.0
348.0
332.0
366.0
342.0
286.0
304.0
263.0
258.0
225.0
161.0
224.0
243.0
269.0
315.0
253.0
243.0
250.0
197.0
266.0
283.0
289.0
338.0
291.0
300.0
309.0
252.0
308.0
289.0
227.0
276.0
246.0
250.0
264.0
213.0
266.0
238.0
206.0
277.0
225.0
226.0
231.0
203.0
258.0
268.0
282.0
341.0
319.0
363.0
370.0
278.0
306.0
298.0
269.0
291.0
237.0
264.0
313.0
279.0
306.0
285.0
286.0
357.0
318.0
320.0
313.0
272.0
342.0
283.0
217.0
271.0
255.0
242.0
231.0
202.0
276.0
273.0
260.0
293.0
216.0
258.0
315.0
278.0
326.0
316.0
306.0
354.0
291.0
298.0
332.0
260.0
310.0
300.0
253.0
298.0
265.0
307.0
342.0
266.0
276.0
276.0
257.0
297.0
267.0
254.0
265.0
232.0
268.0
235.0
200.0
250.0
211.0
223.0
237.0
149.0
194.0
199.0
167.0
197.0
161.0
176.0
214.0
199.0
244.0
203.0
180.0
229.0
199.0
210.0
247.0
229.0
299.0
288.0
263.0
318.0
286.0
294.0
310.0
232.0
275.0
251.0
205.0
253.0
198.0
232.0
275.0
216.0
224.0
223.0
238.0
320.0
294.0
309.0
320.0
210.0
230.0
246.0
194.0
219.0
201.0
218.0
223.0
139.0
177.0
197.0
175.0
218.0
170.0
173.0
180.0
109.0
108.0
92.0
59.0
59.0
16.0
45.0
69.0
4.0
39.0
25.0
19.0
77.0
46.0
82.0
106.0
25.0
55.0
36.0
-10.0
3.0
-25.0
7.0
30.0
4.0
70.0
36.0
-22.0
9.0
-43.0
-17.0
25.0
-7.0
67.0
71.0
36.0
96.0
42.0
32.0
58.0
16.0
58.0
61.0
31.0
45.0
-8.0
4.0
24.0
3.0
45.0
29.0
4.0
20.0
-13.0
-2.0
-23.0
-61.0
13.0
-5.0
-44.0
4.0
-20.0
-23.0
-11.0
-10.0
80.0
76.0
53.0
92.0
39.0
46.0
60.0
7.0
56.0
30.0
-4.0
38.0
-5.0
31.0
25.0
-41.0
27.0
-4.0
-41.0
19.0
-7.0
1.0
25.0
5.0
35.0
-3.0
-14.0
46.0
5.0
-1.0
11.0
-22.0
16.0
-2.0
-33.0
-20.0
-66.0
-21.0
-7.0
-90.0
-57.0
-60.0
-49.0
-7.0
-49.0
10.0
48.0
-31.0
8.0
18.0
8.0
58.0
10.0
-7.0
-22.0
-63.0
-37.0
-98.0
-144.0
-110.0
-171.0
-137.0
-91.0
-139.0
-111.0
-116.0
-141.0
-108.0
-120.0
-93.0
-83.0
-121.0
-92.0
-160.0
-220.0
-195.0
-238.0
-208.0
-151.0
-201.0
-191.0
-196.0
-190.0
-146.0
-181.0
-166.0
-146.0
-172.0
-101.0
-84.0
-59.0
28.0
-26.0
-46.0
-23.0
-52.0
1.0
-27.0
-124.0
-86.0
-117.0
-67.0
-40.0
-93.0
-23.0
3.0
-16.0
-16.0
-40.0
-4.0
5.0
-54.0
-4.0
-21.0
-35.0
49.0
22.0
-1.0
21.0
1.0
34.0
13.0
32.0
102.0
65.0
90.0
127.0
80.0
92.0
38.0
2.0
52.0
7.0
-16.0
-18.0
-64.0
1.0
10.0
-17.0
8.0
-25.0
4.0
38.0
18.0
48.0
26.0
22.0
91.0
27.0
21.0
26.0
-37.0
4.0
-13.0
-25.0
32.0
-14.0
26.0
48.0
-40.0
-18.0
-32.0
-74.0
-46.0
-120.0
-96.0
-40.0
-68.0
-5.0
-4.0
-12.0
16.0
-46.0
-5.0
14.0
-45.0
8.0
-14.0
-41.0
-13.0
-60.0
-48.0
-48.0
-128.0
-63.0
-21.0
-20.0
-6.0
-68.0
-52.0
-29.0
-44.0
-7.0
-44.0
-26.0
72.0
12.0
0.0
28.0
-22.0
4.0
-33.0
-43.0
2.0
-37.0
-6.0
-13.0
-76.0
-9.0
-10.0
-21.0
5.0
-87.0
-93.0
-82.0
-117.0
-46.0
-40.0
-26.0
9.0
-58.0
3.0
37.0
11.0
116.0
121.0
99.0
159.0
127.0
138.0
99.0
36.0
56.0
7.0
-5.0
32.0
-22.0
10.0
15.0
-24.0
14.0
-26.0
-50.0
-6.0
-53.0
-26.0
-7.0
-30.0
21.0
-17.0
-61.0
-65.0
-114.0
-63.0
-28.0
-65.0
-33.0
-40.0
-34.0
18.0
-10.0
34.0
78.0
48.0
106.0
83.0
74.0
118.0
61.0
77.0
68.0
13.0
77.0
59.0
35.0
58.0
23.0
82.0
109.0
63.0
112.0
99.0
90.0
118.0
60.0
56.0
83.0
74.0
116.0
105.0
123.0
159.0
89.0
135.0
152.0
95.0
122.0
70.0
25.0
43.0
15.0
64.0
78.0
49.0
99.0
62.0
40.0
61.0
-10.0
39.0
93.0
52.0
79.0
38.0
27.0
111.0
58.0
58.0
75.0
33.0
69.0
12.0
-24.0
25.0
-39.0
-31.0
-10.0
-30.0
11.0
-26.0
-21.0
27.0
-34.0
9.0
77.0
39.0
57.0
12.0
8.0
78.0
23.0
49.0
80.0
37.0
83.0
50.0
10.0
84.0
56.0
65.0
53.0
-5.0
39.0
24.0
16.0
68.0
47.0
102.0
95.0
31.0
72.0
11.0
0.0
99.0
102.0
134.0
137.0
61.0
86.0
60.0
48.0
128.0
96.0
93.0
90.0
49.0
103.0
67.0
38.0
81.0
38.0
45.0
59.0
25.0
71.0
88.0
82.0
141.0
96.0
103.0
107.0
73.0
127.0
91.0
73.0
124.0
100.0
134.0
128.0
94.0
173.0
144.0
130.0
167.0
121.0
164.0
196.0
164.0
217.0
184.0
149.0
192.0
137.0
155.0
183.0
116.0
133.0
93.0
79.0
96.0
24.0
57.0
74.0
60.0
126.0
90.0
74.0
132.0
84.0
99.0
118.0
95.0
160.0
139.0
120.0
139.0
102.0
148.0
178.0
154.0
206.0
168.0
144.0
174.0
131.0
165.0
188.0
145.0
186.0
150.0
114.0
115.0
51.0
92.0
123.0
87.0
136.0
112.0
121.0
170.0
120.0
132.0
158.0
129.0
194.0
148.0
95.0
135.0
92.0
122.0
117.0
43.0
82.0
80.0
98.0
120.0
67.0
142.0
199.0
167.0
197.0
193.0
185.0
205.0
136.0
149.0
156.0
85.0
102.0
50.0
6.0
36.0
-6.0
38.0
37.0
-21.0
77.0
100.0
107.0
180.0
143.0
147.0
136.0
88.0
148.0
120.0
106.0
148.0
115.0
157.0
171.0
176.0
251.0
209.0
213.0
271.0
188.0
176.0
202.0
185.0
204.0
170.0
162.0
155.0
38.0
81.0
103.0
18.0
63.0
24.0
18.0
72.0
18.0
38.0
52.0
51.0
97.0
86.0
101.0
124.0
49.0
28.0
8.0
-37.0
-5.0
-40.0
-18.0
18.0
-50.0
31.0
112.0
68.0
113.0
112.0
137.0
202.0
145.0
153.0
172.0
103.0
130.0
67.0
17.0
65.0
44.0
76.0
69.0
47.0
116.0
99.0
107.0
150.0
102.0
134.0
143.0
119.0
153.0
98.0
123.0
153.0
55.0
81.0
105.0
31.0
57.0
31.0
24.0
79.0
64.0
103.0
91.0
40.0
78.0
46.0
34.0
68.0
31.0
69.0
95.0
66.0
108.0
91.0
77.0
114.0
72.0
100.0
88.0
32.0
87.0
80.0
76.0
96.0
50.0
60.0
27.0
-25.0
11.0
-47.0
-50.0
17.0
-27.0
-10.0
-13.0
-75.0
-24.0
-59.0
-55.0
-7.0
-36.0
-1.0
-16.0
-70.0
-32.0
-51.0
-42.0
5.0
-57.0
-31.0
14.0
-3.0
24.0
-22.0
-35.0
22.0
14.0
40.0
41.0
-12.0
34.0
42.0
52.0
97.0
61.0
93.0
88.0
73.0
160.0
159.0
153.0
161.0
79.0
101.0
111.0
64.0
101.0
39.0
42.0
101.0
63.0
96.0
118.0
53.0
83.0
65.0
63.0
79.0
6.0
41.0
39.0
-18.0
26.0
-40.0
-71.0
-55.0
-133.0
-99.0
-81.0
-145.0
-113.0
-119.0
-74.0
-36.0
-79.0
-16.0
10.0
-15.0
35.0
-25.0
-17.0
49.0
4.0
77.0
92.0
32.0
85.0
42.0
13.0
44.0
-39.0
-3.0
25.0
-4.0
59.0
39.0
13.0
68.0
13.0
36.0
56.0
-3.0
21.0
9.0
25.0
24.0
-46.0
-12.0
-36.0
-92.0
-34.0
-102.0
-116.0
-18.0
-55.0
-44.0
-42.0
-92.0
-50.0
-67.0
-61.0
11.0
-42.0
-32.0
-32.0
-80.0
-72.0
-123.0
-119.0
-88.0
-162.0
-161.0
-128.0
-134.0
-68.0
-111.0
-129.0
-67.0
-121.0
-97.0
-63.0
-78.0
7.0
-5.0
-34.0
6.0
-16.0
32.0
52.0
32.0
88.0
59.0
68.0
112.0
87.0
134.0
113.0
74.0
129.0
93.0
88.0
91.0
16.0
71.0
70.0
6.0
31.0
7.0
35.0
80.0
29.0
59.0
39.0
-14.0
52.0
60.0
92.0
108.0
38.0
52.0
30.0
17.0
74.0
41.0
69.0
106.0
-7.0
-5.0
14.0
-5.0
53.0
10.0
4.0
59.0
35.0
65.0
53.0
41.0
114.0
72.0
45.0
93.0
70.0
121.0
120.0
95.0
164.0
125.0
121.0
146.0
87.0
123.0
127.0
106.0
158.0
104.0
104.0
135.0
70.0
136.0
171.0
134.0
192.0
183.0
191.0
210.0
178.0
231.0
235.0
206.0
254.0
195.0
174.0
212.0
160.0
177.0
153.0
94.0
141.0
110.0
111.0
143.0
92.0
160.0
189.0
144.0
190.0
176.0
207.0
260.0
203.0
225.0
193.0
134.0
202.0
117.0
79.0
130.0
99.0
167.0
164.0
120.0
159.0
108.0
72.0
103.0
64.0
100.0
113.0
61.0
93.0
58.0
59.0
73.0
-20.0
-1.0
3.0
-30.0
20.0
-20.0
-17.0
45.0
18.0
67.0
90.0
65.0
109.0
113.0
164.0
214.0
169.0
187.0
128.0
74.0
136.0
92.0
80.0
100.0
65.0
88.0
70.0
72.0
138.0
73.0
96.0
168.0
115.0
132.0
147.0
122.0
174.0
142.0
122.0
150.0
86.0
119.0
130.0
83.0
108.0
51.0
38.0
82.0
31.0
37.0
51.0
20.0
58.0
67.0
120.0
187.0
171.0
195.0
156.0
99.0
120.0
84.0
81.0
107.0
50.0
77.0
89.0
99.0
158.0
98.0
83.0
101.0
25.0
63.0
69.0
-9.0
26.0
15.0
49.0
111.0
91.0
118.0
82.0
44.0
111.0
81.0
92.0
145.0
78.0
101.0
97.0
55.0
120.0
128.0
139.0
168.0
111.0
123.0
114.0
95.0
152.0
109.0
111.0
123.0
45.0
89.0
86.0
23.0
63.0
13.0
36.0
51.0
-46.0
-10.0
4.0
-22.0
50.0
3.0
-45.0
-14.0
-50.0
-11.0
-1.0
-45.0
-30.0
-86.0
-96.0
-61.0
-101.0
-70.0
-76.0
-80.0
-32.0
-89.0
-73.0
-14.0
-29.0
11.0
-4.0
-11.0
84.0
31.0
15.0
45.0
25.0
71.0
60.0
41.0
98.0
43.0
39.0
80.0
64.0
90.0
76.0
65.0
120.0
87.0
85.0
118.0
59.0
37.0
-5.0
-45.0
44.0
-1.0
-31.0
-20.0
-83.0
-51.0
-48.0
-88.0
-40.0
-61.0
-55.0
-30.0
-60.0
-17.0
-8.0
-24.0
-5.0
-48.0
-14.0
12.0
-88.0
-61.0
-51.0
-79.0
7.0
-34.0
-59.0
-35.0
-66.0
-4.0
25.0
-11.0
58.0
56.0
74.0
142.0
109.0
173.0
157.0
91.0
84.0
31.0
32.0
76.0
30.0
50.0
42.0
13.0
49.0
-1.0
7.0
52.0
32.0
92.0
66.0
24.0
100.0
100.0
79.0
87.0
53.0
105.0
83.0
59.0
119.0
64.0
86.0
136.0
41.0
54.0
45.0
22.0
88.0
68.0
50.0
106.0
98.0
152.0
142.0
123.0
182.0
111.0
129.0
176.0
137.0
181.0
148.0
109.0
153.0
130.0
164.0
171.0
109.0
148.0
116.0
104.0
161.0
95.0
83.0
144.0
123.0
172.0
187.0
168.0
221.0
172.0
165.0
171.0
110.0
167.0
174.0
167.0
206.0
164.0
176.0
207.0
121.0
158.0
167.0
142.0
200.0
176.0
181.0
204.0
169.0
208.0
218.0
191.0
212.0
144.0
144.0
188.0
147.0
154.0
118.0
65.0
103.0
78.0
98.0
134.0
103.0
173.0
155.0
135.0
181.0
126.0
117.0
110.0
34.0
52.0
63.0
61.0
88.0
17.0
33.0
101.0
81.0
97.0
105.0
129.0
182.0
131.0
180.0
232.0
190.0
230.0
218.0
144.0
193.0
165.0
152.0
170.0
144.0
183.0
147.0
137.0
222.0
194.0
212.0
265.0
202.0
234.0
238.0
214.0
278.0
221.0
195.0
203.0
154.0
186.0
177.0
183.0
240.0
201.0
194.0
198.0
168.0
218.0
215.0
162.0
208.0
173.0
160.0
153.0
128.0
179.0
190.0
192.0
242.0
210.0
249.0
240.0
144.0
166.0
150.0
96.0
127.0
87.0
107.0
153.0
140.0
239.0
277.0
244.0
248.0
197.0
206.0
223.0
171.0
197.0
144.0
85.0
126.0
98.0
160.0
205.0
136.0
183.0
213.0
201.0
221.0
154.0
142.0
159.0
75.0
96.0
105.0
97.0
148.0
111.0
145.0
201.0
194.0
204.0
147.0
128.0
196.0
130.0
114.0
178.0
152.0
195.0
206.0
167.0
208.0
174.0
162.0
160.0
112.0
163.0
152.0
130.0
194.0
155.0
115.0
140.0
102.0
141.0
153.0
145.0
187.0
152.0
190.0
241.0
171.0
205.0
230.0
227.0
263.0
238.0
253.0
275.0
212.0
215.0
190.0
167.0
196.0
157.0
177.0
173.0
116.0
149.0
136.0
118.0
188.0
163.0
162.0
199.0
169.0
205.0
164.0
112.0
164.0
140.0
154.0
152.0
26.0
14.0
2.0
-7.0
39.0
8.0
26.0
50.0
23.0
59.0
51.0
43.0
74.0
37.0
68.0
62.0
-45.0
-21.0
-5.0
24.0
98.0
53.0
77.0
99.0
73.0
96.0
23.0
-20.0
38.0
-16.0
-34.0
-19.0
-73.0
-35.0
-28.0
-32.0
27.0
42.0
88.0
98.0
42.0
84.0
74.0
60.0
84.0
9.0
10.0
27.0
-55.0
-32.0
-18.0
-14.0
60.0
39.0
95.0
126.0
80.0
146.0
142.0
92.0
134.0
74.0
61.0
82.0
34.0
84.0
82.0
49.0
81.0
58.0
96.0
141.0
108.0
140.0
124.0
87.0
111.0
89.0
139.0
140.0
96.0
162.0
143.0
104.0
98.0
23.0
40.0
50.0
-24.0
11.0
5.0
-5.0
91.0
74.0
84.0
107.0
54.0
104.0
102.0
82.0
88.0
21.0
33.0
53.0
5.0
76.0
109.0
94.0
133.0
112.0
160.0
190.0
159.0
211.0
166.0
128.0
180.0
133.0
164.0
165.0
79.0
107.0
87.0
78.0
137.0
56.0
60.0
91.0
34.0
90.0
118.0
119.0
132.0
98.0
108.0
115.0
73.0
114.0
53.0
-32.0
1.0
10.0
45.0
68.0
27.0
53.0
14.0
4.0
50.0
-9.0
26.0
53.0
14.0
69.0
48.0
49.0
136.0
88.0
81.0
114.0
37.0
96.0
116.0
95.0
116.0
22.0
21.0
72.0
29.0
60.0
27.0
-45.0
-26.0
-89.0
-109.0
-96.0
-119.0
-81.0
-73.0
-97.0
-63.0
-112.0
-106.0
-79.0
-114.0
-72.0
-92.0
-126.0
-69.0
-84.0
-82.0
-106.0
-139.0
-64.0
-62.0
-68.0
-29.0
-83.0
-62.0
-24.0
-41.0
24.0
27.0
32.0
95.0
93.0
136.0
149.0
119.0
182.0
152.0
109.0
119.0
13.0
16.0
78.0
24.0
66.0
79.0
80.0
147.0
121.0
150.0
185.0
100.0
122.0
113.0
82.0
107.0
38.0
58.0
58.0
-29.0
20.0
15.0
-11.0
57.0
25.0
28.0
71.0
70.0
134.0
141.0
112.0
129.0
62.0
48.0
31.0
-17.0
35.0
7.0
5.0
42.0
-27.0
29.0
103.0
57.0
108.0
116.0
143.0
193.0
108.0
91.0
109.0
43.0
60.0
17.0
-11.0
37.0
-10.0
16.0
52.0
-25.0
26.0
47.0
43.0
106.0
62.0
70.0
67.0
8.0
50.0
15.0
-11.0
42.0
13.0
35.0
26.0
-42.0
-1.0
-17.0
-33.0
11.0
-31.0
-29.0
-16.0
-45.0
18.0
-27.0
-66.0
-22.0
-107.0
-139.0
-133.0
-182.0
-130.0
-114.0
-101.0
-14.0
-53.0
-86.0
-76.0
-80.0
-18.0
-51.0
-66.0
-27.0
-97.0
-92.0
-74.0
-108.0
-63.0
-78.0
-110.0
-100.0
-153.0
-112.0
-68.0
-117.0
-57.0
-67.0
-96.0
-20.0
-54.0
-65.0
-67.0
-96.0
-36.0
-74.0
-127.0
-78.0
-118.0
-97.0
-98.0
-175.0
-111.0
-98.0
-90.0
-21.0
-72.0
-48.0
-23.0
-59.0
-4.0
-29.0
-74.0
-49.0
-108.0
-98.0
-69.0
-93.0
-33.0
-60.0
-71.0
-27.0
-88.0
-85.0
-79.0
-140.0
-110.0
-138.0
-177.0
-130.0
-154.0
-154.0
-164.0
-227.0
-171.0
-148.0
-139.0
-82.0
-133.0
-117.0
-89.0
-115.0
-52.0
-55.0
-50.0
12.0
-58.0
-67.0
-54.0
-89.0
-41.0
-55.0
-101.0
-84.0
-136.0
-120.0
-101.0
-145.0
-118.0
-147.0
-164.0
-113.0
-186.0
-175.0
-134.0
-144.0
-84.0
-100.0
-92.0
-20.0
-55.0
-32.0
3.0
-53.0
-29.0
-82.0
-127.0
-79.0
-112.0
-78.0
-56.0
-131.0
-87.0
-103.0
-153.0
-123.0
-154.0
-129.0
-117.0
-156.0
-80.0
-72.0
-96.0
-71.0
-121.0
-103.0
-102.0
-175.0
-138.0
-146.0
-150.0
-104.0
-149.0
-122.0
-116.0
-170.0
-95.0
-108.0
-167.0
-130.0
-149.0
-112.0
-92.0
-145.0
-157.0
-237.0
-269.0
-227.0
-271.0
-235.0
-201.0
-253.0
-216.0
-229.0
-253.0
-219.0
-262.0
-275.0
-257.0
-273.0
-250.0
-292.0
-315.0
-280.0
-348.0
-327.0
-302.0
-325.0
-261.0
-288.0
-310.0
-265.0
-279.0
-256.0
-240.0
-294.0
-286.0
-315.0
-330.0
-305.0
-336.0
-299.0
-287.0
-315.0
-244.0
-273.0
-305.0
-257.0
-272.0
-214.0
-187.0
-241.0
-206.0
-263.0
-282.0
-203.0
-220.0
-222.0
-236.0
-289.0
-253.0
-284.0
-275.0
-209.0
-268.0
-240.0
-234.0
-279.0
-242.0
-294.0
-323.0
-262.0
-293.0
-288.0
-286.0
-337.0
-309.0
-350.0
-365.0
-312.0
-381.0
-346.0
-301.0
-345.0
-309.0
-319.0
-325.0
-281.0
-305.0
-261.0
-225.0
-250.0
-253.0
-303.0
-312.0
-298.0
-365.0
-358.0
-356.0
-378.0
-319.0
-318.0
-274.0
-222.0
-277.0
-242.0
-211.0
-247.0
-184.0
-210.0
-256.0
-208.0
-251.0
-244.0
-256.0
-309.0
-252.0
-251.0
-281.0
-255.0
-286.0
-249.0
-240.0
-301.0
-297.0
-309.0
-298.0
-237.0
-251.0
-222.0
-206.0
-256.0
-206.0
-207.0
-202.0
-160.0
-219.0
-206.0
-195.0
-234.0
-179.0
-183.0
-230.0
-212.0
-268.0
-238.0
-210.0
-269.0
-220.0
-221.0
-198.0
-124.0
-200.0
-257.0
-241.0
-257.0
-218.0
-237.0
-280.0
-271.0
-304.0
-278.0
-270.0
-292.0
-215.0
-235.0
-248.0
-209.0
-245.0
-223.0
-223.0
-261.0
-192.0
-242.0
-279.0
-249.0
-321.0
-320.0
-346.0
-422.0
-375.0
-349.0
-279.0
-190.0
-229.0
-203.0
-164.0
-175.0
-108.0
-121.0
-152.0
-105.0
-139.0
-104.0
-66.0
-96.0
-43.0
-81.0
-115.0
-99.0
-159.0
-111.0
-81.0
-118.0
-59.0
-54.0
-66.0
0.0
-14.0
9.0
5.0
-45.0
-35.0
-82.0
-94.0
-41.0
-71.0
-70.0
-54.0
-69.0
-49.0
-103.0
-115.0
-63.0
-72.0
-35.0
3.0
-31.0
1.0
-11.0
-14.0
49.0
26.0
33.0
39.0
20.0
87.0
70.0
52.0
105.0
101.0
145.0
144.0
91.0
91.0
20.0
18.0
86.0
65.0
97.0
91.0
56.0
131.0
133.0
128.0
166.0
110.0
130.0
133.0
67.0
111.0
55.0
42.0
111.0
48.0
80.0
103.0
65.0
139.0
109.0
60.0
83.0
56.0
101.0
102.0
63.0
132.0
112.0
96.0
90.0
42.0
95.0
119.0
81.0
87.0
40.0
13.0
35.0
-13.0
-18.0
-4.0
-35.0
-3.0
-19.0
-40.0
8.0
-1.0
32.0
49.0
0.0
37.0
-11.0
-16.0
37.0
14.0
53.0
77.0
43.0
101.0
80.0
49.0
68.0
-6.0
8.0
21.0
-17.0
53.0
10.0
-14.0
44.0
-7.0
11.0
22.0
-4.0
49.0
24.0
29.0
101.0
80.0
83.0
57.0
6.0
41.0
26.0
24.0
59.0
28.0
79.0
60.0
25.0
71.0
1.0
-16.0
54.0
22.0
63.0
68.0
9.0
65.0
61.0
56.0
89.0
63.0
93.0
98.0
72.0
129.0
93.0
70.0
88.0
40.0
50.0
36.0
-17.0
-2.0
-58.0
-86.0
-60.0
-112.0
-69.0
-50.0
-79.0
-8.0
-39.0
-56.0
-31.0
-89.0
-71.0
-61.0
-105.0
-87.0
-130.0
-140.0
-87.0
-112.0
-96.0
-72.0
-110.0
-90.0
-95.0
-116.0
-130.0
-186.0
-138.0
-129.0
-153.0
-92.0
-134.0
-149.0
-107.0
-163.0
-137.0
-125.0
-161.0
-90.0
-69.0
-60.0
-29.0
-60.0
-29.0
-37.0
-59.0
-15.0
-39.0
-20.0
20.0
-69.0
-60.0
-36.0
-78.0
-5.0
-5.0
-7.0
16.0
-50.0
-51.0
-53.0
-102.0
-51.0
-54.0
-84.0
-51.0
-93.0
-105.0
-114.0
-158.0
-163.0
-183.0
-153.0
-99.0
-127.0
-90.0
-93.0
-97.0
-18.0
-32.0
-69.0
-86.0
-145.0
-123.0
-121.0
-138.0
-89.0
-132.0
-140.0
-86.0
-113.0
-44.0
8.0
-3.0
63.0
30.0
17.0
62.0
15.0
67.0
30.0
-80.0
-42.0
-82.0
-95.0
-31.0
-66.0
-46.0
-17.0
-29.0
23.0
-12.0
5.0
76.0
33.0
58.0
79.0
67.0
126.0
82.0
78.0
103.0
31.0
55.0
64.0
20.0
42.0
-12.0
-40.0
-43.0
-84.0
-47.0
-55.0
-65.0
15.0
-4.0
-17.0
21.0
-52.0
-25.0
15.0
-6.0
55.0
15.0
2.0
37.0
-33.0
-49.0
-72.0
-86.0
-22.0
-65.0
-68.0
-35.0
-101.0
-71.0
-48.0
-76.0
7.0
27.0
42.0
67.0
-7.0
-9.0
-3.0
-29.0
16.0
-40.0
-86.0
-72.0
-109.0
-53.0
-46.0
-64.0
1.0
-35.0
-10.0
78.0
8.0
6.0
15.0
-17.0
13.0
-51.0
-64.0
-14.0
-77.0
-58.0
-39.0
-81.0
-22.0
-42.0
-42.0
5.0
-74.0
-75.0
-79.0
-90.0
-22.0
-34.0
-29.0
22.0
-14.0
12.0
7.0
-45.0
-5.0
-29.0
-22.0
-9.0
-67.0
-62.0
-82.0
-121.0
-81.0
-121.0
-116.0
-76.0
-139.0
-117.0
-93.0
-112.0
-73.0
-144.0
-163.0
-94.0
-113.0
-59.0
-59.0
-152.0
-131.0
-146.0
-154.0
-129.0
-188.0
-177.0
-169.0
-193.0
-130.0
-171.0
-149.0
-55.0
-94.0
-78.0
-68.0
-90.0
-40.0
-69.0
-100.0
-75.0
-105.0
-64.0
-68.0
-107.0
-67.0
-90.0
-77.0
-35.0
-87.0
-58.0
-68.0
-76.0
-22.0
-67.0
-51.0
4.0
-57.0
-52.0
-58.0
-93.0
-70.0
-131.0
-128.0
-89.0
-129.0
-86.0
-90.0
-137.0
-75.0
-93.0
-81.0
-31.0
-44.0
-12.0
-16.0
-46.0
-1.0
-40.0
-60.0
-61.0
-116.0
-87.0
-95.0
-118.0
-72.0
-98.0
-70.0
-36.0
-127.0
-79.0
-43.0
-101.0
-48.0
-59.0
-45.0
1.0
-51.0
-46.0
-79.0
-105.0
-55.0
-93.0
-119.0
-98.0
-145.0
-106.0
-93.0
-139.0
-104.0
-134.0
-126.0
-93.0
-166.0
-124.0
-118.0
-163.0
-129.0
-156.0
-171.0
-148.0
-180.0
-156.0
-164.0
-173.0
-103.0
-153.0
-149.0
-108.0
-155.0
-127.0
-122.0
-178.0
-168.0
-185.0
-136.0
-52.0
-93.0
-69.0
-65.0
-109.0
-81.0
-118.0
-134.0
-120.0
-161.0
-130.0
-137.0
-147.0
-102.0
-165.0
-162.0
-94.0
-149.0
-107.0
-76.0
-107.0
-38.0
-60.0
-78.0
-54.0
-88.0
-32.0
-46.0
-90.0
-60.0
-148.0
-156.0
-95.0
-135.0
-97.0
-84.0
-102.0
-42.0
-52.0
-59.0
-78.0
-154.0
-104.0
-87.0
-123.0
-106.0
-155.0
-148.0
-95.0
-136.0
-93.0
-70.0
-110.0
-82.0
-133.0
-146.0
-105.0
-136.0
-96.0
-101.0
-136.0
-71.0
-114.0
-129.0
-99.0
-167.0
-137.0
-122.0
-164.0
-131.0
-134.0
-127.0
-105.0
-164.0
-159.0
-167.0
-148.0
-80.0
-146.0
-178.0
-154.0
-203.0
-174.0
-168.0
-208.0
-166.0
-189.0
-197.0
-166.0
-210.0
-205.0
-209.0
-229.0
-185.0
-223.0
-237.0
-211.0
-232.0
-180.0
-165.0
-172.0
-149.0
-202.0
-161.0
-114.0
-165.0
-121.0
-129.0
-192.0
-148.0
-175.0
-167.0
-120.0
-156.0
-128.0
-127.0
-149.0
-106.0
-151.0
-163.0
-133.0
-175.0
-166.0
-178.0
-192.0
-162.0
-220.0
-200.0
-153.0
-186.0
-136.0
-149.0
-172.0
-131.0
-166.0
-172.0
-172.0
-231.0
-191.0
-192.0
-223.0
-167.0
-180.0
-161.0
-136.0
-179.0
-143.0
-152.0
-195.0
-163.0
-225.0
-250.0
-200.0
-228.0
-187.0
-191.0
-187.0
-112.0
-168.0
-150.0
-124.0
-203.0
-178.0
-169.0
-210.0
-189.0
-226.0
-216.0
-189.0
-250.0
-197.0
-178.0
-206.0
-127.0
-148.0
-134.0
-122.0
-208.0
-170.0
-161.0
-178.0
-133.0
-190.0
-177.0
-122.0
-143.0
-123.0
-158.0
-184.0
-109.0
-125.0
-80.0
-15.0
-67.0
-13.0
4.0
-13.0
21.0
-69.0
-92.0
-73.0
-154.0
-174.0
-199.0
-190.0
-105.0
-124.0
-72.0
-4.0
-31.0
24.0
31.0
-20.0
20.0
7.0
10.0
11.0
-88.0
-117.0
-129.0
-156.0
-109.0
-144.0
-119.0
-46.0
-77.0
-23.0
-10.0
-32.0
16.0
-19.0
-24.0
-8.0
-38.0
12.0
-12.0
-72.0
-37.0
-72.0
-58.0
-9.0
-33.0
26.0
-1.0
-49.0
-7.0
-62.0
-62.0
-53.0
-126.0
-91.0
-84.0
-83.0
-34.0
-40.0
41.0
129.0
108.0
151.0
143.0
90.0
88.0
24.0
-13.0
-32.0
-104.0
-97.0
-92.0
-83.0
-27.0
-42.0
10.0
96.0
88.0
163.0
169.0
148.0
155.0
57.0
50.0
71.0
-4.0
5.0
-14.0
-20.0
58.0
41.0
78.0
140.0
108.0
147.0
122.0
42.0
77.0
48.0
19.0
43.0
21.0
101.0
110.0
85.0
144.0
112.0
117.0
142.0
69.0
42.0
7.0
-26.0
9.0
-42.0
-51.0
-15.0
-46.0
12.0
27.0
-11.0
32.0
17.0
48.0
86.0
49.0
67.0
-2.0
-21.0
74.0
23.0
-1.0
60.0
51.0
87.0
34.0
-25.0
18.0
-35.0
-49.0
-12.0
-60.0
-29.0
3.0
-10.0
12.0
-10.0
20.0
26.0
-55.0
-21.0
-36.0
-64.0
-44.0
-115.0
-113.0
-73.0
-115.0
-65.0
-32.0
-34.0
3.0
-69.0
-73.0
-29.0
-80.0
-74.0
-102.0
-157.0
-135.0
-189.0
-171.0
-127.0
-175.0
-130.0
-124.0
-150.0
-106.0
-158.0
-113.0
-59.0
-96.0
-70.0
-76.0
-84.0
5.0
-18.0
-6.0
15.0
-40.0
-5.0
-39.0
-74.0
-20.0
-48.0
-18.0
19.0
-38.0
-27.0
-56.0
-77.0
-10.0
-37.0
-45.0
-32.0
-88.0
-55.0
-73.0
-87.0
-17.0
-48.0
-63.0
-54.0
-93.0
-85.0
-122.0
-138.0
-61.0
-70.0
-56.0
-54.0
-98.0
-74.0
-118.0
-141.0
-81.0
-95.0
-53.0
-34.0
-105.0
-84.0
-105.0
-115.0
-60.0
-93.0
-100.0
-131.0
-186.0
-127.0
-110.0
-117.0
-70.0
-112.0
-87.0
-67.0
-133.0
-103.0
-105.0
-113.0
-92.0
-142.0
-135.0
-103.0
-130.0
-111.0
-139.0
-140.0
-76.0
-126.0
-104.0
-54.0
-72.0
-40.0
-83.0
-88.0
-9.0
-22.0
6.0
35.0
-29.0
-33.0
-67.0
-76.0
-24.0
-61.0
-43.0
-39.0
-80.0
-25.0
-27.0
-54.0
-11.0
-40.0
-37.0
-20.0
-58.0
-16.0
-16.0
-11.0
23.0
-61.0
-72.0
-68.0
-130.0
-60.0
-44.0
-92.0
-71.0
-83.0
-56.0
-67.0
-134.0
-93.0
-89.0
-106.0
-48.0
-59.0
-38.0
10.0
-18.0
29.0
-5.0
25.0
119.0
59.0
70.0
106.0
55.0
88.0
59.0
-12.0
10.0
-11.0
19.0
56.0
-5.0
24.0
30.0
4.0
54.0
54.0
58.0
42.0
-18.0
19.0
29.0
-25.0
-4.0
-41.0
-32.0
-25.0
-107.0
-65.0
-58.0
-87.0
-49.0
-82.0
-77.0
-73.0
-106.0
-51.0
-67.0
-110.0
-91.0
-135.0
-116.0
-79.0
-127.0
-115.0
-126.0
-121.0
-59.0
-107.0
-89.0
-87.0
-162.0
-117.0
-121.0
-146.0
-106.0
-167.0
-140.0
-95.0
-129.0
-74.0
-83.0
-117.0
-72.0
-103.0
-90.0
-65.0
-106.0
-65.0
-79.0
-84.0
-4.0
-15.0
8.0
4.0
-60.0
37.0
47.0
5.0
26.0
-2.0
16.0
18.0
-21.0
-7.0
-42.0
-61.0
12.0
-10.0
7.0
59.0
15.0
37.0
6.0
-31.0
2.0
-26.0
35.0
72.0
21.0
18.0
-56.0
-69.0
-8.0
-44.0
1.0
2.0
-41.0
25.0
24.0
32.0
112.0
60.0
32.0
55.0
26.0
83.0
107.0
78.0
98.0
59.0
84.0
131.0
77.0
89.0
41.0
-4.0
31.0
27.0
58.0
64.0
23.0
26.0
-23.0
-22.0
56.0
33.0
65.0
86.0
48.0
88.0
88.0
83.0
106.0
59.0
87.0
85.0
37.0
76.0
35.0
-16.0
30.0
-34.0
-46.0
-21.0
-66.0
-40.0
-10.0
-12.0
34.0
4.0
13.0
18.0
-18.0
11.0
-7.0
4.0
62.0
23.0
52.0
93.0
60.0
104.0
102.0
91.0
128.0
96.0
114.0
131.0
83.0
125.0
128.0
110.0
153.0
111.0
140.0
157.0
106.0
151.0
119.0
104.0
174.0
141.0
162.0
190.0
131.0
169.0
137.0
87.0
125.0
80.0
90.0
96.0
55.0
95.0
36.0
33.0
131.0
116.0
114.0
136.0
105.0
127.0
115.0
102.0
146.0
128.0
180.0
210.0
169.0
211.0
182.0
153.0
203.0
167.0
167.0
170.0
114.0
166.0
173.0
154.0
167.0
99.0
100.0
120.0
124.0
202.0
181.0
183.0
242.0
240.0
282.0
278.0
221.0
231.0
201.0
212.0
253.0
188.0
185.0
205.0
149.0
189.0
175.0
168.0
190.0
110.0
135.0
155.0
135.0
238.0
253.0
254.0
308.0
267.0
266.0
237.0
174.0
217.0
182.0
170.0
205.0
149.0
159.0
149.0
78.0
158.0
121.0
92.0
161.0
138.0
181.0
191.0
173.0
264.0
268.0
240.0
258.0
205.0
206.0
202.0
135.0
142.0
108.0
107.0
148.0
108.0
112.0
133.0
108.0
163.0
152.0
120.0
140.0
106.0
119.0
145.0
116.0
150.0
119.0
107.0
138.0
95.0
111.0
125.0
105.0
181.0
177.0
147.0
197.0
159.0
175.0
204.0
155.0
190.0
207.0
199.0
234.0
214.0
241.0
238.0
204.0
262.0
247.0
230.0
259.0
192.0
204.0
226.0
171.0
211.0
198.0
175.0
219.0
171.0
187.0
185.0
93.0
100.0
88.0
92.0
161.0
145.0
175.0
188.0
167.0
236.0
208.0
202.0
234.0
163.0
192.0
189.0
111.0
155.0
129.0
124.0
173.0
144.0
196.0
228.0
184.0
225.0
183.0
162.0
206.0
158.0
170.0
186.0
137.0
188.0
185.0
190.0
250.0
190.0
195.0
222.0
157.0
171.0
142.0
124.0
147.0
82.0
100.0
99.0
69.0
174.0
180.0
178.0
238.0
213.0
237.0
246.0
188.0
180.0
122.0
97.0
142.0
120.0
133.0
129.0
113.0
215.0
247.0
250.0
290.0
235.0
266.0
254.0
171.0
196.0
185.0
175.0
204.0
153.0
168.0
193.0
176.0
193.0
157.0
155.0
200.0
149.0
178.0
181.0
116.0
154.0
116.0
98.0
156.0
118.0
158.0
179.0
131.0
193.0
170.0
146.0
183.0
108.0
119.0
113.0
64.0
104.0
71.0
76.0
114.0
66.0
101.0
97.0
40.0
87.0
85.0
63.0
80.0
50.0
109.0
82.0
-5.0
59.0
49.0
56.0
110.0
63.0
112.0
126.0
67.0
84.0
36.0
24.0
69.0
19.0
-1.0
-16.0
-37.0
36.0
12.0
-21.0
30.0
9.0
33.0
29.0
-25.0
33.0
-3.0
-51.0
-6.0
-58.0
-25.0
-6.0
-16.0
41.0
-6.0
-20.0
22.0
-30.0
7.0
35.0
-16.0
3.0
-40.0
-69.0
-25.0
-78.0
-60.0
-35.0
-75.0
-36.0
-86.0
-102.0
-41.0
-63.0
-35.0
-18.0
-6.0
87.0
46.0
-13.0
-2.0
-56.0
-41.0
-40.0
-81.0
-63.0
-98.0
-90.0
-47.0
-94.0
-80.0
-44.0
-59.0
-24.0
-67.0
-99.0
-59.0
-86.0
-57.0
-59.0
-103.0
-93.0
-126.0
-116.0
-71.0
-116.0
-96.0
-65.0
-95.0
-38.0
-62.0
-60.0
-12.0
-67.0
-51.0
-51.0
-59.0
9.0
-8.0
11.0
25.0
-49.0
15.0
60.0
14.0
20.0
1.0
22.0
50.0
-23.0
-3.0
6.0
-28.0
21.0
-34.0
-61.0
-7.0
-41.0
15.0
55.0
-13.0
-2.0
-33.0
-15.0
41.0
-8.0
33.0
15.0
-10.0
51.0
-15.0
-45.0
1.0
-42.0
-22.0
-51.0
-106.0
-60.0
-88.0
-84.0
-26.0
-70.0
-23.0
38.0
39.0
67.0
14.0
0.0
16.0
-97.0
-91.0
-87.0
-103.0
-45.0
-75.0
-42.0
32.0
-60.0
-52.0
-24.0
-40.0
20.0
3.0
3.0
49.0
1.0
11.0
-2.0
-17.0
29.0
-20.0
-17.0
13.0
-42.0
-15.0
15.0
-5.0
41.0
19.0
-15.0
-30.0
-100.0
-79.0
-69.0
-91.0
-15.0
-55.0
-90.0
-76.0
-127.0
-98.0
-96.0
-143.0
-83.0
-100.0
-128.0
-110.0
-161.0
-104.0
-67.0
-79.0
-10.0
-95.0
-156.0
-92.0
-137.0
-115.0
-97.0
-130.0
-79.0
-120.0
-163.0
-148.0
-203.0
-168.0
-116.0
-139.0
-88.0
-106.0
-123.0
-100.0
-124.0
-72.0
-71.0
-90.0
-36.0
-101.0
-146.0
-150.0
-192.0
-138.0
-96.0
-140.0
-95.0
-103.0
-105.0
-77.0
-118.0
-57.0
-28.0
-58.0
-18.0
-71.0
-88.0
-80.0
-126.0
-65.0
-43.0
-67.0
-34.0
-78.0
-89.0
-58.0
-86.0
-36.0
-14.0
-45.0
13.0
-1.0
-33.0
-25.0
-60.0
-24.0
-18.0
-69.0
-48.0
-65.0
-39.0
26.0
-9.0
39.0
34.0
-10.0
11.0
-63.0
-91.0
-53.0
-90.0
-60.0
-50.0
-82.0
-27.0
-42.0
-38.0
24.0
12.0
71.0
77.0
12.0
46.0
13.0
35.0
68.0
-20.0
7.0
20.0
3.0
69.0
32.0
30.0
72.0
39.0
55.0
31.0
11.0
60.0
27.0
39.0
59.0
-21.0
5.0
30.0
-7.0
30.0
0.0
3.0
45.0
-4.0
11.0
20.0
-10.0
48.0
23.0
18.0
42.0
-32.0
-21.0
-16.0
-54.0
-23.0
-89.0
-84.0
-17.0
-51.0
-30.0
-39.0
-63.0
-6.0
-26.0
16.0
72.0
32.0
83.0
91.0
12.0
8.0
-40.0
-54.0
-30.0
-76.0
-80.0
-88.0
-72.0
-7.0
-26.0
4.0
39.0
-10.0
15.0
-8.0
-70.0
-42.0
-64.0
-50.0
-60.0
-130.0
-90.0
-108.0
-142.0
-54.0
-68.0
-91.0
-45.0
-79.0
-37.0
-24.0
-39.0
5.0
-45.0
-87.0
-68.0
-105.0
-49.0
-47.0
-89.0
-10.0
12.0
57.0
139.0
103.0
153.0
157.0
111.0
177.0
123.0
72.0
85.0
12.0
30.0
15.0
-32.0
11.0
-12.0
6.0
26.0
-26.0
17.0
27.0
10.0
50.0
22.0
36.0
65.0
-2.0
-4.0
-20.0
-45.0
31.0
30.0
61.0
115.0
97.0
132.0
105.0
67.0
133.0
111.0
97.0
116.0
64.0
112.0
113.0
81.0
132.0
87.0
85.0
136.0
69.0
65.0
40.0
-11.0
44.0
33.0
37.0
66.0
10.0
41.0
50.0
43.0
92.0
34.0
28.0
78.0
65.0
96.0
60.0
20.0
77.0
30.0
28.0
50.0
-18.0
46.0
48.0
-24.0
-12.0
-60.0
-43.0
-22.0
-90.0
-21.0
-17.0
-33.0
25.0
-24.0
1.0
66.0
44.0
71.0
50.0
9.0
54.0
13.0
14.0
77.0
76.0
143.0
144.0
59.0
55.0
30.0
32.0
53.0
4.0
41.0
29.0
-29.0
7.0
-46.0
-80.0
-64.0
-98.0
-65.0
-82.0
-111.0
-30.0
-56.0
-71.0
-55.0
-122.0
-90.0
-76.0
-102.0
-66.0
-106.0
-110.0
-50.0
-86.0
-62.0
-51.0
-69.0
-41.0
-75.0
-56.0
-34.0
-95.0
-40.0
-4.0
-44.0
-16.0
-36.0
4.0
66.0
26.0
91.0
106.0
77.0
131.0
87.0
100.0
149.0
103.0
148.0
131.0
86.0
138.0
121.0
126.0
167.0
144.0
187.0
213.0
214.0
261.0
212.0
196.0
229.0
200.0
247.0
214.0
156.0
199.0
165.0
171.0
185.0
120.0
157.0
171.0
157.0
210.0
163.0
134.0
158.0
95.0
105.0
108.0
105.0
149.0
90.0
119.0
167.0
126.0
145.0
140.0
112.0
141.0
103.0
88.0
112.0
76.0
117.0
112.0
89.0
152.0
133.0
157.0
186.0
113.0
166.0
176.0
125.0
166.0
133.0
109.0
114.0
72.0
97.0
64.0
51.0
112.0
64.0
46.0
41.0
3.0
76.0
84.0
54.0
108.0
92.0
112.0
143.0
95.0
132.0
122.0
99.0
152.0
86.0
68.0
87.0
25.0
69.0
53.0
33.0
119.0
97.0
80.0
75.0
23.0
81.0
79.0
63.0
116.0
44.0
43.0
64.0
3.0
51.0
31.0
-12.0
42.0
23.0
13.0
3.0
-51.0
8.0
7.0
-29.0
10.0
-15.0
7.0
26.0
-45.0
4.0
18.0
3.0
50.0
-11.0
-28.0
1.0
-6.0
43.0
11.0
-11.0
64.0
31.0
47.0
102.0
74.0
98.0
103.0
85.0
154.0
145.0
134.0
138.0
74.0
120.0
136.0
124.0
162.0
101.0
112.0
142.0
79.0
136.0
129.0
101.0
146.0
82.0
117.0
153.0
79.0
111.0
122.0
78.0
135.0
132.0
103.0
122.0
63.0
99.0
79.0
34.0
61.0
18.0
49.0
74.0
50.0
103.0
102.0
89.0
123.0
87.0
106.0
114.0
43.0
90.0
72.0
21.0
62.0
-10.0
-5.0
49.0
13.0
62.0
63.0
45.0
110.0
95.0
121.0
115.0
48.0
107.0
109.0
62.0
71.0
9.0
1.0
0.0
-48.0
18.0
26.0
3.0
7.0
-53.0
-51.0
-21.0
-27.0
40.0
36.0
6.0
71.0
52.0
64.0
75.0
17.0
63.0
49.0
3.0
53.0
38.0
59.0
65.0
1.0
62.0
96.0
78.0
106.0
85.0
117.0
167.0
139.0
213.0
246.0
224.0
233.0
165.0
181.0
202.0
150.0
192.0
139.0
72.0
136.0
129.0
129.0
122.0
56.0
85.0
83.0
54.0
79.0
34.0
52.0
78.0
60.0
64.0
1.0
-13.0
45.0
-6.0
-21.0
-23.0
-41.0
57.0
85.0
65.0
83.0
27.0
53.0
100.0
74.0
125.0
128.0
104.0
166.0
130.0
137.0
189.0
149.0
176.0
160.0
112.0
132.0
78.0
110.0
113.0
52.0
95.0
73.0
36.0
80.0
30.0
51.0
93.0
16.0
76.0
92.0
79.0
124.0
47.0
48.0
78.0
12.0
42.0
26.0
5.0
52.0
-4.0
38.0
80.0
23.0
65.0
58.0
30.0
67.0
10.0
-5.0
-6.0
-27.0
51.0
45.0
16.0
42.0
13.0
18.0
42.0
-13.0
10.0
10.0
5.0
53.0
-11.0
-15.0
-13.0
-67.0
-13.0
-22.0
-62.0
-11.0
-42.0
-40.0
-29.0
-82.0
-37.0
-24.0
-39.0
13.0
-14.0
12.0
50.0
-8.0
-8.0
-31.0
-65.0
-34.0
-70.0
-58.0
-45.0
-81.0
-7.0
2.0
-45.0
-11.0
-33.0
-18.0
20.0
-58.0
-52.0
-53.0
-81.0
-53.0
-122.0
-157.0
-108.0
-136.0
-89.0
-76.0
-83.0
-31.0
-43.0
18.0
48.0
-67.0
-34.0
-25.0
-46.0
-40.0
-126.0
-117.0
-98.0
-165.0
-118.0
-143.0
-181.0
-116.0
-157.0
-158.0
-136.0
-167.0
-132.0
-155.0
-172.0
-142.0
-217.0
-197.0
-169.0
-214.0
-192.0
-198.0
-228.0
-185.0
-178.0
-160.0
-191.0
-258.0
-199.0
-172.0
-206.0
-159.0
-178.0
-175.0
-189.0
-240.0
-162.0
-167.0
-224.0
-147.0
-162.0
-177.0
-168.0
-198.0
-149.0
-139.0
-140.0
-125.0
-182.0
-160.0
-128.0
-202.0
-190.0
-193.0
-232.0
-195.0
-235.0
-227.0
-212.0
-269.0
-222.0
-223.0
-247.0
-238.0
-313.0
-290.0
-247.0
-297.0
-276.0
-295.0
-306.0
-258.0
-277.0
-256.0
-260.0
-284.0
-219.0
-260.0
-310.0
-255.0
-291.0
-263.0
-245.0
-291.0
-238.0
-248.0
-271.0
-218.0
-263.0
-235.0
-205.0
-250.0
-192.0
-225.0
-289.0
-230.0
-237.0
-225.0
-193.0
-243.0
-190.0
-173.0
-215.0
-194.0
-243.0
-248.0
-214.0
-229.0
-157.0
-194.0
-227.0
-160.0
-205.0
-220.0
-196.0
-214.0
-154.0
-172.0
-204.0
-153.0
-180.0
-172.0
-186.0
-222.0
-134.0
-128.0
-153.0
-128.0
-170.0
-158.0
-132.0
-177.0
-138.0
-166.0
-196.0
-126.0
-191.0
-231.0
-237.0
-273.0
-220.0
-204.0
-188.0
-153.0
-261.0
-255.0
-188.0
-223.0
-163.0
-167.0
-182.0
-102.0
-116.0
-87.0
-91.0
-177.0
-148.0
-176.0
-212.0
-194.0
-251.0
-228.0
-195.0
-221.0
-185.0
-223.0
-256.0
-182.0
-177.0
-153.0
-124.0
-145.0
-106.0
-133.0
-134.0
-108.0
-177.0
-145.0
-116.0
-196.0
-157.0
-168.0
-201.0
-128.0
-170.0
-138.0
-93.0
-131.0
-67.0
-69.0
-105.0
-50.0
-85.0
-86.0
-100.0
-152.0
-99.0
-115.0
-147.0
-114.0
-131.0
-69.0
-39.0
-108.0
-67.0
-93.0
-121.0
-77.0
-154.0
-172.0
-172.0
-253.0
-201.0
-213.0
-233.0
-154.0
-161.0
-125.0
-88.0
-114.0
-78.0
-96.0
-150.0
-162.0
-229.0
-243.0
-232.0
-278.0
-265.0
-292.0
-290.0
-203.0
-214.0
-185.0
-147.0
-176.0
-132.0
-165.0
-197.0
-155.0
-213.0
-205.0
-178.0
-196.0
-140.0
-157.0
-150.0
-100.0
-147.0
-115.0
-97.0
-196.0
-183.0
-213.0
-265.0
-246.0
-279.0
-236.0
-161.0
-179.0
-104.0
-80.0
-65.0
-32.0
-139.0
-157.0
-155.0
-234.0
-196.0
-177.0
-221.0
-197.0
-200.0
-138.0
-118.0
-160.0
-101.0
-146.0
-194.0
-153.0
-211.0
-233.0
-231.0
-275.0
-221.0
-234.0
-263.0
-210.0
-244.0
-215.0
-140.0
-168.0
-122.0
-134.0
-199.0
-176.0
-213.0
-210.0
-218.0
-260.0
-263.0
-301.0
-289.0
-238.0
-309.0
-264.0
-205.0
-216.0
-175.0
-195.0
-207.0
-166.0
-223.0
-222.0
-208.0
-249.0
-220.0
-242.0
-230.0
-185.0
-213.0
-176.0
-188.0
-243.0
-182.0
-185.0
-196.0
-180.0
-233.0
-215.0
-202.0
-247.0
-185.0
-186.0
-195.0
-128.0
-153.0
-153.0
-169.0
-214.0
-156.0
-187.0
-234.0
-181.0
-209.0
-204.0
-195.0
-243.0
-206.0
-221.0
-228.0
-164.0
-204.0
-200.0
-178.0
-241.0
-234.0
-243.0
-252.0
-220.0
-229.0
-192.0
-182.0
-231.0
-189.0
-211.0
-220.0
-156.0
-200.0
-204.0
-209.0
-279.0
-251.0
-288.0
-316.0
-278.0
-325.0
-294.0
-243.0
-263.0
-235.0
-261.0
-255.0
-224.0
-274.0
-264.0
-271.0
-307.0
-247.0
-264.0
-291.0
-248.0
-278.0
-223.0
-169.0
-225.0
-202.0
-210.0
-229.0
-185.0
-239.0
-233.0
-229.0
-277.0
-208.0
-222.0
-282.0
-254.0
-301.0
-285.0
-283.0
-333.0
-284.0
-290.0
-332.0
-312.0
-345.0
-309.0
-267.0
-320.0
-323.0
-330.0
-342.0
-309.0
-351.0
-346.0
-326.0
-360.0
-301.0
-307.0
-326.0
-296.0
-340.0
-301.0
-272.0
-334.0
-278.0
-276.0
-284.0
-260.0
-321.0
-258.0
-208.0
-276.0
-298.0
-344.0
-343.0
-291.0
-370.0
-375.0
-340.0
-365.0
-318.0
-346.0
-355.0
-281.0
-247.0
-168.0
-159.0
-196.0
-143.0
-170.0
-232.0
-197.0
-212.0
-200.0
-190.0
-212.0
-160.0
-178.0
-194.0
-146.0
-167.0
-125.0
-80.0
-125.0
-50.0
-49.0
-89.0
-30.0
-41.0
-24.0
-6.0
-35.0
10.0
-25.0
-48.0
-4.0
-47.0
-32.0
-16.0
-56.0
-15.0
-37.0
-53.0
-14.0
-100.0
-102.0
-115.0
-179.0
-122.0
-144.0
-180.0
-108.0
-156.0
-168.0
-138.0
-167.0
-128.0
-147.0
-201.0
-164.0
-205.0
-190.0
-208.0
-263.0
-196.0
-210.0
-196.0
-133.0
-188.0
-140.0
-125.0
-203.0
-148.0
-188.0
-210.0
-160.0
-221.0
-213.0
-203.0
-252.0
-205.0
-249.0
-266.0
-204.0
-251.0
-196.0
-186.0
-259.0
-213.0
-216.0
-222.0
-184.0
-231.0
-239.0
-268.0
-309.0
-272.0
-323.0
-333.0
-267.0
-314.0
-313.0
-295.0
-337.0
-253.0
-227.0
-267.0
-217.0
-242.0
-211.0
-189.0
-225.0
-173.0
-178.0
-173.0
-146.0
-202.0
-167.0
-144.0
-187.0
-147.0
-152.0
-142.0
-83.0
-126.0
-113.0
-109.0
-158.0
-95.0
-109.0
-123.0
-98.0
-170.0
-178.0
-161.0
-187.0
-144.0
-146.0
-131.0
-84.0
-157.0
-176.0
-186.0
-222.0
-175.0
-208.0
-213.0
-184.0
-247.0
-203.0
-176.0
-222.0
-176.0
-195.0
-197.0
-166.0
-235.0
-200.0
-199.0
-267.0
-209.0
-215.0
-248.0
-216.0
-228.0
-193.0
-177.0
-215.0
-152.0
-175.0
-202.0
-158.0
-213.0
-188.0
-168.0
-214.0
-180.0
-199.0
-214.0
-169.0
-200.0
-150.0
-125.0
-150.0
-65.0
-76.0
-89.0
-54.0
-111.0
-79.0
-69.0
-107.0
-48.0
-98.0
-133.0
-84.0
-118.0
-65.0
-37.0
-115.0
-73.0
-95.0
-137.0
-89.0
-129.0
-136.0
-126.0
-161.0
-153.0
-152.0
-158.0
-129.0
-167.0
-147.0
-151.0
-219.0
-196.0
-208.0
-203.0
-154.0
-181.0
-148.0
-147.0
-218.0
-161.0
-166.0
-181.0
-154.0
-203.0
-182.0
-170.0
-193.0
-137.0
-139.0
-150.0
-137.0
-186.0
-174.0
-191.0
-235.0
-199.0
-224.0
-231.0
-167.0
-205.0
-202.0
-179.0
-210.0
-179.0
-208.0
-219.0
-173.0
-220.0
-180.0
-171.0
-229.0
-163.0
-199.0
-250.0
-211.0
-263.0
-243.0
-236.0
-294.0
-241.0
-260.0
-273.0
-216.0
-289.0
-295.0
-286.0
-334.0
-283.0
-317.0
-368.0
-324.0
-363.0
-354.0
-343.0
-357.0
-309.0
-348.0
-329.0
-266.0
-348.0
-318.0
-257.0
-301.0
-250.0
-301.0
-356.0
-301.0
-310.0
-287.0
-285.0
-331.0
-259.0
-260.0
-263.0
-218.0
-289.0
-280.0
-265.0
-299.0
-252.0
-273.0
-303.0
-269.0
-314.0
-305.0
-338.0
-402.0
-355.0
-390.0
-408.0
-352.0
-368.0
-348.0
-321.0
-320.0
-243.0
-281.0
-305.0
-265.0
-313.0
-295.0
-270.0
-307.0
-250.0
-266.0
-272.0
-239.0
-254.0
-221.0
-225.0
-260.0
-233.0
-259.0
-231.0
-194.0
-265.0
-246.0
-262.0
-319.0
-278.0
-298.0
-307.0
-266.0
-300.0
-268.0
-245.0
-263.0
-203.0
-234.0
-240.0
-194.0
-243.0
-221.0
-215.0
-242.0
-211.0
-266.0
-265.0
-216.0
-266.0
-231.0
-233.0
-276.0
-206.0
-203.0
-235.0
-203.0
-246.0
-215.0
-210.0
-254.0
-200.0
-197.0
-233.0
-234.0
-277.0
-239.0
-215.0
-246.0
-193.0
-227.0
-274.0
-231.0
-256.0
-227.0
-236.0
-312.0
-288.0
-316.0
-312.0
-265.0
-323.0
-275.0
-232.0
-228.0
-154.0
-205.0
-236.0
-194.0
-247.0
-215.0
-195.0
-219.0
-186.0
-232.0
-258.0
-207.0
-244.0
-216.0
-191.0
-212.0
-129.0
-155.0
-151.0
-100.0
-144.0
-129.0
-128.0
-191.0
-172.0
-218.0
-240.0
-201.0
-252.0
-227.0
-196.0
-242.0
-213.0
-227.0
-240.0
-212.0
-200.0
-126.0
-126.0
-196.0
-162.0
-186.0
-248.0
-233.0
-280.0
-276.0
-268.0
-304.0
-267.0
-285.0
-283.0
-221.0
-250.0
-243.0
-246.0
-285.0
-238.0
-255.0
-288.0
-271.0
-300.0
-248.0
-214.0
-237.0
-165.0
-175.0
-208.0
-192.0
-239.0
-207.0
-206.0
-244.0
-211.0
-251.0
-259.0
-222.0
-266.0
-234.0
-194.0
-198.0
-138.0
-154.0
-139.0
-69.0
-109.0
-104.0
-109.0
-175.0
-142.0
-146.0
-146.0
-103.0
-143.0
-110.0
-105.0
-166.0
-124.0
-151.0
-163.0
-103.0
-147.0
-147.0
-171.0
-235.0
-178.0
-181.0
-218.0
-203.0
-231.0
-186.0
-175.0
-181.0
-129.0
-140.0
-129.0
-112.0
-194.0
-168.0
-167.0
-222.0
-172.0
-182.0
-173.0
-117.0
-162.0
-155.0
-130.0
-139.0
-89.0
-141.0
-169.0
-125.0
-156.0
-137.0
-127.0
-173.0
-149.0
-165.0
-178.0
-144.0
-181.0
-179.0
-175.0
-208.0
-155.0
-173.0
-169.0
-129.0
-176.0
-155.0
-159.0
-214.0
-167.0
-215.0
-236.0
-184.0
-267.0
-260.0
-219.0
-241.0
-205.0
-211.0
-215.0
-167.0
-191.0
-142.0
-158.0
-234.0
-203.0
-251.0
-278.0
-238.0
-250.0
-214.0
-210.0
-224.0
-153.0
-195.0
-213.0
-173.0
-239.0
-210.0
-202.0
-273.0
-228.0
-225.0
-211.0
-154.0
-204.0
-213.0
-231.0
-249.0
-177.0
-239.0
-299.0
-246.0
-265.0
-237.0
-239.0
-285.0
-254.0
-296.0
-322.0
-308.0
-364.0
-309.0
-305.0
-357.0
-287.0
-293.0
-306.0
-264.0
-286.0
-252.0
-248.0
-248.0
-188.0
-244.0
-244.0
-194.0
-256.0
-239.0
-236.0
-263.0
-205.0
-221.0
-254.0
-226.0
-255.0
-206.0
-181.0
-209.0
-181.0
-194.0
-175.0
-125.0
-189.0
-147.0
-119.0
-150.0
-112.0
-158.0
-178.0
-155.0
-220.0
-188.0
-169.0
-233.0
-197.0
-218.0
-216.0
-189.0
-227.0
-181.0
-177.0
-220.0
-161.0
-206.0
-234.0
-211.0
-246.0
-209.0
-211.0
-303.0
-285.0
-282.0
-253.0
-181.0
-217.0
-191.0
-174.0
-203.0
-117.0
-138.0
-184.0
-154.0
-195.0
-190.0
-212.0
-255.0
-201.0
-227.0
-224.0
-181.0
-239.0
-226.0
-202.0
-238.0
-217.0
-240.0
-216.0
-165.0
-238.0
-214.0
-189.0
-212.0
-168.0
-207.0
-247.0
-226.0
-249.0
-196.0
-194.0
-244.0
-202.0
-269.0
0.0
0.0
0.0
0.0
0.0
0.0
0.0
0.0
0.0
0.0
0.0
0.0
0.0
0.0
0.0
0.0
0.0
0.0
0.0
0.0
0.0
0.0
0.0
0.0
0.0
0.0
0.0
0.0
0.0
0.0
0.0
0.0
0.0
0.0
0.0
0.0
0.0
0.0
0.0
0.0
0.0
0.0
0.0
0.0
0.0
0.0
0.0
0.0
0.0
0.0
0.0
0.0
0.0
0.0
0.0
0.0
0.0
0.0
0.0
0.0
0.0
0.0
0.0
0.0
0.0
0.0
0.0
0.0
0.0
0.0
0.0
0.0
0.0
0.0
0.0
0.0
0.0
0.0
0.0
0.0
0.0
0.0
0.0
0.0
0.0
0.0
0.0
0.0
0.0
0.0
0.0
0.0
0.0
0.0
0.0
0.0
0.0
0.0
0.0
0.0
0.0
0.0
0.0
0.0
0.0
0.0
0.0
0.0
0.0
0.0
0.0
0.0
0.0
0.0
0.0
0.0
0.0
0.0
0.0
0.0
0.0
0.0
0.0
0.0
0.0
0.0
0.0
0.0
