-309.0
-294.0
-338.0
-325.0
-301.0
-308.0
-286.0
-331.0
-333.0
-279.0
-286.0
-248.0
-230.0
-237.0
-173.0
-171.0
-165.0
-119.0
-183.0
-185.0
-180.0
-221.0
-186.0
-201.0
-220.0
-180.0
-222.0
-214.0
-205.0
-244.0
-199.0
-206.0
-231.0
-193.0
-233.0
-216.0
-228.0
-267.0
-211.0
-196.0
-207.0
-183.0
-214.0
-180.0
-160.0
-197.0
-159.0
-198.0
-221.0
-170.0
-178.0
-147.0
-154.0
-209.0
-173.0
-176.0
-159.0
-103.0
-152.0
-123.0
-111.0
-165.0
-128.0
-149.0
-164.0
-125.0
-146.0
-101.0
-69.0
-80.0
-35.0
-62.0
-73.0
-36.0
-105.0
-115.0
-92.0
-114.0
-77.0
-73.0
-57.0
-24.0
-71.0
-41.0
-19.0
-41.0
30.0
23.0
16.0
40.0
-14.0
4.0
-2.0
-77.0
-65.0
-100.0
-133.0
-103.0
-142.0
-131.0
-135.0
-164.0
-110.0
-112.0
-145.0
-155.0
-193.0
-163.0
-156.0
-182.0
-145.0
-171.0
-184.0
-140.0
-168.0
-135.0
-124.0
-167.0
-115.0
-129.0
-141.0
-122.0
-171.0
-130.0
-87.0
-103.0
-116.0
-183.0
-192.0
-142.0
-177.0
-156.0
-155.0
-177.0
-122.0
-156.0
-178.0
-144.0
-185.0
-140.0
-123.0
-165.0
-140.0
-166.0
-139.0
-88.0
-138.0
-120.0
-124.0
-162.0
-108.0
-117.0
-127.0
-89.0
-128.0
-84.0
-42.0
-77.0
-36.0
-40.0
-39.0
20.0
-4.0
26.0
34.0
-20.0
0.0
-30.0
4.0
19.0
-69.0
-30.0
-5.0
-60.0
-40.0
-66.0
-63.0
-61.0
-110.0
-71.0
-58.0
-85.0
-53.0
-80.0
-93.0
-95.0
-129.0
-84.0
-92.0
-129.0
-73.0
-98.0
-102.0
-32.0
-53.0
-32.0
-10.0
-42.0
26.0
30.0
23.0
51.0
-15.0
-4.0
2.0
-27.0
14.0
-25.0
-55.0
-10.0
-55.0
-57.0
-83.0
-99.0
-25.0
-43.0
-32.0
22.0
-49.0
-69.0
-71.0
-91.0
-68.0
-97.0
-114.0
-81.0
-106.0
-92.0
-136.0
-168.0
-114.0
-122.0
-93.0
-54.0
-83.0
-65.0
-68.0
-81.0
-35.0
-50.0
-62.0
-54.0
-123.0
-89.0
-70.0
-126.0
-114.0
-138.0
-124.0
-83.0
-118.0
-83.0
-73.0
-135.0
-84.0
-103.0
-130.0
-111.0
-181.0
-156.0
-144.0
-175.0
-110.0
-109.0
-116.0
-103.0
-186.0
-178.0
-174.0
-203.0
-162.0
-180.0
-144.0
-74.0
-95.0
-64.0
-34.0
-78.0
22.0
178.0
343.0
511.0
563.0
600.0
619.0
612.0
607.0
612.0
615.0
614.0
609.0
600.0
513.0
450.0
471.0
384.0
306.0
253.0
159.0
155.0
93.0
30.0
85.0
37.0
1.0
6.0
-83.0
-84.0
-94.0
-157.0
-122.0
-149.0
-169.0
-161.0
-200.0
-176.0
-156.0
-145.0
-118.0
-208.0
-214.0
-166.0
-197.0
-184.0
-215.0
-251.0
-192.0
-222.0
-257.0
-225.0
-250.0
-224.0
-237.0
-257.0
-201.0
-229.0
-241.0
-197.0
-219.0
-174.0
-182.0
-196.0
-144.0
-184.0
-206.0
-185.0
-228.0
-194.0
-174.0
-178.0
-116.0
-139.0
-177.0
-143.0
-205.0
-216.0
-213.0
-251.0
-206.0
-249.0
-272.0
-244.0
-286.0
-247.0
-225.0
-238.0
-192.0
-235.0
-237.0
-176.0
-221.0
-213.0
-210.0
-250.0
-219.0
-264.0
-244.0
-205.0
-300.0
-312.0
-310.0
-332.0
-323.0
-358.0
-341.0
-268.0
-295.0
-270.0
-271.0
-290.0
-233.0
-287.0
-297.0
-215.0
-232.0
-206.0
-203.0
-224.0
-168.0
-174.0
-161.0
-124.0
-165.0
-137.0
-135.0
-156.0
-121.0
-150.0
-149.0
-115.0
-153.0
-126.0
-134.0
-180.0
-148.0
-197.0
-210.0
-169.0
-205.0
-209.0
-215.0
-235.0
-181.0
-227.0
-269.0
-313.0
-374.0
-309.0
-303.0
-315.0
-266.0
-299.0
-285.0
-242.0
-298.0
-266.0
-280.0
-340.0
-302.0
-328.0
-341.0
-320.0
-350.0
-322.0
-327.0
-343.0
-308.0
-353.0
-362.0
-346.0
-413.0
-369.0
-365.0
-413.0
-394.0
-455.0
-426.0
-338.0
-362.0
-334.0
-321.0
-357.0
-317.0
-335.0
-327.0
-285.0
-340.0
-298.0
-268.0
-288.0
-259.0
-305.0
-311.0
-283.0
-302.0
-281.0
-289.0
-313.0
-266.0
-278.0
-276.0
-248.0
-303.0
-277.0
-291.0
-306.0
-251.0
-278.0
-247.0
-210.0
-271.0
-247.0
-250.0
-262.0
-195.0
-208.0
-163.0
-127.0
-188.0
-153.0
-152.0
-182.0
-170.0
-214.0
-176.0
-116.0
-177.0
-162.0
-175.0
-196.0
-152.0
-183.0
-165.0
-156.0
-219.0
-192.0
-191.0
-229.0
-174.0
-190.0
-200.0
-176.0
-223.0
-205.0
-204.0
-218.0
-178.0
-217.0
-198.0
-190.0
-258.0
-229.0
-246.0
-281.0
-234.0
-237.0
-237.0
-223.0
-261.0
-225.0
-241.0
-281.0
-242.0
-291.0
-303.0
-277.0
-330.0
-288.0
-280.0
-295.0
-254.0
-296.0
-253.0
-232.0
-281.0
-263.0
-302.0
-322.0
-276.0
-324.0
-309.0
-257.0
-296.0
-269.0
-268.0
-300.0
-267.0
-314.0
-332.0
-330.0
-355.0
-282.0
-246.0
-280.0
-289.0
-359.0
-335.0
-306.0
-351.0
-312.0
-333.0
-383.0
-338.0
-350.0
-338.0
-316.0
-344.0
-311.0
-335.0
-357.0
-291.0
-357.0
-412.0
-409.0
-419.0
-346.0
-344.0
-357.0
-321.0
-374.0
-341.0
-299.0
-337.0
-288.0
-289.0
-324.0
-298.0
-331.0
-326.0
-290.0
-305.0
-266.0
-252.0
-251.0
-207.0
-248.0
-239.0
-216.0
-247.0
-212.0
-214.0
-249.0
-222.0
-231.0
-230.0
-240.0
-260.0
-227.0
-253.0
-280.0
-223.0
-266.0
-270.0
-220.0
-264.0
-225.0
-223.0
-239.0
-185.0
-217.0
-252.0
-246.0
-274.0
-214.0
-217.0
-239.0
-209.0
-257.0
-273.0
-262.0
-309.0
-258.0
-244.0
-256.0
-235.0
-290.0
-273.0
-257.0
-303.0
-256.0
-263.0
-286.0
-221.0
-255.0
-271.0
-239.0
-279.0
-257.0
-253.0
-264.0
-233.0
-286.0
-272.0
-220.0
-252.0
-231.0
-252.0
-254.0
-219.0
-275.0
-262.0
-249.0
-309.0
-303.0
-307.0
-310.0
-267.0
-301.0
-285.0
-259.0
-309.0
-267.0
-281.0
-295.0
-248.0
-248.0
-229.0
-259.0
-320.0
-290.0
-309.0
-344.0
-294.0
-312.0
-308.0
-312.0
-359.0
-309.0
-333.0
-390.0
-366.0
-405.0
-397.0
-371.0
-420.0
-389.0
-429.0
-463.0
-401.0
-397.0
-344.0
-314.0
-418.0
-441.0
-427.0
-409.0
-352.0
-380.0
-374.0
-362.0
-385.0
-331.0
-358.0
-389.0
-346.0
-370.0
-357.0
-364.0
-393.0
-353.0
-364.0
-356.0
-319.0
-376.0
-356.0
-323.0
-376.0
-338.0
-363.0
-374.0
-322.0
-370.0
-345.0
-292.0
-327.0
-294.0
-306.0
-302.0
-239.0
-266.0
-225.0
-214.0
-277.0
-233.0
-240.0
-295.0
-262.0
-267.0
-252.0
-240.0
-289.0
-247.0
-287.0
-303.0
-277.0
-354.0
-313.0
-269.0
-287.0
-202.0
-182.0
-152.0
-14.0
35.0
124.0
225.0
236.0
297.0
257.0
194.0
201.0
138.0
107.0
101.0
38.0
36.0
-18.0
-48.0
-13.0
-58.0
-52.0
-45.0
-117.0
-97.0
-128.0
-127.0
-139.0
-201.0
-168.0
-169.0
-209.0
-181.0
-213.0
-251.0
-229.0
-270.0
-239.0
-233.0
-260.0
-218.0
-230.0
-239.0
-199.0
-244.0
-207.0
-191.0
-207.0
-144.0
-178.0
-152.0
-23.0
-9.0
182.0
368.0
414.0
561.0
637.0
615.0
609.0
617.0
617.0
615.0
616.0
614.0
572.0
535.0
505.0
387.0
338.0
305.0
237.0
241.0
198.0
155.0
159.0
96.0
87.0
69.0
-6.0
-1.0
-27.0
-32.0
-26.0
-121.0
-139.0
-135.0
-174.0
-135.0
-122.0
-119.0
-105.0
-208.0
-242.0
-239.0
-268.0
-227.0
-229.0
-239.0
-221.0
-248.0
-214.0
-173.0
-203.0
-164.0
-158.0
-180.0
-184.0
-239.0
-245.0
-261.0
-291.0
-228.0
-252.0
-284.0
-247.0
-290.0
-292.0
-297.0
-340.0
-290.0
-314.0
-348.0
-295.0
-302.0
-280.0
-283.0
-318.0
-278.0
-297.0
-298.0
-260.0
-318.0
-309.0
-300.0
-337.0
-301.0
-307.0
-306.0
-276.0
-294.0
-240.0
-251.0
-307.0
-282.0
-333.0
-353.0
-305.0
-352.0
-333.0
-316.0
-356.0
-316.0
-359.0
-366.0
-314.0
-357.0
-335.0
-343.0
-375.0
-354.0
-391.0
-406.0
-340.0
-352.0
-338.0
-359.0
-366.0
-285.0
-340.0
-377.0
-310.0
-357.0
-349.0
-336.0
-371.0
-324.0
-337.0
-334.0
-322.0
-389.0
-359.0
-322.0
-394.0
-359.0
-375.0
-406.0
-394.0
-413.0
-396.0
-421.0
-475.0
-443.0
-447.0
-462.0
-446.0
-478.0
-416.0
-373.0
-401.0
-360.0
-359.0
-369.0
-327.0
-342.0
-279.0
-277.0
-337.0
-294.0
-352.0
-397.0
-365.0
-404.0
-365.0
-359.0
-408.0
-393.0
-418.0
-380.0
-327.0
-382.0
-370.0
-386.0
-451.0
-416.0
-432.0
-428.0
-390.0
-443.0
-413.0
-389.0
-410.0
-366.0
-384.0
-399.0
-385.0
-438.0
-416.0
-371.0
-373.0
-317.0
-342.0
-378.0
-353.0
-379.0
-332.0
-346.0
-400.0
-371.0
-430.0
-454.0
-416.0
-468.0
-449.0
-441.0
-510.0
-480.0
-489.0
-493.0
-468.0
-532.0
-502.0
-470.0
-490.0
-449.0
-466.0
-470.0
-425.0
-460.0
-407.0
-363.0
-392.0
-349.0
-334.0
-347.0
-326.0
-381.0
-353.0
-315.0
-336.0
-291.0
-308.0
-318.0
-285.0
-353.0
-336.0
-318.0
-344.0
-293.0
-307.0
-301.0
-260.0
-282.0
-222.0
-221.0
-277.0
-241.0
-273.0
-303.0
-274.0
-321.0
-315.0
-312.0
-336.0
-294.0
-306.0
-283.0
-267.0
-340.0
-337.0
-331.0
-344.0
-296.0
-331.0
-316.0
-274.0
-319.0
-275.0
-270.0
-293.0
-241.0
-249.0
-259.0
-249.0
-306.0
-285.0
-290.0
-336.0
-280.0
-280.0
-276.0
-229.0
-268.0
-232.0
-252.0
-293.0
-243.0
-291.0
-315.0
-269.0
-320.0
-308.0
-290.0
-302.0
-247.0
-274.0
-256.0
-220.0
-290.0
-272.0
-271.0
-331.0
-262.0
-240.0
-269.0
-262.0
-276.0
-225.0
-204.0
-238.0
-178.0
-188.0
-196.0
-171.0
-211.0
-168.0
-163.0
-210.0
-177.0
-188.0
-192.0
-172.0
-218.0
-205.0
-221.0
-248.0
-198.0
-230.0
-236.0
-220.0
-275.0
-246.0
-258.0
-294.0
-242.0
-264.0
-238.0
-175.0
-192.0
-127.0
-110.0
-164.0
-167.0
-219.0
-210.0
-183.0
-235.0
-209.0
-242.0
-283.0
-214.0
-265.0
-276.0
-241.0
-291.0
-268.0
-261.0
-278.0
-237.0
-297.0
-299.0
-261.0
-331.0
-314.0
-336.0
-386.0
-368.0
-394.0
-376.0
-335.0
-370.0
-331.0
-334.0
-348.0
-297.0
-304.0
-279.0
-224.0
-268.0
-231.0
-230.0
-287.0
-263.0
-285.0
-265.0
-235.0
-250.0
-199.0
-186.0
-210.0
-184.0
-219.0
-184.0
-136.0
-174.0
-150.0
-174.0
-197.0
-164.0
-221.0
-233.0
-202.0
-240.0
-217.0
-229.0
-262.0
-216.0
-259.0
-256.0
-209.0
-283.0
-239.0
-210.0
-229.0
-171.0
-196.0
-194.0
-172.0
-214.0
-193.0
-224.0
-280.0
-222.0
-239.0
-242.0
-192.0
-231.0
-204.0
-203.0
-229.0
-180.0
-209.0
-230.0
-200.0
-215.0
-186.0
-201.0
-238.0
-201.0
-261.0
-282.0
-257.0
-291.0
-263.0
-253.0
-287.0
-244.0
-234.0
-204.0
-187.0
-189.0
-97.0
-84.0
-81.0
30.0
42.0
58.0
119.0
115.0
136.0
143.0
101.0
142.0
111.0
80.0
46.0
-20.0
-8.0
-43.0
-80.0
-55.0
-117.0
-100.0
-54.0
-119.0
-117.0
-158.0
-214.0
-170.0
-227.0
-270.0
-259.0
-338.0
-322.0
-297.0
-324.0
-240.0
-195.0
-67.0
98.0
197.0
393.0
530.0
584.0
618.0
619.0
612.0
612.0
615.0
615.0
614.0
612.0
605.0
544.0
504.0
450.0
335.0
296.0
234.0
168.0
154.0
102.0
103.0
77.0
-52.0
-60.0
-67.0
-109.0
-99.0
-152.0
-145.0
-118.0
-155.0
-137.0
-147.0
-158.0
-98.0
-131.0
-148.0
-150.0
-203.0
-168.0
-195.0
-233.0
-175.0
-200.0
-194.0
-193.0
-274.0
-259.0
-293.0
-353.0
-312.0
-344.0
-350.0
-315.0
-346.0
-309.0
-312.0
-330.0
-280.0
-297.0
-278.0
-281.0
-338.0
-300.0
-287.0
-312.0
-276.0
-322.0
-347.0
-336.0
-387.0
-365.0
-358.0
-383.0
-350.0
-389.0
-373.0
-329.0
-372.0
-350.0
-363.0
-355.0
-248.0
-294.0
-307.0
-228.0
-243.0
-240.0
-257.0
-285.0
-246.0
-282.0
-290.0
-276.0
-314.0
-271.0
-287.0
-333.0
-289.0
-334.0
-329.0
-300.0
-328.0
-270.0
-287.0
-332.0
-305.0
-367.0
-372.0
-357.0
-391.0
-340.0
-360.0
-405.0
-343.0
-354.0
-331.0
-329.0
-370.0
-295.0
-315.0
-371.0
-311.0
-337.0
-355.0
-355.0
-399.0
-363.0
-394.0
-411.0
-369.0
-406.0
-380.0
-354.0
-416.0
-385.0
-383.0
-416.0
-382.0
-410.0
-383.0
-391.0
-458.0
-429.0
-421.0
-417.0
-352.0
-355.0
-322.0
-303.0
-354.0
-307.0
-313.0
-351.0
-311.0
-355.0
-343.0
-316.0
-379.0
-363.0
-400.0
-423.0
-365.0
-410.0
-369.0
-332.0
-374.0
-329.0
-339.0
-333.0
-285.0
-358.0
-337.0
-292.0
-373.0
-350.0
-351.0
-371.0
-292.0
-324.0
-353.0
-353.0
-399.0
-364.0
-357.0
-356.0
-294.0
-332.0
-303.0
-262.0
-286.0
-232.0
-236.0
-258.0
-233.0
-305.0
-311.0
-318.0
-374.0
-312.0
-315.0
-335.0
-305.0
-353.0
-308.0
-282.0
-325.0
-274.0
-280.0
-301.0
-276.0
-327.0
-322.0
-326.0
-397.0
-360.0
-395.0
-414.0
-368.0
-417.0
-368.0
-338.0
-361.0
-268.0
-271.0
-329.0
-304.0
-334.0
-330.0
-314.0
-344.0
-293.0
-308.0
-317.0
-289.0
-371.0
-363.0
-336.0
-394.0
-364.0
-365.0
-344.0
-295.0
-352.0
-351.0
-319.0
-364.0
-330.0
-307.0
-287.0
-238.0
-293.0
-272.0
-246.0
-300.0
-260.0
-277.0
-302.0
-273.0
-354.0
-346.0
-316.0
-352.0
-316.0
-341.0
-340.0
-279.0
-319.0
-313.0
-298.0
-334.0
-289.0
-299.0
-303.0
-261.0
-307.0
-269.0
-290.0
-369.0
-293.0
-301.0
-331.0
-276.0
-312.0
-278.0
-276.0
-335.0
-301.0
-327.0
-328.0
-282.0
-335.0
-316.0
-302.0
-362.0
-337.0
-335.0
-317.0
-266.0
-319.0
-325.0
-325.0
-366.0
-316.0
-328.0
-325.0
-255.0
-350.0
-343.0
-316.0
-372.0
-348.0
-372.0
-368.0
-310.0
-348.0
-327.0
-315.0
-352.0
-318.0
-352.0
-357.0
-317.0
-353.0
-281.0
-239.0
-303.0
-259.0
-275.0
-296.0
-250.0
-289.0
-285.0
-267.0
-296.0
-262.0
-284.0
-295.0
-229.0
-246.0
-241.0
-250.0
-291.0
-259.0
-279.0
-277.0
-235.0
-280.0
-265.0
-233.0
-257.0
-211.0
-231.0
-232.0
-182.0
-219.0
-200.0
-178.0
-215.0
-197.0
-229.0
-250.0
-216.0
-254.0
-203.0
-169.0
-242.0
-228.0
-235.0
-243.0
-232.0
-282.0
-265.0
-260.0
-280.0
-216.0
-246.0
-275.0
-235.0
-271.0
-256.0
-241.0
-297.0
-243.0
-228.0
-224.0
-182.0
-206.0
-181.0
-157.0
-197.0
-144.0
-133.0
-157.0
-143.0
-174.0
-139.0
-148.0
-223.0
-181.0
-196.0
-193.0
-150.0
-231.0
-201.0
-159.0
-212.0
-173.0
-192.0
-215.0
-196.0
-249.0
-229.0
-240.0
-260.0
-206.0
-229.0
-224.0
-163.0
-202.0
-174.0
-161.0
-181.0
-119.0
-149.0
-177.0
-157.0
-219.0
-214.0
-194.0
-213.0
-164.0
-192.0
-208.0
-176.0
-225.0
-239.0
-257.0
-309.0
-269.0
-281.0
-275.0
-222.0
-286.0
-278.0
-275.0
-282.0
-224.0
-257.0
-277.0
-271.0
-277.0
-148.0
-53.0
5.0
163.0
265.0
370.0
495.0
497.0
535.0
551.0
505.0
501.0
413.0
378.0
355.0
260.0
264.0
205.0
109.0
130.0
91.0
59.0
86.0
11.0
4.0
5.0
-43.0
-24.0
-69.0
-68.0
-55.0
-122.0
-102.0
-101.0
-149.0
-120.0
-166.0
-149.0
-98.0
-125.0
-78.0
-114.0
-168.0
-99.0
-145.0
-193.0
-171.0
-242.0
-234.0
-238.0
-252.0
-206.0
-227.0
-251.0
-248.0
-263.0
-225.0
-229.0
-244.0
-202.0
-269.0
-275.0
-226.0
-251.0
-223.0
-218.0
-251.0
-227.0
-242.0
-253.0
-220.0
-227.0
-194.0
-168.0
-218.0
-214.0
-268.0
-279.0
-237.0
-257.0
-207.0
-204.0
-241.0
-197.0
-230.0
-215.0
-184.0
-234.0
-214.0
-217.0
-238.0
-214.0
-246.0
-205.0
-145.0
-211.0
-187.0
-185.0
-201.0
-181.0
-241.0
-241.0
-177.0
-241.0
-206.0
-199.0
-225.0
-159.0
-169.0
-179.0
-157.0
-214.0
-204.0
-220.0
-261.0
-230.0
-243.0
-225.0
-216.0
-287.0
-242.0
-234.0
-284.0
-260.0
-289.0
-298.0
-278.0
-320.0
-309.0
-303.0
-334.0
-314.0
-348.0
-342.0
-293.0
-327.0
-310.0
-308.0
-341.0
-299.0
-319.0
-325.0
-292.0
-305.0
-297.0
-317.0
-343.0
-321.0
-326.0
-307.0
-285.0
-366.0
-353.0
-331.0
-338.0
-309.0
-348.0
-353.0
-331.0
-369.0
-331.0
-346.0
-383.0
-309.0
-316.0
-313.0
-281.0
-317.0
-279.0
-274.0
-303.0
-253.0
-270.0
-268.0
-235.0
-293.0
-274.0
-281.0
-290.0
-241.0
-277.0
-283.0
-260.0
-296.0
-286.0
-280.0
-275.0
-202.0
-232.0
-234.0
-208.0
-263.0
-229.0
-239.0
-271.0
-215.0
-232.0
-215.0
-207.0
-276.0
-272.0
-260.0
-265.0
-196.0
-254.0
-290.0
-284.0
-321.0
-271.0
-269.0
-292.0
-224.0
-261.0
-271.0
-234.0
-283.0
-263.0
-271.0
-311.0
-263.0
-287.0
-299.0
-280.0
-335.0
-295.0
-266.0
-277.0
-233.0
-264.0
-229.0
-175.0
-227.0
-194.0
-203.0
-224.0
-166.0
-211.0
-222.0
-177.0
-229.0
-209.0
-224.0
-225.0
-168.0
-205.0
-229.0
-208.0
-251.0
-223.0
-213.0
-219.0
-166.0
-205.0
-205.0
-174.0
-230.0
-219.0
-227.0
-255.0
-201.0
-223.0
-239.0
-236.0
-279.0
-250.0
-279.0
-304.0
-251.0
-286.0
-262.0
-235.0
-269.0
-241.0
-249.0
-285.0
-254.0
-290.0
-286.0
-261.0
-304.0
-261.0
-250.0
-275.0
-243.0
-289.0
-301.0
-280.0
-308.0
-291.0
-306.0
-313.0
-282.0
-337.0
-331.0
-312.0
-342.0
-296.0
-307.0
-348.0
-319.0
-328.0
-288.0
-232.0
-283.0
-324.0
-354.0
-343.0
-312.0
-360.0
-346.0
-343.0
-380.0
-356.0
-380.0
-414.0
-376.0
-406.0
-417.0
-400.0
-417.0
-360.0
-361.0
-393.0
-351.0
-369.0
-351.0
-335.0
-358.0
-323.0
-331.0
-341.0
-293.0
-364.0
-369.0
-334.0
-371.0
-347.0
-351.0
-372.0
-334.0
-363.0
-342.0
-306.0
-323.0
-278.0
-275.0
-289.0
-278.0
-323.0
-306.0
-288.0
-313.0
-278.0
-309.0
-359.0
-304.0
-340.0
-318.0
-261.0
-285.0
-257.0
-261.0
-289.0
-254.0
-287.0
-305.0
-337.0
-389.0
-315.0
-335.0
-382.0
-343.0
-345.0
-329.0
-295.0
-320.0
-314.0
-323.0
-348.0
-334.0
-365.0
-343.0
-341.0
-371.0
-315.0
-314.0
-342.0
-272.0
-279.0
-276.0
-267.0
-308.0
-279.0
-304.0
-297.0
-259.0
-321.0
-284.0
-274.0
-321.0
-270.0
-298.0
-332.0
-269.0
-326.0
-331.0
-300.0
-348.0
-299.0
-291.0
-342.0
-313.0
-346.0
-336.0
-322.0
-366.0
-345.0
-364.0
-383.0
-347.0
-398.0
-389.0
-371.0
-420.0
-385.0
-411.0
-418.0
-364.0
-403.0
-389.0
-388.0
-430.0
-364.0
-373.0
-419.0
-378.0
-397.0
-393.0
-417.0
-476.0
-444.0
-458.0
-463.0
-424.0
-449.0
-417.0
-379.0
-407.0
-359.0
-355.0
-373.0
-297.0
-303.0
-290.0
-309.0
-390.0
-332.0
-312.0
-326.0
-285.0
-334.0
-341.0
-314.0
-344.0
-324.0
-362.0
-390.0
-354.0
-393.0
-408.0
-410.0
-441.0
-384.0
-413.0
-447.0
-394.0
-417.0
-390.0
-401.0
-463.0
-439.0
-457.0
-492.0
-458.0
-491.0
-470.0
-457.0
-480.0
-442.0
-451.0
-425.0
-366.0
-378.0
-328.0
-303.0
-341.0
-301.0
-338.0
-380.0
-349.0
-346.0
-315.0
-318.0
-371.0
-325.0
-327.0
-334.0
-278.0
-289.0
-268.0
-257.0
-324.0
-297.0
-294.0
-293.0
-260.0
-317.0
-324.0
-320.0
-362.0
-336.0
-351.0
-335.0
-287.0
-331.0
-321.0
-325.0
-369.0
-310.0
-317.0
-351.0
-334.0
-387.0
-358.0
-345.0
-380.0
-341.0
-379.0
-385.0
-357.0
-396.0
-369.0
-341.0
-362.0
-319.0
-336.0
-344.0
-303.0
-331.0
-303.0
-309.0
-335.0
-301.0
-351.0
-369.0
-357.0
-401.0
-382.0
-378.0
-402.0
-343.0
-323.0
-305.0
-260.0
-275.0
-285.0
-294.0
-318.0
-290.0
-317.0
-325.0
-274.0
-328.0
-318.0
-305.0
-356.0
-317.0
-342.0
-381.0
-332.0
-337.0
-311.0
-293.0
-317.0
-265.0
-277.0
-289.0
-239.0
-274.0
-253.0
-247.0
-294.0
-222.0
-231.0
-260.0
-224.0
-270.0
-258.0
-251.0
-297.0
-250.0
-265.0
-283.0
-243.0
-253.0
-230.0
-215.0
-223.0
-144.0
-168.0
-251.0
-252.0
-262.0
-211.0
-215.0
-239.0
-195.0
-221.0
-229.0
-197.0
-247.0
-243.0
-221.0
-228.0
-189.0
-231.0
-237.0
-201.0
-249.0
-250.0
-273.0
-304.0
-256.0
-299.0
-309.0
-270.0
-319.0
-298.0
-265.0
-288.0
-223.0
-236.0
-246.0
-167.0
-198.0
-179.0
-150.0
-209.0
-187.0
-200.0
-176.0
-130.0
-153.0
-138.0
-141.0
-191.0
-140.0
-139.0
-146.0
-118.0
-139.0
-124.0
-145.0
-174.0
-103.0
-114.0
-140.0
-116.0
-135.0
-63.0
-24.0
111.0
306.0
436.0
569.0
636.0
620.0
609.0
615.0
618.0
614.0
577.0
559.0
507.0
383.0
356.0
324.0
269.0
274.0
187.0
144.0
164.0
102.0
85.0
46.0
-12.0
30.0
-18.0
-17.0
2.0
-90.0
-60.0
-34.0
-65.0
-12.0
-21.0
-31.0
-14.0
-80.0
-72.0
-51.0
-79.0
-87.0
-137.0
-159.0
-158.0
-214.0
-153.0
-107.0
-165.0
-102.0
-86.0
-108.0
-98.0
-161.0
-145.0
-121.0
-130.0
-108.0
-156.0
-176.0
-162.0
-212.0
-205.0
-233.0
-304.0
-285.0
-292.0
-271.0
-228.0
-241.0
-223.0
-259.0
-303.0
-254.0
-278.0
-300.0
-288.0
-329.0
-278.0
-270.0
-336.0
-269.0
-237.0
-241.0
-238.0
-288.0
-285.0
-297.0
-309.0
-215.0
-216.0
-223.0
-204.0
-291.0
-317.0
-327.0
-327.0
-242.0
-291.0
-310.0
-261.0
-280.0
-260.0
-275.0
-300.0
-234.0
-260.0
-291.0
-278.0
-301.0
-298.0
-300.0
-314.0
-260.0
-305.0
-290.0
-201.0
-252.0
-252.0
-246.0
-285.0
-261.0
-328.0
-333.0
-263.0
-320.0
-301.0
-284.0
-305.0
-261.0
-281.0
-287.0
-252.0
-271.0
-238.0
-241.0
-243.0
-206.0
-211.0
-207.0
-213.0
-234.0
-199.0
-223.0
-272.0
-205.0
-203.0
-213.0
-187.0
-230.0
-185.0
-182.0
-206.0
-149.0
-184.0
-197.0
-168.0
-200.0
-148.0
-144.0
-170.0
-115.0
-155.0
-171.0
-162.0
-217.0
-170.0
-158.0
-226.0
-189.0
-200.0
-184.0
-142.0
-192.0
-201.0
-230.0
-271.0
-242.0
-274.0
-253.0
-203.0
-254.0
-230.0
-215.0
-243.0
-178.0
-179.0
-179.0
-157.0
-184.0
-163.0
-171.0
-193.0
-157.0
-182.0
-157.0
-103.0
-136.0
-154.0
-182.0
-184.0
-137.0
-171.0
-210.0
-210.0
-236.0
-185.0
-181.0
-224.0
-164.0
-234.0
-248.0
-188.0
-217.0
-186.0
-180.0
-196.0
-145.0
-154.0
-125.0
-107.0
-173.0
-140.0
-127.0
-159.0
-109.0
-128.0
-136.0
-103.0
-145.0
-114.0
-130.0
-184.0
-126.0
-129.0
-101.0
-60.0
-103.0
-82.0
-95.0
-106.0
-43.0
-88.0
-78.0
-94.0
-199.0
-142.0
-148.0
-169.0
-114.0
-157.0
-136.0
-112.0
-149.0
-91.0
-84.0
-109.0
-65.0
-116.0
-125.0
-77.0
-97.0
-69.0
-91.0
-125.0
-61.0
-103.0
-116.0
-81.0
-118.0
-67.0
-65.0
-104.0
-58.0
-108.0
-87.0
-72.0
-140.0
-134.0
-139.0
-159.0
-104.0
-125.0
-121.0
-78.0
-104.0
-79.0
-97.0
-113.0
-63.0
-88.0
-70.0
-48.0
-98.0
-52.0
-34.0
-70.0
-46.0
-105.0
-129.0
-107.0
-133.0
-76.0
-89.0
-142.0
-96.0
-111.0
-117.0
-80.0
-107.0
-81.0
-74.0
-85.0
-40.0
-81.0
-96.0
-70.0
-98.0
-75.0
-77.0
-98.0
-72.0
-102.0
-60.0
-25.0
-73.0
-18.0
-37.0
-59.0
4.0
-37.0
-52.0
-36.0
-81.0
-62.0
-87.0
-118.0
-91.0
-149.0
-145.0
-113.0
-152.0
-117.0
-125.0
-139.0
-105.0
-137.0
-90.0
-59.0
-126.0
-108.0
-117.0
-109.0
-68.0
-126.0
-95.0
-51.0
-100.0
-48.0
-40.0
-55.0
-24.0
-74.0
-86.0
-95.0
-145.0
-112.0
-97.0
-87.0
-31.0
-71.0
-83.0
-67.0
-124.0
-85.0
-83.0
-118.0
-53.0
-105.0
-142.0
-112.0
-144.0
-115.0
-140.0
-175.0
-120.0
-157.0
-171.0
-167.0
-224.0
-187.0
-165.0
-173.0
-134.0
-181.0
-189.0
-126.0
-159.0
-125.0
-105.0
-144.0
-117.0
-158.0
-173.0
-125.0
-152.0
-158.0
-178.0
-167.0
-137.0
-194.0
-215.0
-186.0
-192.0
-131.0
-145.0
-205.0
-150.0
-184.0
-187.0
-184.0
-242.0
-184.0
-156.0
-173.0
-140.0
-157.0
-124.0
-90.0
-116.0
-62.0
-97.0
-112.0
-67.0
-96.0
-86.0
-64.0
-90.0
-22.0
2.0
-16.0
54.0
23.0
14.0
53.0
27.0
74.0
72.0
55.0
77.0
6.0
-4.0
4.0
-55.0
-18.0
2.0
-6.0
22.0
-24.0
-18.0
-1.0
-40.0
-6.0
-11.0
-18.0
40.0
22.0
35.0
55.0
3.0
73.0
121.0
182.0
345.0
388.0
507.0
587.0
546.0
569.0
525.0
491.0
491.0
408.0
401.0
390.0
306.0
324.0
276.0
170.0
174.0
133.0
136.0
139.0
99.0
120.0
83.0
74.0
118.0
48.0
56.0
71.0
2.0
40.0
38.0
25.0
64.0
-1.0
-17.0
-35.0
-109.0
-99.0
-127.0
-116.0
-57.0
-87.0
-53.0
-7.0
-36.0
5.0
12.0
31.0
93.0
40.0
30.0
23.0
-63.0
-51.0
-67.0
-91.0
-69.0
-73.0
-30.0
-3.0
-60.0
-24.0
-21.0
-42.0
-27.0
-71.0
-40.0
-43.0
-95.0
-53.0
-62.0
-64.0
-26.0
-120.0
-111.0
-68.0
-96.0
-35.0
-66.0
-114.0
-81.0
-118.0
-121.0
-97.0
-99.0
-49.0
-81.0
-112.0
-58.0
-77.0
-41.0
-26.0
-91.0
-34.0
-45.0
-95.0
-50.0
-89.0
-70.0
-45.0
-76.0
-48.0
-89.0
-131.0
-98.0
-137.0
-127.0
-106.0
-142.0
-101.0
-126.0
-147.0
-109.0
-145.0
-116.0
-71.0
-87.0
-33.0
-70.0
-60.0
11.0
-34.0
-33.0
-24.0
-87.0
-47.0
-14.0
-29.0
-7.0
-37.0
-13.0
8.0
-55.0
0.0
13.0
-15.0
4.0
-67.0
-54.0
7.0
-25.0
-13.0
-44.0
-59.0
-23.0
-61.0
-37.0
-24.0
-60.0
-4.0
-28.0
-51.0
-20.0
-58.0
-25.0
2.0
-85.0
-72.0
-78.0
-102.0
-56.0
-68.0
-48.0
-63.0
-98.0
-75.0
-87.0
-84.0
-49.0
-99.0
-52.0
-17.0
-51.0
-1.0
-18.0
-16.0
20.0
-24.0
-8.0
-36.0
-78.0
-13.0
-37.0
-113.0
-88.0
-121.0
-84.0
-34.0
-52.0
-24.0
-58.0
-67.0
-14.0
-42.0
-31.0
-32.0
-86.0
-46.0
-61.0
-33.0
10.0
-61.0
-48.0
-48.0
-107.0
-74.0
-76.0
-82.0
-44.0
-92.0
-45.0
-23.0
-127.0
-110.0
-97.0
-130.0
-111.0
-165.0
-166.0
-143.0
-169.0
-125.0
-133.0
-168.0
-138.0
-185.0
-150.0
-75.0
-82.0
-45.0
-93.0
-152.0
-111.0
-98.0
-43.0
-30.0
-86.0
-77.0
-126.0
-160.0
-134.0
-201.0
-201.0
-199.0
-228.0
-173.0
-219.0
-244.0
-167.0
-209.0
-187.0
-194.0
-257.0
-200.0
-223.0
-242.0
-190.0
-231.0
-211.0
-171.0
-216.0
-182.0
-213.0
-214.0
-157.0
-185.0
-164.0
-143.0
-188.0
-148.0
-156.0
-158.0
-122.0
-164.0
-142.0
-143.0
-174.0
-134.0
-149.0
-162.0
-146.0
-213.0
-193.0
-172.0
-201.0
-159.0
-206.0
-223.0
-160.0
-196.0
-197.0
-168.0
-188.0
-125.0
-143.0
-148.0
-127.0
-190.0
-172.0
-163.0
-197.0
-150.0
-155.0
-166.0
-161.0
-209.0
-158.0
-134.0
-156.0
-104.0
-139.0
-149.0
-105.0
-178.0
-197.0
-160.0
-172.0
-108.0
-107.0
-108.0
-14.0
8.0
72.0
129.0
145.0
176.0
150.0
167.0
182.0
137.0
155.0
133.0
63.0
73.0
52.0
35.0
65.0
17.0
34.0
31.0
-7.0
45.0
26.0
12.0
73.0
23.0
26.0
45.0
-3.0
20.0
50.0
48.0
60.0
11.0
1.0
-63.0
-118.0
-76.0
-98.0
-59.0
22.0
-11.0
2.0
13.0
-14.0
26.0
-5.0
-55.0
-80.0
-129.0
-104.0
-107.0
-175.0
-173.0
-210.0
-212.0
-192.0
-216.0
-159.0
-163.0
-204.0
-211.0
-242.0
-197.0
-143.0
-197.0
-205.0
-240.0
-301.0
-271.0
-297.0
-298.0
-254.0
-278.0
-259.0
-260.0
-246.0
-191.0
-231.0
-214.0
-156.0
-201.0
-180.0
-183.0
-215.0
-144.0
-176.0
-192.0
-159.0
-213.0
-193.0
-211.0
-246.0
-197.0
-220.0
-210.0
-181.0
-229.0
-183.0
-170.0
-157.0
-78.0
-90.0
-65.0
-29.0
-78.0
-40.0
-4.0
-60.0
-8.0
-5.0
-27.0
-37.0
-84.0
-58.0
-52.0
-84.0
-41.0
-72.0
-81.0
-83.0
-149.0
-101.0
-80.0
-117.0
-85.0
-129.0
-118.0
-86.0
-128.0
-95.0
-82.0
-118.0
-69.0
-67.0
-74.0
-32.0
-40.0
-7.0
-41.0
-107.0
-70.0
-73.0
-68.0
-33.0
-96.0
-68.0
-51.0
-84.0
-30.0
-39.0
-36.0
-22.0
-71.0
-23.0
-34.0
-83.0
-20.0
-48.0
-66.0
-42.0
-97.0
-62.0
-53.0
-103.0
-77.0
-87.0
-65.0
-30.0
-56.0
-31.0
-44.0
-91.0
-62.0
-65.0
-58.0
-11.0
-65.0
-50.0
-42.0
-46.0
12.0
51.0
145.0
239.0
291.0
468.0
598.0
608.0
610.0
615.0
615.0
607.0
570.0
547.0
471.0
409.0
429.0
366.0
298.0
297.0
209.0
187.0
174.0
131.0
139.0
78.0
85.0
119.0
64.0
70.0
36.0
-10.0
52.0
12.0
22.0
68.0
30.0
48.0
-17.0
-122.0
-76.0
-89.0
-88.0
-61.0
-150.0
-112.0
-88.0
-130.0
-69.0
-87.0
-90.0
-83.0
-137.0
-100.0
-72.0
-92.0
-45.0
-61.0
-60.0
-49.0
-100.0
-109.0
-146.0
-162.0
-119.0
-141.0
-96.0
-49.0
-127.0
-85.0
-71.0
-114.0
-61.0
-58.0
-33.0
34.0
-13.0
19.0
51.0
28.0
65.0
52.0
45.0
35.0
-23.0
25.0
25.0
-26.0
-15.0
-43.0
-21.0
14.0
-41.0
-2.0
-7.0
-33.0
37.0
13.0
-11.0
-11.0
-72.0
-43.0
-24.0
-67.0
-35.0
-40.0
-30.0
-4.0
-51.0
-51.0
-87.0
-131.0
-107.0
-146.0
-134.0
-78.0
-108.0
-83.0
-101.0
-142.0
-83.0
-107.0
-86.0
-24.0
-73.0
-52.0
-60.0
-110.0
-69.0
-77.0
-90.0
-81.0
-130.0
-93.0
-99.0
-119.0
-89.0
-108.0
-112.0
-106.0
-152.0
-117.0
-111.0
-165.0
-116.0
-117.0
-107.0
-71.0
-88.0
-53.0
-46.0
-82.0
-60.0
-106.0
-108.0
-101.0
-148.0
-103.0
-98.0
-132.0
-118.0
-156.0
-139.0
-100.0
-143.0
-89.0
-96.0
-142.0
-101.0
-124.0
-176.0
-143.0
-122.0
-106.0
-137.0
-142.0
-84.0
-129.0
-123.0
-102.0
-166.0
-151.0
-143.0
-164.0
-122.0
-148.0
-132.0
-93.0
-112.0
-53.0
-83.0
-174.0
-146.0
-168.0
-178.0
-167.0
-212.0
-190.0
-221.0
-260.0
-201.0
-243.0
-250.0
-202.0
-249.0
-228.0
-214.0
-239.0
-216.0
-263.0
-276.0
-251.0
-287.0
-234.0
-227.0
-230.0
-180.0
-223.0
-221.0
-189.0
-225.0
-174.0
-126.0
-106.0
-43.0
-71.0
-47.0
-18.0
-69.0
-17.0
-15.0
-30.0
12.0
-49.0
-72.0
-43.0
-62.0
-53.0
-95.0
-111.0
-60.0
-121.0
-121.0
-90.0
-128.0
-88.0
-98.0
-147.0
-111.0
-126.0
-99.0
-60.0
-79.0
-53.0
-93.0
-101.0
-13.0
-36.0
-40.0
1.0
-36.0
-48.0
-116.0
-163.0
-109.0
-118.0
-104.0
-81.0
-132.0
-86.0
-97.0
-134.0
-85.0
-128.0
-152.0
-130.0
-137.0
-118.0
-128.0
-144.0
-105.0
-122.0
-102.0
-79.0
-110.0
-55.0
-71.0
-114.0
-83.0
-121.0
-115.0
-121.0
-175.0
-128.0
-130.0
-127.0
-51.0
-82.0
-79.0
-49.0
-97.0
-63.0
-60.0
-78.0
-69.0
-118.0
-132.0
-100.0
-127.0
-87.0
-73.0
-90.0
-46.0
-83.0
-71.0
-34.0
-79.0
-58.0
-112.0
-153.0
-109.0
-141.0
-142.0
-134.0
-192.0
-173.0
-180.0
-209.0
-172.0
-186.0
-162.0
-133.0
-156.0
-96.0
-93.0
-136.0
-106.0
-154.0
-178.0
-137.0
-136.0
-77.0
-100.0
-202.0
-199.0
-225.0
-224.0
-203.0
-239.0
-181.0
-189.0
-239.0
-208.0
-245.0
-256.0
-239.0
-266.0
-239.0
-242.0
-253.0
-211.0
-247.0
-243.0
-230.0
-264.0
-206.0
-225.0
-243.0
-221.0
-270.0
-280.0
-261.0
-307.0
-285.0
-306.0
-338.0
-289.0
-307.0
-270.0
-232.0
-269.0
-194.0
-186.0
-211.0
-163.0
-169.0
-142.0
-139.0
-205.0
-173.0
-178.0
-199.0
-172.0
-186.0
-153.0
-166.0
-207.0
-142.0
-136.0
-139.0
-89.0
-142.0
-131.0
-93.0
-133.0
-93.0
-109.0
-126.0
-74.0
-126.0
-103.0
-92.0
-142.0
-79.0
-84.0
-98.0
-43.0
-79.0
-76.0
-70.0
-126.0
-86.0
-103.0
-119.0
-83.0
-107.0
-83.0
-30.0
-33.0
-48.0
-105.0
-101.0
-43.0
-89.0
-55.0
-20.0
-80.0
-73.0
-97.0
-111.0
-51.0
-75.0
-44.0
-32.0
-107.0
-84.0
-116.0
-142.0
-100.0
-142.0
-120.0
-96.0
-155.0
-135.0
-149.0
-161.0
-103.0
-127.0
-103.0
-89.0
-114.0
-29.0
-32.0
-70.0
-52.0
-79.0
-91.0
-88.0
-122.0
-99.0
-133.0
-193.0
-167.0
-175.0
-183.0
-199.0
-260.0
-246.0
-257.0
-269.0
-213.0
-254.0
-231.0
-224.0
-281.0
-240.0
-268.0
-289.0
-229.0
-287.0
-258.0
-258.0
-319.0
-286.0
-299.0
-296.0
-246.0
-301.0
-242.0
-197.0
-249.0
-220.0
-246.0
-258.0
-216.0
-254.0
-242.0
-232.0
-270.0
-238.0
-260.0
-274.0
-240.0
-268.0
-238.0
-213.0
-221.0
-160.0
-162.0
-174.0
-134.0
-131.0
-95.0
-98.0
-142.0
-106.0
-126.0
-143.0
-97.0
-155.0
-129.0
-113.0
-145.0
-81.0
-65.0
-89.0
-63.0
-83.0
-62.0
-65.0
-98.0
-74.0
-113.0
-121.0
-77.0
-126.0
-106.0
-59.0
-65.0
-16.0
-46.0
-76.0
-48.0
-70.0
-43.0
-31.0
-61.0
-42.0
-71.0
-93.0
-83.0
-131.0
-118.0
-86.0
-132.0
-137.0
-193.0
-202.0
-138.0
-187.0
-201.0
-188.0
-193.0
-163.0
-182.0
-173.0
-127.0
-169.0
-147.0
-132.0
-177.0
-150.0
-162.0
-191.0
-150.0
-173.0
-132.0
-108.0
-137.0
-89.0
-129.0
-175.0
-117.0
-154.0
-137.0
-100.0
-124.0
-122.0
-178.0
-182.0
-137.0
-188.0
-174.0
-143.0
-173.0
-156.0
-191.0
-217.0
-188.0
-207.0
-172.0
-158.0
-209.0
-173.0
-172.0
-171.0
-110.0
-126.0
-126.0
-124.0
-150.0
-128.0
-148.0
-173.0
-155.0
-187.0
-150.0
-159.0
-215.0
-157.0
-169.0
-197.0
-165.0
-199.0
-165.0
-144.0
-190.0
-158.0
-180.0
-171.0
-83.0
-84.0
-52.0
-102.0
-193.0
-127.0
-115.0
-137.0
-101.0
-156.0
-138.0
-126.0
-193.0
-147.0
-152.0
-173.0
-111.0
-114.0
-65.0
-35.0
-87.0
-85.0
-116.0
-131.0
-100.0
-134.0
-109.0
-98.0
-138.0
-93.0
-114.0
-119.0
-67.0
-85.0
-50.0
-41.0
-63.0
-3.0
-21.0
-49.0
-29.0
-59.0
-22.0
-20.0
-61.0
-8.0
-8.0
-24.0
-6.0
-39.0
-5.0
-7.0
-66.0
-31.0
-46.0
-69.0
-75.0
-145.0
-135.0
-120.0
-138.0
-68.0
-74.0
-137.0
-136.0
-166.0
-114.0
-82.0
-103.0
-56.0
-81.0
-64.0
17.0
-1.0
31.0
39.0
-36.0
4.0
10.0
-2.0
31.0
-1.0
42.0
31.0
-20.0
18.0
-15.0
-23.0
14.0
-24.0
-28.0
-20.0
-70.0
-44.0
-47.0
-45.0
-19.0
-56.0
-30.0
-32.0
-77.0
-27.0
-40.0
-42.0
-4.0
-35.0
-17.0
-16.0
-45.0
-18.0
-69.0
-80.0
-50.0
-124.0
-92.0
-40.0
-102.0
-77.0
-61.0
-45.0
-18.0
-78.0
-63.0
-36.0
-64.0
-25.0
-49.0
-41.0
-30.0
-107.0
-97.0
-100.0
-118.0
-57.0
-95.0
-125.0
-54.0
-34.0
-16.0
-53.0
-122.0
-82.0
-96.0
-131.0
-110.0
-145.0
-137.0
-154.0
-141.0
-47.0
-71.0
-74.0
-60.0
-136.0
-114.0
-86.0
-102.0
-53.0
-90.0
-102.0
-59.0
-109.0
-100.0
-56.0
-69.0
-58.0
-111.0
-124.0
-83.0
-136.0
-112.0
-102.0
-130.0
-95.0
-147.0
-156.0
-125.0
-178.0
-165.0
-133.0
-159.0
-120.0
-152.0
-134.0
-70.0
-115.0
-84.0
-84.0
-109.0
-47.0
-68.0
-79.0
-45.0
-87.0
-53.0
-48.0
-78.0
-40.0
-70.0
-62.0
3.0
-43.0
-39.0
-35.0
-110.0
-48.0
-10.0
12.0
23.0
-24.0
-8.0
17.0
-1.0
14.0
-26.0
-77.0
-69.0
-125.0
-124.0
-89.0
-112.0
-86.0
-98.0
-88.0
-47.0
-87.0
-56.0
-33.0
-34.0
10.0
-48.0
-71.0
-64.0
-102.0
-49.0
-21.0
-58.0
-30.0
-76.0
-95.0
-61.0
-83.0
-45.0
-4.0
-16.0
25.0
12.0
-7.0
10.0
-2.0
48.0
22.0
-4.0
59.0
30.0
45.0
108.0
64.0
97.0
106.0
90.0
108.0
45.0
32.0
59.0
14.0
72.0
77.0
21.0
62.0
36.0
22.0
54.0
18.0
51.0
53.0
-11.0
16.0
-5.0
-1.0
10.0
-43.0
-18.0
-46.0
-110.0
-71.0
-86.0
-74.0
-45.0
-70.0
-36.0
-9.0
-26.0
19.0
-38.0
-67.0
-29.0
-71.0
-29.0
3.0
-50.0
-54.0
-93.0
-100.0
-78.0
-119.0
-71.0
-54.0
-76.0
-12.0
-60.0
-94.0
-53.0
-113.0
-78.0
-65.0
-93.0
-44.0
-95.0
-132.0
-90.0
-125.0
-88.0
-62.0
-93.0
-76.0
-93.0
-91.0
-80.0
-135.0
-119.0
-106.0
-115.0
-55.0
-69.0
-73.0
-15.0
-46.0
-21.0
-18.0
-63.0
-23.0
-33.0
-33.0
-18.0
-54.0
-43.0
-56.0
-65.0
-23.0
-77.0
-80.0
-60.0
-101.0
-69.0
-85.0
-122.0
-34.0
-50.0
-78.0
-32.0
-43.0
-28.0
-29.0
-56.0
-17.0
-25.0
-19.0
-6.0
-78.0
-61.0
-74.0
-96.0
-64.0
-98.0
-98.0
-67.0
-113.0
-71.0
-67.0
-112.0
-80.0
-107.0
-89.0
-67.0
-126.0
-93.0
-75.0
-128.0
-97.0
-104.0
-89.0
-16.0
-48.0
-46.0
-39.0
-59.0
-10.0
-35.0
-29.0
-10.0
-50.0
-26.0
-62.0
-93.0
-37.0
-69.0
-55.0
-40.0
-126.0
-61.0
-31.0
-79.0
-44.0
-66.0
-52.0
-16.0
-86.0
-44.0
-23.0
-53.0
-2.0
-5.0
5.0
20.0
-48.0
-33.0
-13.0
-24.0
24.0
3.0
-24.0
-4.0
-86.0
-53.0
-4.0
-6.0
41.0
20.0
-7.0
-16.0
-76.0
-36.0
-43.0
-97.0
-53.0
-41.0
-6.0
45.0
2.0
18.0
2.0
-35.0
19.0
-12.0
-40.0
-36.0
-95.0
-43.0
-37.0
-74.0
-20.0
-50.0
-69.0
-53.0
-106.0
-61.0
-52.0
-94.0
-54.0
-101.0
-131.0
-79.0
-105.0
-89.0
-93.0
-131.0
-125.0
-121.0
-73.0
-52.0
-112.0
-68.0
-59.0
-77.0
-17.0
-45.0
-16.0
33.0
-29.0
16.0
77.0
64.0
79.0
18.0
-24.0
5.0
11.0
46.0
30.0
2.0
50.0
1.0
-7.0
48.0
-23.0
-31.0
-26.0
-38.0
0.0
-37.0
-59.0
-29.0
-65.0
-36.0
-37.0
-61.0
-7.0
-40.0
-24.0
15.0
-32.0
6.0
26.0
-10.0
5.0
-50.0
-74.0
-38.0
-58.0
-15.0
-13.0
-58.0
2.0
-8.0
-42.0
-38.0
-76.0
-69.0
-84.0
-103.0
-80.0
-100.0
-96.0
-87.0
-154.0
-115.0
-105.0
-124.0
-56.0
-71.0
-70.0
-46.0
-70.0
-37.0
-52.0
-125.0
-74.0
-68.0
-78.0
-37.0
-73.0
-80.0
-98.0
-113.0
-53.0
-82.0
-94.0
-56.0
-63.0
-20.0
-34.0
-54.0
-14.0
-71.0
-58.0
3.0
-38.0
-38.0
-53.0
-81.0
-49.0
-85.0
-71.0
-45.0
-111.0
-74.0
-53.0
-68.0
-24.0
-85.0
-114.0
-82.0
-112.0
-61.0
-50.0
-43.0
-30.0
-163.0
-157.0
-64.0
-111.0
-86.0
-83.0
-112.0
-65.0
-105.0
-98.0
-71.0
-142.0
-121.0
-111.0
-122.0
-106.0
-154.0
-116.0
-95.0
-142.0
-88.0
-90.0
-129.0
-81.0
-136.0
-156.0
-100.0
-107.0
-63.0
-51.0
-77.0
-44.0
-99.0
-102.0
-89.0
-131.0
-87.0
-97.0
-119.0
-89.0
-115.0
-103.0
-84.0
-107.0
-52.0
-55.0
-80.0
-69.0
-130.0
-118.0
-105.0
-181.0
-155.0
-142.0
-161.0
-92.0
-120.0
-127.0
-129.0
-170.0
-108.0
-100.0
-136.0
-89.0
-108.0
-100.0
-75.0
-126.0
-105.0
-101.0
-116.0
-67.0
-129.0
-139.0
-107.0
-142.0
-87.0
-67.0
-87.0
-58.0
-136.0
-144.0
-88.0
-134.0
-150.0
-168.0
-200.0
-155.0
-169.0
-158.0
-160.0
-202.0
-135.0
-130.0
-135.0
-91.0
-98.0
-75.0
-78.0
-122.0
-95.0
-131.0
-185.0
-150.0
-159.0
-158.0
-154.0
-211.0
-191.0
-206.0
-251.0
-232.0
-259.0
-265.0
-226.0
-269.0
-227.0
-200.0
-195.0
-144.0
-178.0
-196.0
-149.0
-164.0
-138.0
-185.0
-219.0
-144.0
-179.0
-214.0
-207.0
-264.0
-256.0
-299.0
-336.0
-290.0
-339.0
-325.0
-290.0
-324.0
-273.0
-274.0
-289.0
-184.0
-158.0
-154.0
-183.0
-266.0
-267.0
-286.0
-282.0
-206.0
-225.0
-218.0
-200.0
-219.0
-181.0
-214.0
-259.0
-234.0
-278.0
-253.0
-222.0
-256.0
-222.0
-245.0
-249.0
-177.0
-205.0
-184.0
-155.0
-252.0
-177.0
-161.0
-205.0
-168.0
-190.0
-194.0
-174.0
-168.0
-117.0
-153.0
-164.0
-105.0
-138.0
-109.0
-73.0
-115.0
-70.0
-83.0
-112.0
-43.0
-61.0
-76.0
-56.0
-130.0
-123.0
-124.0
-120.0
-81.0
-120.0
-95.0
-82.0
-139.0
-87.0
-85.0
-127.0
-91.0
-120.0
-96.0
-106.0
-162.0
-99.0
-103.0
-158.0
-115.0
-137.0
-135.0
-41.0
-30.0
19.0
19.0
-10.0
24.0
-21.0
-39.0
-43.0
-68.0
-35.0
-75.0
-112.0
-71.0
-110.0
-104.0
-80.0
-127.0
-96.0
-96.0
-123.0
-80.0
-119.0
-107.0
-70.0
-82.0
-60.0
-102.0
-95.0
-34.0
-110.0
-108.0
-57.0
-116.0
-73.0
-51.0
-82.0
-25.0
-25.0
-33.0
-15.0
-72.0
-46.0
-51.0
-67.0
-32.0
-79.0
-68.0
-45.0
-91.0
-47.0
-49.0
-55.0
-1.0
-42.0
-25.0
0.0
-44.0
-5.0
-13.0
-48.0
-34.0
-81.0
-89.0
-86.0
-144.0
-89.0
-84.0
-128.0
-102.0
-149.0
-162.0
-150.0
-219.0
-167.0
-94.0
-75.0
-29.0
-86.0
-131.0
-100.0
-113.0
-73.0
-94.0
-137.0
-105.0
-144.0
-128.0
-129.0
-171.0
-122.0
-94.0
-69.0
-1.0
-23.0
-33.0
-55.0
-100.0
-65.0
-82.0
-103.0
-62.0
-82.0
-26.0
-14.0
-71.0
-43.0
-62.0
-95.0
-39.0
-83.0
-83.0
-60.0
-92.0
-33.0
-45.0
-61.0
-3.0
-33.0
-26.0
-2.0
-48.0
-3.0
-10.0
-27.0
29.0
-23.0
-33.0
-23.0
-55.0
13.0
-21.0
-83.0
-29.0
-49.0
-37.0
-25.0
-57.0
-15.0
-39.0
-64.0
-9.0
-52.0
-54.0
-35.0
-68.0
-18.0
-44.0
-74.0
-23.0
-90.0
-90.0
-55.0
-88.0
-7.0
-1.0
-39.0
-7.0
-26.0
-18.0
-5.0
-44.0
-30.0
-32.0
-47.0
-24.0
-72.0
-43.0
-24.0
-74.0
-41.0
-49.0
-27.0
4.0
-46.0
-24.0
-33.0
-108.0
-58.0
-72.0
-104.0
-53.0
-92.0
-91.0
-70.0
-98.0
-91.0
-119.0
-126.0
-82.0
-133.0
-133.0
-121.0
-166.0
-133.0
-140.0
-169.0
-121.0
-148.0
-157.0
-126.0
-146.0
-118.0
-127.0
-142.0
-101.0
-146.0
-155.0
-130.0
-145.0
-81.0
-78.0
-87.0
-49.0
-82.0
-76.0
-60.0
-71.0
-50.0
-110.0
-153.0
-84.0
-67.0
-21.0
-18.0
-105.0
-87.0
-84.0
-117.0
-84.0
-102.0
-81.0
-67.0
-127.0
-101.0
-109.0
-97.0
-54.0
-102.0
-101.0
-112.0
-158.0
-128.0
-159.0
-204.0
-191.0
-208.0
-167.0
-131.0
-146.0
-91.0
-132.0
-177.0
-134.0
-178.0
-176.0
-167.0
-214.0
-169.0
-194.0
-218.0
-190.0
-227.0
-166.0
-120.0
-176.0
-141.0
-127.0
-122.0
-72.0
-94.0
-98.0
-98.0
-143.0
-129.0
-169.0
-165.0
-101.0
-103.0
-69.0
-55.0
-82.0
-21.0
-18.0
-37.0
-29.0
-64.0
-27.0
9.0
-45.0
-37.0
-56.0
-78.0
-51.0
-82.0
-48.0
-13.0
-63.0
-9.0
-1.0
-8.0
17.0
-17.0
32.0
67.0
17.0
45.0
36.0
15.0
43.0
-15.0
-3.0
60.0
41.0
77.0
73.0
95.0
144.0
82.0
96.0
146.0
107.0
139.0
109.0
76.0
114.0
58.0
46.0
60.0
26.0
71.0
64.0
37.0
72.0
42.0
54.0
63.0
22.0
47.0
3.0
-39.0
-11.0
-27.0
-29.0
-32.0
-96.0
-57.0
16.0
17.0
41.0
-38.0
-27.0
20.0
-8.0
13.0
-31.0
-35.0
9.0
-37.0
-24.0
13.0
-17.0
14.0
-19.0
-6.0
48.0
-17.0
-27.0
-31.0
-58.0
-18.0
-36.0
-13.0
48.0
-11.0
14.0
12.0
-24.0
41.0
45.0
40.0
85.0
69.0
74.0
63.0
-2.0
-12.0
-42.0
-33.0
-3.0
-61.0
-6.0
42.0
2.0
60.0
53.0
25.0
56.0
16.0
37.0
44.0
-22.0
-5.0
-30.0
-23.0
24.0
-18.0
17.0
41.0
12.0
23.0
-22.0
-40.0
-3.0
-27.0
12.0
47.0
-2.0
56.0
35.0
-23.0
4.0
-30.0
-9.0
0.0
-22.0
27.0
17.0
20.0
64.0
4.0
35.0
79.0
42.0
69.0
69.0
23.0
47.0
11.0
43.0
46.0
-13.0
38.0
36.0
8.0
50.0
11.0
30.0
19.0
-19.0
39.0
28.0
6.0
50.0
18.0
35.0
33.0
-16.0
39.0
34.0
4.0
-4.0
-66.0
-23.0
-42.0
-86.0
-6.0
-12.0
-33.0
1.0
-62.0
-58.0
-80.0
-93.0
3.0
-9.0
-26.0
8.0
-17.0
24.0
41.0
-1.0
30.0
-8.0
-34.0
3.0
-50.0
-31.0
-29.0
-81.0
-12.0
-49.0
-80.0
-27.0
-14.0
10.0
26.0
-17.0
-8.0
-35.0
-60.0
-33.0
-66.0
-40.0
-45.0
-88.0
-48.0
-48.0
-53.0
-32.0
-61.0
-32.0
-32.0
-58.0
-15.0
-62.0
-83.0
-62.0
-128.0
-118.0
-74.0
-69.0
16.0
21.0
-48.0
-51.0
-93.0
-92.0
-74.0
-121.0
-89.0
-103.0
-114.0
-82.0
-115.0
-73.0
-42.0
-80.0
-26.0
-27.0
-34.0
-23.0
-49.0
-1.0
4.0
-62.0
-39.0
-86.0
-89.0
-41.0
-92.0
-82.0
-84.0
-156.0
-109.0
-110.0
-133.0
-111.0
-138.0
-88.0
-45.0
-70.0
-7.0
12.0
-27.0
1.0
-33.0
-14.0
2.0
-36.0
1.0
-15.0
-18.0
1.0
-60.0
-20.0
10.0
-27.0
13.0
-10.0
-3.0
22.0
-32.0
1.0
-17.0
-33.0
63.0
43.0
43.0
99.0
58.0
67.0
69.0
74.0
140.0
117.0
78.0
40.0
3.0
46.0
39.0
2.0
23.0
-20.0
-25.0
22.0
-25.0
-6.0
11.0
-4.0
45.0
1.0
-42.0
-8.0
-35.0
-5.0
8.0
-33.0
4.0
-20.0
-7.0
18.0
-55.0
-43.0
-28.0
-60.0
-27.0
-47.0
-52.0
-7.0
-58.0
-31.0
-15.0
-51.0
7.0
18.0
16.0
28.0
-11.0
23.0
18.0
-15.0
40.0
24.0
31.0
74.0
38.0
48.0
43.0
-1.0
17.0
-3.0
-28.0
-26.0
-63.0
-56.0
-56.0
-86.0
-43.0
-73.0
-93.0
-88.0
-137.0
-111.0
-102.0
-128.0
-58.0
-75.0
-70.0
13.0
30.0
84.0
31.0
-71.0
1.0
-3.0
-14.0
28.0
-12.0
14.0
8.0
-28.0
26.0
7.0
13.0
56.0
28.0
56.0
35.0
-2.0
53.0
23.0
21.0
63.0
38.0
42.0
31.0
11.0
68.0
31.0
24.0
58.0
39.0
86.0
82.0
69.0
137.0
111.0
90.0
125.0
82.0
78.0
69.0
22.0
87.0
84.0
102.0
147.0
112.0
146.0
145.0
84.0
114.0
84.0
68.0
88.0
30.0
41.0
34.0
-7.0
43.0
55.0
52.0
75.0
38.0
83.0
107.0
80.0
108.0
72.0
94.0
169.0
154.0
169.0
184.0
155.0
196.0
156.0
155.0
189.0
137.0
142.0
142.0
125.0
182.0
182.0
220.0
226.0
154.0
205.0
213.0
175.0
251.0
237.0
195.0
214.0
201.0
250.0
226.0
170.0
231.0
225.0
224.0
266.0
215.0
232.0
209.0
156.0
193.0
159.0
130.0
159.0
122.0
161.0
183.0
162.0
190.0
125.0
120.0
173.0
165.0
192.0
187.0
147.0
186.0
126.0
96.0
111.0
79.0
117.0
139.0
116.0
107.0
36.0
55.0
106.0
48.0
57.0
90.0
74.0
126.0
149.0
210.0
341.0
409.0
481.0
540.0
542.0
599.0
608.0
592.0
563.0
475.0
493.0
493.0
403.0
408.0
375.0
353.0
379.0
333.0
349.0
314.0
237.0
257.0
216.0
195.0
183.0
102.0
120.0
111.0
42.0
51.0
3.0
-4.0
31.0
-43.0
-37.0
-17.0
-34.0
-10.0
-32.0
0.0
54.0
10.0
14.0
29.0
1.0
53.0
41.0
42.0
89.0
56.0
100.0
129.0
122.0
208.0
243.0
366.0
570.0
620.0
607.0
610.0
610.0
604.0
608.0
612.0
611.0
614.0
615.0
610.0
599.0
589.0
496.0
463.0
461.0
364.0
319.0
239.0
177.0
222.0
145.0
87.0
79.0
3.0
20.0
-6.0
-91.0
-88.0
-133.0
-137.0
-110.0
-173.0
-180.0
-184.0
-217.0
-185.0
-242.0
-280.0
-277.0
-299.0
-253.0
-243.0
-296.0
-282.0
-316.0
-333.0
-323.0
-381.0
-361.0
-347.0
-369.0
-326.0
-370.0
-385.0
-338.0
-352.0
-299.0
-296.0
-332.0
-272.0
-312.0
-317.0
-266.0
-320.0
-347.0
-336.0
-327.0
-281.0
-312.0
-320.0
-298.0
-324.0
-304.0
-342.0
-396.0
-366.0
-394.0
-400.0
-404.0
-442.0
-404.0
-414.0
-448.0
-380.0
-421.0
-421.0
-370.0
-399.0
-367.0
-367.0
-393.0
-370.0
-438.0
-470.0
-448.0
-494.0
-460.0
-448.0
-464.0
-416.0
-426.0
-454.0
-464.0
-477.0
-409.0
-405.0
-450.0
-445.0
-513.0
-477.0
-447.0
-503.0
-469.0
-473.0
-498.0
-468.0
-508.0
-510.0
-479.0
-518.0
-482.0
-452.0
-481.0
-473.0
-495.0
-479.0
-427.0
-454.0
-411.0
-403.0
-427.0
-393.0
-455.0
-429.0
-355.0
-383.0
-362.0
-356.0
-375.0
-322.0
-342.0
-328.0
-274.0
-287.0
-232.0
-247.0
-295.0
-276.0
-333.0
-345.0
-310.0
-332.0
-299.0
-302.0
-327.0
-265.0
-284.0
-290.0
-259.0
-309.0
-293.0
-278.0
-280.0
-200.0
-209.0
-210.0
-192.0
-216.0
-185.0
-200.0
-235.0
-197.0
-230.0
-236.0
-206.0
-252.0
-233.0
-233.0
-265.0
-221.0
-239.0
-233.0
-211.0
-254.0
-205.0
-215.0
-270.0
-229.0
-270.0
-258.0
-215.0
-254.0
-238.0
-237.0
-257.0
-236.0
-297.0
-282.0
-216.0
-266.0
-258.0
-274.0
-296.0
-225.0
-238.0
-259.0
-240.0
-246.0
-213.0
-226.0
-259.0
-237.0
-279.0
-275.0
-221.0
-248.0
-239.0
-240.0
-281.0
-250.0
-274.0
-259.0
-198.0
-240.0
-227.0
-210.0
-230.0
-179.0
-215.0
-214.0
-206.0
-281.0
-247.0
-246.0
-277.0
-253.0
-300.0
-305.0
-289.0
-361.0
-344.0
-342.0
-336.0
-288.0
-334.0
-322.0
-290.0
-376.0
-410.0
-407.0
-407.0
-367.0
-385.0
-380.0
-360.0
-405.0
-382.0
-388.0
-420.0
-375.0
-413.0
-414.0
-407.0
-447.0
-422.0
-422.0
-444.0
-408.0
-446.0
-458.0
-421.0
-442.0
-380.0
-373.0
-406.0
-339.0
-351.0
-333.0
-310.0
-369.0
-329.0
-317.0
-343.0
-288.0
-301.0
-290.0
-248.0
-301.0
-293.0
-319.0
-386.0
-331.0
-311.0
-306.0
-285.0
-305.0
-284.0
-322.0
-352.0
-289.0
-310.0
-296.0
-278.0
-335.0
-317.0
-342.0
-367.0
-304.0
-331.0
-328.0
-288.0
-325.0
-316.0
-322.0
-344.0
-308.0
-368.0
-386.0
-365.0
-402.0
-364.0
-370.0
-383.0
-327.0
-361.0
-363.0
-335.0
-361.0
-326.0
-344.0
-400.0
-364.0
-381.0
-354.0
-307.0
-339.0
-337.0
-364.0
-378.0
-319.0
-355.0
-365.0
-337.0
-407.0
-393.0
-395.0
-399.0
-342.0
-373.0
-354.0
-344.0
-409.0
-374.0
-379.0
-426.0
-397.0
-418.0
-395.0
-356.0
-364.0
-346.0
-355.0
-390.0
-375.0
-413.0
-393.0
-354.0
-407.0
-397.0
-388.0
-391.0
-336.0
-374.0
-399.0
-399.0
-444.0
-420.0
-416.0
-428.0
-383.0
-438.0
-441.0
-407.0
-459.0
-439.0
-458.0
-492.0
-429.0
-477.0
-499.0
-491.0
-535.0
-484.0
-454.0
-436.0
-428.0
-506.0
-493.0
-437.0
-466.0
-420.0
-426.0
-455.0
-419.0
-474.0
-485.0
-446.0
-478.0
-453.0
-475.0
-509.0
-470.0
-486.0
-453.0
-429.0
-498.0
-454.0
-465.0
-480.0
-370.0
-373.0
-380.0
-369.0
-434.0
-403.0
-387.0
-387.0
-333.0
-354.0
-342.0
-333.0
-347.0
-270.0
-255.0
-261.0
-230.0
-291.0
-301.0
-265.0
-310.0
-274.0
-260.0
-267.0
-214.0
-242.0
-219.0
-204.0
-260.0
-235.0
-255.0
-314.0
-262.0
-275.0
-274.0
-278.0
-310.0
-243.0
-239.0
-289.0
-262.0
-281.0
-250.0
-190.0
-231.0
-228.0
-213.0
-232.0
-219.0
-253.0
-251.0
-268.0
-307.0
-221.0
-211.0
-213.0
-127.0
-148.0
-166.0
-170.0
-251.0
-225.0
-226.0
-203.0
-102.0
-145.0
-186.0
-189.0
-250.0
-251.0
-271.0
-303.0
-266.0
-280.0
-250.0
-208.0
-245.0
-212.0
-216.0
-234.0
-193.0
-210.0
-205.0
-200.0
-256.0
-234.0
-233.0
-242.0
-210.0
-256.0
-229.0
-143.0
-153.0
-77.0
-54.0
-78.0
-30.0
-70.0
-87.0
-84.0
-157.0
-137.0
-129.0
-140.0
-148.0
-196.0
-111.0
-70.0
-102.0
18.0
163.0
296.0
436.0
518.0
577.0
609.0
596.0
598.0
553.0
524.0
530.0
430.0
431.0
456.0
377.0
332.0
237.0
174.0
161.0
68.0
69.0
69.0
-21.0
-26.0
-45.0
-77.0
-68.0
-140.0
-155.0
-160.0
-207.0
-192.0
-229.0
-258.0
-221.0
-268.0
-257.0
-254.0
-330.0
-275.0
-261.0
-312.0
-275.0
-310.0
-322.0
-270.0
-299.0
-274.0
-272.0
-303.0
-276.0
-336.0
-328.0
-276.0
-306.0
-272.0
-288.0
-303.0
-250.0
-319.0
-335.0
-314.0
-365.0
-302.0
-298.0
-327.0
-268.0
-308.0
-300.0
-295.0
-345.0
-288.0
-291.0
-298.0
-239.0
-275.0
-262.0
-238.0
-273.0
-249.0
-268.0
-276.0
-228.0
-263.0
-259.0
-275.0
-329.0
-293.0
-295.0
-306.0
-256.0
-301.0
-320.0
-308.0
-337.0
-303.0
-326.0
-333.0
-302.0
-328.0
-290.0
-256.0
-313.0
-301.0
-340.0
-359.0
-312.0
-351.0
-344.0
-330.0
-381.0
-361.0
-394.0
-428.0
-382.0
-410.0
-401.0
-381.0
-419.0
-383.0
-380.0
-389.0
-333.0
-387.0
-392.0
-373.0
-423.0
-373.0
-352.0
-403.0
-409.0
-444.0
-406.0
-354.0
-360.0
-293.0
-274.0
-291.0
-277.0
-324.0
-325.0
-319.0
-364.0
-328.0
-332.0
-361.0
-337.0
-371.0
-341.0
-327.0
-403.0
-371.0
-395.0
-458.0
-410.0
-421.0
-383.0
-383.0
-438.0
-371.0
-365.0
-370.0
-312.0
-400.0
-435.0
-404.0
-452.0
-423.0
-454.0
-495.0
-445.0
-476.0
-457.0
-450.0
-492.0
-431.0
-419.0
-431.0
-375.0
-409.0
-404.0
-406.0
-472.0
-455.0
-479.0
-518.0
-486.0
-503.0
-487.0
-471.0
-483.0
-420.0
-446.0
-470.0
-403.0
-444.0
-445.0
-423.0
-446.0
-371.0
-368.0
-412.0
-375.0
-398.0
-392.0
-355.0
-362.0
-318.0
-348.0
-391.0
-355.0
-405.0
-390.0
-364.0
-442.0
-435.0
-429.0
-417.0
-329.0
-354.0
-351.0
-342.0
-361.0
-322.0
-343.0
-345.0
-307.0
-350.0
-331.0
-286.0
-332.0
-323.0
-323.0
-331.0
-301.0
-356.0
-357.0
-339.0
-395.0
-372.0
-382.0
-398.0
-357.0
-386.0
-347.0
-321.0
-371.0
-334.0
-348.0
-372.0
-346.0
-381.0
-352.0
-335.0
-409.0
-379.0
-385.0
-422.0
-384.0
-411.0
-430.0
-444.0
-487.0
-428.0
-438.0
-442.0
-396.0
-451.0
-448.0
-420.0
-448.0
-402.0
-430.0
-469.0
-403.0
-402.0
-376.0
-383.0
-455.0
-427.0
-407.0
-389.0
-376.0
-417.0
-363.0
-300.0
-354.0
-340.0
-363.0
-405.0
-411.0
-489.0
-495.0
-486.0
-529.0
-511.0
-531.0
-563.0
-532.0
-541.0
-496.0
-462.0
-496.0
-460.0
-485.0
-504.0
-455.0
-505.0
-492.0
-439.0
-447.0
-422.0
-441.0
-485.0
-492.0
-530.0
-505.0
-513.0
-560.0
-543.0
-546.0
-527.0
-489.0
-534.0
-518.0
-499.0
-525.0
-473.0
-480.0
-510.0
-485.0
-529.0
-509.0
-482.0
-530.0
-502.0
-514.0
-517.0
-461.0
-493.0
-484.0
-460.0
-492.0
-457.0
-445.0
-464.0
-439.0
-465.0
-414.0
-395.0
-486.0
-430.0
-397.0
-403.0
-379.0
-449.0
-410.0
-356.0
-380.0
-337.0
-354.0
-382.0
-333.0
-361.0
-352.0
-333.0
-357.0
-324.0
-365.0
-375.0
-331.0
-393.0
-347.0
-296.0
-325.0
-284.0
-285.0
-282.0
-250.0
-287.0
-266.0
-253.0
-283.0
-226.0
-263.0
-301.0
-277.0
-327.0
-309.0
-279.0
-320.0
-259.0
-252.0
-275.0
-252.0
-285.0
-275.0
-279.0
-318.0
-257.0
-262.0
-280.0
-243.0
-286.0
-268.0
-251.0
-314.0
-293.0
-277.0
-268.0
-248.0
-317.0
-278.0
-263.0
-299.0
-244.0
-248.0
-264.0
-252.0
-302.0
-280.0
-243.0
-271.0
-266.0
-315.0
-290.0
-181.0
-235.0
-247.0
-240.0
-258.0
-212.0
-249.0
-276.0
-243.0
-299.0
-278.0
-270.0
-338.0
-297.0
-289.0
-304.0
-279.0
-310.0
-304.0
-314.0
-358.0
-319.0
-311.0
-305.0
-262.0
-295.0
-305.0
-326.0
-371.0
-337.0
-363.0
-374.0
-307.0
-318.0
-276.0
-279.0
-384.0
-328.0
-305.0
-326.0
-274.0
-341.0
-352.0
-307.0
-356.0
-338.0
-348.0
-344.0
-283.0
-297.0
-262.0
-267.0
-309.0
-247.0
-251.0
-242.0
-208.0
-228.0
-159.0
-139.0
-188.0
-146.0
-165.0
-166.0
-137.0
-207.0
-194.0
-172.0
-194.0
-153.0
-174.0
-186.0
-132.0
-168.0
-152.0
-145.0
-195.0
-164.0
-171.0
-173.0
-151.0
-181.0
-177.0
-197.0
-232.0
-211.0
-289.0
-270.0
-174.0
-199.0
-164.0
-144.0
-195.0
-125.0
-96.0
-111.0
-81.0
-119.0
-103.0
-112.0
-172.0
-152.0
-158.0
-184.0
-180.0
-208.0
-167.0
-144.0
-201.0
-141.0
-134.0
-147.0
-106.0
-145.0
-138.0
-157.0
-212.0
-152.0
-182.0
-186.0
-142.0
-209.0
-208.0
-193.0
-194.0
-138.0
-149.0
-156.0
-116.0
-128.0
-99.0
-103.0
-142.0
-110.0
-133.0
-154.0
-128.0
-183.0
-186.0
-183.0
-205.0
-168.0
-192.0
-215.0
-205.0
-249.0
-221.0
-211.0
-222.0
-187.0
-222.0
-239.0
-194.0
-218.0
-212.0
-185.0
-206.0
-169.0
-187.0
-185.0
-126.0
-158.0
-122.0
-106.0
-152.0
-134.0
-168.0
-168.0
-124.0
-186.0
-177.0
-177.0
-222.0
-192.0
-216.0
-234.0
-211.0
-272.0
-233.0
-192.0
-212.0
-175.0
-193.0
-221.0
-184.0
-201.0
-162.0
-200.0
-280.0
-252.0
-286.0
-298.0
-263.0
-341.0
-302.0
-262.0
-314.0
-266.0
-277.0
-276.0
-230.0
-274.0
-266.0
-232.0
-267.0
-250.0
-261.0
-279.0
-252.0
-285.0
-288.0
-283.0
-293.0
-235.0
-243.0
-242.0
-181.0
-209.0
-172.0
-130.0
-129.0
-87.0
-143.0
-152.0
-96.0
-148.0
-128.0
-127.0
-175.0
-122.0
-116.0
-97.0
-56.0
-113.0
-68.0
-51.0
-92.0
-63.0
-99.0
-104.0
-36.0
-51.0
-53.0
-57.0
-107.0
-86.0
-100.0
-110.0
-77.0
-112.0
-118.0
-126.0
-145.0
-85.0
-116.0
-143.0
-114.0
-163.0
-159.0
-161.0
-185.0
-128.0
-153.0
-161.0
-117.0
-120.0
-76.0
-95.0
-161.0
-127.0
-166.0
-195.0
-158.0
-194.0
-192.0
-180.0
-202.0
-175.0
-212.0
-207.0
-190.0
-247.0
-219.0
-211.0
-269.0
-242.0
-252.0
-242.0
-200.0
-256.0
-237.0
-220.0
-255.0
-220.0
-237.0
-253.0
-218.0
-223.0
-198.0
-216.0
-241.0
-178.0
-218.0
-252.0
-212.0
-244.0
-209.0
-210.0
-270.0
-240.0
-254.0
-249.0
-250.0
-329.0
-323.0
-344.0
-385.0
-324.0
-329.0
-310.0
-244.0
-266.0
-236.0
-259.0
-313.0
-267.0
-308.0
-322.0
-272.0
-288.0
-243.0
-228.0
-297.0
-296.0
-316.0
-320.0
-328.0
-367.0
-280.0
-278.0
-343.0
-323.0
-373.0
-375.0
-337.0
-363.0
-350.0
-363.0
-398.0
-326.0
-344.0
-370.0
-324.0
-351.0
-321.0
-291.0
-331.0
-296.0
-328.0
-365.0
-347.0
-398.0
-371.0
-337.0
-334.0
-272.0
-294.0
-331.0
-286.0
-302.0
-279.0
-267.0
-308.0
-278.0
-298.0
-291.0
-241.0
-270.0
-244.0
-220.0
-211.0
-153.0
-183.0
-171.0
-136.0
-198.0
-182.0
-139.0
-164.0
-142.0
-171.0
-182.0
-144.0
-181.0
-149.0
-125.0
-134.0
-98.0
-128.0
-118.0
-34.0
-61.0
27.0
219.0
340.0
514.0
626.0
621.0
610.0
616.0
616.0
614.0
614.0
611.0
564.0
543.0
540.0
468.0
465.0
407.0
330.0
361.0
325.0
308.0
294.0
182.0
186.0
190.0
122.0
128.0
35.0
-6.0
26.0
-37.0
-15.0
-27.0
-90.0
-77.0
-130.0
-140.0
-135.0
-194.0
-158.0
-132.0
-147.0
-110.0
-147.0
-174.0
-172.0
-201.0
-169.0
-174.0
-194.0
-186.0
-257.0
-261.0
-209.0
-239.0
-216.0
-201.0
-195.0
-134.0
-149.0
-123.0
-98.0
-158.0
-161.0
-196.0
-227.0
-167.0
-199.0
-223.0
-188.0
-222.0
-192.0
-185.0
-209.0
-159.0
-203.0
-226.0
-191.0
-226.0
-193.0
-179.0
-221.0
-194.0
-231.0
-233.0
-195.0
-252.0
-248.0
-254.0
-290.0
-256.0
-281.0
-287.0
-269.0
-309.0
-256.0
-253.0
-277.0
-218.0
-219.0
-185.0
-143.0
-186.0
-174.0
-181.0
-224.0
-171.0
-181.0
-202.0
-190.0
-222.0
-158.0
-125.0
-173.0
-112.0
-119.0
-132.0
-79.0
-95.0
-68.0
-99.0
-143.0
-105.0
-137.0
-130.0
-110.0
-185.0
-167.0
-145.0
-179.0
-154.0
-173.0
-168.0
-142.0
-164.0
-128.0
-129.0
-156.0
-130.0
-174.0
-192.0
-163.0
-175.0
-123.0
-114.0
-149.0
-105.0
-147.0
-168.0
-130.0
-140.0
-78.0
-68.0
-114.0
-106.0
-158.0
-150.0
-116.0
-202.0
-216.0
-228.0
-263.0
-203.0
-234.0
-213.0
-120.0
-159.0
-122.0
-90.0
-121.0
-85.0
-124.0
-138.0
-90.0
-108.0
-73.0
-75.0
-104.0
-27.0
-6.0
12.0
27.0
-7.0
29.0
1.0
-56.0
-44.0
-113.0
-96.0
-42.0
-125.0
-127.0
-109.0
-125.0
-84.0
-103.0
-112.0
-111.0
-182.0
-171.0
-165.0
-206.0
-156.0
-172.0
-182.0
-159.0
-231.0
-230.0
-211.0
-233.0
-185.0
-196.0
-155.0
-102.0
-142.0
-33.0
96.0
173.0
391.0
544.0
605.0
620.0
617.0
615.0
616.0
617.0
614.0
591.0
570.0
530.0
449.0
409.0
324.0
239.0
228.0
135.0
97.0
90.0
-11.0
-57.0
-116.0
-206.0
-188.0
-228.0
-265.0
-271.0
-308.0
-266.0
-260.0
-256.0
-197.0
-217.0
-212.0
-196.0
-287.0
-307.0
-309.0
-314.0
-268.0
-298.0
-318.0
-282.0
-296.0
-268.0
-307.0
-371.0
-329.0
-330.0
-325.0
-325.0
-371.0
-325.0
-306.0
-357.0
-301.0
-280.0
-265.0
-248.0
-300.0
-269.0
-268.0
-296.0
-264.0
-301.0
-296.0
-246.0
-289.0
-264.0
-250.0
-293.0
-247.0
-246.0
-250.0
-229.0
-246.0
-198.0
-223.0
-257.0
-197.0
-220.0
-259.0
-257.0
-298.0
-267.0
-281.0
-317.0
-269.0
-297.0
-296.0
-271.0
-313.0
-271.0
-278.0
-331.0
-307.0
-301.0
-271.0
-266.0
-319.0
-273.0
-265.0
-298.0
-266.0
-294.0
-293.0
-274.0
-300.0
-254.0
-271.0
-306.0
-239.0
-256.0
-239.0
-197.0
-259.0
-274.0
-302.0
-342.0
-293.0
-331.0
-336.0
-325.0
-398.0
-344.0
-308.0
-319.0
-279.0
-270.0
-281.0
-288.0
-309.0
-268.0
-280.0
-285.0
-233.0
-285.0
-297.0
-287.0
-338.0
-325.0
-302.0
-339.0
-296.0
-335.0
-326.0
-257.0
-301.0
-362.0
-415.0
-429.0
-355.0
-379.0
-325.0
-262.0
-324.0
-317.0
-350.0
-405.0
-388.0
-429.0
-436.0
-423.0
-467.0
-421.0
-398.0
-416.0
-376.0
-420.0
-411.0
-368.0
-409.0
-354.0
-314.0
-320.0
-295.0
-344.0
-346.0
-316.0
-366.0
-343.0
-345.0
-388.0
-357.0
-388.0
-388.0
-355.0
-383.0
-332.0
-312.0
-331.0
-298.0
-330.0
-319.0
-293.0
-345.0
-306.0
-329.0
-365.0
-314.0
-362.0
-385.0
-361.0
-393.0
-361.0
-351.0
-385.0
-365.0
-406.0
-398.0
-373.0
-416.0
-378.0
-361.0
-375.0
-334.0
-359.0
-356.0
-330.0
-351.0
-305.0
-305.0
-311.0
-211.0
-241.0
-256.0
-241.0
-289.0
-230.0
-219.0
-263.0
-208.0
-207.0
-220.0
-208.0
-236.0
-180.0
-196.0
-261.0
-219.0
-228.0
-216.0
-200.0
-220.0
-174.0
-157.0
-181.0
-127.0
-158.0
-188.0
-174.0
-232.0
-200.0
-211.0
-234.0
-172.0
-181.0
-167.0
-135.0
-173.0
-147.0
-169.0
-193.0
-124.0
-151.0
-154.0
-154.0
-216.0
-193.0
-199.0
-216.0
-155.0
-191.0
-194.0
-175.0
-248.0
-231.0
-219.0
-238.0
-211.0
-259.0
-274.0
-261.0
-284.0
-239.0
-228.0
-249.0
-211.0
-233.0
-186.0
-137.0
-188.0
-176.0
-221.0
-253.0
-166.0
-164.0
-121.0
-91.0
-167.0
-152.0
-157.0
-197.0
-172.0
-219.0
-228.0
-208.0
-241.0
-205.0
-210.0
-232.0
-181.0
-211.0
-208.0
-182.0
-218.0
-175.0
-181.0
-228.0
-184.0
-218.0
-245.0
-227.0
-275.0
-248.0
-269.0
-272.0
-200.0
-230.0
-208.0
-171.0
-204.0
-171.0
-187.0
-205.0
-154.0
-183.0
-158.0
-137.0
-210.0
-187.0
-196.0
-247.0
-195.0
-220.0
-223.0
-208.0
-230.0
-187.0
-200.0
-217.0
-192.0
-238.0
-222.0
-172.0
-229.0
-200.0
-197.0
-231.0
-194.0
-228.0
-228.0
-226.0
-268.0
-225.0
-261.0
-327.0
-285.0
-294.0
-269.0
-268.0
-323.0
-277.0
-265.0
-274.0
-240.0
-281.0
-262.0
-265.0
-328.0
-277.0
-274.0
-300.0
-246.0
-235.0
-195.0
-177.0
-219.0
-200.0
-215.0
-235.0
-194.0
-208.0
-199.0
-184.0
-228.0
-180.0
-149.0
-183.0
-171.0
-228.0
-238.0
-210.0
-210.0
-146.0
-133.0
-142.0
-99.0
-145.0
-146.0
-106.0
-167.0
-145.0
-135.0
-140.0
-124.0
-165.0
-136.0
-100.0
-130.0
-89.0
-86.0
-115.0
-86.0
-107.0
-121.0
-129.0
-165.0
-109.0
-107.0
-109.0
-75.0
-116.0
-92.0
-67.0
-99.0
-51.0
-83.0
-153.0
-104.0
-106.0
-103.0
-95.0
-135.0
-112.0
-120.0
-112.0
3.0
8.0
15.0
25.0
-23.0
30.0
36.0
21.0
33.0
-17.0
27.0
59.0
6.0
23.0
-15.0
-53.0
-16.0
-72.0
-71.0
-20.0
-26.0
18.0
-1.0
-49.0
-2.0
-28.0
-60.0
-29.0
-59.0
-13.0
35.0
47.0
73.0
7.0
2.0
22.0
-31.0
-1.0
7.0
17.0
67.0
30.0
62.0
99.0
50.0
64.0
40.0
13.0
52.0
15.0
33.0
57.0
20.0
49.0
31.0
-10.0
2.0
-22.0
12.0
34.0
-4.0
28.0
-1.0
-24.0
19.0
-27.0
-2.0
30.0
-37.0
6.0
5.0
2.0
36.0
-37.0
-8.0
46.0
-17.0
-1.0
-1.0
-23.0
7.0
-38.0
-20.0
4.0
-45.0
6.0
-12.0
-44.0
5.0
-33.0
-35.0
-12.0
-46.0
-10.0
-39.0
-58.0
-7.0
-71.0
-55.0
-15.0
-56.0
-26.0
-34.0
-53.0
-20.0
-62.0
-33.0
13.0
-40.0
-35.0
-91.0
-139.0
-97.0
-154.0
-150.0
-103.0
-119.0
-99.0
-114.0
-127.0
-70.0
-105.0
-88.0
-73.0
-121.0
-92.0
-89.0
-114.0
-112.0
-168.0
-148.0
-96.0
-119.0
-95.0
-145.0
-180.0
-112.0
-126.0
-114.0
-115.0
-164.0
-125.0
-135.0
-181.0
-171.0
-220.0
-181.0
-135.0
-183.0
-157.0
-186.0
-213.0
-180.0
-229.0
-205.0
-162.0
-192.0
-155.0
-166.0
-167.0
-135.0
-196.0
-161.0
-88.0
-102.0
-41.0
-20.0
-50.0
-37.0
-106.0
-99.0
-83.0
-144.0
-91.0
-72.0
-90.0
-51.0
-87.0
-74.0
-47.0
-107.0
-80.0
-88.0
-112.0
-58.0
-90.0
-99.0
-108.0
-160.0
-133.0
-144.0
-174.0
-122.0
-150.0
-130.0
-110.0
-153.0
-111.0
-119.0
-126.0
-106.0
-139.0
-120.0
-98.0
-141.0
-113.0
-117.0
-134.0
-76.0
-92.0
-80.0
-71.0
-116.0
-71.0
-73.0
-91.0
-42.0
-72.0
-59.0
-68.0
-138.0
-104.0
-120.0
-151.0
-120.0
-181.0
-169.0
-153.0
-221.0
-183.0
-180.0
-181.0
-115.0
-152.0
-121.0
-75.0
-107.0
-100.0
-123.0
-127.0
-106.0
-149.0
-157.0
-181.0
-203.0
-139.0
-157.0
-182.0
-176.0
-267.0
-255.0
-215.0
-251.0
-219.0
-227.0
-238.0
-168.0
-192.0
-166.0
-155.0
-192.0
-166.0
-205.0
-225.0
-196.0
-244.0
-264.0
-281.0
-276.0
-188.0
-191.0
-213.0
-180.0
-210.0
-168.0
-122.0
-136.0
-110.0
-176.0
-201.0
-165.0
-234.0
-222.0
-201.0
-243.0
-181.0
-155.0
-173.0
-163.0
-217.0
-191.0
-120.0
-129.0
-99.0
-144.0
-166.0
-139.0
-187.0
-203.0
-210.0
-243.0
-193.0
-187.0
-189.0
-144.0
-194.0
-190.0
-175.0
-227.0
-182.0
-196.0
-230.0
-177.0
-210.0
-200.0
-170.0
-216.0
-169.0
-142.0
-146.0
-108.0
-121.0
-103.0
-117.0
-190.0
-143.0
-134.0
-153.0
-95.0
-136.0
-132.0
-90.0
-128.0
-99.0
-120.0
-154.0
-105.0
-128.0
-123.0
-145.0
-203.0
-158.0
-162.0
-173.0
-126.0
-163.0
-123.0
-87.0
-103.0
-30.0
-42.0
-79.0
-32.0
-49.0
-2.0
30.0
-11.0
8.0
15.0
101.0
259.0
235.0
253.0
311.0
338.0
431.0
446.0
486.0
613.0
636.0
610.0
610.0
616.0
612.0
612.0
615.0
614.0
614.0
615.0
570.0
512.0
530.0
441.0
375.0
359.0
281.0
282.0
265.0
159.0
154.0
105.0
69.0
81.0
9.0
26.0
35.0
-17.0
-21.0
-53.0
-86.0
-95.0
-142.0
-111.0
-114.0
-183.0
-163.0
-199.0
-221.0
-180.0
-230.0
-227.0
-226.0
-286.0
-269.0
-318.0
-341.0
-319.0
-367.0
-334.0
-281.0
-301.0
-285.0
-339.0
-379.0
-351.0
-374.0
-347.0
-338.0
-394.0
-337.0
-310.0
-350.0
-320.0
-364.0
-401.0
-410.0
-439.0
-401.0
-423.0
-421.0
-377.0
-384.0
-349.0
-374.0
-433.0
-371.0
-376.0
-391.0
-361.0
-383.0
-378.0
-387.0
-444.0
-438.0
-452.0
-437.0
-384.0
-422.0
-394.0
-384.0
-448.0
-406.0
-400.0
-404.0
-361.0
-401.0
-417.0
-412.0
-445.0
-400.0
-421.0
-445.0
-416.0
-480.0
-473.0
-450.0
-474.0
-436.0
-461.0
-484.0
-451.0
-511.0
-514.0
-471.0
-495.0
-458.0
-435.0
-426.0
-404.0
-468.0
-452.0
-422.0
-460.0
-419.0
-412.0
-422.0
-393.0
-435.0
-399.0
-389.0
-438.0
-383.0
-395.0
-393.0
-334.0
-373.0
-372.0
-355.0
-386.0
-344.0
-369.0
-371.0
-317.0
-365.0
-343.0
-332.0
-408.0
-379.0
-407.0
-409.0
-344.0
-393.0
-414.0
-406.0
-431.0
-406.0
-440.0
-421.0
-360.0
-425.0
-407.0
-376.0
-421.0
-406.0
-411.0
-402.0
-362.0
-411.0
-380.0
-380.0
-438.0
-388.0
-371.0
-383.0
-359.0
-434.0
-402.0
-348.0
-406.0
-376.0
-391.0
-420.0
-369.0
-389.0
-377.0
-357.0
-389.0
-347.0
-379.0
-406.0
-379.0
-414.0
-359.0
-301.0
-314.0
-354.0
-447.0
-460.0
-413.0
-442.0
-429.0
-418.0
-454.0
-397.0
-400.0
-437.0
-416.0
-429.0
-394.0
-392.0
-417.0
-355.0
-362.0
-375.0
-344.0
-372.0
-362.0
-372.0
-413.0
-379.0
-376.0
-378.0
-349.0
-401.0
-380.0
-364.0
-403.0
-328.0
-345.0
-359.0
-289.0
-327.0
-296.0
-270.0
-321.0
-278.0
-287.0
-300.0
-263.0
-335.0
-317.0
-284.0
-325.0
-282.0
-298.0
-286.0
-210.0
-262.0
-259.0
-256.0
-299.0
-270.0
-303.0
-277.0
-222.0
-263.0
-245.0
-200.0
-233.0
-233.0
-269.0
-287.0
-284.0
-335.0
-312.0
-296.0
-324.0
-284.0
-300.0
-290.0
-258.0
-331.0
-301.0
-277.0
-356.0
-345.0
-355.0
-358.0
-333.0
-391.0
-381.0
-367.0
-392.0
-339.0
-367.0
-388.0
-351.0
-398.0
-399.0
-401.0
-402.0
-369.0
-425.0
-404.0
-342.0
-392.0
-380.0
-327.0
-336.0
-307.0
-335.0
-340.0
-281.0
-322.0
-292.0
-287.0
-332.0
-279.0
-319.0
-313.0
-261.0
-315.0
-279.0
-266.0
-328.0
-295.0
-305.0
-297.0
-263.0
-309.0
-309.0
-352.0
-397.0
-367.0
-397.0
-398.0
-370.0
-418.0
-390.0
-388.0
-419.0
-344.0
-357.0
-408.0
-364.0
-385.0
-348.0
-331.0
-397.0
-376.0
-384.0
-403.0
-382.0
-412.0
-404.0
-412.0
-427.0
-356.0
-398.0
-428.0
-407.0
-458.0
-451.0
-477.0
-514.0
-463.0
-476.0
-477.0
-420.0
-456.0
-447.0
-440.0
-467.0
-424.0
-442.0
-463.0
-426.0
-449.0
-383.0
-360.0
-392.0
-322.0
-327.0
-303.0
-248.0
-275.0
-249.0
-259.0
-316.0
-282.0
-315.0
-325.0
-279.0
-307.0
-281.0
-282.0
-310.0
-266.0
-290.0
-295.0
-261.0
-309.0
-318.0
-332.0
-374.0
-328.0
-344.0
-329.0
-295.0
-347.0
-307.0
-268.0
-271.0
-230.0
-265.0
-290.0
-261.0
-286.0
-265.0
-300.0
-325.0
-256.0
-279.0
-285.0
-230.0
-228.0
-177.0
-177.0
-208.0
-169.0
-224.0
-239.0
-176.0
-207.0
-205.0
-192.0
-228.0
-178.0
-206.0
-234.0
-180.0
-185.0
-162.0
-177.0
-225.0
-170.0
-200.0
-232.0
-192.0
-233.0
-228.0
-241.0
-289.0
-258.0
-253.0
-246.0
-212.0
-280.0
-272.0
-246.0
-269.0
-221.0
-257.0
-275.0
-248.0
-275.0
-244.0
-261.0
-338.0
-294.0
-310.0
-315.0
-281.0
-333.0
-313.0
-320.0
-369.0
-340.0
-362.0
-350.0
-284.0
-344.0
-335.0
-304.0
-332.0
-296.0
-321.0
-333.0
-283.0
-271.0
-219.0
-213.0
-274.0
-266.0
-276.0
-293.0
-265.0
-337.0
-312.0
-297.0
-336.0
-284.0
-330.0
-377.0
-338.0
-326.0
-294.0
-312.0
-353.0
-328.0
-381.0
-380.0
-335.0
-355.0
-313.0
-292.0
-275.0
-191.0
-165.0
-86.0
25.0
42.0
121.0
123.0
72.0
138.0
105.0
76.0
102.0
42.0
65.0
56.0
4.0
43.0
8.0
-7.0
25.0
-48.0
-77.0
-84.0
-127.0
-109.0
-133.0
-123.0
-106.0
-142.0
-74.0
-62.0
-125.0
-84.0
-77.0
-75.0
-47.0
-74.0
-49.0
-60.0
-111.0
-78.0
-122.0
-146.0
-125.0
-173.0
-134.0
-130.0
-161.0
-83.0
-97.0
-130.0
-81.0
-97.0
-78.0
-74.0
-114.0
-79.0
-126.0
-128.0
-115.0
-184.0
-144.0
-134.0
-194.0
-177.0
-179.0
-173.0
-184.0
-231.0
-137.0
-109.0
-166.0
-140.0
-185.0
-220.0
-181.0
-225.0
-201.0
-174.0
-198.0
-164.0
-185.0
-187.0
-156.0
-209.0
-180.0
-185.0
-214.0
-164.0
-182.0
-181.0
-173.0
-209.0
-156.0
-162.0
-215.0
-189.0
-208.0
-186.0
-158.0
-216.0
-202.0
-205.0
-203.0
-156.0
-202.0
-213.0
-197.0
-248.0
-218.0
-223.0
-288.0
-247.0
-238.0
-204.0
-142.0
-185.0
-211.0
-242.0
-271.0
-234.0
-262.0
-254.0
-206.0
-256.0
-241.0
-229.0
-260.0
-206.0
-218.0
-251.0
-224.0
-237.0
-229.0
-238.0
-260.0
-225.0
-245.0
-257.0
-229.0
-250.0
-211.0
-192.0
-207.0
-195.0
-237.0
-234.0
-201.0
-257.0
-263.0
-246.0
-246.0
-203.0
-232.0
-216.0
-156.0
-166.0
-138.0
-160.0
-197.0
-152.0
-164.0
-179.0
-161.0
-211.0
-171.0
-181.0
-234.0
-201.0
-251.0
-250.0
-174.0
-204.0
-216.0
-219.0
-259.0
-206.0
-210.0
-194.0
-168.0
-224.0
-190.0
-175.0
-200.0
-134.0
-157.0
-172.0
-136.0
-176.0
-126.0
-120.0
-134.0
-84.0
-109.0
-116.0
-86.0
-144.0
-133.0
-98.0
-103.0
-83.0
-146.0
-148.0
-90.0
-112.0
-74.0
-70.0
-110.0
-68.0
-90.0
-77.0
-66.0
-134.0
-152.0
-165.0
-190.0
-146.0
-179.0
-180.0
-125.0
-148.0
-122.0
-136.0
-178.0
-122.0
-151.0
-149.0
-111.0
-148.0
-102.0
-56.0
-78.0
-48.0
-77.0
-84.0
-34.0
-80.0
-78.0
-90.0
-132.0
-66.0
-87.0
-93.0
-70.0
-130.0
-100.0
-100.0
-130.0
-80.0
-125.0
-90.0
-26.0
-65.0
-32.0
-16.0
-51.0
3.0
-15.0
-7.0
5.0
-102.0
-100.0
-58.0
-81.0
-44.0
-69.0
-102.0
-91.0
-120.0
-68.0
-45.0
-74.0
-58.0
-84.0
-99.0
-108.0
-114.0
-52.0
-67.0
-128.0
-110.0
-112.0
-105.0
-70.0
-136.0
-103.0
-54.0
-65.0
-37.0
-82.0
-97.0
-71.0
-108.0
-119.0
-129.0
-119.0
-78.0
-134.0
-148.0
-98.0
-106.0
-72.0
-69.0
-105.0
-71.0
-108.0
-108.0
-64.0
-102.0
-71.0
-70.0
-131.0
-99.0
-109.0
-92.0
-39.0
-65.0
-49.0
-82.0
-118.0
-84.0
-113.0
-96.0
-73.0
-93.0
-35.0
-32.0
-63.0
-11.0
-32.0
-56.0
-44.0
-65.0
-23.0
-51.0
-96.0
-22.0
-64.0
-102.0
-86.0
-136.0
-93.0
-77.0
-105.0
-42.0
-41.0
-20.0
7.0
-59.0
-18.0
-20.0
-63.0
-8.0
-61.0
-58.0
10.0
-41.0
-48.0
-61.0
-38.0
39.0
-6.0
-27.0
-5.0
-78.0
-64.0
-95.0
-149.0
-94.0
-118.0
-130.0
-91.0
-135.0
-132.0
-153.0
-158.0
-73.0
-98.0
-121.0
-96.0
-164.0
-174.0
-164.0
-163.0
-99.0
-121.0
-124.0
-99.0
-136.0
-105.0
-119.0
-174.0
-133.0
-138.0
-129.0
-105.0
-181.0
-165.0
-171.0
-203.0
-114.0
-120.0
-112.0
-90.0
-146.0
-90.0
-84.0
-131.0
-93.0
-141.0
-152.0
-125.0
-171.0
-141.0
-153.0
-198.0
-159.0
-199.0
-218.0
-163.0
-186.0
-158.0
-164.0
-201.0
-164.0
-212.0
-210.0
-188.0
-250.0
-197.0
-204.0
-225.0
-157.0
-177.0
-167.0
-105.0
-121.0
-84.0
-90.0
-133.0
-79.0
-115.0
-126.0
-121.0
-147.0
-59.0
-8.0
13.0
105.0
114.0
174.0
253.0
228.0
248.0
214.0
139.0
169.0
161.0
163.0
157.0
71.0
73.0
62.0
13.0
35.0
1.0
10.0
44.0
4.0
15.0
-6.0
-16.0
32.0
-24.0
-31.0
-23.0
-49.0
-13.0
-56.0
-123.0
-80.0
-108.0
-129.0
-101.0
-160.0
-118.0
-103.0
-130.0
-98.0
-129.0
-96.0
-24.0
-31.0
102.0
199.0
254.0
408.0
442.0
510.0
601.0
603.0
610.0
616.0
611.0
609.0
562.0
552.0
549.0
462.0
457.0
409.0
337.0
337.0
271.0
275.0
280.0
171.0
155.0
120.0
82.0
94.0
20.0
13.0
28.0
-16.0
3.0
-34.0
-91.0
-69.0
-123.0
-127.0
-91.0
-136.0
-103.0
-107.0
-164.0
-122.0
-147.0
-166.0
-176.0
-218.0
-165.0
-167.0
-167.0
-100.0
-134.0
-170.0
-186.0
-246.0
-236.0
-251.0
-298.0
-289.0
-337.0
-303.0
-248.0
-307.0
-309.0
-316.0
-337.0
-291.0
-328.0
-323.0
-300.0
-369.0
-355.0
-371.0
-386.0
-334.0
-379.0
-379.0
-328.0
-357.0
-317.0
-321.0
-351.0
-315.0
-347.0
-323.0
-285.0
-331.0
-292.0
-295.0
-332.0
-282.0
-288.0
-237.0
-188.0
-237.0
-217.0
-212.0
-209.0
-154.0
-174.0
-161.0
-143.0
-197.0
-166.0
-179.0
-213.0
-125.0
-139.0
-148.0
-133.0
-197.0
-166.0
-185.0
-223.0
-181.0
-224.0
-233.0
-215.0
-265.0
-216.0
-192.0
-213.0
-168.0
-192.0
-166.0
-133.0
-201.0
-198.0
-252.0
-279.0
-208.0
-274.0
-305.0
-274.0
-317.0
-305.0
-327.0
-374.0
-340.0
-343.0
-305.0
-250.0
-271.0
-245.0
-278.0
-329.0
-292.0
-338.0
-365.0
-369.0
-446.0
-410.0
-373.0
-354.0
-277.0
-296.0
-287.0
-269.0
-300.0
-228.0
-260.0
-310.0
-290.0
-344.0
-338.0
-338.0
-395.0
-343.0
-307.0
-293.0
-239.0
-275.0
-271.0
-235.0
-299.0
-303.0
-315.0
-355.0
-337.0
-393.0
-394.0
-374.0
-421.0
-354.0
-311.0
-321.0
-286.0
-320.0
-317.0
-319.0
-380.0
-334.0
-299.0
-282.0
-211.0
-252.0
-291.0
-275.0
-332.0
-304.0
-297.0
-301.0
-235.0
-250.0
-239.0
-192.0
-241.0
-216.0
-229.0
-244.0
-228.0
-276.0
-266.0
-274.0
-337.0
-296.0
-288.0
-331.0
-299.0
-334.0
-342.0
-319.0
-322.0
-246.0
-259.0
-306.0
-255.0
-268.0
-254.0
-243.0
-295.0
-272.0
-276.0
-302.0
-214.0
-154.0
-137.0
-126.0
-176.0
-159.0
-153.0
-167.0
-118.0
-144.0
-126.0
-97.0
-146.0
-139.0
-183.0
-237.0
-222.0
-251.0
-241.0
-219.0
-275.0
-243.0
-219.0
-239.0
-197.0
-204.0
-188.0
-180.0
-219.0
-186.0
-183.0
-206.0
-168.0
-221.0
-233.0
-208.0
-246.0
-211.0
-192.0
-214.0
-186.0
-196.0
-191.0
-168.0
-235.0
-191.0
-169.0
-203.0
-175.0
-175.0
-143.0
-118.0
-140.0
-100.0
-110.0
-149.0
-119.0
-154.0
-120.0
-94.0
-150.0
-116.0
-127.0
-140.0
-84.0
-155.0
-137.0
-106.0
-177.0
-143.0
-129.0
-139.0
-92.0
-91.0
-53.0
-22.0
-69.0
-37.0
-53.0
-82.0
-55.0
-71.0
-76.0
-64.0
-100.0
-55.0
-57.0
-82.0
-38.0
-56.0
-58.0
-37.0
-44.0
11.0
-11.0
-64.0
-26.0
-58.0
-72.0
-44.0
-43.0
29.0
40.0
54.0
131.0
91.0
58.0
46.0
-16.0
14.0
-10.0
-34.0
-1.0
-54.0
-62.0
-56.0
-118.0
-87.0
-77.0
-74.0
6.0
-22.0
-31.0
3.0
-37.0
-29.0
-14.0
-9.0
1.0
-53.0
-25.0
-11.0
-89.0
-45.0
-48.0
-67.0
16.0
2.0
30.0
73.0
26.0
58.0
35.0
-4.0
44.0
40.0
45.0
52.0
-7.0
12.0
8.0
-4.0
35.0
4.0
25.0
50.0
22.0
54.0
22.0
-3.0
59.0
40.0
38.0
48.0
17.0
74.0
68.0
52.0
84.0
61.0
64.0
73.0
10.0
55.0
46.0
-15.0
4.0
-33.0
-21.0
-19.0
-61.0
-47.0
-66.0
-77.0
-43.0
-68.0
-36.0
8.0
-41.0
-14.0
-37.0
-69.0
-6.0
5.0
49.0
69.0
3.0
41.0
45.0
35.0
68.0
37.0
52.0
70.0
24.0
64.0
45.0
22.0
42.0
-27.0
-12.0
8.0
-54.0
13.0
20.0
-26.0
21.0
22.0
60.0
83.0
36.0
53.0
27.0
23.0
58.0
2.0
12.0
25.0
-20.0
21.0
-20.0
-70.0
-41.0
-67.0
-49.0
-15.0
-51.0
-36.0
-58.0
-72.0
-34.0
-91.0
-59.0
-3.0
-49.0
-11.0
12.0
7.0
20.0
-42.0
-27.0
7.0
-51.0
-36.0
-50.0
-86.0
-60.0
-91.0
0.0
0.0
0.0
0.0
0.0
0.0
0.0
0.0
0.0
0.0
0.0
0.0
0.0
0.0
0.0
0.0
0.0
0.0
0.0
0.0
0.0
0.0
0.0
0.0
0.0
0.0
0.0
0.0
0.0
0.0
0.0
0.0
0.0
0.0
0.0
0.0
0.0
0.0
0.0
0.0
0.0
0.0
0.0
0.0
0.0
0.0
0.0
0.0
0.0
0.0
0.0
0.0
0.0
0.0
0.0
0.0
0.0
0.0
0.0
0.0
0.0
0.0
0.0
0.0
0.0
0.0
0.0
0.0
0.0
0.0
0.0
0.0
0.0
0.0
0.0
0.0
0.0
0.0
0.0
0.0
0.0
0.0
0.0
0.0
0.0
0.0
0.0
0.0
0.0
0.0
0.0
0.0
0.0
0.0
0.0
0.0
0.0
0.0
0.0
0.0
0.0
0.0
0.0
0.0
0.0
0.0
0.0
0.0
0.0
0.0
0.0
0.0
0.0
0.0
0.0
0.0
0.0
0.0
0.0
0.0
0.0
0.0
0.0
0.0
0.0
0.0
0.0
0.0
