-37.0
-35.0
-36.0
-5.0
-36.0
-46.0
-24.0
-30.0
-27.0
-17.0
-51.0
-54.0
-35.0
-50.0
-32.0
-21.0
-10.0
-21.0
-15.0
-2.0
-29.0
-49.0
-59.0
-56.0
-39.0
-21.0
-42.0
-30.0
-41.0
-22.0
-15.0
-50.0
-46.0
-16.0
-44.0
-45.0
-61.0
-56.0
-54.0
-70.0
-46.0
-25.0
-39.0
-47.0
-56.0
-55.0
-26.0
-49.0
-54.0
-44.0
-68.0
-45.0
-42.0
-42.0
-17.0
-43.0
-17.0
-11.0
-34.0
-38.0
-37.0
-40.0
-26.0
-56.0
-40.0
-48.0
-67.0
-59.0
-48.0
-52.0
-22.0
-11.0
-6.0
-18.0
-33.0
-7.0
-13.0
-34.0
-15.0
-18.0
-2.0
19.0
2.0
14.0
-17.0
-27.0
-9.0
-7.0
-25.0
-35.0
-13.0
-5.0
-29.0
-23.0
2.0
-27.0
6.0
7.0
-3.0
4.0
-11.0
-11.0
6.0
-18.0
-17.0
-3.0
-27.0
-3.0
2.0
-23.0
-27.0
-40.0
-40.0
-30.0
-5.0
1.0
-16.0
-32.0
-9.0
-26.0
-14.0
1.0
-24.0
-8.0
-32.0
-14.0
5.0
-16.0
-23.0
11.0
5.0
-3.0
-24.0
-6.0
-3.0
-28.0
26.0
5.0
-39.0
-25.0
-52.0
-53.0
-44.0
-52.0
-12.0
-22.0
-48.0
-16.0
-15.0
-7.0
3.0
-21.0
-2.0
8.0
-12.0
16.0
13.0
-15.0
7.0
-1.0
-3.0
-6.0
-27.0
4.0
-7.0
-6.0
4.0
-14.0
-3.0
-23.0
-36.0
-11.0
-19.0
-14.0
1.0
-3.0
32.0
20.0
-6.0
43.0
14.0
6.0
14.0
-14.0
-25.0
-45.0
-44.0
-10.0
-14.0
-6.0
-20.0
-9.0
11.0
3.0
9.0
13.0
-4.0
14.0
8.0
-9.0
-9.0
11.0
-12.0
-4.0
10.0
13.0
27.0
36.0
79.0
115.0
122.0
181.0
192.0
228.0
265.0
261.0
259.0
260.0
260.0
260.0
260.0
259.0
236.0
203.0
209.0
181.0
147.0
114.0
84.0
76.0
61.0
13.0
-34.0
-66.0
-89.0
-99.0
-104.0
-119.0
-96.0
-111.0
-119.0
-107.0
-106.0
-115.0
-144.0
-156.0
-176.0
-182.0
-181.0
-201.0
-213.0
-201.0
-213.0
-208.0
-171.0
-167.0
-145.0
-148.0
-136.0
-137.0
-162.0
-186.0
-198.0
-229.0
-183.0
-203.0
-216.0
-172.0
-173.0
-149.0
-136.0
-144.0
-138.0
-137.0
-153.0
-137.0
-141.0
-167.0
-174.0
-184.0
-187.0
-180.0
-177.0
-150.0
-154.0
-165.0
-165.0
-169.0
-138.0
-143.0
-167.0
-149.0
-167.0
-146.0
-137.0
-157.0
-121.0
-107.0
-126.0
-128.0
-127.0
-135.0
-127.0
-145.0
-150.0
-121.0
-132.0
-121.0
-125.0
-119.0
-111.0
-118.0
-96.0
-107.0
-112.0
-87.0
-105.0
-97.0
-93.0
-134.0
-100.0
-106.0
-116.0
-101.0
-112.0
-111.0
-121.0
-137.0
-106.0
-114.0
-124.0
-90.0
-94.0
-102.0
-107.0
-109.0
-93.0
-110.0
-80.0
-50.0
-64.0
-62.0
-56.0
-90.0
-96.0
-76.0
-51.0
-62.0
-84.0
-99.0
-60.0
-61.0
-78.0
-79.0
-67.0
-71.0
-92.0
-67.0
-48.0
-77.0
-82.0
-55.0
-55.0
-72.0
-65.0
-69.0
-69.0
-68.0
-52.0
-76.0
-66.0
-53.0
-83.0
-76.0
-69.0
-81.0
-72.0
-109.0
-117.0
-80.0
-89.0
-99.0
-77.0
-106.0
-107.0
-120.0
-116.0
-95.0
-121.0
-129.0
-116.0
-124.0
-135.0
-122.0
-134.0
-136.0
-134.0
-128.0
-135.0
-146.0
-129.0
-123.0
-148.0
-100.0
-106.0
-116.0
-100.0
-127.0
-125.0
-117.0
-126.0
-102.0
-101.0
-84.0
-73.0
-93.0
-74.0
-86.0
-106.0
-99.0
-102.0
-120.0
-99.0
-102.0
-98.0
-119.0
-87.0
-54.0
-80.0
-107.0
-93.0
-103.0
-96.0
-79.0
-84.0
-83.0
-103.0
-99.0
-78.0
-90.0
-98.0
-96.0
-96.0
-86.0
-98.0
-105.0
-82.0
-93.0
-79.0
-71.0
-86.0
-88.0
-97.0
-97.0
-89.0
-99.0
-77.0
-56.0
-74.0
-70.0
-83.0
-108.0
-101.0
-97.0
-72.0
-81.0
-83.0
-61.0
-89.0
-91.0
-79.0
-102.0
-99.0
-96.0
-95.0
-77.0
-77.0
-68.0
-77.0
-106.0
-106.0
-106.0
-122.0
-97.0
-108.0
-83.0
-78.0
-112.0
-120.0
-138.0
-157.0
-110.0
-99.0
-101.0
-100.0
-130.0
-133.0
-124.0
-134.0
-126.0
-121.0
-107.0
-72.0
-88.0
-70.0
-76.0
-96.0
-103.0
-137.0
-142.0
-142.0
-178.0
-161.0
-172.0
-186.0
-141.0
-127.0
-112.0
-81.0
-127.0
-111.0
-102.0
-111.0
-126.0
-141.0
-134.0
-144.0
-171.0
-133.0
-118.0
-131.0
-138.0
-104.0
-98.0
-103.0
-135.0
-110.0
-91.0
-89.0
-67.0
-64.0
-74.0
-86.0
-118.0
-121.0
-125.0
-105.0
-107.0
-106.0
-99.0
-97.0
-109.0
-98.0
-91.0
-86.0
-75.0
-105.0
-96.0
-97.0
-108.0
-89.0
-89.0
-111.0
-87.0
-88.0
-82.0
-59.0
-71.0
-69.0
-50.0
-76.0
-71.0
-64.0
-64.0
-55.0
-73.0
-87.0
-69.0
-83.0
-88.0
-88.0
-59.0
-76.0
-91.0
-81.0
-106.0
-111.0
-92.0
-81.0
-60.0
-40.0
-58.0
-67.0
-83.0
-85.0
-60.0
-56.0
-56.0
-71.0
-62.0
-72.0
-80.0
-84.0
-85.0
-99.0
-96.0
-98.0
-103.0
-68.0
-60.0
-65.0
-34.0
-58.0
-72.0
-70.0
-106.0
-90.0
-58.0
-70.0
-62.0
-71.0
-74.0
-65.0
-87.0
-94.0
-69.0
-78.0
-83.0
-84.0
-92.0
-81.0
-105.0
-77.0
-71.0
-99.0
-74.0
-73.0
-78.0
-65.0
-93.0
-80.0
-74.0
-93.0
-62.0
-70.0
-83.0
-85.0
-103.0
-93.0
-96.0
-117.0
-72.0
-83.0
-85.0
-51.0
-69.0
-64.0
-65.0
-93.0
-63.0
-60.0
-58.0
-55.0
-64.0
-60.0
-74.0
-73.0
-41.0
-61.0
-64.0
-52.0
-59.0
-68.0
-74.0
-85.0
-52.0
-61.0
-74.0
-74.0
-67.0
-59.0
-73.0
-68.0
-45.0
-30.0
-32.0
-26.0
-44.0
-34.0
-35.0
-53.0
-38.0
-36.0
-46.0
12.0
-2.0
-12.0
-15.0
-23.0
2.0
-7.0
-5.0
-2.0
-35.0
-6.0
-2.0
-34.0
-9.0
0.0
-3.0
3.0
-22.0
-8.0
20.0
-6.0
-2.0
-11.0
-22.0
-4.0
-17.0
-33.0
-14.0
-6.0
8.0
-3.0
5.0
25.0
19.0
10.0
-20.0
4.0
66.0
40.0
34.0
42.0
23.0
29.0
12.0
4.0
44.0
29.0
11.0
9.0
-3.0
25.0
10.0
-9.0
-5.0
-6.0
10.0
14.0
-3.0
25.0
23.0
1.0
10.0
2.0
-4.0
12.0
-15.0
-17.0
-2.0
-10.0
-8.0
4.0
14.0
7.0
5.0
32.0
11.0
-8.0
-7.0
-11.0
-10.0
11.0
-11.0
-4.0
-23.0
-29.0
-3.0
-4.0
-13.0
8.0
7.0
14.0
3.0
-5.0
4.0
-23.0
-28.0
-31.0
-33.0
-8.0
-16.0
-7.0
21.0
4.0
7.0
25.0
-11.0
-3.0
17.0
0.0
23.0
17.0
21.0
21.0
-6.0
22.0
22.0
27.0
65.0
52.0
51.0
51.0
29.0
22.0
21.0
39.0
35.0
14.0
7.0
-2.0
-6.0
10.0
10.0
12.0
56.0
56.0
51.0
62.0
44.0
40.0
30.0
19.0
63.0
35.0
15.0
29.0
21.0
20.0
23.0
31.0
42.0
15.0
3.0
46.0
40.0
34.0
20.0
4.0
12.0
17.0
40.0
42.0
23.0
34.0
40.0
39.0
45.0
44.0
73.0
83.0
66.0
61.0
50.0
49.0
65.0
49.0
64.0
61.0
31.0
42.0
54.0
44.0
35.0
40.0
68.0
68.0
46.0
59.0
61.0
49.0
46.0
51.0
52.0
39.0
15.0
37.0
34.0
16.0
45.0
37.0
25.0
40.0
32.0
40.0
42.0
37.0
67.0
52.0
72.0
73.0
47.0
27.0
14.0
59.0
56.0
36.0
45.0
64.0
42.0
67.0
73.0
82.0
105.0
89.0
102.0
76.0
53.0
59.0
55.0
45.0
27.0
21.0
37.0
26.0
-5.0
15.0
18.0
7.0
62.0
45.0
39.0
49.0
34.0
50.0
69.0
67.0
58.0
25.0
11.0
44.0
36.0
30.0
21.0
40.0
62.0
46.0
74.0
91.0
73.0
58.0
64.0
43.0
54.0
43.0
39.0
39.0
20.0
68.0
83.0
73.0
95.0
63.0
48.0
58.0
58.0
63.0
42.0
45.0
63.0
56.0
62.0
65.0
74.0
81.0
78.0
73.0
81.0
57.0
53.0
33.0
39.0
61.0
41.0
26.0
70.0
71.0
70.0
69.0
59.0
71.0
59.0
51.0
70.0
71.0
67.0
43.0
34.0
45.0
50.0
36.0
64.0
80.0
80.0
83.0
60.0
65.0
53.0
35.0
59.0
63.0
44.0
48.0
34.0
51.0
50.0
53.0
48.0
37.0
50.0
50.0
20.0
24.0
53.0
55.0
49.0
27.0
35.0
24.0
-4.0
8.0
2.0
3.0
9.0
-11.0
10.0
18.0
-10.0
19.0
27.0
12.0
25.0
4.0
-1.0
28.0
17.0
13.0
11.0
4.0
-3.0
-8.0
11.0
5.0
1.0
6.0
-9.0
-20.0
5.0
8.0
1.0
1.0
0.0
6.0
14.0
3.0
6.0
-6.0
-12.0
15.0
22.0
8.0
8.0
5.0
9.0
-13.0
-27.0
31.0
26.0
7.0
6.0
-2.0
12.0
-17.0
-13.0
27.0
8.0
16.0
12.0
1.0
4.0
14.0
-2.0
-6.0
-14.0
-21.0
-19.0
-22.0
0.0
-12.0
-10.0
-5.0
-20.0
-24.0
-11.0
-12.0
6.0
-17.0
1.0
24.0
39.0
26.0
16.0
-11.0
-20.0
-12.0
-24.0
-18.0
-34.0
-33.0
-21.0
-24.0
-20.0
-32.0
-23.0
-11.0
-26.0
-19.0
-23.0
-54.0
-63.0
-88.0
-77.0
-60.0
-88.0
-90.0
-93.0
-95.0
-71.0
-62.0
-39.0
-36.0
-41.0
-32.0
-34.0
-53.0
-20.0
-10.0
-6.0
-6.0
-33.0
-21.0
-22.0
-25.0
-10.0
-15.0
-5.0
26.0
-4.0
-10.0
-6.0
-21.0
-32.0
-43.0
-42.0
-5.0
-8.0
-28.0
-51.0
-54.0
-58.0
-78.0
-71.0
-33.0
-29.0
-26.0
-15.0
-24.0
-20.0
-40.0
-32.0
-46.0
-67.0
-59.0
-59.0
-53.0
-58.0
-73.0
-74.0
-59.0
-54.0
-19.0
-27.0
-22.0
-5.0
-35.0
-32.0
-22.0
-34.0
-36.0
-23.0
-35.0
-28.0
-31.0
-26.0
-15.0
-35.0
-26.0
-56.0
-42.0
2.0
-12.0
-25.0
-23.0
-37.0
-42.0
-61.0
-53.0
-40.0
-62.0
-60.0
-55.0
-43.0
-41.0
-55.0
-77.0
-59.0
-72.0
-79.0
-64.0
-64.0
-33.0
-31.0
-24.0
-9.0
-21.0
-30.0
-34.0
-45.0
-53.0
-50.0
-41.0
-20.0
-40.0
-26.0
-15.0
-36.0
-42.0
-51.0
-33.0
-23.0
-40.0
-33.0
-17.0
-23.0
-17.0
-31.0
-21.0
-15.0
-18.0
-6.0
-4.0
-18.0
-9.0
-17.0
-31.0
-19.0
-15.0
-32.0
-27.0
-31.0
-25.0
-7.0
-10.0
13.0
3.0
-29.0
-7.0
-25.0
-4.0
-1.0
-14.0
-11.0
-26.0
-30.0
1.0
-22.0
-23.0
-18.0
-41.0
-40.0
-59.0
-49.0
-29.0
-39.0
-28.0
-21.0
-45.0
-37.0
-78.0
-63.0
-36.0
-69.0
-34.0
-31.0
-44.0
-44.0
-31.0
-30.0
-26.0
-55.0
-61.0
-45.0
-51.0
-33.0
-49.0
-58.0
-39.0
-30.0
-20.0
-16.0
-17.0
-19.0
-34.0
-45.0
-38.0
-42.0
-28.0
-49.0
-64.0
-29.0
-23.0
-34.0
0.0
-15.0
-10.0
-7.0
-31.0
-20.0
-26.0
-29.0
-11.0
-36.0
-3.0
-3.0
-31.0
-31.0
-44.0
-60.0
-26.0
25.0
36.0
36.0
7.0
4.0
-23.0
-25.0
16.0
22.0
14.0
13.0
2.0
6.0
-23.0
-34.0
-35.0
-32.0
-12.0
-20.0
-25.0
3.0
-24.0
-18.0
-10.0
-12.0
-3.0
-6.0
-19.0
11.0
10.0
-14.0
-3.0
-25.0
-28.0
-2.0
-1.0
12.0
-15.0
-30.0
11.0
-1.0
33.0
33.0
17.0
15.0
3.0
3.0
19.0
7.0
15.0
7.0
0.0
14.0
11.0
30.0
32.0
2.0
18.0
35.0
16.0
31.0
20.0
12.0
27.0
2.0
39.0
42.0
24.0
22.0
8.0
-2.0
4.0
6.0
34.0
5.0
15.0
46.0
39.0
42.0
46.0
22.0
38.0
10.0
13.0
15.0
-10.0
-14.0
3.0
31.0
23.0
0.0
-2.0
5.0
2.0
40.0
70.0
71.0
126.0
177.0
225.0
269.0
260.0
258.0
260.0
259.0
260.0
260.0
260.0
257.0
243.0
229.0
214.0
192.0
200.0
170.0
136.0
136.0
119.0
104.0
97.0
76.0
110.0
111.0
77.0
60.0
40.0
20.0
8.0
-6.0
1.0
-6.0
-17.0
16.0
2.0
4.0
-1.0
-25.0
-16.0
-33.0
-71.0
-70.0
-80.0
-80.0
-72.0
-90.0
-82.0
-88.0
-109.0
-111.0
-127.0
-113.0
-114.0
-149.0
-120.0
-121.0
-144.0
-141.0
-153.0
-167.0
-180.0
-177.0
-155.0
-195.0
-167.0
-149.0
-166.0
-156.0
-148.0
-150.0
-126.0
-153.0
-154.0
-129.0
-151.0
-155.0
-152.0
-168.0
-165.0
-184.0
-182.0
-153.0
-176.0
-169.0
-146.0
-183.0
-146.0
-118.0
-152.0
-153.0
-150.0
-140.0
-143.0
-169.0
-150.0
-171.0
-187.0
-164.0
-148.0
-146.0
-144.0
-140.0
-105.0
-124.0
-148.0
-142.0
-149.0
-162.0
-155.0
-138.0
-124.0
-139.0
-155.0
-142.0
-175.0
-169.0
-147.0
-163.0
-158.0
-166.0
-152.0
-138.0
-162.0
-142.0
-142.0
-151.0
-135.0
-140.0
-151.0
-154.0
-147.0
-135.0
-115.0
-147.0
-137.0
-133.0
-139.0
-129.0
-124.0
-124.0
-126.0
-124.0
-106.0
-115.0
-119.0
-106.0
-130.0
-109.0
-91.0
-107.0
-70.0
-91.0
-107.0
-73.0
-105.0
-117.0
-103.0
-122.0
-98.0
-106.0
-109.0
-99.0
-107.0
-101.0
-108.0
-133.0
-101.0
-84.0
-99.0
-83.0
-93.0
-95.0
-117.0
-105.0
-109.0
-96.0
-95.0
-94.0
-100.0
-100.0
-89.0
-89.0
-74.0
-88.0
-108.0
-93.0
-100.0
-102.0
-99.0
-101.0
-88.0
-79.0
-102.0
-87.0
-91.0
-93.0
-80.0
-93.0
-80.0
-86.0
-82.0
-64.0
-73.0
-78.0
-49.0
-71.0
-89.0
-74.0
-79.0
-77.0
-76.0
-73.0
-56.0
-65.0
-70.0
-71.0
-101.0
-88.0
-106.0
-105.0
-96.0
-107.0
-96.0
-103.0
-97.0
-79.0
-83.0
-97.0
-108.0
-119.0
-112.0
-119.0
-98.0
-76.0
-84.0
-90.0
-93.0
-109.0
-106.0
-128.0
-115.0
-102.0
-112.0
-106.0
-94.0
-107.0
-101.0
-87.0
-95.0
-80.0
-71.0
-98.0
-100.0
-101.0
-97.0
-98.0
-84.0
-73.0
-108.0
-117.0
-112.0
-130.0
-110.0
-122.0
-126.0
-97.0
-124.0
-137.0
-112.0
-128.0
-122.0
-116.0
-116.0
-104.0
-120.0
-127.0
-125.0
-124.0
-124.0
-135.0
-125.0
-116.0
-149.0
-124.0
-90.0
-117.0
-97.0
-88.0
-112.0
-99.0
-122.0
-121.0
-104.0
-121.0
-101.0
-81.0
-91.0
-93.0
-129.0
-114.0
-116.0
-140.0
-115.0
-133.0
-142.0
-125.0
-125.0
-104.0
-91.0
-116.0
-87.0
-94.0
-105.0
-98.0
-109.0
-114.0
-113.0
-117.0
-96.0
-110.0
-112.0
-87.0
-95.0
-107.0
-93.0
-120.0
-108.0
-82.0
-98.0
-67.0
-83.0
-93.0
-79.0
-84.0
-37.0
-37.0
-58.0
-54.0
-65.0
-52.0
-57.0
-103.0
-79.0
-98.0
-119.0
-97.0
-107.0
-87.0
-53.0
-59.0
-68.0
-69.0
-63.0
-41.0
-87.0
-95.0
-103.0
-135.0
-102.0
-98.0
-108.0
-79.0
-77.0
-80.0
-73.0
-84.0
-66.0
-74.0
-98.0
-53.0
-78.0
-101.0
-108.0
-127.0
-112.0
-117.0
-128.0
-87.0
-93.0
-92.0
-105.0
-144.0
-129.0
-119.0
-138.0
-129.0
-117.0
-123.0
-106.0
-112.0
-86.0
-83.0
-95.0
-92.0
-83.0
-71.0
-86.0
-114.0
-97.0
-106.0
-112.0
-111.0
-89.0
-55.0
-55.0
-98.0
-93.0
-97.0
-115.0
-115.0
-92.0
-75.0
-82.0
-73.0
-55.0
-69.0
-70.0
-51.0
-49.0
-58.0
-56.0
-73.0
-45.0
-65.0
-60.0
-60.0
-102.0
-83.0
-91.0
-86.0
-70.0
-95.0
-119.0
-115.0
-98.0
-108.0
-99.0
-86.0
-63.0
-63.0
-84.0
-86.0
-77.0
-50.0
-53.0
-81.0
-52.0
-48.0
-70.0
-67.0
-90.0
-47.0
-50.0
-75.0
-53.0
-47.0
-61.0
-59.0
-59.0
-61.0
-39.0
-63.0
-52.0
-35.0
-22.0
-13.0
-41.0
-46.0
-43.0
-53.0
-31.0
-57.0
-59.0
-50.0
-73.0
-50.0
-36.0
-57.0
-34.0
-40.0
-18.0
-20.0
-50.0
-52.0
-59.0
-76.0
-62.0
-63.0
-43.0
-25.0
-48.0
-68.0
-52.0
-72.0
-67.0
-39.0
-51.0
-42.0
-46.0
-36.0
-21.0
-39.0
-41.0
-78.0
-79.0
-33.0
-55.0
-64.0
-36.0
-43.0
-33.0
-31.0
-62.0
-7.0
-4.0
-23.0
-27.0
-41.0
-38.0
-51.0
-55.0
-40.0
-51.0
-51.0
-46.0
-53.0
-39.0
-40.0
-52.0
-28.0
-48.0
-36.0
-42.0
-68.0
-59.0
-67.0
-52.0
-27.0
-44.0
-42.0
-28.0
-41.0
-29.0
-26.0
-16.0
-7.0
-29.0
-37.0
-35.0
-52.0
-25.0
-19.0
-31.0
-33.0
-45.0
-45.0
-48.0
-42.0
-37.0
-45.0
-46.0
-39.0
-43.0
-15.0
-6.0
-4.0
-6.0
3.0
0.0
-7.0
-15.0
-24.0
-16.0
-14.0
8.0
-11.0
-12.0
7.0
-10.0
-15.0
-14.0
-12.0
-2.0
-18.0
-13.0
7.0
-20.0
-52.0
-39.0
-31.0
-14.0
-2.0
3.0
8.0
-35.0
-12.0
15.0
14.0
43.0
40.0
8.0
4.0
-11.0
-12.0
-18.0
-41.0
-26.0
-13.0
10.0
18.0
17.0
29.0
46.0
26.0
8.0
-7.0
-44.0
-33.0
-34.0
-31.0
8.0
0.0
14.0
31.0
15.0
19.0
15.0
22.0
5.0
-5.0
16.0
6.0
-18.0
-3.0
-4.0
-3.0
10.0
7.0
7.0
32.0
29.0
36.0
16.0
5.0
-11.0
-37.0
-33.0
-47.0
-35.0
-15.0
-32.0
-16.0
3.0
-14.0
13.0
-1.0
5.0
11.0
-43.0
-63.0
-64.0
-69.0
-49.0
-59.0
-52.0
-17.0
-27.0
-21.0
-23.0
-45.0
-37.0
-61.0
-39.0
-20.0
-41.0
-27.0
-21.0
-19.0
2.0
8.0
6.0
25.0
16.0
17.0
24.0
-1.0
-5.0
-10.0
6.0
8.0
-20.0
-16.0
24.0
12.0
34.0
34.0
55.0
90.0
63.0
57.0
54.0
36.0
26.0
19.0
22.0
43.0
40.0
43.0
48.0
34.0
68.0
62.0
53.0
62.0
44.0
43.0
26.0
18.0
48.0
41.0
53.0
69.0
59.0
40.0
58.0
71.0
72.0
60.0
33.0
41.0
31.0
25.0
28.0
45.0
56.0
48.0
38.0
54.0
45.0
40.0
36.0
8.0
35.0
35.0
39.0
44.0
40.0
39.0
39.0
27.0
59.0
59.0
50.0
62.0
67.0
69.0
56.0
47.0
59.0
44.0
34.0
49.0
32.0
23.0
18.0
30.0
53.0
52.0
41.0
40.0
19.0
13.0
32.0
7.0
14.0
4.0
1.0
19.0
-5.0
4.0
5.0
-6.0
14.0
5.0
-2.0
22.0
4.0
-20.0
0.0
14.0
0.0
-14.0
-12.0
-6.0
-21.0
-29.0
-6.0
-7.0
1.0
3.0
-12.0
-10.0
-22.0
-8.0
10.0
26.0
41.0
41.0
41.0
31.0
4.0
-1.0
-6.0
-3.0
-12.0
-26.0
-11.0
1.0
1.0
20.0
22.0
8.0
51.0
41.0
25.0
49.0
38.0
22.0
9.0
-18.0
-15.0
-29.0
-10.0
33.0
15.0
35.0
44.0
39.0
59.0
41.0
31.0
33.0
6.0
30.0
27.0
0.0
8.0
-9.0
-15.0
-7.0
-29.0
-4.0
39.0
26.0
46.0
68.0
53.0
58.0
52.0
50.0
30.0
29.0
40.0
23.0
4.0
15.0
-4.0
-5.0
12.0
-7.0
12.0
12.0
13.0
40.0
40.0
32.0
21.0
4.0
4.0
-6.0
-6.0
11.0
-7.0
-16.0
6.0
-20.0
-9.0
-2.0
-21.0
-10.0
-7.0
-4.0
-2.0
3.0
7.0
-4.0
-12.0
-4.0
-12.0
-18.0
-25.0
-50.0
-26.0
-23.0
-26.0
-25.0
-45.0
-50.0
-41.0
-26.0
-4.0
-8.0
-8.0
8.0
-14.0
-49.0
-29.0
-44.0
-51.0
-60.0
-61.0
-44.0
-75.0
-75.0
-40.0
-74.0
-69.0
-57.0
-55.0
-36.0
-42.0
-36.0
-45.0
-73.0
-42.0
-51.0
-64.0
-30.0
-45.0
-56.0
-40.0
-62.0
-46.0
-49.0
-75.0
-55.0
-51.0
-38.0
-16.0
-29.0
-10.0
13.0
4.0
-3.0
-29.0
-27.0
-25.0
-49.0
-40.0
-7.0
-16.0
-18.0
-35.0
-21.0
-15.0
-49.0
-43.0
-7.0
-3.0
-11.0
-23.0
-8.0
-7.0
-26.0
-27.0
-40.0
-42.0
-4.0
-18.0
-23.0
-28.0
-26.0
-10.0
-26.0
-62.0
-22.0
-21.0
-40.0
-36.0
-47.0
-35.0
-53.0
-73.0
-44.0
-38.0
-33.0
-11.0
-12.0
-6.0
-23.0
-29.0
-26.0
-30.0
-33.0
-25.0
-26.0
-21.0
-26.0
-32.0
-41.0
-50.0
-37.0
-22.0
-37.0
-30.0
-19.0
-32.0
-30.0
-37.0
-29.0
-28.0
-59.0
-55.0
-36.0
-43.0
-40.0
-61.0
-60.0
-52.0
-57.0
-34.0
-45.0
-43.0
-33.0
-59.0
-59.0
-37.0
-41.0
-41.0
-61.0
-60.0
-55.0
-84.0
-82.0
-74.0
-80.0
-51.0
-62.0
-95.0
-62.0
-60.0
-48.0
-39.0
-49.0
-42.0
-67.0
-80.0
-66.0
-110.0
-76.0
-51.0
-88.0
-77.0
-73.0
-86.0
-69.0
-99.0
-80.0
-54.0
-77.0
-65.0
-54.0
-61.0
-54.0
-62.0
-74.0
-36.0
-60.0
-52.0
-46.0
-67.0
-41.0
-59.0
-67.0
-47.0
-63.0
-58.0
-57.0
-68.0
-59.0
-72.0
-68.0
-51.0
-59.0
-45.0
-47.0
-65.0
-50.0
-64.0
-51.0
-38.0
-59.0
-70.0
-51.0
-49.0
-23.0
-20.0
-27.0
-27.0
-65.0
-36.0
-33.0
-62.0
-59.0
-66.0
-61.0
-74.0
-86.0
-33.0
-30.0
-52.0
-32.0
-53.0
-53.0
-51.0
-81.0
-42.0
-45.0
-43.0
-20.0
-34.0
-36.0
-40.0
-60.0
-37.0
-5.0
-30.0
-31.0
-33.0
-35.0
-37.0
-48.0
-22.0
-36.0
-35.0
-13.0
-27.0
-29.0
-17.0
-28.0
-27.0
-35.0
-21.0
-10.0
-31.0
-5.0
10.0
-23.0
-36.0
-60.0
-43.0
-38.0
-56.0
-46.0
-30.0
-47.0
-44.0
-30.0
-31.0
-20.0
-31.0
-49.0
-65.0
-38.0
-33.0
-23.0
-21.0
-13.0
-34.0
-37.0
-34.0
-28.0
-21.0
-35.0
-46.0
-5.0
-23.0
-29.0
-8.0
-8.0
-11.0
-8.0
-16.0
5.0
3.0
-14.0
-7.0
-24.0
-9.0
-15.0
-34.0
-15.0
-9.0
-9.0
-2.0
-2.0
10.0
10.0
-6.0
21.0
18.0
10.0
15.0
13.0
18.0
18.0
13.0
10.0
-1.0
5.0
7.0
-15.0
-7.0
29.0
30.0
26.0
18.0
29.0
40.0
11.0
9.0
14.0
42.0
61.0
36.0
43.0
61.0
62.0
58.0
56.0
39.0
54.0
65.0
65.0
64.0
48.0
64.0
48.0
30.0
64.0
53.0
53.0
66.0
44.0
52.0
76.0
60.0
83.0
72.0
80.0
88.0
74.0
68.0
42.0
53.0
67.0
42.0
39.0
43.0
29.0
40.0
34.0
61.0
77.0
74.0
67.0
66.0
84.0
95.0
86.0
83.0
79.0
48.0
45.0
34.0
40.0
84.0
72.0
47.0
61.0
34.0
34.0
39.0
52.0
67.0
48.0
43.0
51.0
27.0
53.0
87.0
52.0
42.0
37.0
28.0
39.0
36.0
23.0
13.0
6.0
14.0
10.0
17.0
58.0
56.0
39.0
48.0
32.0
9.0
14.0
21.0
9.0
0.0
-1.0
-12.0
-18.0
1.0
5.0
-5.0
14.0
-7.0
-5.0
-3.0
-4.0
7.0
5.0
-10.0
9.0
17.0
5.0
1.0
-6.0
25.0
23.0
-3.0
27.0
22.0
33.0
32.0
12.0
7.0
32.0
33.0
33.0
12.0
36.0
44.0
21.0
21.0
22.0
13.0
40.0
37.0
31.0
48.0
47.0
49.0
32.0
16.0
31.0
46.0
47.0
34.0
14.0
45.0
27.0
18.0
50.0
30.0
46.0
42.0
30.0
34.0
52.0
69.0
55.0
26.0
18.0
29.0
44.0
44.0
51.0
54.0
62.0
51.0
77.0
64.0
54.0
48.0
20.0
4.0
18.0
-10.0
11.0
53.0
43.0
56.0
60.0
70.0
75.0
58.0
65.0
48.0
24.0
35.0
29.0
24.0
52.0
33.0
27.0
42.0
44.0
59.0
60.0
68.0
43.0
6.0
-5.0
-2.0
-12.0
12.0
9.0
14.0
30.0
10.0
4.0
12.0
-6.0
17.0
13.0
-3.0
-4.0
-17.0
-9.0
-15.0
-45.0
-36.0
-33.0
-58.0
-34.0
-10.0
-10.0
1.0
-4.0
-2.0
-14.0
-28.0
-44.0
-46.0
-18.0
-17.0
-34.0
-12.0
-37.0
-54.0
-45.0
-41.0
-30.0
-7.0
-19.0
-7.0
-15.0
-39.0
-26.0
-54.0
-45.0
-28.0
-26.0
7.0
11.0
1.0
8.0
-14.0
4.0
5.0
-16.0
4.0
-6.0
-5.0
10.0
0.0
31.0
23.0
-5.0
3.0
14.0
6.0
22.0
42.0
39.0
40.0
34.0
31.0
28.0
5.0
34.0
25.0
14.0
23.0
-3.0
10.0
6.0
-13.0
32.0
22.0
21.0
32.0
8.0
2.0
7.0
4.0
-11.0
-6.0
-2.0
-27.0
-48.0
-40.0
-32.0
-34.0
-25.0
-21.0
-11.0
-24.0
-43.0
-4.0
-19.0
-30.0
-12.0
-7.0
-5.0
-9.0
-3.0
-8.0
-4.0
-9.0
-14.0
-33.0
-13.0
-11.0
-39.0
5.0
-3.0
-26.0
-6.0
-25.0
-24.0
-5.0
-29.0
-4.0
-7.0
-25.0
-17.0
-17.0
-5.0
-32.0
-30.0
-21.0
-53.0
-38.0
-19.0
-51.0
-45.0
-43.0
-49.0
-33.0
-45.0
-54.0
-39.0
-42.0
-32.0
-52.0
-60.0
-44.0
-67.0
-47.0
-42.0
-54.0
-40.0
-45.0
-64.0
-52.0
-65.0
-74.0
-59.0
-79.0
-58.0
-50.0
-84.0
-76.0
-89.0
-108.0
-76.0
-81.0
-73.0
-60.0
-58.0
-42.0
-59.0
-49.0
-26.0
-51.0
-58.0
-69.0
-80.0
-81.0
-103.0
-91.0
-74.0
-74.0
-74.0
-49.0
-45.0
-35.0
-42.0
-35.0
-23.0
-40.0
-38.0
-43.0
-37.0
-33.0
-62.0
-68.0
-48.0
-81.0
-80.0
-66.0
-40.0
-18.0
-15.0
-6.0
11.0
-23.0
-24.0
7.0
-25.0
-40.0
-48.0
-51.0
-39.0
-46.0
-36.0
-25.0
-54.0
-25.0
-15.0
-40.0
-28.0
-39.0
-34.0
-5.0
-11.0
1.0
-1.0
-17.0
4.0
-23.0
-15.0
-10.0
-47.0
-45.0
-41.0
-46.0
-41.0
-49.0
-25.0
-20.0
-30.0
-12.0
-12.0
-4.0
3.0
-33.0
-41.0
-49.0
-53.0
-49.0
-54.0
-49.0
-49.0
-56.0
-60.0
-71.0
-69.0
-10.0
-26.0
-40.0
-21.0
-52.0
-67.0
-39.0
-42.0
-29.0
-39.0
-18.0
-1.0
-24.0
-16.0
-2.0
-1.0
-1.0
-11.0
-22.0
-31.0
-57.0
-55.0
-43.0
-65.0
-56.0
-58.0
-58.0
-53.0
-43.0
-39.0
-56.0
-57.0
-16.0
-36.0
-45.0
-32.0
-55.0
-53.0
-40.0
-56.0
-51.0
-63.0
-67.0
-77.0
-96.0
-40.0
-20.0
-40.0
-23.0
-35.0
-37.0
-25.0
-48.0
-21.0
-12.0
-35.0
8.0
-7.0
-26.0
-37.0
-31.0
-30.0
-40.0
-57.0
-45.0
-43.0
-21.0
30.0
19.0
12.0
-4.0
-41.0
8.0
23.0
-12.0
1.0
-13.0
-10.0
12.0
-9.0
5.0
-16.0
-13.0
15.0
1.0
1.0
-13.0
-25.0
-24.0
-16.0
-6.0
20.0
13.0
15.0
7.0
-4.0
4.0
13.0
-4.0
21.0
16.0
-4.0
-17.0
-40.0
5.0
2.0
-27.0
-8.0
-35.0
-42.0
-36.0
-1.0
19.0
-22.0
-13.0
10.0
6.0
17.0
11.0
13.0
20.0
13.0
23.0
24.0
-2.0
1.0
-9.0
-28.0
-10.0
-21.0
-26.0
13.0
6.0
3.0
23.0
26.0
17.0
11.0
15.0
8.0
-15.0
-27.0
-8.0
-16.0
7.0
-14.0
-34.0
-19.0
-33.0
3.0
7.0
7.0
29.0
9.0
-7.0
-3.0
1.0
-7.0
-15.0
-35.0
-27.0
-49.0
-24.0
3.0
-16.0
-5.0
8.0
-4.0
4.0
24.0
33.0
40.0
30.0
39.0
43.0
25.0
17.0
21.0
21.0
21.0
6.0
14.0
-7.0
13.0
22.0
11.0
23.0
20.0
3.0
3.0
33.0
44.0
38.0
17.0
22.0
53.0
36.0
13.0
28.0
33.0
24.0
11.0
11.0
26.0
25.0
9.0
18.0
14.0
33.0
17.0
29.0
56.0
11.0
25.0
29.0
5.0
13.0
18.0
16.0
33.0
27.0
40.0
39.0
25.0
61.0
46.0
27.0
23.0
-24.0
16.0
42.0
12.0
34.0
51.0
73.0
99.0
64.0
73.0
65.0
39.0
52.0
47.0
22.0
36.0
33.0
69.0
79.0
78.0
77.0
81.0
81.0
94.0
63.0
62.0
41.0
0.0
15.0
51.0
23.0
26.0
17.0
32.0
42.0
23.0
51.0
46.0
38.0
34.0
11.0
35.0
64.0
36.0
32.0
13.0
12.0
21.0
-18.0
14.0
41.0
26.0
45.0
40.0
27.0
20.0
24.0
20.0
15.0
6.0
19.0
-21.0
-4.0
7.0
-14.0
-1.0
19.0
7.0
11.0
8.0
5.0
40.0
24.0
11.0
7.0
2.0
12.0
-4.0
-15.0
-6.0
-21.0
-18.0
-30.0
-36.0
-6.0
-25.0
-24.0
-7.0
-31.0
-15.0
-9.0
-17.0
25.0
25.0
13.0
16.0
3.0
8.0
15.0
33.0
51.0
41.0
24.0
21.0
-2.0
-18.0
-13.0
-11.0
11.0
5.0
16.0
33.0
30.0
23.0
41.0
32.0
41.0
38.0
34.0
57.0
39.0
27.0
48.0
34.0
37.0
22.0
23.0
37.0
22.0
38.0
39.0
5.0
27.0
30.0
18.0
35.0
14.0
6.0
16.0
3.0
24.0
41.0
33.0
47.0
23.0
36.0
21.0
-14.0
7.0
37.0
50.0
63.0
49.0
60.0
54.0
20.0
71.0
50.0
27.0
39.0
18.0
9.0
12.0
20.0
56.0
44.0
31.0
58.0
59.0
46.0
45.0
46.0
45.0
24.0
16.0
25.0
9.0
-2.0
6.0
23.0
25.0
12.0
0.0
-8.0
-1.0
20.0
12.0
4.0
3.0
-18.0
-1.0
4.0
-19.0
-2.0
7.0
-12.0
8.0
13.0
15.0
36.0
11.0
33.0
48.0
34.0
37.0
26.0
13.0
26.0
14.0
8.0
16.0
-3.0
18.0
35.0
3.0
20.0
4.0
-12.0
-25.0
-32.0
-22.0
-35.0
-33.0
-24.0
-35.0
-29.0
-47.0
-41.0
6.0
-23.0
-33.0
-17.0
-37.0
-35.0
-23.0
-39.0
-6.0
-15.0
-14.0
-4.0
-53.0
-45.0
-30.0
-42.0
-26.0
-45.0
-56.0
-25.0
-50.0
-57.0
-64.0
-69.0
-63.0
-65.0
-58.0
-36.0
-40.0
-40.0
-34.0
-46.0
-29.0
-41.0
-53.0
-31.0
-22.0
-15.0
-16.0
-37.0
-29.0
-44.0
-31.0
13.0
-4.0
4.0
5.0
-23.0
11.0
10.0
-13.0
-13.0
-51.0
-46.0
-41.0
-54.0
-45.0
-48.0
-13.0
18.0
-2.0
7.0
10.0
-5.0
-23.0
-34.0
-27.0
-36.0
-64.0
-70.0
-64.0
-56.0
-39.0
-50.0
-29.0
-26.0
-50.0
-51.0
-61.0
-88.0
-74.0
-64.0
-76.0
-62.0
-84.0
-59.0
-41.0
-58.0
-31.0
-33.0
-31.0
-33.0
-28.0
-26.0
-36.0
-56.0
-49.0
-50.0
-66.0
-76.0
-74.0
-68.0
-62.0
-66.0
-50.0
-41.0
-62.0
-55.0
-61.0
-73.0
-58.0
-51.0
-42.0
-64.0
-74.0
-56.0
-76.0
-59.0
-46.0
-54.0
-46.0
-54.0
-31.0
-18.0
-44.0
-33.0
-36.0
-68.0
-52.0
-61.0
-53.0
-50.0
-60.0
-32.0
-20.0
-23.0
-35.0
-25.0
-29.0
-14.0
-17.0
-24.0
-41.0
-53.0
-9.0
-21.0
-32.0
-32.0
-47.0
-33.0
-30.0
-42.0
1.0
-8.0
-14.0
-4.0
-18.0
-18.0
-41.0
-44.0
-48.0
-56.0
-51.0
-23.0
-38.0
-41.0
-9.0
-15.0
-12.0
-24.0
-41.0
-54.0
-29.0
-28.0
-17.0
-27.0
1.0
7.0
-16.0
6.0
-7.0
-30.0
-32.0
-39.0
-34.0
-52.0
-76.0
-60.0
-49.0
-31.0
-18.0
-14.0
-2.0
-10.0
6.0
-2.0
-39.0
-4.0
-15.0
-37.0
-10.0
-23.0
-37.0
-17.0
-6.0
-2.0
-9.0
-21.0
-24.0
-49.0
-74.0
-43.0
-48.0
-51.0
-53.0
-53.0
-46.0
-67.0
-44.0
-21.0
-38.0
-45.0
-39.0
-66.0
-58.0
-83.0
-72.0
-41.0
-55.0
-45.0
-19.0
-35.0
-40.0
-41.0
-32.0
-45.0
-70.0
-63.0
-60.0
-63.0
-45.0
-30.0
-27.0
-8.0
-13.0
4.0
-8.0
-31.0
5.0
-30.0
-42.0
-30.0
-39.0
-29.0
-31.0
-8.0
-2.0
-34.0
-27.0
-14.0
-58.0
1.0
5.0
-26.0
-13.0
-34.0
-36.0
2.0
0.0
-11.0
-2.0
-21.0
-16.0
-8.0
-7.0
18.0
-1.0
3.0
20.0
-6.0
-7.0
-4.0
-19.0
-37.0
-23.0
-15.0
-30.0
-43.0
-12.0
-3.0
4.0
-5.0
-21.0
22.0
5.0
-22.0
-2.0
3.0
6.0
10.0
-45.0
-40.0
-25.0
-33.0
-19.0
-20.0
2.0
8.0
-12.0
15.0
37.0
10.0
22.0
-6.0
-13.0
-7.0
-45.0
-23.0
-33.0
-71.0
-55.0
-62.0
-61.0
-27.0
-30.0
-26.0
-9.0
-6.0
22.0
11.0
23.0
38.0
16.0
29.0
36.0
-10.0
25.0
32.0
17.0
33.0
22.0
33.0
17.0
19.0
29.0
20.0
9.0
9.0
-10.0
-12.0
21.0
8.0
13.0
11.0
4.0
13.0
10.0
36.0
25.0
-4.0
5.0
0.0
-3.0
14.0
-2.0
-9.0
-6.0
5.0
22.0
21.0
35.0
34.0
18.0
44.0
26.0
-10.0
-6.0
-34.0
-40.0
14.0
3.0
-3.0
-6.0
-2.0
23.0
8.0
14.0
44.0
20.0
12.0
10.0
-16.0
-22.0
-14.0
-27.0
-21.0
-35.0
-23.0
-21.0
-10.0
30.0
16.0
11.0
25.0
14.0
19.0
45.0
30.0
27.0
26.0
14.0
24.0
10.0
43.0
42.0
12.0
12.0
-1.0
-33.0
-41.0
-44.0
-45.0
-27.0
-40.0
-32.0
-39.0
-32.0
-8.0
-15.0
-2.0
-20.0
-31.0
-6.0
-29.0
-30.0
-1.0
-32.0
-18.0
-10.0
-48.0
-21.0
-28.0
-27.0
-30.0
-20.0
-14.0
12.0
17.0
16.0
2.0
-13.0
-5.0
-11.0
7.0
2.0
-11.0
-3.0
-13.0
-10.0
-1.0
-31.0
-1.0
-17.0
-33.0
8.0
-10.0
-27.0
3.0
-17.0
-21.0
-11.0
-15.0
5.0
-18.0
-18.0
-2.0
-13.0
-7.0
-10.0
-43.0
-22.0
-23.0
-24.0
-10.0
-17.0
-12.0
-21.0
-6.0
-2.0
-25.0
-32.0
-24.0
-29.0
-26.0
-27.0
-24.0
-12.0
-25.0
-34.0
-17.0
-5.0
-6.0
-10.0
-30.0
-14.0
-37.0
-49.0
-49.0
-64.0
-55.0
-37.0
-15.0
-21.0
-50.0
-32.0
-22.0
-39.0
-14.0
-23.0
-20.0
-13.0
-26.0
-42.0
-27.0
-18.0
-26.0
-17.0
-30.0
-26.0
-40.0
-25.0
-10.0
-33.0
-41.0
-50.0
-32.0
-18.0
-43.0
-56.0
-51.0
-44.0
-3.0
6.0
-15.0
-1.0
-6.0
-25.0
-43.0
-46.0
-44.0
-56.0
-68.0
-56.0
-67.0
-70.0
-42.0
-30.0
-24.0
-27.0
-43.0
-30.0
-58.0
-39.0
-17.0
-47.0
-29.0
-31.0
-67.0
-56.0
-33.0
-51.0
-55.0
-65.0
-55.0
-47.0
-46.0
-34.0
-43.0
-60.0
-44.0
-34.0
-32.0
-36.0
-61.0
-31.0
6.0
-27.0
-33.0
-43.0
-30.0
-30.0
-50.0
-18.0
-26.0
-35.0
-37.0
-43.0
-40.0
-61.0
-55.0
-40.0
-57.0
-48.0
-30.0
-52.0
-46.0
-40.0
-63.0
-40.0
-52.0
-72.0
-87.0
-85.0
-58.0
-66.0
-88.0
-77.0
-70.0
-60.0
-45.0
-43.0
-50.0
-39.0
-55.0
-63.0
-85.0
-65.0
-61.0
-76.0
-62.0
-65.0
-73.0
-60.0
-60.0
-79.0
-41.0
-43.0
-47.0
-35.0
-10.0
13.0
10.0
54.0
101.0
122.0
192.0
240.0
236.0
262.0
263.0
259.0
261.0
260.0
252.0
247.0
202.0
208.0
213.0
189.0
176.0
135.0
114.0
91.0
60.0
64.0
44.0
32.0
37.0
6.0
-2.0
-13.0
-43.0
-52.0
-61.0
-86.0
-75.0
-87.0
-92.0
-80.0
-100.0
-99.0
-92.0
-110.0
-128.0
-152.0
-166.0
-176.0
-188.0
-169.0
-179.0
-155.0
-135.0
-154.0
-157.0
-166.0
-156.0
-152.0
-181.0
-164.0
-167.0
-192.0
-174.0
-170.0
-183.0
-169.0
-177.0
-171.0
-162.0
-178.0
-158.0
-156.0
-166.0
-161.0
-146.0
-135.0
-142.0
-164.0
-158.0
-158.0
-158.0
-106.0
-129.0
-140.0
-135.0
-157.0
-152.0
-157.0
-154.0
-112.0
-135.0
-133.0
-129.0
-154.0
-137.0
-143.0
-160.0
-118.0
-124.0
-133.0
-114.0
-130.0
-142.0
-144.0
-183.0
-148.0
-129.0
-147.0
-136.0
-150.0
-147.0
-136.0
-143.0
-139.0
-147.0
-155.0
-146.0
-161.0
-172.0
-175.0
-155.0
-142.0
-149.0
-145.0
-133.0
-143.0
-154.0
-146.0
-146.0
-122.0
-122.0
-124.0
-107.0
-121.0
-127.0
-125.0
-128.0
-118.0
-130.0
-138.0
-141.0
-142.0
-113.0
-101.0
-112.0
-115.0
-114.0
-108.0
-107.0
-118.0
-111.0
-142.0
-126.0
-98.0
-113.0
-109.0
-94.0
-115.0
-107.0
-105.0
-93.0
-88.0
-114.0
-134.0
-111.0
-115.0
-112.0
-106.0
-95.0
-88.0
-103.0
-82.0
-63.0
-90.0
-113.0
-96.0
-89.0
-84.0
-90.0
-92.0
-79.0
-96.0
-98.0
-72.0
-79.0
-65.0
-72.0
-88.0
-86.0
-103.0
-97.0
-109.0
-99.0
-91.0
-106.0
-111.0
-112.0
-136.0
-104.0
-109.0
-131.0
-72.0
-77.0
-79.0
-61.0
-71.0
-61.0
-74.0
-69.0
-52.0
-68.0
-44.0
-35.0
-54.0
-56.0
-75.0
-69.0
-52.0
-65.0
-57.0
-37.0
-51.0
-43.0
-51.0
-41.0
-22.0
-33.0
-47.0
-46.0
-59.0
-69.0
-70.0
-68.0
-56.0
-50.0
-48.0
-58.0
-51.0
-33.0
-44.0
-42.0
-45.0
-60.0
-62.0
-74.0
-81.0
-64.0
-77.0
-92.0
-77.0
-71.0
-60.0
-53.0
-79.0
-75.0
-69.0
-80.0
-76.0
-72.0
-61.0
-65.0
-75.0
-53.0
-62.0
-76.0
-67.0
-65.0
-73.0
-62.0
-67.0
-58.0
-76.0
-72.0
-45.0
-79.0
-71.0
-60.0
-81.0
-69.0
-77.0
-87.0
-44.0
-53.0
-57.0
-57.0
-52.0
-43.0
-38.0
-46.0
-32.0
-33.0
-35.0
-26.0
-42.0
-39.0
-39.0
-32.0
-14.0
-24.0
-31.0
-21.0
-32.0
-17.0
5.0
-10.0
-12.0
-5.0
-8.0
-33.0
-67.0
-41.0
-44.0
-67.0
-58.0
-61.0
-50.0
-53.0
-49.0
-21.0
-22.0
-39.0
-15.0
-14.0
-6.0
15.0
-4.0
8.0
-1.0
-21.0
-2.0
-15.0
-26.0
-33.0
-56.0
-43.0
-41.0
-42.0
-24.0
-23.0
-18.0
-20.0
-32.0
-15.0
-23.0
-29.0
-18.0
-11.0
-1.0
5.0
2.0
1.0
-10.0
-17.0
-10.0
-8.0
-26.0
-28.0
-51.0
-43.0
-20.0
-38.0
-36.0
-12.0
-18.0
-14.0
-22.0
4.0
14.0
-9.0
14.0
-8.0
-27.0
-34.0
-48.0
-22.0
-21.0
-44.0
4.0
9.0
-2.0
15.0
-8.0
-16.0
-33.0
-27.0
-17.0
-40.0
-45.0
-44.0
-43.0
-24.0
-35.0
-44.0
-13.0
-46.0
-73.0
-47.0
-71.0
-97.0
-91.0
-90.0
-62.0
-74.0
-67.0
-37.0
-39.0
-22.0
2.0
-25.0
-34.0
-20.0
-10.0
-11.0
-32.0
-33.0
-17.0
-36.0
-10.0
-21.0
-21.0
8.0
-11.0
3.0
0.0
-11.0
17.0
-9.0
-24.0
-10.0
-33.0
-52.0
-36.0
-33.0
-17.0
-18.0
-20.0
3.0
-7.0
-22.0
1.0
13.0
24.0
15.0
12.0
1.0
-14.0
-14.0
-1.0
-19.0
-19.0
-26.0
-28.0
-24.0
-39.0
2.0
3.0
-6.0
-8.0
-21.0
0.0
-3.0
-22.0
-11.0
5.0
-17.0
-13.0
-17.0
-30.0
-29.0
-26.0
-9.0
3.0
1.0
3.0
-7.0
-4.0
-11.0
-18.0
-17.0
-37.0
-40.0
-23.0
-25.0
-32.0
-12.0
-3.0
6.0
-23.0
-54.0
-43.0
-51.0
-59.0
-50.0
-43.0
-52.0
-37.0
-40.0
-37.0
-48.0
-44.0
-17.0
-3.0
13.0
12.0
-18.0
-15.0
-24.0
-47.0
7.0
-8.0
-26.0
-24.0
-32.0
-18.0
-22.0
-22.0
-33.0
-12.0
-14.0
-36.0
-55.0
-32.0
-50.0
-71.0
-42.0
-56.0
-35.0
-24.0
-31.0
-26.0
-34.0
-26.0
-6.0
-20.0
-18.0
-50.0
-54.0
-23.0
-29.0
-46.0
-15.0
-37.0
-33.0
-8.0
-22.0
-10.0
-26.0
-10.0
12.0
-23.0
-21.0
-36.0
-50.0
-28.0
-18.0
-16.0
5.0
1.0
2.0
0.0
-8.0
7.0
0.0
-7.0
0.0
-6.0
10.0
14.0
7.0
24.0
-6.0
-4.0
-7.0
-30.0
-4.0
7.0
-15.0
-3.0
-11.0
-11.0
-7.0
-27.0
5.0
8.0
-12.0
-5.0
-10.0
-6.0
-10.0
-14.0
-23.0
-22.0
-2.0
2.0
9.0
3.0
1.0
-13.0
-5.0
1.0
-5.0
15.0
13.0
-8.0
-21.0
-28.0
-10.0
-2.0
-7.0
16.0
22.0
16.0
47.0
19.0
10.0
13.0
1.0
9.0
-9.0
-19.0
13.0
-1.0
9.0
11.0
8.0
15.0
13.0
18.0
50.0
32.0
31.0
16.0
11.0
14.0
-13.0
-24.0
-5.0
-7.0
-3.0
2.0
7.0
7.0
-5.0
-2.0
-8.0
-37.0
-19.0
-33.0
-49.0
-21.0
-35.0
-45.0
-37.0
-49.0
-34.0
-41.0
-40.0
-32.0
-28.0
-33.0
-50.0
-55.0
-43.0
-51.0
-74.0
-50.0
-59.0
-64.0
-47.0
-63.0
-52.0
-68.0
-71.0
-47.0
-60.0
-67.0
-53.0
-60.0
-48.0
-25.0
-29.0
0.0
-15.0
-10.0
4.0
-29.0
-36.0
-56.0
-45.0
-23.0
-52.0
-54.0
-54.0
-60.0
-44.0
-50.0
-73.0
-29.0
-28.0
-32.0
-25.0
-42.0
-40.0
-64.0
-62.0
-64.0
-72.0
-47.0
-41.0
-46.0
-17.0
1.0
-5.0
5.0
-26.0
-43.0
-22.0
-48.0
-59.0
-64.0
-72.0
-70.0
-102.0
-84.0
-62.0
-59.0
-34.0
-2.0
-14.0
-17.0
-17.0
-23.0
-36.0
-63.0
-54.0
-48.0
-56.0
-45.0
-44.0
-15.0
-14.0
-29.0
-22.0
-14.0
-27.0
-16.0
-35.0
-34.0
-17.0
-21.0
-17.0
-14.0
-8.0
-15.0
-45.0
-42.0
-53.0
-63.0
-45.0
-52.0
-61.0
-51.0
-64.0
-79.0
-34.0
-30.0
-48.0
-48.0
-52.0
-41.0
-53.0
-56.0
-40.0
-18.0
-13.0
-17.0
-26.0
-15.0
-21.0
-41.0
-22.0
-45.0
-42.0
-51.0
-60.0
-49.0
-50.0
-39.0
-11.0
-29.0
-20.0
-28.0
-49.0
-44.0
-62.0
-41.0
-43.0
-60.0
-38.0
-33.0
-34.0
-26.0
-39.0
-63.0
-40.0
-32.0
-22.0
-26.0
-46.0
-34.0
-59.0
-71.0
-64.0
-76.0
-30.0
-34.0
-49.0
-34.0
-54.0
-42.0
-43.0
-69.0
-55.0
-45.0
-44.0
-30.0
-27.0
1.0
-4.0
-29.0
-29.0
-26.0
-26.0
-16.0
-36.0
-12.0
-22.0
-49.0
-3.0
-24.0
-23.0
2.0
-21.0
-22.0
-34.0
-47.0
-25.0
-20.0
-41.0
-16.0
-24.0
-13.0
0.0
-1.0
-4.0
11.0
8.0
21.0
10.0
15.0
32.0
15.0
14.0
14.0
-23.0
4.0
22.0
6.0
2.0
16.0
20.0
7.0
2.0
14.0
4.0
11.0
18.0
29.0
31.0
25.0
24.0
42.0
21.0
11.0
37.0
5.0
4.0
-10.0
-23.0
-27.0
-10.0
34.0
41.0
38.0
45.0
34.0
20.0
5.0
-23.0
-5.0
-7.0
-26.0
-12.0
13.0
-12.0
25.0
34.0
25.0
38.0
18.0
21.0
8.0
14.0
20.0
-1.0
3.0
24.0
1.0
-7.0
30.0
17.0
15.0
-5.0
-13.0
-19.0
-15.0
12.0
2.0
-4.0
-1.0
-8.0
10.0
14.0
-5.0
1.0
14.0
4.0
-3.0
-26.0
-33.0
-25.0
-46.0
-40.0
-20.0
-15.0
-1.0
-10.0
-20.0
-16.0
-36.0
-17.0
-6.0
-25.0
-19.0
-28.0
-35.0
-34.0
-33.0
-3.0
-8.0
-32.0
-23.0
-40.0
-44.0
-34.0
-26.0
-19.0
-37.0
-36.0
-33.0
-58.0
-29.0
-5.0
-15.0
-16.0
-11.0
-20.0
-25.0
-42.0
-36.0
-31.0
-46.0
-45.0
-42.0
-35.0
-15.0
-28.0
-25.0
1.0
-14.0
-10.0
8.0
-3.0
30.0
15.0
-7.0
-7.0
-43.0
-15.0
12.0
-14.0
3.0
-3.0
1.0
22.0
24.0
35.0
18.0
21.0
32.0
8.0
13.0
21.0
-2.0
15.0
29.0
22.0
18.0
4.0
19.0
51.0
39.0
53.0
46.0
25.0
40.0
35.0
30.0
27.0
7.0
-8.0
4.0
28.0
34.0
39.0
50.0
55.0
28.0
29.0
32.0
23.0
32.0
12.0
15.0
34.0
10.0
11.0
16.0
25.0
27.0
1.0
-7.0
3.0
-21.0
1.0
12.0
-2.0
28.0
13.0
-7.0
-2.0
-2.0
-13.0
-23.0
-11.0
1.0
-9.0
-17.0
5.0
-9.0
7.0
-5.0
-21.0
-14.0
-35.0
-20.0
-14.0
-31.0
-40.0
-33.0
-27.0
10.0
3.0
-11.0
5.0
7.0
-2.0
-15.0
-3.0
10.0
-4.0
1.0
20.0
0.0
-1.0
3.0
5.0
-4.0
-4.0
-4.0
-12.0
-30.0
-15.0
10.0
15.0
32.0
19.0
20.0
20.0
-12.0
-10.0
-18.0
-2.0
16.0
10.0
4.0
34.0
33.0
21.0
-1.0
1.0
12.0
-30.0
-134.0
-284.0
-270.0
-253.0
-250.0
-235.0
-221.0
-209.0
-195.0
-202.0
-199.0
-174.0
-181.0
-182.0
-169.0
-166.0
-167.0
-170.0
-193.0
-191.0
-190.0
-157.0
-127.0
-134.0
-119.0
-119.0
-137.0
-130.0
-111.0
-108.0
-117.0
-126.0
-108.0
-112.0
-118.0
-103.0
-98.0
-100.0
-88.0
-73.0
-72.0
-60.0
-77.0
-70.0
-76.0
-77.0
-71.0
-80.0
-72.0
-70.0
-92.0
-92.0
-52.0
-53.0
-32.0
-43.0
-48.0
-28.0
-58.0
-50.0
-23.0
-46.0
-53.0
-67.0
-64.0
-70.0
-67.0
-46.0
-58.0
-57.0
-22.0
-36.0
-42.0
-12.0
-27.0
-14.0
-23.0
-37.0
-20.0
-33.0
-18.0
-21.0
-23.0
-10.0
-26.0
-48.0
12.0
23.0
26.0
36.0
16.0
-4.0
-1.0
-15.0
-17.0
-33.0
-39.0
-24.0
-19.0
1.0
-3.0
13.0
49.0
21.0
9.0
10.0
-14.0
-5.0
-5.0
-22.0
-2.0
-24.0
-27.0
-2.0
-10.0
17.0
14.0
-7.0
24.0
11.0
5.0
23.0
4.0
8.0
5.0
-14.0
15.0
0.0
-2.0
19.0
5.0
22.0
13.0
-8.0
9.0
8.0
25.0
27.0
13.0
26.0
20.0
7.0
17.0
1.0
24.0
20.0
2.0
7.0
12.0
-5.0
10.0
31.0
29.0
31.0
27.0
40.0
46.0
52.0
41.0
44.0
34.0
21.0
3.0
17.0
14.0
11.0
27.0
17.0
29.0
39.0
17.0
65.0
58.0
33.0
33.0
23.0
27.0
39.0
15.0
-5.0
9.0
12.0
33.0
44.0
65.0
88.0
60.0
77.0
86.0
84.0
83.0
70.0
63.0
67.0
49.0
57.0
56.0
32.0
56.0
33.0
46.0
78.0
60.0
65.0
55.0
43.0
66.0
45.0
39.0
51.0
45.0
46.0
37.0
42.0
65.0
29.0
41.0
56.0
50.0
75.0
71.0
58.0
74.0
43.0
50.0
60.0
65.0
60.0
55.0
43.0
63.0
44.0
58.0
90.0
69.0
70.0
57.0
39.0
54.0
32.0
43.0
66.0
44.0
49.0
63.0
53.0
70.0
62.0
67.0
81.0
86.0
104.0
85.0
79.0
92.0
68.0
52.0
75.0
72.0
89.0
90.0
74.0
70.0
75.0
95.0
101.0
96.0
86.0
60.0
87.0
97.0
80.0
80.0
81.0
80.0
88.0
62.0
68.0
93.0
63.0
53.0
73.0
48.0
57.0
50.0
32.0
70.0
77.0
83.0
104.0
99.0
106.0
80.0
75.0
77.0
77.0
79.0
65.0
35.0
45.0
61.0
60.0
66.0
58.0
59.0
82.0
71.0
88.0
81.0
78.0
95.0
83.0
63.0
67.0
32.0
42.0
36.0
37.0
76.0
55.0
86.0
112.0
77.0
77.0
70.0
39.0
42.0
32.0
32.0
71.0
64.0
60.0
70.0
68.0
105.0
118.0
95.0
110.0
83.0
67.0
63.0
60.0
79.0
61.0
63.0
69.0
50.0
82.0
82.0
77.0
89.0
78.0
89.0
93.0
54.0
74.0
86.0
58.0
55.0
46.0
60.0
50.0
17.0
56.0
56.0
46.0
60.0
53.0
45.0
60.0
51.0
42.0
57.0
42.0
50.0
26.0
29.0
36.0
6.0
18.0
34.0
13.0
31.0
23.0
26.0
43.0
3.0
30.0
46.0
23.0
26.0
26.0
15.0
19.0
23.0
36.0
44.0
27.0
52.0
49.0
50.0
59.0
45.0
51.0
54.0
54.0
60.0
36.0
30.0
35.0
24.0
34.0
38.0
46.0
56.0
43.0
40.0
44.0
33.0
43.0
64.0
60.0
61.0
51.0
59.0
66.0
57.0
65.0
77.0
95.0
81.0
39.0
33.0
20.0
21.0
31.0
54.0
47.0
40.0
55.0
84.0
84.0
62.0
70.0
55.0
36.0
46.0
48.0
63.0
63.0
55.0
69.0
53.0
34.0
33.0
24.0
42.0
56.0
55.0
59.0
54.0
50.0
69.0
79.0
64.0
62.0
47.0
44.0
44.0
42.0
55.0
58.0
65.0
73.0
63.0
62.0
44.0
49.0
100.0
79.0
79.0
88.0
53.0
52.0
53.0
44.0
44.0
24.0
45.0
57.0
36.0
42.0
50.0
58.0
51.0
42.0
69.0
81.0
68.0
96.0
102.0
107.0
99.0
90.0
80.0
66.0
47.0
50.0
51.0
41.0
58.0
100.0
114.0
105.0
87.0
99.0
96.0
56.0
77.0
56.0
50.0
60.0
51.0
76.0
78.0
114.0
126.0
97.0
91.0
95.0
64.0
72.0
68.0
69.0
70.0
72.0
86.0
89.0
69.0
90.0
84.0
86.0
120.0
117.0
132.0
127.0
111.0
96.0
87.0
84.0
65.0
60.0
76.0
84.0
80.0
91.0
93.0
91.0
129.0
103.0
95.0
106.0
83.0
92.0
80.0
76.0
105.0
109.0
114.0
119.0
109.0
111.0
121.0
103.0
92.0
69.0
70.0
86.0
69.0
81.0
76.0
82.0
97.0
74.0
81.0
93.0
82.0
127.0
116.0
118.0
140.0
114.0
113.0
90.0
92.0
113.0
93.0
81.0
83.0
82.0
75.0
76.0
81.0
83.0
59.0
46.0
72.0
67.0
76.0
98.0
100.0
102.0
91.0
58.0
65.0
64.0
72.0
71.0
50.0
58.0
53.0
51.0
70.0
53.0
86.0
81.0
60.0
69.0
54.0
42.0
86.0
77.0
74.0
80.0
60.0
72.0
53.0
27.0
64.0
60.0
55.0
81.0
70.0
62.0
62.0
94.0
106.0
88.0
80.0
84.0
57.0
80.0
95.0
80.0
95.0
77.0
100.0
106.0
66.0
96.0
80.0
72.0
97.0
101.0
102.0
87.0
95.0
111.0
96.0
111.0
124.0
109.0
100.0
110.0
97.0
134.0
125.0
113.0
127.0
102.0
80.0
92.0
112.0
127.0
118.0
114.0
134.0
118.0
134.0
143.0
110.0
118.0
103.0
96.0
101.0
88.0
84.0
127.0
119.0
126.0
122.0
113.0
116.0
135.0
142.0
143.0
119.0
125.0
116.0
96.0
103.0
79.0
99.0
132.0
98.0
94.0
102.0
102.0
110.0
73.0
93.0
107.0
92.0
97.0
95.0
93.0
103.0
93.0
101.0
132.0
116.0
115.0
102.0
98.0
105.0
79.0
74.0
108.0
108.0
115.0
106.0
84.0
93.0
83.0
89.0
81.0
49.0
82.0
83.0
71.0
81.0
69.0
72.0
80.0
50.0
65.0
77.0
61.0
67.0
68.0
58.0
49.0
53.0
60.0
54.0
49.0
58.0
44.0
63.0
64.0
59.0
84.0
90.0
77.0
97.0
73.0
66.0
55.0
66.0
93.0
77.0
64.0
88.0
87.0
74.0
72.0
93.0
93.0
81.0
77.0
83.0
70.0
90.0
108.0
89.0
99.0
92.0
60.0
76.0
68.0
52.0
83.0
80.0
88.0
74.0
95.0
102.0
76.0
79.0
91.0
75.0
64.0
81.0
105.0
96.0
82.0
105.0
91.0
52.0
99.0
105.0
87.0
108.0
83.0
74.0
87.0
105.0
102.0
89.0
86.0
87.0
56.0
45.0
67.0
46.0
53.0
65.0
78.0
86.0
80.0
70.0
82.0
57.0
49.0
42.0
34.0
41.0
22.0
65.0
91.0
62.0
70.0
63.0
37.0
46.0
58.0
53.0
59.0
35.0
36.0
54.0
44.0
49.0
43.0
26.0
30.0
-7.0
26.0
44.0
37.0
67.0
56.0
41.0
42.0
39.0
35.0
17.0
-1.0
7.0
7.0
21.0
34.0
22.0
63.0
57.0
43.0
71.0
52.0
32.0
46.0
46.0
42.0
41.0
23.0
11.0
8.0
8.0
32.0
26.0
37.0
59.0
59.0
63.0
49.0
39.0
55.0
30.0
6.0
12.0
13.0
16.0
2.0
14.0
36.0
34.0
59.0
72.0
60.0
70.0
70.0
64.0
75.0
49.0
51.0
31.0
18.0
40.0
22.0
14.0
25.0
48.0
42.0
46.0
45.0
35.0
13.0
43.0
61.0
22.0
23.0
19.0
9.0
25.0
13.0
36.0
49.0
41.0
63.0
50.0
42.0
64.0
36.0
42.0
50.0
20.0
20.0
38.0
40.0
60.0
53.0
48.0
50.0
31.0
53.0
42.0
13.0
40.0
38.0
27.0
14.0
17.0
43.0
21.0
16.0
49.0
40.0
39.0
18.0
14.0
7.0
1.0
-3.0
4.0
-19.0
-40.0
-13.0
-26.0
-23.0
-15.0
-21.0
-4.0
-26.0
-32.0
-8.0
-21.0
19.0
24.0
26.0
37.0
8.0
36.0
43.0
3.0
5.0
16.0
-4.0
-2.0
-3.0
-7.0
4.0
-17.0
15.0
20.0
12.0
56.0
46.0
36.0
64.0
71.0
110.0
134.0
142.0
171.0
161.0
200.0
203.0
195.0
215.0
198.0
184.0
242.0
230.0
230.0
229.0
199.0
208.0
196.0
143.0
158.0
132.0
99.0
126.0
107.0
90.0
79.0
64.0
57.0
32.0
32.0
24.0
2.0
18.0
17.0
-10.0
-8.0
-33.0
-33.0
-32.0
-62.0
-76.0
-81.0
-94.0
-61.0
-78.0
-86.0
-82.0
-117.0
-111.0
-117.0
-144.0
-107.0
-122.0
-125.0
-109.0
-131.0
-122.0
-145.0
-150.0
-100.0
-121.0
-119.0
-106.0
-112.0
-115.0
-129.0
-121.0
-114.0
-125.0
-110.0
-110.0
-97.0
-74.0
-87.0
-82.0
-72.0
-105.0
-117.0
-119.0
-142.0
-122.0
-150.0
-149.0
-110.0
-115.0
-119.0
-115.0
-120.0
-96.0
-106.0
-100.0
-77.0
-103.0
-101.0
-103.0
-115.0
-103.0
-114.0
-110.0
-64.0
-84.0
-77.0
-65.0
-87.0
-87.0
-101.0
-116.0
-87.0
-79.0
-86.0
-73.0
-78.0
-71.0
-80.0
-101.0
-108.0
-103.0
-97.0
-104.0
-118.0
-109.0
-89.0
-85.0
-86.0
-90.0
-88.0
-60.0
-78.0
-94.0
-102.0
-108.0
-114.0
-130.0
-106.0
-78.0
-101.0
-100.0
-97.0
-107.0
-99.0
-121.0
-110.0
-102.0
-142.0
-127.0
-127.0
-127.0
-115.0
-126.0
-91.0
-82.0
-90.0
-69.0
-78.0
-110.0
-110.0
-74.0
-80.0
-86.0
-84.0
-65.0
-69.0
-77.0
-51.0
-63.0
-74.0
-53.0
-69.0
-82.0
-78.0
-66.0
-74.0
-90.0
-71.0
-58.0
-83.0
-59.0
-63.0
-59.0
-23.0
-40.0
-55.0
-37.0
-53.0
-61.0
-48.0
-44.0
-35.0
-46.0
-35.0
-37.0
-53.0
-32.0
-33.0
-49.0
-32.0
-45.0
-58.0
-71.0
-70.0
-27.0
-38.0
-48.0
-36.0
-44.0
-70.0
-21.0
-33.0
-55.0
-69.0
-54.0
-41.0
-43.0
-32.0
-30.0
-45.0
-1.0
1.0
-27.0
-33.0
-66.0
-69.0
-61.0
-88.0
-83.0
-55.0
-54.0
-39.0
-32.0
-39.0
-31.0
-28.0
-8.0
-24.0
-51.0
-41.0
-41.0
-40.0
-25.0
-31.0
-37.0
-29.0
-24.0
-24.0
-29.0
-36.0
-41.0
-37.0
-32.0
-36.0
-32.0
-21.0
-40.0
-50.0
-40.0
-61.0
-37.0
-23.0
-41.0
-33.0
-36.0
-42.0
-60.0
-58.0
-20.0
-30.0
-42.0
-21.0
-14.0
-26.0
-23.0
-17.0
-15.0
-18.0
-16.0
-6.0
-29.0
-13.0
-12.0
-23.0
-1.0
-7.0
-23.0
-16.0
-23.0
-41.0
-14.0
-20.0
-23.0
-11.0
-9.0
-8.0
-16.0
-20.0
-5.0
-1.0
-8.0
-25.0
-21.0
-11.0
-44.0
-30.0
-11.0
-23.0
2.0
-20.0
-25.0
16.0
8.0
5.0
7.0
1.0
8.0
-5.0
-18.0
10.0
9.0
-2.0
-6.0
-13.0
7.0
-2.0
-14.0
8.0
-17.0
2.0
16.0
-8.0
10.0
11.0
11.0
7.0
20.0
33.0
24.0
-4.0
-8.0
4.0
-18.0
-3.0
6.0
11.0
21.0
7.0
7.0
-2.0
-10.0
34.0
41.0
55.0
48.0
22.0
20.0
16.0
13.0
14.0
-10.0
-12.0
24.0
30.0
40.0
34.0
20.0
46.0
35.0
41.0
56.0
59.0
51.0
38.0
18.0
13.0
-6.0
-17.0
-3.0
5.0
24.0
5.0
-1.0
20.0
-10.0
12.0
37.0
20.0
21.0
8.0
-8.0
-10.0
-24.0
-29.0
-31.0
12.0
25.0
24.0
31.0
22.0
0.0
3.0
-12.0
-26.0
-5.0
-7.0
-20.0
-6.0
-27.0
-21.0
1.0
8.0
18.0
8.0
-12.0
-2.0
-18.0
-22.0
-11.0
-27.0
31.0
32.0
-6.0
20.0
11.0
-3.0
6.0
-9.0
-5.0
-13.0
-21.0
-10.0
-33.0
-25.0
-3.0
-13.0
3.0
-1.0
-18.0
-5.0
-16.0
-13.0
-8.0
-32.0
-26.0
-11.0
6.0
25.0
26.0
18.0
45.0
51.0
59.0
43.0
43.0
42.0
26.0
44.0
27.0
-16.0
-10.0
-17.0
-18.0
0.0
-4.0
6.0
15.0
6.0
40.0
21.0
3.0
12.0
-13.0
-3.0
1.0
-33.0
-19.0
-13.0
-14.0
9.0
-6.0
-14.0
-7.0
-54.0
-44.0
-62.0
-71.0
-48.0
-56.0
-53.0
-46.0
-48.0
-19.0
-24.0
-20.0
7.0
-2.0
-12.0
-10.0
-30.0
-34.0
-44.0
-54.0
-22.0
-37.0
-37.0
-33.0
-39.0
-32.0
-35.0
-23.0
20.0
15.0
-4.0
-8.0
-8.0
-17.0
-37.0
-48.0
-24.0
-35.0
-49.0
-50.0
-77.0
-76.0
-65.0
-68.0
-33.0
-35.0
-31.0
-7.0
1.0
24.0
5.0
-36.0
-11.0
-35.0
-26.0
-21.0
-32.0
-16.0
0.0
-1.0
-14.0
-30.0
3.0
4.0
-30.0
-21.0
-8.0
-7.0
2.0
-19.0
43.0
170.0
199.0
251.0
268.0
256.0
258.0
230.0
250.0
265.0
252.0
260.0
250.0
210.0
216.0
195.0
174.0
163.0
115.0
113.0
91.0
83.0
77.0
41.0
32.0
24.0
-5.0
-2.0
-23.0
-13.0
-11.0
-53.0
-52.0
-62.0
-99.0
-112.0
-111.0
-115.0
-114.0
-140.0
-148.0
-169.0
-157.0
-129.0
-144.0
-122.0
-122.0
-145.0
-155.0
-168.0
-181.0
-174.0
-169.0
-165.0
-166.0
-177.0
-180.0
-176.0
-187.0
-194.0
-210.0
-201.0
-194.0
-198.0
-193.0
-171.0
-176.0
-168.0
-176.0
-193.0
-161.0
-162.0
-157.0
-174.0
-183.0
-168.0
-172.0
-177.0
-154.0
-171.0
-168.0
-136.0
-159.0
-154.0
-154.0
-162.0
-168.0
-200.0
-182.0
-210.0
-217.0
-202.0
-209.0
-201.0
-186.0
-175.0
-163.0
-146.0
-166.0
-180.0
-179.0
-177.0
-169.0
-201.0
-193.0
-174.0
-186.0
-183.0
-192.0
-192.0
-148.0
-149.0
-131.0
-141.0
-175.0
-175.0
-186.0
-200.0
-189.0
-162.0
-154.0
-152.0
-176.0
-175.0
-168.0
-157.0
-158.0
-191.0
-196.0
-182.0
-169.0
-159.0
-146.0
-161.0
-169.0
-185.0
-159.0
-157.0
-181.0
-160.0
-161.0
-166.0
-147.0
-170.0
-147.0
-145.0
-160.0
-134.0
-130.0
-134.0
-109.0
-140.0
-125.0
-139.0
-174.0
-147.0
-168.0
-182.0
-168.0
-167.0
-165.0
-137.0
-138.0
-103.0
-105.0
-114.0
-112.0
-129.0
-139.0
-142.0
-157.0
-132.0
-122.0
-129.0
-142.0
-171.0
-145.0
-130.0
-144.0
-130.0
-123.0
-157.0
-126.0
-117.0
-118.0
-110.0
-139.0
-95.0
-91.0
-99.0
-82.0
-66.0
-63.0
-98.0
-112.0
-81.0
-108.0
-127.0
-110.0
-117.0
-124.0
-102.0
-121.0
-96.0
-87.0
-95.0
-73.0
-85.0
-98.0
-110.0
-109.0
-101.0
-131.0
-155.0
-140.0
-128.0
-130.0
-124.0
-111.0
-105.0
-90.0
-89.0
-78.0
-89.0
-114.0
-111.0
-120.0
-112.0
-114.0
-129.0
-128.0
-131.0
-131.0
-114.0
-91.0
-80.0
-83.0
-84.0
-62.0
-79.0
-102.0
-75.0
-75.0
-78.0
-90.0
-98.0
-93.0
-135.0
-116.0
-116.0
-120.0
-102.0
-90.0
-88.0
-73.0
-74.0
-67.0
-61.0
-47.0
-45.0
-43.0
-31.0
-51.0
-82.0
-89.0
-88.0
-77.0
-70.0
-74.0
-76.0
-58.0
-72.0
-67.0
-44.0
-43.0
-39.0
-56.0
-74.0
-67.0
-97.0
-111.0
-96.0
-90.0
-70.0
-87.0
-96.0
-51.0
-61.0
-76.0
-64.0
-60.0
-48.0
-60.0
-60.0
-27.0
-50.0
-59.0
-51.0
-72.0
-64.0
-57.0
-41.0
-54.0
-58.0
-57.0
-49.0
-65.0
-76.0
-69.0
-40.0
-43.0
-68.0
-61.0
-63.0
-72.0
-44.0
-29.0
-12.0
-18.0
-24.0
-21.0
-23.0
-54.0
-55.0
-34.0
-41.0
-33.0
-46.0
-56.0
-48.0
-54.0
-40.0
-34.0
-40.0
-25.0
-43.0
-51.0
-37.0
-40.0
-14.0
4.0
-3.0
7.0
-22.0
-30.0
-22.0
-38.0
-17.0
-7.0
-27.0
-16.0
-21.0
-11.0
11.0
-10.0
11.0
0.0
-18.0
10.0
16.0
12.0
6.0
-11.0
24.0
10.0
-34.0
-29.0
-34.0
-44.0
-31.0
-27.0
-11.0
-8.0
-21.0
-5.0
-14.0
2.0
46.0
27.0
17.0
-4.0
-22.0
-18.0
-43.0
-27.0
4.0
-8.0
1.0
-7.0
-30.0
-33.0
-56.0
-53.0
-35.0
-42.0
-6.0
5.0
6.0
38.0
42.0
17.0
22.0
11.0
18.0
3.0
-25.0
-23.0
-30.0
-16.0
-3.0
-22.0
-20.0
-17.0
-36.0
0.0
9.0
10.0
25.0
17.0
30.0
16.0
-8.0
40.0
20.0
8.0
18.0
-13.0
-8.0
-7.0
-8.0
-5.0
-12.0
-3.0
7.0
-20.0
-20.0
-24.0
-2.0
8.0
-21.0
-15.0
-2.0
-10.0
1.0
-8.0
-20.0
-23.0
-36.0
-18.0
-9.0
-39.0
-39.0
-23.0
-43.0
-17.0
1.0
11.0
13.0
-5.0
5.0
-1.0
-15.0
-15.0
-16.0
-23.0
-33.0
-24.0
-15.0
-19.0
-43.0
-9.0
-9.0
-30.0
-12.0
-14.0
3.0
-1.0
-4.0
12.0
-15.0
5.0
39.0
12.0
7.0
-6.0
-18.0
4.0
-3.0
-11.0
13.0
7.0
1.0
-15.0
-31.0
-32.0
-33.0
-45.0
-9.0
6.0
-3.0
-18.0
-22.0
-7.0
-33.0
-21.0
-11.0
-33.0
-23.0
-23.0
-30.0
-10.0
1.0
-1.0
7.0
-4.0
1.0
-29.0
-43.0
-40.0
-45.0
-43.0
-13.0
-9.0
-9.0
-15.0
-18.0
-15.0
-21.0
-48.0
-35.0
-56.0
-50.0
-57.0
-59.0
-45.0
-26.0
-9.0
-12.0
-17.0
-21.0
-40.0
-32.0
-22.0
-49.0
-52.0
-37.0
-44.0
-36.0
-49.0
-73.0
-37.0
-46.0
-43.0
-40.0
-45.0
-16.0
-41.0
-35.0
-15.0
-50.0
-43.0
-25.0
-46.0
-31.0
-26.0
-51.0
-13.0
-33.0
-30.0
-6.0
-25.0
-31.0
-24.0
3.0
7.0
-11.0
-21.0
-12.0
-28.0
-29.0
-30.0
-24.0
-34.0
-27.0
2.0
-4.0
-26.0
-24.0
-32.0
-46.0
-25.0
-49.0
-44.0
-23.0
-27.0
-46.0
-42.0
-27.0
-13.0
-34.0
-33.0
-26.0
-54.0
-28.0
-33.0
-55.0
-26.0
-44.0
-35.0
-3.0
-31.0
-20.0
-16.0
-29.0
-24.0
-30.0
-40.0
-18.0
-27.0
-21.0
-17.0
3.0
10.0
-4.0
-7.0
-17.0
-37.0
-23.0
8.0
-14.0
-11.0
-20.0
-28.0
-31.0
-17.0
-2.0
-15.0
-22.0
1.0
-1.0
-15.0
-4.0
-6.0
3.0
-9.0
-36.0
-33.0
-24.0
-34.0
-39.0
-62.0
-46.0
-36.0
-55.0
-14.0
-30.0
-39.0
-26.0
-39.0
-24.0
-17.0
-46.0
-43.0
-69.0
-65.0
-50.0
-73.0
-44.0
-21.0
-40.0
-29.0
-34.0
-42.0
-31.0
-39.0
-38.0
-69.0
-29.0
-12.0
-30.0
-20.0
2.0
-23.0
-24.0
-35.0
-27.0
-13.0
-30.0
-37.0
-14.0
1.0
13.0
-6.0
-39.0
-37.0
-54.0
-55.0
-22.0
-41.0
-12.0
-5.0
-25.0
-10.0
-39.0
-21.0
-7.0
-26.0
-24.0
-23.0
-46.0
-6.0
-8.0
-6.0
-18.0
-37.0
-28.0
-41.0
-29.0
-1.0
-12.0
-26.0
-27.0
-20.0
-10.0
3.0
-3.0
10.0
7.0
4.0
4.0
-24.0
-8.0
11.0
-3.0
13.0
8.0
2.0
-3.0
7.0
24.0
14.0
13.0
8.0
17.0
30.0
29.0
17.0
37.0
27.0
4.0
1.0
-21.0
-32.0
23.0
21.0
33.0
26.0
14.0
21.0
18.0
26.0
1.0
-27.0
-10.0
-13.0
-27.0
-23.0
-20.0
8.0
21.0
3.0
10.0
-5.0
-10.0
23.0
11.0
-7.0
-4.0
-21.0
-31.0
-44.0
-26.0
-7.0
-13.0
1.0
16.0
-13.0
-10.0
16.0
-16.0
-23.0
-13.0
-20.0
-30.0
-45.0
-40.0
-56.0
-43.0
-23.0
-40.0
-32.0
-2.0
-12.0
-20.0
-33.0
-33.0
-27.0
-61.0
-61.0
-45.0
-58.0
-49.0
-70.0
-52.0
-24.0
-36.0
-25.0
-29.0
-46.0
-5.0
-36.0
-68.0
-49.0
-53.0
-40.0
-32.0
-44.0
-10.0
-14.0
-37.0
-26.0
-33.0
-40.0
-28.0
-55.0
-27.0
-43.0
-41.0
-18.0
-37.0
-38.0
-34.0
-48.0
-43.0
-55.0
-38.0
-18.0
-33.0
-17.0
-8.0
-26.0
-5.0
-23.0
-32.0
0.0
-16.0
-26.0
-27.0
-44.0
-49.0
-68.0
-40.0
-33.0
-61.0
-76.0
-54.0
-64.0
-64.0
-68.0
-59.0
-43.0
-62.0
-60.0
-49.0
-76.0
-67.0
-74.0
-75.0
-45.0
-66.0
-81.0
-60.0
-54.0
-50.0
-53.0
-39.0
-18.0
-50.0
-58.0
-55.0
-89.0
-64.0
-25.0
-23.0
-47.0
-58.0
-55.0
-48.0
-71.0
-67.0
-59.0
-73.0
-65.0
-48.0
-41.0
-43.0
-67.0
-58.0
-47.0
-53.0
-53.0
-73.0
-65.0
-50.0
-72.0
-59.0
-48.0
-56.0
-27.0
-34.0
-46.0
-41.0
-55.0
-46.0
-56.0
-68.0
-54.0
-102.0
-113.0
-89.0
-114.0
-102.0
-80.0
-83.0
-58.0
-51.0
-18.0
-26.0
-37.0
-13.0
-23.0
-40.0
-50.0
-69.0
-51.0
-57.0
-68.0
-43.0
-58.0
-73.0
-65.0
-60.0
-62.0
-70.0
-86.0
-48.0
-46.0
-75.0
-46.0
-50.0
-60.0
-45.0
-58.0
-48.0
-71.0
-74.0
-35.0
-54.0
-63.0
-56.0
-63.0
-63.0
-47.0
-53.0
-35.0
-29.0
-47.0
-58.0
-56.0
-26.0
-29.0
-40.0
-48.0
-56.0
-49.0
-51.0
-68.0
-71.0
-83.0
-63.0
-46.0
-64.0
-63.0
-38.0
-42.0
-43.0
-39.0
-23.0
-26.0
-34.0
-27.0
-20.0
-39.0
-11.0
-18.0
-43.0
-47.0
-56.0
-45.0
-50.0
-39.0
-13.0
-18.0
-40.0
-23.0
-36.0
-46.0
-25.0
-49.0
-45.0
-43.0
-41.0
-32.0
-26.0
-19.0
-11.0
-12.0
-2.0
-14.0
-20.0
-12.0
-32.0
-52.0
-17.0
-46.0
-51.0
-36.0
-41.0
-49.0
-24.0
-22.0
-15.0
-29.0
-15.0
-18.0
-10.0
-2.0
-24.0
-31.0
-25.0
-32.0
-41.0
-35.0
-29.0
-20.0
1.0
-7.0
-18.0
-35.0
-19.0
-25.0
-13.0
2.0
-13.0
8.0
7.0
9.0
17.0
6.0
2.0
7.0
-21.0
-10.0
2.0
-29.0
6.0
-2.0
-16.0
-2.0
-15.0
-10.0
-6.0
2.0
16.0
4.0
-6.0
-15.0
-33.0
-33.0
17.0
-4.0
8.0
25.0
1.0
16.0
1.0
14.0
52.0
42.0
57.0
54.0
43.0
52.0
43.0
33.0
14.0
-12.0
6.0
12.0
13.0
34.0
55.0
63.0
70.0
51.0
50.0
40.0
16.0
28.0
11.0
21.0
16.0
-2.0
1.0
-1.0
10.0
20.0
16.0
15.0
22.0
0.0
15.0
14.0
5.0
29.0
17.0
19.0
43.0
41.0
59.0
33.0
36.0
61.0
35.0
33.0
52.0
33.0
33.0
25.0
17.0
16.0
31.0
29.0
35.0
22.0
33.0
39.0
13.0
61.0
66.0
77.0
93.0
64.0
50.0
23.0
29.0
46.0
20.0
0.0
11.0
11.0
-1.0
21.0
36.0
39.0
7.0
37.0
40.0
34.0
54.0
38.0
26.0
63.0
36.0
27.0
32.0
-2.0
9.0
25.0
24.0
27.0
16.0
17.0
48.0
46.0
49.0
46.0
29.0
34.0
21.0
22.0
45.0
23.0
22.0
23.0
11.0
11.0
20.0
26.0
37.0
15.0
29.0
35.0
13.0
24.0
14.0
18.0
31.0
-3.0
-5.0
5.0
22.0
32.0
31.0
30.0
27.0
18.0
46.0
33.0
11.0
23.0
11.0
22.0
32.0
15.0
37.0
24.0
-16.0
7.0
3.0
-12.0
22.0
47.0
43.0
43.0
28.0
28.0
23.0
24.0
39.0
23.0
34.0
24.0
-5.0
-10.0
-6.0
13.0
18.0
5.0
34.0
30.0
27.0
48.0
35.0
43.0
32.0
10.0
18.0
11.0
1.0
11.0
36.0
22.0
-2.0
-21.0
6.0
-9.0
0.0
23.0
25.0
35.0
39.0
18.0
18.0
23.0
4.0
18.0
13.0
1.0
4.0
18.0
24.0
13.0
27.0
46.0
20.0
35.0
48.0
7.0
22.0
55.0
26.0
27.0
14.0
3.0
-5.0
20.0
33.0
22.0
-1.0
-6.0
13.0
34.0
30.0
11.0
31.0
25.0
28.0
54.0
33.0
27.0
63.0
44.0
39.0
33.0
30.0
23.0
36.0
32.0
39.0
25.0
26.0
-8.0
-38.0
-14.0
-22.0
-6.0
8.0
10.0
23.0
40.0
30.0
22.0
-1.0
1.0
14.0
26.0
32.0
37.0
3.0
13.0
5.0
-12.0
-6.0
-10.0
2.0
-22.0
-36.0
29.0
25.0
41.0
48.0
20.0
14.0
14.0
-6.0
-3.0
-4.0
-10.0
-13.0
-33.0
-1.0
7.0
-6.0
6.0
-24.0
-20.0
8.0
22.0
19.0
-6.0
-16.0
-2.0
-16.0
-2.0
37.0
36.0
43.0
30.0
21.0
33.0
-5.0
-4.0
-5.0
-37.0
-18.0
-36.0
-42.0
-18.0
2.0
0.0
18.0
3.0
14.0
9.0
1.0
13.0
-1.0
7.0
31.0
17.0
29.0
19.0
16.0
40.0
22.0
24.0
41.0
37.0
37.0
49.0
27.0
24.0
13.0
1.0
-16.0
-32.0
-22.0
1.0
10.0
23.0
44.0
56.0
85.0
69.0
68.0
63.0
37.0
40.0
32.0
37.0
35.0
17.0
9.0
16.0
41.0
51.0
30.0
42.0
50.0
43.0
37.0
36.0
29.0
29.0
15.0
15.0
6.0
-4.0
1.0
8.0
22.0
39.0
10.0
11.0
22.0
6.0
15.0
39.0
9.0
2.0
-4.0
-12.0
11.0
-5.0
-11.0
-4.0
-2.0
4.0
-24.0
-19.0
-21.0
-36.0
-11.0
4.0
-1.0
21.0
8.0
2.0
-7.0
5.0
19.0
5.0
-12.0
-7.0
-21.0
-34.0
-24.0
-10.0
-19.0
-14.0
-12.0
10.0
-5.0
-33.0
9.0
-5.0
-16.0
-14.0
-25.0
-18.0
-22.0
-7.0
18.0
-20.0
-12.0
-1.0
-14.0
12.0
17.0
21.0
18.0
14.0
34.0
26.0
17.0
-1.0
-30.0
-3.0
2.0
-2.0
16.0
23.0
15.0
3.0
-12.0
-30.0
19.0
27.0
25.0
23.0
10.0
4.0
-2.0
3.0
10.0
8.0
29.0
35.0
5.0
28.0
7.0
-17.0
-3.0
-22.0
-6.0
-12.0
-24.0
33.0
40.0
44.0
40.0
15.0
11.0
-18.0
-10.0
21.0
8.0
17.0
22.0
-4.0
4.0
16.0
-4.0
7.0
4.0
1.0
8.0
27.0
35.0
17.0
-3.0
4.0
-21.0
8.0
18.0
0.0
33.0
27.0
11.0
35.0
31.0
24.0
12.0
-17.0
-38.0
2.0
-3.0
-12.0
-20.0
-26.0
-41.0
-44.0
-30.0
-29.0
-16.0
3.0
-15.0
-24.0
-10.0
-26.0
-26.0
-26.0
-21.0
-24.0
-58.0
-21.0
-15.0
-24.0
-11.0
-14.0
-31.0
-6.0
-36.0
8.0
26.0
29.0
82.0
135.0
164.0
217.0
222.0
234.0
223.0
221.0
257.0
251.0
225.0
211.0
188.0
187.0
182.0
158.0
155.0
109.0
89.0
76.0
65.0
51.0
60.0
52.0
69.0
67.0
59.0
84.0
54.0
43.0
13.0
-17.0
-6.0
-30.0
-25.0
6.0
-10.0
-6.0
-11.0
-47.0
-61.0
-74.0
-59.0
-67.0
-72.0
-53.0
-55.0
-58.0
-60.0
-66.0
-54.0
-68.0
-89.0
-82.0
-61.0
-102.0
-90.0
-61.0
-73.0
-67.0
-80.0
-98.0
-95.0
-88.0
-69.0
-73.0
-93.0
-70.0
-80.0
-81.0
-97.0
-100.0
-70.0
-77.0
-62.0
-47.0
-49.0
-59.0
-32.0
-59.0
-56.0
-62.0
-83.0
-76.0
-86.0
-91.0
-78.0
-95.0
-67.0
-64.0
-78.0
-61.0
-72.0
-67.0
-64.0
-84.0
-73.0
-71.0
-109.0
-96.0
-79.0
-84.0
-115.0
-107.0
-74.0
-87.0
-99.0
-83.0
-99.0
-69.0
-72.0
-98.0
-87.0
-95.0
-101.0
-93.0
-82.0
-60.0
-68.0
-97.0
-72.0
-73.0
-91.0
-97.0
-95.0
-95.0
-95.0
-85.0
-89.0
-97.0
-106.0
-95.0
-89.0
-73.0
-69.0
-67.0
-58.0
-70.0
-72.0
-22.0
-33.0
-55.0
-56.0
-50.0
-22.0
-57.0
-78.0
-71.0
-115.0
-118.0
-86.0
-119.0
-99.0
-100.0
-89.0
-61.0
-77.0
-80.0
-60.0
-82.0
-92.0
-89.0
-84.0
-95.0
-120.0
-94.0
-100.0
-114.0
-89.0
-88.0
-88.0
-87.0
-93.0
-58.0
-66.0
-86.0
-72.0
-71.0
-82.0
-68.0
-79.0
-87.0
-88.0
-87.0
-59.0
-53.0
-54.0
-50.0
-80.0
-71.0
-79.0
-101.0
-97.0
-112.0
-103.0
-72.0
-70.0
-70.0
-70.0
-90.0
-96.0
-92.0
-59.0
-37.0
-40.0
-41.0
-22.0
-44.0
-17.0
-19.0
-31.0
-21.0
-45.0
-69.0
-49.0
-36.0
-46.0
-53.0
-43.0
-15.0
-24.0
5.0
31.0
1.0
17.0
34.0
11.0
-4.0
10.0
6.0
-11.0
-29.0
-24.0
-23.0
-29.0
-3.0
8.0
24.0
34.0
8.0
15.0
6.0
-17.0
12.0
21.0
17.0
21.0
-7.0
3.0
10.0
11.0
37.0
11.0
-3.0
10.0
-5.0
-2.0
13.0
-8.0
-8.0
1.0
-5.0
1.0
-10.0
-2.0
-11.0
16.0
29.0
-3.0
-8.0
-16.0
-8.0
-17.0
-15.0
-17.0
-14.0
-26.0
-22.0
-14.0
-28.0
-2.0
-2.0
0.0
16.0
-7.0
-20.0
-23.0
-23.0
-27.0
-30.0
-36.0
-19.0
-14.0
17.0
3.0
-29.0
-12.0
-17.0
-28.0
-20.0
-10.0
4.0
-12.0
-14.0
-31.0
-43.0
-31.0
-39.0
-59.0
-40.0
-30.0
-39.0
-18.0
-35.0
-25.0
-17.0
-24.0
-16.0
-4.0
-24.0
-7.0
-6.0
-21.0
24.0
23.0
4.0
12.0
-2.0
18.0
16.0
-4.0
-2.0
1.0
-11.0
-12.0
-25.0
-22.0
-11.0
12.0
36.0
6.0
7.0
4.0
-22.0
-23.0
-28.0
-16.0
-1.0
-8.0
-10.0
25.0
3.0
7.0
34.0
20.0
30.0
-7.0
-15.0
-14.0
-38.0
-33.0
-24.0
-16.0
-4.0
-33.0
-38.0
-36.0
-54.0
-22.0
-28.0
-48.0
-21.0
-21.0
-24.0
-27.0
-27.0
-18.0
-41.0
-61.0
-57.0
-63.0
-50.0
-53.0
-43.0
-27.0
-39.0
-54.0
-45.0
-34.0
-52.0
-50.0
-27.0
-25.0
-48.0
-62.0
-55.0
-70.0
-62.0
-41.0
-65.0
-50.0
-50.0
-44.0
-43.0
-53.0
-39.0
-52.0
-69.0
-52.0
-77.0
-96.0
-70.0
-76.0
-79.0
-63.0
-98.0
-65.0
-66.0
-74.0
-60.0
-67.0
-62.0
-72.0
-61.0
-50.0
-70.0
-79.0
-87.0
-99.0
-97.0
-78.0
-73.0
-59.0
-74.0
-97.0
-90.0
-99.0
-102.0
-46.0
-49.0
-48.0
-58.0
-67.0
-59.0
-73.0
-56.0
-29.0
-51.0
-50.0
-54.0
-74.0
-52.0
-71.0
-82.0
-41.0
-39.0
-46.0
-60.0
-62.0
-48.0
-67.0
-40.0
-17.0
-22.0
-7.0
-20.0
-30.0
-31.0
-40.0
-33.0
-43.0
-58.0
-50.0
-50.0
-27.0
-35.0
-44.0
-25.0
-32.0
-51.0
-52.0
-55.0
-76.0
-52.0
-63.0
-65.0
-65.0
-84.0
-81.0
-97.0
-65.0
-47.0
-70.0
-60.0
-51.0
-72.0
-39.0
-22.0
-49.0
-54.0
-97.0
-99.0
-81.0
-100.0
-73.0
-61.0
-82.0
-68.0
-59.0
-52.0
-49.0
-37.0
-40.0
-65.0
-64.0
-49.0
-68.0
-90.0
-84.0
-65.0
-43.0
-49.0
-69.0
-48.0
-65.0
-56.0
-50.0
-73.0
-50.0
-69.0
-82.0
-51.0
-34.0
-35.0
-31.0
-48.0
-31.0
-37.0
-46.0
-59.0
-52.0
-46.0
-48.0
-54.0
-46.0
-71.0
-79.0
-28.0
-46.0
-47.0
-40.0
-45.0
-28.0
-49.0
-74.0
-92.0
-82.0
-78.0
-72.0
-79.0
-71.0
-66.0
-87.0
-62.0
-26.0
-26.0
-18.0
-34.0
-39.0
-52.0
-83.0
-74.0
-87.0
-97.0
-97.0
-103.0
-70.0
-44.0
-53.0
-7.0
-8.0
4.0
10.0
-20.0
-26.0
-56.0
-43.0
-55.0
-67.0
-36.0
-37.0
-62.0
-69.0
-59.0
-53.0
-18.0
-13.0
-11.0
-5.0
-29.0
-23.0
12.0
-21.0
-33.0
-53.0
-55.0
-42.0
-45.0
-31.0
-56.0
-44.0
-13.0
-33.0
-35.0
-34.0
-45.0
-58.0
-77.0
-39.0
-8.0
-10.0
10.0
17.0
8.0
32.0
-2.0
-8.0
7.0
3.0
14.0
17.0
-4.0
0.0
4.0
-3.0
-5.0
-10.0
7.0
4.0
-6.0
2.0
-2.0
6.0
14.0
-15.0
-4.0
-8.0
-35.0
-21.0
-4.0
-14.0
5.0
-5.0
-11.0
-6.0
-29.0
-25.0
-30.0
-2.0
11.0
-25.0
-19.0
-16.0
-30.0
-16.0
-10.0
8.0
14.0
-4.0
-6.0
-15.0
-17.0
-5.0
-2.0
-26.0
-15.0
-20.0
-25.0
-14.0
-29.0
-26.0
-37.0
-74.0
-62.0
-54.0
-45.0
-42.0
-44.0
-26.0
-25.0
-40.0
-8.0
-7.0
-12.0
-21.0
-45.0
-36.0
-51.0
-46.0
-10.0
-41.0
-25.0
0.0
4.0
18.0
4.0
5.0
22.0
2.0
7.0
15.0
8.0
4.0
8.0
14.0
16.0
7.0
26.0
51.0
27.0
37.0
27.0
3.0
-5.0
-5.0
-8.0
6.0
-7.0
16.0
14.0
-1.0
26.0
22.0
16.0
33.0
22.0
32.0
25.0
30.0
52.0
30.0
15.0
18.0
20.0
22.0
16.0
32.0
34.0
18.0
23.0
31.0
7.0
2.0
18.0
10.0
5.0
0.0
12.0
2.0
27.0
59.0
41.0
18.0
43.0
25.0
32.0
58.0
52.0
39.0
19.0
19.0
35.0
10.0
-4.0
31.0
26.0
37.0
35.0
39.0
46.0
29.0
48.0
36.0
4.0
17.0
26.0
-4.0
17.0
19.0
8.0
14.0
5.0
32.0
24.0
26.0
45.0
30.0
13.0
26.0
11.0
-2.0
16.0
14.0
34.0
34.0
32.0
43.0
30.0
41.0
33.0
37.0
54.0
32.0
21.0
48.0
43.0
52.0
39.0
14.0
2.0
-13.0
37.0
21.0
-16.0
8.0
11.0
4.0
54.0
35.0
20.0
22.0
2.0
20.0
4.0
10.0
14.0
-6.0
11.0
26.0
32.0
42.0
49.0
61.0
77.0
64.0
56.0
49.0
50.0
72.0
41.0
32.0
44.0
3.0
16.0
33.0
7.0
40.0
45.0
53.0
70.0
86.0
107.0
107.0
78.0
74.0
37.0
46.0
76.0
28.0
18.0
11.0
12.0
40.0
51.0
48.0
81.0
88.0
101.0
109.0
80.0
82.0
76.0
79.0
109.0
84.0
90.0
88.0
60.0
56.0
39.0
39.0
49.0
45.0
55.0
37.0
64.0
76.0
60.0
69.0
78.0
58.0
63.0
90.0
62.0
79.0
72.0
56.0
53.0
58.0
65.0
60.0
58.0
57.0
43.0
48.0
48.0
40.0
44.0
42.0
24.0
51.0
31.0
34.0
50.0
54.0
72.0
79.0
55.0
51.0
58.0
48.0
47.0
24.0
39.0
58.0
39.0
56.0
56.0
33.0
63.0
41.0
29.0
45.0
41.0
46.0
39.0
49.0
42.0
2.0
22.0
19.0
-8.0
19.0
35.0
24.0
9.0
13.0
38.0
39.0
33.0
21.0
-2.0
16.0
29.0
6.0
4.0
-10.0
-17.0
4.0
-23.0
-53.0
-2.0
-15.0
-21.0
6.0
-7.0
6.0
1.0
-11.0
-7.0
-27.0
2.0
5.0
-4.0
6.0
-1.0
-9.0
7.0
16.0
20.0
13.0
-11.0
-4.0
-10.0
1.0
4.0
-29.0
-24.0
-12.0
-20.0
-16.0
-3.0
-10.0
4.0
-8.0
-4.0
21.0
3.0
8.0
26.0
12.0
11.0
-8.0
-9.0
-1.0
-34.0
-21.0
-20.0
-32.0
-30.0
-36.0
-15.0
11.0
4.0
10.0
14.0
5.0
11.0
12.0
2.0
16.0
-10.0
15.0
26.0
22.0
27.0
-16.0
2.0
1.0
-27.0
-4.0
9.0
-7.0
-14.0
-10.0
7.0
-8.0
-17.0
-2.0
-4.0
-21.0
-17.0
-3.0
-9.0
-17.0
-26.0
-28.0
-14.0
-5.0
0.0
0.0
0.0
0.0
0.0
0.0
0.0
0.0
0.0
0.0
0.0
0.0
0.0
0.0
0.0
0.0
0.0
0.0
0.0
0.0
0.0
0.0
0.0
0.0
0.0
0.0
0.0
0.0
0.0
0.0
0.0
0.0
0.0
0.0
0.0
0.0
0.0
0.0
0.0
0.0
0.0
0.0
0.0
0.0
0.0
0.0
0.0
0.0
0.0
0.0
0.0
0.0
0.0
0.0
0.0
0.0
0.0
0.0
0.0
0.0
0.0
0.0
0.0
0.0
0.0
0.0
0.0
0.0
0.0
0.0
0.0
0.0
0.0
0.0
0.0
0.0
0.0
0.0
0.0
0.0
0.0
0.0
0.0
0.0
0.0
0.0
0.0
0.0
0.0
0.0
0.0
0.0
0.0
0.0
0.0
0.0
0.0
0.0
0.0
0.0
0.0
0.0
0.0
0.0
0.0
0.0
0.0
0.0
0.0
0.0
0.0
0.0
0.0
0.0
0.0
0.0
0.0
0.0
0.0
0.0
0.0
0.0
0.0
0.0
0.0
0.0
0.0
0.0
0.0
0.0
0.0
0.0
0.0
0.0
0.0
0.0
0.0
0.0
0.0
0.0
0.0
0.0
0.0
0.0
