26.0
105.0
203.0
190.0
263.0
283.0
265.0
285.0
233.0
249.0
250.0
168.0
206.0
168.0
101.0
114.0
39.0
55.0
42.0
-52.0
-21.0
-46.0
-88.0
-63.0
-140.0
-123.0
-109.0
-169.0
-103.0
-126.0
-152.0
-93.0
-144.0
-121.0
-74.0
-116.0
-69.0
-106.0
-177.0
-136.0
-172.0
-153.0
-138.0
-175.0
-104.0
-129.0
-160.0
-103.0
-150.0
-127.0
-92.0
-147.0
-90.0
-92.0
-117.0
-61.0
-118.0
-96.0
-70.0
-134.0
-77.0
-92.0
-134.0
-81.0
-122.0
-93.0
-50.0
-84.0
-42.0
-86.0
-103.0
-35.0
-96.0
-64.0
-14.0
-67.0
-37.0
-43.0
-62.0
-17.0
-74.0
-53.0
-7.0
-74.0
-44.0
-60.0
-90.0
-37.0
-84.0
-54.0
-26.0
-93.0
-42.0
-50.0
-67.0
-8.0
-75.0
-60.0
-23.0
-84.0
-61.0
-89.0
-103.0
-36.0
-89.0
-84.0
-65.0
-102.0
-26.0
-54.0
-113.0
-51.0
-95.0
-95.0
-70.0
-108.0
-36.0
-43.0
-86.0
-21.0
-80.0
-78.0
-40.0
-97.0
-41.0
-50.0
-75.0
-8.0
-50.0
-26.0
-2.0
-84.0
-26.0
-28.0
-81.0
-46.0
-81.0
-45.0
-21.0
-96.0
-25.0
-33.0
-70.0
-14.0
-73.0
-43.0
0.0
-64.0
-21.0
-41.0
-55.0
16.0
-41.0
-36.0
-3.0
-67.0
-13.0
-24.0
-51.0
29.0
-42.0
-52.0
-7.0
-65.0
-39.0
-53.0
-68.0
-13.0
-82.0
-76.0
-34.0
-83.0
-28.0
-36.0
-74.0
-11.0
-71.0
-65.0
-14.0
-68.0
-20.0
-57.0
-109.0
-43.0
-75.0
-39.0
15.0
-57.0
-29.0
-50.0
-106.0
-52.0
-77.0
-38.0
-3.0
-79.0
-41.0
-55.0
-96.0
-41.0
-69.0
-53.0
-16.0
-59.0
-6.0
-14.0
-52.0
4.0
-50.0
-43.0
4.0
-40.0
-3.0
-30.0
-59.0
-14.0
-62.0
-41.0
-16.0
-71.0
-19.0
-23.0
-70.0
-4.0
-44.0
-27.0
-1.0
-71.0
-24.0
-41.0
-68.0
2.0
-64.0
-49.0
-4.0
-51.0
-17.0
-45.0
-67.0
-7.0
-50.0
-46.0
-13.0
-79.0
-28.0
-22.0
-68.0
-12.0
-62.0
-50.0
4.0
-63.0
-22.0
-22.0
-59.0
-15.0
-76.0
-72.0
-35.0
-95.0
-36.0
-33.0
-78.0
-24.0
-64.0
-54.0
-15.0
-60.0
-17.0
-37.0
-62.0
-1.0
-72.0
-61.0
-22.0
-73.0
-29.0
-45.0
-75.0
-20.0
-59.0
-36.0
-13.0
-68.0
-10.0
-22.0
-67.0
14.0
-30.0
-48.0
-9.0
-58.0
-7.0
-26.0
-67.0
2.0
-50.0
-53.0
-13.0
-64.0
-4.0
-14.0
-48.0
-5.0
-52.0
-37.0
2.0
-67.0
-43.0
-40.0
-60.0
-8.0
-60.0
-43.0
-14.0
-84.0
-24.0
-14.0
-55.0
2.0
-49.0
-49.0
-15.0
-71.0
-25.0
-37.0
-70.0
-6.0
-39.0
-27.0
-17.0
-108.0
-56.0
-32.0
-60.0
16.0
-36.0
-55.0
-2.0
-56.0
-13.0
-1.0
-49.0
3.0
-39.0
-44.0
-2.0
-73.0
-32.0
-31.0
-65.0
10.0
-31.0
-32.0
-9.0
-76.0
-20.0
-20.0
-73.0
-25.0
-73.0
-54.0
8.0
-46.0
-5.0
-26.0
-72.0
-15.0
-71.0
-62.0
-5.0
-67.0
-27.0
-33.0
-69.0
-18.0
-60.0
-51.0
-18.0
-82.0
-38.0
-32.0
-67.0
-7.0
-55.0
-58.0
-18.0
-69.0
-15.0
-25.0
-62.0
5.0
-55.0
-69.0
-26.0
-87.0
-42.0
-43.0
-76.0
-13.0
-52.0
-51.0
-27.0
-93.0
-43.0
-29.0
-64.0
-10.0
-60.0
-58.0
-8.0
-62.0
-29.0
-44.0
-71.0
-6.0
-56.0
-62.0
-7.0
-58.0
-3.0
-28.0
-68.0
8.0
-32.0
-30.0
11.0
-68.0
-22.0
-11.0
-55.0
9.0
-32.0
-43.0
-5.0
-62.0
2.0
6.0
-48.0
13.0
-23.0
-51.0
-15.0
-67.0
-37.0
-48.0
-82.0
0.0
-34.0
-35.0
6.0
-61.0
-15.0
-19.0
-70.0
2.0
-30.0
-30.0
6.0
-65.0
-28.0
-23.0
-57.0
23.0
-1.0
-8.0
-5.0
-93.0
-39.0
-15.0
-60.0
-6.0
-50.0
-44.0
9.0
-53.0
-30.0
-14.0
-44.0
14.0
-37.0
-49.0
-3.0
-63.0
-25.0
-15.0
-33.0
31.0
-32.0
-38.0
6.0
-61.0
-21.0
-22.0
-81.0
-11.0
-52.0
-58.0
-4.0
-67.0
-27.0
-7.0
-49.0
23.0
-14.0
-30.0
12.0
-51.0
-10.0
6.0
-49.0
-12.0
-41.0
-55.0
-28.0
-76.0
-18.0
-7.0
-75.0
-23.0
-54.0
-40.0
-1.0
-76.0
-29.0
-15.0
-57.0
5.0
-40.0
-66.0
-24.0
-79.0
-54.0
-32.0
-58.0
12.0
-25.0
-34.0
18.0
-36.0
-4.0
-15.0
-69.0
-5.0
-35.0
-44.0
4.0
-62.0
-30.0
-15.0
-74.0
-35.0
-67.0
-79.0
-17.0
-60.0
-20.0
-6.0
-61.0
-6.0
-31.0
-29.0
10.0
-56.0
-25.0
-16.0
-68.0
3.0
-36.0
-53.0
-4.0
-71.0
-27.0
-13.0
-72.0
-7.0
-37.0
-49.0
-2.0
-63.0
-23.0
-9.0
-65.0
-8.0
-52.0
-47.0
6.0
-82.0
-58.0
-48.0
-95.0
-32.0
-60.0
-69.0
-9.0
-60.0
-15.0
-6.0
-59.0
3.0
-4.0
4.0
37.0
-44.0
-39.0
-39.0
-93.0
-20.0
-43.0
-58.0
8.0
-35.0
-23.0
-27.0
-69.0
7.0
-34.0
-49.0
5.0
-54.0
-34.0
-32.0
-71.0
6.0
4.0
-22.0
-4.0
-73.0
-45.0
-37.0
-77.0
-14.0
-36.0
-42.0
4.0
-72.0
-41.0
-21.0
-72.0
1.0
-27.0
-59.0
-15.0
-67.0
-38.0
-27.0
-72.0
7.0
-12.0
-25.0
34.0
-24.0
-22.0
-25.0
-77.0
-2.0
-36.0
-82.0
-41.0
-80.0
-49.0
-38.0
-74.0
-2.0
-30.0
-34.0
21.0
-36.0
-13.0
0.0
-41.0
16.0
-13.0
-45.0
2.0
-59.0
-37.0
-11.0
-73.0
-27.0
-42.0
-49.0
13.0
-44.0
-21.0
-13.0
-72.0
-9.0
-39.0
-43.0
2.0
-55.0
-17.0
-4.0
-74.0
-13.0
-26.0
-30.0
12.0
-46.0
-20.0
-14.0
-70.0
-5.0
-15.0
-32.0
5.0
-47.0
-18.0
-4.0
-57.0
8.0
-23.0
-60.0
7.0
-33.0
5.0
10.0
-64.0
-8.0
-35.0
-56.0
8.0
-39.0
-11.0
5.0
-52.0
-2.0
-18.0
-44.0
-3.0
-63.0
-41.0
-11.0
-42.0
16.0
-10.0
-26.0
29.0
-27.0
2.0
4.0
-46.0
14.0
-23.0
-51.0
6.0
-32.0
12.0
37.0
-54.0
-31.0
-53.0
-60.0
10.0
-34.0
-12.0
-4.0
-46.0
10.0
-26.0
-54.0
-1.0
-64.0
-27.0
21.0
-24.0
13.0
-13.0
-33.0
24.0
-34.0
-14.0
-8.0
-71.0
-20.0
-39.0
-51.0
10.0
-41.0
-13.0
3.0
-61.0
9.0
-12.0
-43.0
-5.0
-65.0
-35.0
-6.0
-68.0
-11.0
-22.0
-49.0
-6.0
-69.0
-46.0
-6.0
-59.0
-12.0
-27.0
-43.0
12.0
-24.0
-17.0
-16.0
-77.0
-17.0
-46.0
-62.0
-8.0
-77.0
-56.0
-21.0
-62.0
-1.0
-44.0
-56.0
26.0
-30.0
-21.0
15.0
-41.0
4.0
-21.0
-34.0
26.0
-29.0
-13.0
7.0
-54.0
10.0
-5.0
-35.0
32.0
-12.0
-6.0
19.0
-37.0
19.0
-8.0
-36.0
40.0
-8.0
-17.0
19.0
-34.0
-15.0
-42.0
-50.0
18.0
-32.0
-8.0
14.0
-46.0
7.0
-22.0
-67.0
4.0
-42.0
-27.0
13.0
-49.0
-12.0
-26.0
-51.0
-12.0
-67.0
-43.0
-9.0
-54.0
-8.0
-17.0
-44.0
14.0
-31.0
-9.0
4.0
-63.0
-2.0
-7.0
-35.0
13.0
-40.0
-9.0
15.0
-72.0
-26.0
-32.0
-64.0
6.0
-27.0
-13.0
1.0
-64.0
-8.0
1.0
-7.0
62.0
-3.0
11.0
54.0
-25.0
-7.0
-64.0
-117.0
-54.0
-99.0
-72.0
-12.0
-59.0
-20.0
-36.0
-53.0
11.0
-33.0
-17.0
26.0
-37.0
-8.0
-23.0
-57.0
7.0
-35.0
-15.0
20.0
-45.0
3.0
-17.0
-54.0
20.0
-20.0
-19.0
5.0
-36.0
28.0
8.0
-36.0
8.0
-36.0
-24.0
6.0
-55.0
-7.0
-16.0
-44.0
8.0
-34.0
-37.0
-13.0
-66.0
-5.0
-23.0
-46.0
21.0
-44.0
-38.0
-2.0
-63.0
-1.0
-10.0
-41.0
14.0
-46.0
-39.0
3.0
-54.0
10.0
-4.0
-55.0
-6.0
-51.0
-42.0
-18.0
-71.0
-22.0
-35.0
-65.0
-5.0
-58.0
-37.0
-14.0
-78.0
-29.0
-25.0
-52.0
-2.0
-53.0
-42.0
-5.0
-57.0
-10.0
-29.0
-56.0
-1.0
-44.0
-28.0
10.0
-52.0
-10.0
-27.0
-69.0
-2.0
-35.0
-24.0
8.0
-45.0
2.0
-26.0
-56.0
8.0
-51.0
-45.0
1.0
-57.0
-1.0
4.0
-34.0
1.0
-35.0
-19.0
8.0
-56.0
-9.0
-29.0
-53.0
21.0
-34.0
-24.0
6.0
-56.0
-4.0
-12.0
-55.0
12.0
-34.0
-50.0
-1.0
-50.0
-5.0
-16.0
-60.0
3.0
-16.0
-3.0
16.0
-67.0
-18.0
-23.0
-58.0
-3.0
-45.0
-23.0
26.0
-35.0
29.0
22.0
-24.0
46.0
16.0
6.0
20.0
-62.0
-26.0
-13.0
-50.0
7.0
-31.0
-22.0
0.0
-77.0
-27.0
-27.0
-73.0
-2.0
-24.0
-2.0
54.0
-15.0
31.0
33.0
-5.0
54.0
-10.0
-17.0
20.0
-46.0
-7.0
-9.0
-45.0
6.0
-43.0
-45.0
8.0
-25.0
21.0
-1.0
-39.0
22.0
-18.0
-16.0
30.0
-22.0
5.0
-6.0
-40.0
13.0
-30.0
-20.0
2.0
-76.0
-21.0
-21.0
-62.0
4.0
-29.0
-30.0
6.0
-66.0
-12.0
-4.0
-43.0
12.0
-52.0
-41.0
18.0
-44.0
-17.0
-16.0
-72.0
-24.0
-49.0
-39.0
-3.0
-66.0
-40.0
-50.0
-81.0
2.0
-33.0
-35.0
-16.0
-77.0
-14.0
-17.0
-73.0
-11.0
-52.0
-46.0
5.0
-43.0
-1.0
-8.0
-59.0
5.0
-22.0
-36.0
-4.0
-79.0
-50.0
-46.0
-90.0
-25.0
-42.0
-35.0
-2.0
-55.0
1.0
-6.0
-32.0
34.0
-39.0
-43.0
6.0
-54.0
-15.0
-15.0
-45.0
13.0
-37.0
-30.0
6.0
-68.0
-23.0
-17.0
-72.0
-18.0
-57.0
-58.0
-21.0
-80.0
-7.0
7.0
-54.0
12.0
-34.0
-55.0
-13.0
-86.0
-42.0
-29.0
-63.0
-6.0
-44.0
-40.0
4.0
-60.0
-10.0
5.0
-51.0
1.0
-36.0
-37.0
11.0
-64.0
-21.0
-5.0
-30.0
14.0
-48.0
-84.0
-43.0
-84.0
-35.0
-16.0
-45.0
22.0
-15.0
-16.0
29.0
-16.0
21.0
29.0
-24.0
8.0
-41.0
-56.0
-13.0
-72.0
-43.0
-37.0
-62.0
21.0
-17.0
-30.0
16.0
-44.0
-14.0
-25.0
-60.0
15.0
-35.0
-34.0
31.0
-29.0
3.0
14.0
-31.0
23.0
-16.0
-15.0
44.0
-23.0
12.0
20.0
-47.0
1.0
-28.0
-29.0
4.0
-52.0
-20.0
-6.0
-61.0
-29.0
-61.0
-61.0
-17.0
-69.0
-24.0
-31.0
-92.0
0.0
-18.0
-18.0
40.0
-20.0
21.0
18.0
-36.0
19.0
-24.0
-33.0
12.0
-45.0
-19.0
-40.0
-116.0
-64.0
-85.0
-72.0
3.0
-47.0
-14.0
7.0
-26.0
23.0
-23.0
-24.0
15.0
-51.0
-7.0
3.0
-42.0
19.0
-26.0
-31.0
30.0
-37.0
-8.0
6.0
-36.0
34.0
-5.0
-35.0
13.0
-39.0
-15.0
-4.0
-49.0
10.0
-20.0
-20.0
16.0
-45.0
12.0
7.0
-62.0
4.0
-20.0
-39.0
21.0
-42.0
-21.0
-17.0
-61.0
-7.0
-35.0
-27.0
4.0
-71.0
-16.0
-7.0
-60.0
6.0
-23.0
-43.0
12.0
-58.0
-32.0
-20.0
-71.0
-11.0
-28.0
-17.0
65.0
8.0
-6.0
-43.0
-110.0
-50.0
-67.0
-57.0
11.0
-36.0
-19.0
-14.0
-63.0
-18.0
-62.0
-67.0
-2.0
-61.0
-10.0
23.0
-35.0
7.0
-25.0
-36.0
3.0
-51.0
-16.0
-8.0
-67.0
-9.0
-41.0
-50.0
4.0
-67.0
-49.0
-23.0
-71.0
-9.0
-29.0
-19.0
51.0
-16.0
3.0
8.0
-52.0
3.0
-40.0
-44.0
5.0
-67.0
-24.0
3.0
-67.0
-24.0
-49.0
-67.0
-16.0
-53.0
-27.0
-12.0
-48.0
-2.0
-37.0
-45.0
10.0
-33.0
3.0
11.0
-50.0
-1.0
-26.0
-55.0
-11.0
-56.0
-27.0
-14.0
-73.0
-13.0
-33.0
-44.0
13.0
-50.0
-29.0
-16.0
-63.0
3.0
-18.0
-33.0
22.0
-32.0
-5.0
10.0
-48.0
4.0
-21.0
-35.0
25.0
-38.0
-19.0
7.0
-48.0
20.0
-4.0
-32.0
26.0
-46.0
-23.0
1.0
-44.0
18.0
-16.0
-32.0
32.0
-3.0
16.0
16.0
-53.0
-2.0
-14.0
-22.0
42.0
-25.0
-10.0
4.0
-45.0
6.0
-38.0
-66.0
-4.0
-56.0
-21.0
2.0
-53.0
13.0
13.0
3.0
58.0
5.0
30.0
22.0
-89.0
-44.0
-47.0
-76.0
-15.0
-58.0
-25.0
17.0
-37.0
-7.0
-24.0
-31.0
21.0
-27.0
13.0
40.0
-17.0
29.0
-3.0
-21.0
31.0
-27.0
-2.0
33.0
-16.0
40.0
-7.0
-39.0
15.0
-58.0
-23.0
12.0
-45.0
6.0
-20.0
-42.0
24.0
-30.0
-16.0
12.0
-33.0
29.0
1.0
-28.0
19.0
-50.0
-37.0
-25.0
-89.0
-23.0
-26.0
-49.0
-15.0
-55.0
-10.0
-8.0
-81.0
-22.0
-20.0
-36.0
24.0
-18.0
2.0
13.0
-52.0
-6.0
-37.0
-46.0
17.0
-40.0
-27.0
-4.0
-56.0
7.0
-16.0
-46.0
6.0
-53.0
-47.0
-6.0
-37.0
24.0
8.0
-24.0
6.0
-55.0
-8.0
27.0
-37.0
5.0
-10.0
-25.0
40.0
-36.0
-22.0
6.0
-47.0
7.0
-19.0
-28.0
35.0
-29.0
-12.0
14.0
-29.0
51.0
32.0
-16.0
29.0
-35.0
-7.0
17.0
-50.0
-8.0
-33.0
-62.0
6.0
-39.0
-13.0
20.0
-36.0
-2.0
-6.0
-26.0
23.0
-20.0
14.0
45.0
-35.0
-16.0
-62.0
-92.0
-31.0
-80.0
-45.0
-10.0
-78.0
-23.0
-36.0
-55.0
-4.0
-55.0
-31.0
12.0
-34.0
31.0
37.0
45.0
132.0
113.0
153.0
205.0
183.0
267.0
271.0
254.0
297.0
282.0
279.0
278.0
239.0
267.0
214.0
168.0
221.0
155.0
134.0
138.0
55.0
66.0
18.0
-31.0
9.0
-52.0
-44.0
-25.0
-110.0
-92.0
-110.0
-137.0
-94.0
-148.0
-135.0
-124.0
-190.0
-141.0
-162.0
-180.0
-114.0
-171.0
-158.0
-117.0
-168.0
-125.0
-145.0
-184.0
-111.0
-130.0
-109.0
-78.0
-147.0
-110.0
-132.0
-162.0
-99.0
-148.0
-126.0
-81.0
-139.0
-85.0
-107.0
-138.0
-74.0
-116.0
-90.0
-69.0
-125.0
-67.0
-86.0
-127.0
-81.0
-142.0
-120.0
-50.0
-96.0
-59.0
-64.0
-82.0
-33.0
-77.0
-62.0
-48.0
-110.0
-54.0
-67.0
-87.0
-34.0
-93.0
-87.0
-58.0
-116.0
-54.0
-55.0
-94.0
-45.0
-85.0
-80.0
-48.0
-102.0
-67.0
-68.0
-77.0
-35.0
-97.0
-88.0
-65.0
-133.0
-60.0
-44.0
-73.0
-52.0
-129.0
-100.0
-48.0
-128.0
-77.0
-58.0
-77.0
-29.0
-74.0
-65.0
-54.0
-126.0
-67.0
-64.0
-96.0
-21.0
-80.0
-65.0
-20.0
-88.0
-54.0
-62.0
-88.0
-34.0
-71.0
-64.0
-39.0
-100.0
-56.0
-59.0
-95.0
-58.0
-99.0
-72.0
-14.0
-63.0
-4.0
-11.0
-67.0
-27.0
-71.0
-62.0
-29.0
-73.0
-14.0
-30.0
-94.0
-40.0
-66.0
-60.0
-26.0
-73.0
-11.0
2.0
-37.0
12.0
-37.0
-33.0
-18.0
-72.0
-24.0
-25.0
-67.0
-11.0
-63.0
-48.0
10.0
-41.0
-8.0
-15.0
-53.0
-3.0
-57.0
-54.0
2.0
-50.0
1.0
-8.0
-64.0
-27.0
-55.0
-37.0
-11.0
-69.0
-27.0
-41.0
-61.0
14.0
-36.0
-44.0
-22.0
-83.0
-30.0
-41.0
-87.0
-35.0
-79.0
-52.0
-12.0
-96.0
-55.0
-59.0
-83.0
3.0
-30.0
-17.0
15.0
-59.0
-14.0
-6.0
-52.0
-9.0
-62.0
-68.0
-45.0
-94.0
-13.0
-7.0
-30.0
40.0
-14.0
-13.0
9.0
-73.0
-26.0
-26.0
-63.0
3.0
-53.0
-62.0
-11.0
-60.0
-38.0
-47.0
-44.0
25.0
-31.0
-38.0
-33.0
-134.0
-100.0
-77.0
-102.0
-41.0
-70.0
-59.0
-9.0
-75.0
-65.0
-70.0
-83.0
-21.0
-40.0
-19.0
-5.0
-77.0
-15.0
-21.0
-62.0
8.0
-38.0
-48.0
9.0
-40.0
10.0
-2.0
-50.0
18.0
-5.0
-12.0
10.0
-56.0
-28.0
-29.0
-64.0
-5.0
-50.0
-46.0
-12.0
-82.0
-32.0
-28.0
-61.0
16.0
-36.0
-52.0
-23.0
-78.0
-25.0
-17.0
-62.0
-1.0
-33.0
-28.0
17.0
-43.0
-12.0
-14.0
-54.0
23.0
-41.0
-64.0
-28.0
-64.0
-1.0
-8.0
-56.0
-5.0
-56.0
-60.0
-11.0
-66.0
-15.0
6.0
-34.0
9.0
-34.0
-40.0
-15.0
-78.0
-53.0
-71.0
-110.0
-30.0
-62.0
-61.0
-13.0
-67.0
-25.0
-16.0
-69.0
-15.0
-43.0
-42.0
0.0
-73.0
-35.0
-30.0
-75.0
-11.0
-50.0
-49.0
6.0
-54.0
-20.0
-14.0
-43.0
8.0
-54.0
-71.0
-30.0
-80.0
-35.0
-29.0
-75.0
-26.0
-68.0
-68.0
-23.0
-89.0
-35.0
-16.0
-48.0
-2.0
-57.0
-81.0
-60.0
-129.0
-83.0
-66.0
-97.0
-30.0
-61.0
-48.0
4.0
-60.0
-36.0
-37.0
-78.0
-19.0
-55.0
-53.0
-2.0
-56.0
-24.0
-8.0
-30.0
16.0
-76.0
-95.0
-23.0
-65.0
-26.0
-21.0
-53.0
7.0
-51.0
-62.0
-21.0
-77.0
-35.0
-20.0
-67.0
-3.0
-32.0
-41.0
10.0
-34.0
23.0
38.0
-22.0
32.0
5.0
3.0
59.0
16.0
72.0
75.0
46.0
105.0
65.0
75.0
129.0
85.0
142.0
143.0
86.0
154.0
108.0
77.0
115.0
41.0
48.0
31.0
-48.0
-17.0
-41.0
-39.0
-4.0
-95.0
-68.0
-49.0
-101.0
-51.0
-96.0
-84.0
-22.0
-96.0
-60.0
-61.0
-112.0
-45.0
-93.0
-97.0
-32.0
-119.0
-90.0
-78.0
-135.0
-72.0
-83.0
-73.0
-37.0
-111.0
-78.0
-78.0
-117.0
-44.0
-70.0
-70.0
-30.0
-103.0
-65.0
-62.0
-107.0
-37.0
-73.0
-72.0
-6.0
-83.0
-51.0
-27.0
-70.0
-17.0
-39.0
-59.0
-30.0
-81.0
-37.0
-26.0
-76.0
-16.0
-45.0
-74.0
-30.0
-87.0
-56.0
-41.0
-99.0
-46.0
-71.0
-61.0
-23.0
-97.0
-56.0
-49.0
-98.0
-22.0
-48.0
-59.0
-29.0
-86.0
-49.0
-36.0
-78.0
-13.0
-43.0
-60.0
-5.0
-80.0
-51.0
-29.0
-70.0
-14.0
-40.0
-53.0
-16.0
-67.0
-37.0
-35.0
-88.0
-27.0
-64.0
-78.0
-11.0
-56.0
-55.0
-45.0
-80.0
-13.0
-48.0
-61.0
19.0
-29.0
-24.0
-47.0
-103.0
-40.0
-64.0
-71.0
-5.0
-42.0
-22.0
-10.0
-60.0
-13.0
-51.0
-64.0
-7.0
-54.0
-29.0
-16.0
-71.0
-5.0
-41.0
-67.0
-1.0
-50.0
-36.0
-20.0
-48.0
25.0
-13.0
-25.0
28.0
-23.0
4.0
4.0
-52.0
12.0
-8.0
-33.0
15.0
-43.0
-20.0
-5.0
-39.0
18.0
-27.0
-50.0
13.0
-39.0
-17.0
-4.0
-64.0
-13.0
-49.0
-51.0
1.0
-66.0
-30.0
-13.0
-80.0
-14.0
-22.0
-38.0
3.0
-44.0
-14.0
-14.0
-67.0
3.0
-16.0
-49.0
-24.0
-80.0
-32.0
-16.0
-78.0
-21.0
-67.0
-81.0
-34.0
-95.0
-52.0
-21.0
-64.0
10.0
-25.0
-53.0
-4.0
-76.0
-46.0
-20.0
-72.0
-23.0
-56.0
-76.0
-29.0
-78.0
-40.0
-29.0
-82.0
-18.0
-37.0
-47.0
10.0
-58.0
-41.0
-33.0
-84.0
-39.0
-68.0
-80.0
-20.0
-67.0
-34.0
-45.0
-88.0
-27.0
-39.0
-35.0
24.0
-40.0
-10.0
2.0
-56.0
3.0
-27.0
-49.0
-10.0
-68.0
-43.0
-30.0
-62.0
10.0
-12.0
-27.0
25.0
-30.0
-8.0
15.0
-33.0
25.0
-3.0
-44.0
-17.0
-76.0
-44.0
-13.0
-54.0
8.0
-26.0
-54.0
7.0
-59.0
-42.0
-11.0
-52.0
16.0
6.0
-29.0
2.0
-61.0
-41.0
-17.0
-79.0
-18.0
-31.0
-42.0
4.0
-48.0
-21.0
-13.0
-69.0
-21.0
-55.0
-72.0
-22.0
-73.0
-37.0
-15.0
-60.0
11.0
-20.0
-64.0
-18.0
-77.0
-34.0
-8.0
-77.0
-20.0
-25.0
-35.0
26.0
-32.0
-21.0
-2.0
-40.0
13.0
-21.0
-60.0
-33.0
-91.0
-52.0
-32.0
-87.0
-29.0
-45.0
-70.0
4.0
-55.0
-37.0
6.0
-39.0
21.0
3.0
-42.0
-8.0
-68.0
-63.0
-65.0
-116.0
-52.0
-69.0
-68.0
5.0
-46.0
-13.0
7.0
-57.0
8.0
-11.0
-28.0
24.0
-42.0
-35.0
-23.0
-71.0
-12.0
-40.0
-92.0
-42.0
-81.0
-33.0
6.0
-46.0
20.0
-11.0
-54.0
11.0
-31.0
-16.0
5.0
-56.0
-7.0
-25.0
-51.0
6.0
-33.0
-18.0
-5.0
-58.0
8.0
-2.0
-27.0
24.0
-14.0
10.0
39.0
-44.0
-11.0
-32.0
-68.0
-15.0
-64.0
-51.0
-26.0
-72.0
-26.0
-43.0
-45.0
27.0
-12.0
29.0
82.0
21.0
56.0
19.0
-26.0
5.0
-77.0
-70.0
-49.0
-107.0
-41.0
-28.0
-46.0
-2.0
-51.0
-13.0
28.0
-18.0
50.0
15.0
-27.0
25.0
-27.0
-13.0
15.0
-40.0
9.0
-29.0
-81.0
-29.0
-72.0
-40.0
-17.0
-56.0
21.0
0.0
-37.0
25.0
-21.0
2.0
8.0
-62.0
-10.0
-30.0
-51.0
18.0
-28.0
-6.0
18.0
-45.0
-4.0
-26.0
-55.0
5.0
-35.0
-5.0
26.0
-33.0
21.0
11.0
-8.0
41.0
-23.0
1.0
25.0
-40.0
5.0
-27.0
-68.0
-6.0
-40.0
-27.0
-1.0
-45.0
10.0
-12.0
-46.0
23.0
-31.0
-17.0
13.0
-53.0
1.0
-36.0
-76.0
-35.0
-83.0
-62.0
-35.0
-68.0
-8.0
-30.0
-65.0
-16.0
-67.0
-44.0
-2.0
-58.0
-12.0
-31.0
-60.0
5.0
-41.0
-23.0
-19.0
-93.0
-26.0
-36.0
-82.0
-29.0
-93.0
-68.0
-12.0
-73.0
-32.0
-42.0
-61.0
4.0
-56.0
-61.0
-33.0
-77.0
-22.0
-15.0
-49.0
-15.0
-74.0
-54.0
-28.0
-93.0
-51.0
-63.0
-88.0
-13.0
-49.0
-33.0
0.0
-60.0
1.0
-8.0
-45.0
20.0
-40.0
-21.0
-3.0
-68.0
-16.0
-33.0
-73.0
-6.0
-37.0
-18.0
3.0
-65.0
-22.0
-22.0
-61.0
3.0
-58.0
-47.0
-11.0
-58.0
-25.0
-37.0
-46.0
21.0
-23.0
-12.0
7.0
-59.0
-12.0
-20.0
-52.0
6.0
-31.0
-24.0
8.0
-27.0
31.0
-15.0
-93.0
-31.0
-59.0
-45.0
1.0
-56.0
-8.0
-14.0
-45.0
-1.0
-53.0
-24.0
17.0
-41.0
-4.0
-9.0
-10.0
63.0
2.0
23.0
73.0
-13.0
19.0
-3.0
-42.0
18.0
-26.0
5.0
79.0
32.0
102.0
142.0
164.0
269.0
247.0
245.0
289.0
268.0
285.0
275.0
240.0
260.0
171.0
169.0
195.0
106.0
122.0
87.0
39.0
73.0
11.0
-4.0
8.0
-69.0
-25.0
-59.0
-116.0
-68.0
-122.0
-109.0
-90.0
-156.0
-130.0
-142.0
-172.0
-117.0
-171.0
-153.0
-107.0
-158.0
-96.0
-86.0
-130.0
-91.0
-138.0
-135.0
-101.0
-144.0
-89.0
-105.0
-135.0
-78.0
-140.0
-119.0
-92.0
-156.0
-83.0
-83.0
-130.0
-58.0
-87.0
-73.0
-43.0
-110.0
-47.0
-41.0
-93.0
-50.0
-95.0
-97.0
-79.0
-160.0
-117.0
-120.0
-140.0
-76.0
-121.0
-102.0
-49.0
-107.0
-53.0
-48.0
-89.0
-34.0
-72.0
-39.0
-2.0
-74.0
-16.0
-13.0
-95.0
-83.0
-149.0
-149.0
-107.0
-150.0
-97.0
-97.0
-130.0
-62.0
-89.0
-77.0
-34.0
-91.0
-46.0
-38.0
-58.0
16.0
-28.0
-53.0
-17.0
-67.0
-34.0
-31.0
-71.0
-7.0
-40.0
-33.0
-11.0
-86.0
-55.0
-51.0
-80.0
-39.0
-80.0
-73.0
-14.0
-64.0
-45.0
-43.0
-85.0
-42.0
-65.0
-52.0
-16.0
-70.0
-27.0
-18.0
-43.0
-17.0
-85.0
-76.0
-25.0
-73.0
-30.0
-67.0
-127.0
-62.0
-97.0
-88.0
-59.0
-117.0
-67.0
-70.0
-95.0
-21.0
-52.0
-35.0
22.0
-36.0
1.0
18.0
-51.0
-20.0
-69.0
-68.0
-38.0
-100.0
-69.0
-70.0
-99.0
-29.0
-87.0
-83.0
-20.0
-70.0
-31.0
-20.0
-49.0
29.0
-11.0
-16.0
23.0
-50.0
-45.0
-69.0
-99.0
-27.0
-74.0
-91.0
-44.0
-92.0
-57.0
-65.0
-101.0
-15.0
-38.0
-41.0
-7.0
-52.0
10.0
0.0
-52.0
25.0
-33.0
-69.0
-36.0
-98.0
-67.0
-72.0
-93.0
-22.0
-62.0
-72.0
-37.0
-81.0
-6.0
9.0
-51.0
-12.0
-63.0
-55.0
8.0
-56.0
-34.0
-26.0
-71.0
-3.0
-50.0
-68.0
-19.0
-69.0
-25.0
-20.0
-60.0
20.0
-5.0
-18.0
22.0
-34.0
-1.0
-2.0
-27.0
55.0
16.0
-11.0
8.0
-43.0
5.0
0.0
-58.0
-6.0
-73.0
-85.0
-43.0
-94.0
-56.0
-73.0
-130.0
-84.0
-127.0
-135.0
-81.0
-98.0
-18.0
-10.0
-69.0
-16.0
-72.0
-110.0
-75.0
-126.0
-109.0
-121.0
-135.0
-61.0
-99.0
-92.0
-30.0
-82.0
-29.0
-26.0
-77.0
-13.0
-83.0
-102.0
-49.0
-120.0
-92.0
-60.0
-118.0
-71.0
-107.0
-119.0
-68.0
-111.0
-70.0
-49.0
-52.0
25.0
7.0
11.0
60.0
-10.0
23.0
42.0
7.0
54.0
3.0
-2.0
39.0
-46.0
-29.0
-44.0
-84.0
-12.0
-35.0
-24.0
31.0
-18.0
19.0
5.0
-52.0
1.0
-26.0
-34.0
-6.0
-76.0
-43.0
-55.0
-92.0
-13.0
-37.0
-45.0
-10.0
-68.0
-14.0
8.0
-43.0
5.0
-25.0
-37.0
13.0
-32.0
6.0
-4.0
-60.0
-11.0
-58.0
-68.0
-41.0
-91.0
-33.0
-5.0
-71.0
-33.0
-56.0
-26.0
35.0
-31.0
12.0
35.0
-25.0
-3.0
-33.0
-31.0
-8.0
-70.0
-34.0
-15.0
-72.0
-1.0
5.0
11.0
48.0
-22.0
18.0
20.0
-25.0
22.0
-16.0
-26.0
9.0
-75.0
-27.0
-7.0
-78.0
-33.0
-52.0
-51.0
11.0
-52.0
-17.0
11.0
-36.0
24.0
-25.0
-52.0
-5.0
-70.0
-32.0
-19.0
-80.0
-8.0
-17.0
-44.0
-3.0
-48.0
0.0
15.0
-35.0
21.0
4.0
-5.0
37.0
-40.0
-9.0
3.0
-49.0
2.0
-22.0
-42.0
-15.0
-82.0
-62.0
-41.0
-81.0
-6.0
-44.0
-86.0
-31.0
-62.0
-11.0
8.0
-62.0
-8.0
-22.0
-51.0
-11.0
-62.0
-17.0
-10.0
-67.0
1.0
-35.0
-37.0
24.0
-24.0
13.0
34.0
-46.0
-12.0
-21.0
-22.0
11.0
-53.0
-16.0
-20.0
-56.0
16.0
-32.0
-58.0
-3.0
-55.0
-14.0
12.0
-49.0
-12.0
-46.0
-63.0
-35.0
-91.0
-40.0
-26.0
-69.0
7.0
-22.0
-33.0
-2.0
-76.0
-50.0
-34.0
-62.0
11.0
-26.0
-53.0
-8.0
-77.0
-50.0
-35.0
-95.0
-30.0
-45.0
-64.0
-17.0
-70.0
-35.0
-23.0
-89.0
-20.0
-15.0
-9.0
29.0
-61.0
-38.0
-24.0
-65.0
-5.0
-54.0
-77.0
-26.0
-82.0
-32.0
3.0
-52.0
-2.0
-23.0
-36.0
17.0
-27.0
12.0
34.0
-31.0
16.0
-15.0
-42.0
1.0
-59.0
-31.0
-23.0
-69.0
1.0
-34.0
-55.0
4.0
-50.0
-20.0
15.0
-41.0
1.0
-27.0
-36.0
14.0
-67.0
-32.0
-7.0
-60.0
-8.0
-42.0
-63.0
-6.0
-83.0
-57.0
-23.0
-55.0
16.0
-1.0
-14.0
22.0
-50.0
-37.0
-18.0
-74.0
-6.0
-30.0
-58.0
4.0
-46.0
-11.0
26.0
-4.0
77.0
84.0
78.0
151.0
126.0
183.0
228.0
188.0
263.0
258.0
224.0
259.0
187.0
203.0
220.0
152.0
200.0
157.0
117.0
162.0
81.0
96.0
108.0
43.0
83.0
27.0
-17.0
1.0
-90.0
-86.0
-77.0
-137.0
-74.0
-114.0
-144.0
-92.0
-156.0
-146.0
-121.0
-165.0
-121.0
-143.0
-165.0
-117.0
-151.0
-115.0
-107.0
-159.0
-99.0
-120.0
-136.0
-84.0
-140.0
-120.0
-99.0
-148.0
-83.0
-84.0
-124.0
-91.0
-133.0
-112.0
-99.0
-137.0
-64.0
-99.0
-116.0
-58.0
-111.0
-107.0
-95.0
-134.0
-70.0
-99.0
-129.0
-86.0
-131.0
-84.0
-55.0
-103.0
-52.0
-74.0
-86.0
-19.0
-80.0
-63.0
-48.0
-106.0
-40.0
-55.0
-119.0
-103.0
-150.0
-102.0
-49.0
-95.0
-36.0
-44.0
-55.0
-6.0
-53.0
-30.0
-12.0
-78.0
-29.0
-46.0
-73.0
-30.0
-96.0
-96.0
-77.0
-111.0
-59.0
-82.0
-91.0
-40.0
-104.0
-78.0
-53.0
-99.0
-16.0
-22.0
-40.0
25.0
-33.0
-24.0
6.0
-73.0
-40.0
-54.0
-64.0
2.0
-51.0
-16.0
5.0
-55.0
-3.0
-22.0
-52.0
-3.0
-67.0
-53.0
-9.0
-67.0
-24.0
-40.0
-61.0
-10.0
-58.0
-52.0
-31.0
-84.0
-40.0
-54.0
-65.0
-7.0
-46.0
-31.0
2.0
-49.0
-10.0
-25.0
-48.0
7.0
-58.0
-63.0
-39.0
-100.0
-34.0
-36.0
-51.0
23.0
-44.0
-24.0
-8.0
-81.0
-26.0
-24.0
-55.0
-15.0
-55.0
-24.0
-11.0
-78.0
-17.0
-24.0
-50.0
-14.0
-74.0
-58.0
-30.0
-62.0
10.0
-23.0
-58.0
12.0
-45.0
-42.0
-20.0
-71.0
-7.0
-23.0
-67.0
-23.0
-89.0
-84.0
-56.0
-97.0
-32.0
-62.0
-103.0
-35.0
-69.0
-33.0
-1.0
-63.0
1.0
-11.0
-48.0
4.0
-56.0
-35.0
10.0
-50.0
-12.0
-45.0
-65.0
-4.0
-42.0
-13.0
22.0
-55.0
-8.0
-25.0
-48.0
20.0
-42.0
-25.0
-1.0
-58.0
-21.0
-40.0
-70.0
-23.0
-75.0
-34.0
12.0
-67.0
-52.0
-87.0
-113.0
-42.0
-77.0
-35.0
1.0
-54.0
6.0
-7.0
-48.0
-9.0
-74.0
-61.0
-28.0
-95.0
-46.0
-63.0
-87.0
-13.0
-71.0
-57.0
4.0
-48.0
-9.0
-16.0
-39.0
29.0
-17.0
-13.0
-7.0
-66.0
-12.0
-36.0
-83.0
-15.0
-59.0
-51.0
-27.0
-90.0
-48.0
-65.0
-97.0
-40.0
-83.0
-51.0
-11.0
-83.0
-40.0
-45.0
-82.0
-34.0
-87.0
-93.0
-61.0
-93.0
-29.0
-40.0
-76.0
-12.0
-57.0
-50.0
-8.0
-69.0
-23.0
-55.0
-82.0
-1.0
-55.0
-64.0
-30.0
-84.0
-24.0
-41.0
-81.0
-7.0
-52.0
-40.0
11.0
-49.0
-13.0
-18.0
-49.0
-9.0
-71.0
-54.0
-13.0
-68.0
-23.0
-38.0
-58.0
3.0
-65.0
-47.0
-3.0
-69.0
-10.0
-5.0
-54.0
-6.0
-49.0
-39.0
-13.0
-94.0
-58.0
-50.0
-90.0
-34.0
-89.0
-80.0
-38.0
-84.0
-27.0
-40.0
-70.0
-6.0
-64.0
-78.0
-29.0
-70.0
-12.0
-12.0
-52.0
7.0
-45.0
-50.0
-12.0
-71.0
-22.0
-12.0
-48.0
1.0
-63.0
-60.0
-23.0
-90.0
-42.0
-40.0
-67.0
4.0
-40.0
-15.0
36.0
-36.0
4.0
-10.0
-61.0
29.0
2.0
-39.0
-35.0
-117.0
-61.0
-52.0
-91.0
-34.0
-90.0
-73.0
-10.0
-74.0
-39.0
-30.0
-67.0
-12.0
-52.0
-43.0
-5.0
-65.0
-21.0
-34.0
-75.0
-17.0
-65.0
-62.0
-31.0
-97.0
-45.0
-18.0
-54.0
-8.0
-65.0
-62.0
-15.0
-86.0
-35.0
-16.0
-67.0
-8.0
-38.0
-33.0
14.0
-56.0
-20.0
-35.0
-70.0
-5.0
-77.0
-93.0
-52.0
-118.0
-60.0
-37.0
-73.0
-7.0
-42.0
-37.0
2.0
-55.0
-4.0
-17.0
-71.0
-23.0
-61.0
-58.0
-11.0
-61.0
-16.0
-37.0
-93.0
-44.0
-89.0
-89.0
-40.0
-69.0
0.0
8.0
-50.0
-2.0
-41.0
-45.0
-23.0
-107.0
-64.0
-38.0
-61.0
-8.0
-38.0
-37.0
6.0
-41.0
8.0
7.0
-32.0
32.0
-41.0
-57.0
-5.0
-64.0
-29.0
-33.0
-76.0
-4.0
-42.0
-45.0
-1.0
-60.0
-10.0
0.0
-34.0
46.0
26.0
36.0
72.0
4.0
33.0
-1.0
-53.0
22.0
-20.0
-5.0
57.0
5.0
48.0
54.0
6.0
91.0
56.0
33.0
73.0
12.0
25.0
17.0
-15.0
54.0
-2.0
-15.0
22.0
-54.0
-31.0
-32.0
-56.0
20.0
-18.0
-30.0
-3.0
-92.0
-67.0
-65.0
-105.0
-37.0
-56.0
-50.0
-13.0
-72.0
-34.0
-29.0
-99.0
-45.0
-76.0
-73.0
-31.0
-77.0
-43.0
-42.0
-64.0
-12.0
-82.0
-79.0
-15.0
-73.0
-37.0
-21.0
-63.0
-10.0
-31.0
-30.0
1.0
-48.0
-3.0
-12.0
-72.0
-8.0
-49.0
-67.0
-30.0
-96.0
-48.0
-20.0
-68.0
-21.0
-49.0
-59.0
2.0
-67.0
-53.0
-43.0
-74.0
-8.0
-37.0
-52.0
5.0
-68.0
-41.0
-39.0
-113.0
-55.0
-92.0
-97.0
-26.0
-69.0
-15.0
14.0
-30.0
35.0
2.0
-15.0
17.0
-43.0
-14.0
-23.0
-91.0
-11.0
-33.0
-39.0
4.0
-55.0
-9.0
0.0
-41.0
11.0
-42.0
-58.0
-3.0
-61.0
-34.0
-34.0
-93.0
-49.0
-73.0
-59.0
-4.0
-70.0
-26.0
-10.0
-66.0
6.0
-34.0
-67.0
-22.0
-68.0
-30.0
-23.0
-84.0
-22.0
-46.0
-43.0
-5.0
-81.0
-42.0
-31.0
-64.0
2.0
-42.0
-67.0
-10.0
-74.0
-59.0
-51.0
-92.0
-36.0
-67.0
-66.0
-12.0
-73.0
-33.0
-6.0
-62.0
-35.0
-100.0
-109.0
-33.0
-82.0
-57.0
-47.0
-95.0
-27.0
-45.0
-71.0
-13.0
-48.0
-16.0
2.0
-48.0
-9.0
-51.0
-46.0
11.0
-64.0
-55.0
-51.0
-88.0
-17.0
-45.0
-72.0
-12.0
-47.0
-15.0
1.0
-48.0
8.0
-31.0
-43.0
1.0
-70.0
-40.0
-19.0
-68.0
-20.0
-61.0
-73.0
-12.0
-63.0
-36.0
-12.0
-41.0
26.0
-7.0
-20.0
25.0
-36.0
17.0
28.0
-48.0
-4.0
-30.0
-31.0
5.0
-49.0
-18.0
-21.0
-73.0
-13.0
-48.0
-60.0
-12.0
-65.0
-33.0
-2.0
-41.0
22.0
-9.0
-33.0
10.0
-54.0
-17.0
-7.0
-64.0
3.0
-22.0
-38.0
1.0
-73.0
-46.0
-30.0
-68.0
9.0
-21.0
-43.0
24.0
-22.0
-3.0
-7.0
-71.0
-10.0
-16.0
-15.0
35.0
-39.0
-27.0
-1.0
-49.0
-1.0
-21.0
-47.0
1.0
-30.0
-3.0
1.0
-36.0
29.0
6.0
-22.0
16.0
-38.0
-18.0
-12.0
-87.0
-20.0
-37.0
-45.0
26.0
-44.0
-60.0
-38.0
-72.0
-18.0
-58.0
-70.0
-11.0
-68.0
-42.0
-1.0
-62.0
-6.0
-29.0
-46.0
-4.0
-61.0
-47.0
-12.0
-60.0
-14.0
-29.0
-22.0
34.0
-32.0
-16.0
-6.0
-57.0
2.0
-27.0
-60.0
-17.0
-96.0
-51.0
-8.0
-72.0
-27.0
-41.0
-60.0
12.0
-31.0
-10.0
5.0
-35.0
32.0
-5.0
-51.0
-16.0
-79.0
-70.0
-38.0
-89.0
-22.0
-39.0
-59.0
11.0
-51.0
-21.0
8.0
-64.0
1.0
-18.0
-46.0
20.0
-32.0
-4.0
16.0
-52.0
-10.0
-36.0
-55.0
-9.0
-75.0
-54.0
-18.0
-62.0
6.0
-14.0
-43.0
-6.0
-57.0
-23.0
13.0
-59.0
-1.0
-15.0
-42.0
15.0
-42.0
-27.0
-6.0
-56.0
-30.0
-45.0
-39.0
9.0
-61.0
-48.0
-18.0
-56.0
15.0
-17.0
-28.0
35.0
-33.0
-11.0
-7.0
-73.0
-8.0
-42.0
-61.0
3.0
-60.0
-33.0
-11.0
-74.0
-11.0
-20.0
-55.0
7.0
-10.0
33.0
74.0
0.0
4.0
-42.0
-81.0
-22.0
-46.0
-19.0
-5.0
-61.0
3.0
14.0
-25.0
7.0
-32.0
-9.0
1.0
-62.0
-8.0
-39.0
-72.0
-2.0
-46.0
-13.0
34.0
-22.0
0.0
-25.0
-30.0
49.0
4.0
8.0
7.0
-65.0
-4.0
-23.0
-59.0
-18.0
-69.0
-41.0
-12.0
-61.0
5.0
-15.0
-57.0
13.0
-18.0
-7.0
-1.0
-52.0
11.0
-18.0
-55.0
-10.0
-55.0
-25.0
5.0
-52.0
-7.0
-37.0
-65.0
4.0
-50.0
-26.0
12.0
-38.0
17.0
-3.0
-37.0
53.0
11.0
19.0
55.0
-20.0
7.0
-17.0
-52.0
2.0
-40.0
-29.0
-22.0
-79.0
-6.0
-19.0
-61.0
1.0
-31.0
-36.0
-24.0
-42.0
44.0
54.0
46.0
142.0
111.0
115.0
149.0
116.0
181.0
182.0
190.0
263.0
216.0
235.0
247.0
172.0
231.0
215.0
182.0
243.0
197.0
185.0
196.0
117.0
157.0
124.0
74.0
97.0
11.0
-11.0
13.0
-61.0
-23.0
-44.0
-100.0
-21.0
-74.0
-82.0
-46.0
-113.0
-64.0
-70.0
-102.0
-79.0
-171.0
-174.0
-130.0
-172.0
-120.0
-121.0
-137.0
-73.0
-119.0
-117.0
-95.0
-148.0
-86.0
-108.0
-152.0
-91.0
-136.0
-124.0
-78.0
-139.0
-106.0
-109.0
-130.0
-74.0
-128.0
-113.0
-62.0
-108.0
-65.0
-69.0
-97.0
-42.0
-93.0
-89.0
-55.0
-116.0
-80.0
-79.0
-98.0
-37.0
-91.0
-84.0
-54.0
-129.0
-89.0
-79.0
-97.0
-51.0
-100.0
-73.0
-40.0
-107.0
-61.0
-64.0
-102.0
-36.0
-53.0
-48.0
-22.0
-93.0
-64.0
-70.0
-96.0
-23.0
-65.0
-64.0
-27.0
-87.0
-31.0
-35.0
-73.0
-23.0
-82.0
-76.0
-49.0
-89.0
-23.0
-43.0
-71.0
-10.0
-80.0
-84.0
-36.0
-103.0
-63.0
-55.0
-90.0
-16.0
-47.0
-36.0
-11.0
-74.0
-26.0
-35.0
-59.0
6.0
-58.0
-71.0
-14.0
-52.0
-20.0
-39.0
-90.0
-40.0
-61.0
-35.0
-5.0
-59.0
-13.0
-41.0
-80.0
-14.0
-61.0
-68.0
-24.0
-72.0
-22.0
-37.0
-70.0
12.0
-45.0
-29.0
36.0
-37.0
-12.0
-20.0
-70.0
-10.0
-51.0
-42.0
-1.0
-71.0
-21.0
-10.0
-54.0
-1.0
-46.0
-51.0
-8.0
-34.0
13.0
-30.0
-111.0
-49.0
-74.0
-81.0
-48.0
-95.0
-30.0
-14.0
-40.0
5.0
-65.0
-54.0
6.0
-53.0
-11.0
-16.0
-67.0
-14.0
-45.0
-23.0
24.0
-31.0
14.0
8.0
-44.0
20.0
-35.0
-54.0
6.0
-46.0
-31.0
-37.0
-52.0
23.0
-33.0
-36.0
19.0
-39.0
16.0
35.0
-5.0
53.0
7.0
-6.0
20.0
-57.0
-11.0
-11.0
-49.0
15.0
-31.0
-46.0
-5.0
-62.0
-20.0
-16.0
-32.0
56.0
17.0
-7.0
36.0
-18.0
4.0
11.0
-30.0
27.0
-18.0
-21.0
-4.0
-89.0
-39.0
-8.0
-45.0
18.0
-2.0
-8.0
8.0
-67.0
-35.0
-21.0
-53.0
16.0
-23.0
-39.0
11.0
-42.0
-1.0
-1.0
-42.0
25.0
-25.0
-26.0
20.0
-58.0
-14.0
-2.0
-44.0
1.0
-52.0
-54.0
7.0
-56.0
-16.0
-13.0
-71.0
-29.0
-42.0
-50.0
10.0
-50.0
-26.0
-4.0
-45.0
12.0
-25.0
-31.0
1.0
-60.0
-25.0
-20.0
-62.0
-1.0
-44.0
-53.0
-7.0
-52.0
-10.0
-14.0
-59.0
-3.0
-31.0
-17.0
35.0
-35.0
-7.0
-5.0
-70.0
-35.0
-68.0
-60.0
-23.0
-81.0
-59.0
-60.0
-88.0
-26.0
-61.0
-71.0
-20.0
-45.0
12.0
13.0
-62.0
-23.0
-60.0
-66.0
-30.0
-81.0
-46.0
-39.0
-70.0
-15.0
-46.0
-60.0
-8.0
-61.0
-14.0
11.0
-36.0
16.0
-26.0
-52.0
5.0
-56.0
-32.0
-27.0
-81.0
-22.0
-56.0
-55.0
-3.0
-60.0
-18.0
-4.0
-65.0
-21.0
-54.0
-52.0
-13.0
-64.0
-21.0
-13.0
-59.0
2.0
-22.0
-22.0
36.0
-36.0
-10.0
-3.0
-54.0
-1.0
-41.0
-67.0
-48.0
-112.0
-46.0
-14.0
-57.0
6.0
-33.0
-16.0
33.0
-42.0
-3.0
4.0
-51.0
32.0
5.0
-16.0
17.0
-43.0
-14.0
-24.0
-61.0
5.0
-24.0
-49.0
-7.0
-67.0
-17.0
14.0
-46.0
-8.0
-49.0
-78.0
-43.0
-86.0
-29.0
-5.0
-50.0
13.0
-22.0
-51.0
-19.0
-82.0
-37.0
-17.0
-67.0
-11.0
-32.0
-48.0
8.0
-30.0
10.0
10.0
-70.0
-22.0
-45.0
-70.0
-36.0
-87.0
-45.0
-5.0
-38.0
14.0
-12.0
-39.0
-1.0
-58.0
-23.0
11.0
-24.0
24.0
-10.0
-17.0
35.0
-39.0
-14.0
7.0
-34.0
25.0
-23.0
-58.0
-24.0
-80.0
-35.0
-2.0
-38.0
34.0
1.0
-13.0
50.0
-7.0
1.0
16.0
-37.0
12.0
-10.0
-31.0
-6.0
-76.0
-44.0
-12.0
-60.0
-5.0
-16.0
-34.0
-28.0
-100.0
-48.0
-3.0
-46.0
26.0
17.0
-7.0
31.0
-38.0
-5.0
13.0
-65.0
-18.0
-45.0
-63.0
-12.0
-77.0
-56.0
-22.0
-68.0
-14.0
-32.0
-53.0
-8.0
-32.0
7.0
20.0
-27.0
25.0
-26.0
-70.0
-9.0
-43.0
-8.0
11.0
-45.0
17.0
-10.0
-25.0
34.0
-29.0
-2.0
30.0
-9.0
63.0
27.0
-16.0
27.0
-22.0
4.0
10.0
-73.0
-30.0
-48.0
-62.0
-23.0
-77.0
-36.0
-24.0
-76.0
-13.0
-40.0
-71.0
-18.0
-68.0
-31.0
2.0
-33.0
25.0
0.0
-24.0
46.0
4.0
18.0
27.0
-57.0
-23.0
-44.0
-62.0
-10.0
-83.0
-61.0
-29.0
-84.0
-34.0
-34.0
-50.0
-14.0
-72.0
-35.0
10.0
-20.0
55.0
51.0
56.0
150.0
125.0
190.0
244.0
206.0
266.0
278.0
265.0
297.0
285.0
285.0
271.0
213.0
249.0
199.0
176.0
244.0
164.0
161.0
177.0
111.0
148.0
97.0
42.0
68.0
-20.0
-26.0
-20.0
-77.0
-35.0
-78.0
-133.0
-103.0
-173.0
-163.0
-133.0
-188.0
-137.0
-155.0
-179.0
-121.0
-176.0
-168.0
-145.0
-202.0
-140.0
-161.0
-210.0
-162.0
-211.0
-204.0
-182.0
-237.0
-187.0
-192.0
-192.0
-117.0
-185.0
-185.0
-168.0
-223.0
-165.0
-175.0
-181.0
-109.0
-147.0
-102.0
-82.0
-171.0
-120.0
-132.0
-157.0
-88.0
-143.0
-147.0
-142.0
-203.0
-135.0
-137.0
-148.0
-87.0
-142.0
-124.0
-99.0
-147.0
-84.0
-100.0
-128.0
-77.0
-126.0
-122.0
-83.0
-118.0
-54.0
-81.0
-115.0
-67.0
-126.0
-101.0
-59.0
-113.0
-66.0
-93.0
-112.0
-32.0
-83.0
-76.0
-23.0
-84.0
-35.0
-49.0
-76.0
-27.0
-98.0
-91.0
-53.0
-109.0
-54.0
-68.0
-98.0
-44.0
-77.0
-59.0
-36.0
-88.0
-45.0
-73.0
-96.0
-22.0
-77.0
-74.0
-40.0
-95.0
-44.0
-47.0
-82.0
-33.0
-85.0
-61.0
-37.0
-96.0
-44.0
-71.0
-100.0
-26.0
-76.0
-86.0
-51.0
-102.0
-54.0
-50.0
-74.0
-27.0
-74.0
-51.0
-11.0
-74.0
-31.0
-41.0
-59.0
3.0
-62.0
-52.0
-19.0
-71.0
-25.0
-42.0
-79.0
-19.0
-73.0
-67.0
-34.0
-83.0
-33.0
-20.0
-53.0
-7.0
-44.0
-16.0
12.0
-59.0
-15.0
-35.0
-87.0
-18.0
-55.0
-43.0
-24.0
-81.0
-15.0
-5.0
-47.0
-22.0
-85.0
-63.0
-18.0
-61.0
8.0
-6.0
-41.0
13.0
-62.0
-56.0
-23.0
-79.0
4.0
1.0
-75.0
-63.0
-117.0
-93.0
-45.0
-86.0
-26.0
-42.0
-60.0
10.0
-18.0
-10.0
4.0
-64.0
-10.0
-27.0
-70.0
-13.0
-64.0
-70.0
-41.0
-87.0
-28.0
-30.0
-68.0
-16.0
-61.0
-58.0
-27.0
-82.0
-7.0
-4.0
-54.0
8.0
-42.0
-31.0
7.0
-58.0
-4.0
-25.0
-73.0
-12.0
-62.0
-53.0
-15.0
-86.0
-31.0
-37.0
-61.0
15.0
-58.0
-57.0
-25.0
-110.0
-65.0
-60.0
-89.0
-31.0
-72.0
-56.0
-31.0
-104.0
-53.0
-65.0
-111.0
-42.0
-62.0
-63.0
-26.0
-87.0
-46.0
-45.0
-96.0
-39.0
-76.0
-61.0
-18.0
-64.0
-16.0
-34.0
-79.0
-23.0
-66.0
-77.0
-42.0
-89.0
-25.0
-29.0
-69.0
-1.0
-38.0
-35.0
4.0
-46.0
-22.0
-34.0
-64.0
-14.0
-63.0
-67.0
-26.0
-76.0
-37.0
-41.0
-83.0
-31.0
-60.0
-59.0
-13.0
-70.0
-42.0
-43.0
-84.0
-30.0
-77.0
-82.0
-35.0
-74.0
-32.0
-41.0
-59.0
13.0
-42.0
-40.0
3.0
-65.0
-22.0
-42.0
-106.0
-42.0
-85.0
-77.0
-27.0
-96.0
-46.0
-42.0
-77.0
-9.0
-42.0
-25.0
30.0
-37.0
-19.0
-43.0
-104.0
-56.0
-89.0
-73.0
-17.0
-70.0
-46.0
-56.0
-75.0
-3.0
-52.0
-49.0
-1.0
-72.0
-29.0
-34.0
-74.0
10.0
-35.0
-42.0
15.0
-48.0
-13.0
-7.0
-29.0
34.0
-26.0
-33.0
8.0
-60.0
-38.0
-39.0
-69.0
-10.0
-43.0
-48.0
-10.0
-55.0
-3.0
8.0
-24.0
28.0
-14.0
-10.0
30.0
-41.0
3.0
-23.0
-97.0
-25.0
-51.0
-76.0
-41.0
-86.0
-54.0
-55.0
-71.0
-6.0
-58.0
-62.0
13.0
-24.0
19.0
24.0
-24.0
26.0
-22.0
-39.0
0.0
-65.0
-31.0
-50.0
-93.0
-26.0
-68.0
-72.0
-32.0
-91.0
-31.0
-35.0
-98.0
-8.0
-10.0
-18.0
30.0
-32.0
-10.0
-13.0
-62.0
-23.0
-62.0
-48.0
-4.0
-79.0
-41.0
-23.0
-84.0
-29.0
-53.0
-58.0
-10.0
-60.0
-17.0
7.0
-43.0
-1.0
-30.0
-31.0
10.0
-48.0
-12.0
-9.0
-69.0
-16.0
-42.0
-41.0
-2.0
-56.0
-15.0
-23.0
-74.0
-4.0
-25.0
-42.0
8.0
-39.0
20.0
59.0
2.0
28.0
-36.0
-67.0
-27.0
-84.0
-44.0
-37.0
-77.0
-12.0
-42.0
-60.0
-23.0
-69.0
-17.0
-9.0
-75.0
-14.0
-29.0
-39.0
3.0
-62.0
-17.0
1.0
-59.0
-12.0
-52.0
-63.0
-5.0
-55.0
-28.0
-19.0
-50.0
12.0
-26.0
-34.0
10.0
-51.0
-15.0
-12.0
-76.0
-14.0
-48.0
-53.0
1.0
-63.0
-23.0
-18.0
-69.0
-2.0
-35.0
-54.0
1.0
-57.0
-31.0
-16.0
-78.0
-30.0
-53.0
-57.0
-11.0
-78.0
-31.0
-8.0
-55.0
-3.0
-38.0
-40.0
7.0
-43.0
-8.0
4.0
-57.0
-17.0
-54.0
-68.0
-32.0
-81.0
-29.0
-8.0
-52.0
4.0
-39.0
-39.0
32.0
-29.0
-5.0
0.0
-58.0
-13.0
-61.0
-72.0
-23.0
-80.0
-33.0
-6.0
-47.0
14.0
-11.0
-12.0
20.0
-38.0
4.0
18.0
-39.0
22.0
3.0
-32.0
7.0
-49.0
-33.0
-24.0
-68.0
-9.0
-38.0
-60.0
0.0
-38.0
-12.0
-4.0
-40.0
14.0
-48.0
-86.0
-37.0
-88.0
-46.0
-23.0
-67.0
-10.0
-44.0
-55.0
10.0
-56.0
-40.0
-16.0
-67.0
-33.0
-80.0
-93.0
-46.0
-88.0
-58.0
-34.0
-62.0
4.0
-33.0
-54.0
-3.0
-41.0
8.0
24.0
-36.0
25.0
-11.0
-35.0
-1.0
-61.0
-13.0
9.0
-48.0
7.0
-16.0
-37.0
23.0
-38.0
-29.0
-11.0
-48.0
4.0
-43.0
-55.0
-2.0
-59.0
-23.0
-5.0
-50.0
-6.0
-49.0
-67.0
-9.0
-52.0
-10.0
-3.0
-82.0
-26.0
-26.0
-18.0
19.0
-55.0
-13.0
37.0
-27.0
4.0
-21.0
-47.0
7.0
-38.0
-6.0
12.0
-30.0
17.0
-46.0
-67.0
-6.0
-54.0
-21.0
3.0
-53.0
6.0
-13.0
-27.0
17.0
-52.0
-32.0
-6.0
-52.0
2.0
-25.0
-54.0
-3.0
-59.0
-46.0
-17.0
-40.0
21.0
-8.0
-21.0
13.0
-48.0
-7.0
17.0
-47.0
0.0
-25.0
-42.0
20.0
-50.0
-30.0
13.0
-41.0
1.0
-42.0
-83.0
-20.0
-84.0
-69.0
-25.0
-78.0
-31.0
-51.0
-71.0
8.0
-30.0
-15.0
22.0
-9.0
45.0
11.0
-31.0
11.0
-35.0
4.0
36.0
-43.0
1.0
-18.0
-31.0
40.0
0.0
42.0
103.0
81.0
171.0
193.0
216.0
281.0
238.0
257.0
273.0
232.0
271.0
259.0
218.0
264.0
223.0
223.0
235.0
164.0
188.0
158.0
131.0
165.0
76.0
81.0
89.0
-7.0
14.0
-18.0
-64.0
-31.0
-92.0
-74.0
-75.0
-138.0
-90.0
-130.0
-167.0
-107.0
-146.0
-127.0
-111.0
-158.0
-94.0
-119.0
-157.0
-115.0
-180.0
-156.0
-128.0
-167.0
-107.0
-150.0
-169.0
-102.0
-161.0
-135.0
-114.0
-161.0
-81.0
-99.0
-138.0
-82.0
-147.0
-122.0
-79.0
-142.0
-96.0
-96.0
-125.0
-76.0
-119.0
-99.0
-94.0
-143.0
-78.0
-101.0
-130.0
-68.0
-117.0
-97.0
-60.0
-111.0
-53.0
-76.0
-129.0
-52.0
-81.0
-73.0
-40.0
-98.0
-51.0
-53.0
-77.0
-17.0
-70.0
-53.0
7.0
-14.0
31.0
-34.0
-105.0
-64.0
-113.0
-74.0
-28.0
-81.0
-23.0
-52.0
-82.0
-13.0
-66.0
-54.0
-5.0
-71.0
-30.0
-27.0
-48.0
15.0
-48.0
-46.0
-12.0
-73.0
-23.0
-36.0
-90.0
-44.0
-84.0
-59.0
-36.0
-94.0
-16.0
-33.0
-81.0
-22.0
-70.0
-67.0
-30.0
-81.0
-26.0
-40.0
-77.0
-22.0
-65.0
-59.0
-21.0
-76.0
-39.0
-58.0
-78.0
-15.0
-51.0
-57.0
-40.0
-107.0
-50.0
-55.0
-89.0
-18.0
-62.0
-53.0
2.0
-50.0
-18.0
-33.0
-72.0
-8.0
-36.0
-25.0
-2.0
-69.0
-30.0
-52.0
-87.0
-26.0
-64.0
-43.0
-8.0
-59.0
-6.0
-29.0
-83.0
-31.0
-65.0
-43.0
-12.0
-78.0
-40.0
-51.0
-77.0
-24.0
-78.0
-68.0
-30.0
-76.0
-22.0
-29.0
-48.0
5.0
-57.0
-45.0
-19.0
-90.0
-49.0
-49.0
-85.0
-43.0
-85.0
-68.0
-21.0
-63.0
-6.0
-14.0
-49.0
12.0
-37.0
-53.0
-36.0
-93.0
-37.0
-50.0
-78.0
-14.0
-75.0
-59.0
2.0
-58.0
-15.0
-15.0
-46.0
12.0
-26.0
-22.0
-5.0
-70.0
-40.0
-56.0
-80.0
-22.0
-53.0
-15.0
43.0
8.0
72.0
39.0
-49.0
-1.0
-58.0
-54.0
-14.0
-73.0
-29.0
-25.0
-60.0
-5.0
-54.0
-50.0
-22.0
-78.0
-12.0
-11.0
-48.0
15.0
-48.0
-43.0
0.0
-53.0
-16.0
-43.0
-83.0
-8.0
-43.0
-30.0
6.0
-58.0
-3.0
-21.0
-76.0
-39.0
-88.0
-71.0
-28.0
-79.0
-30.0
-40.0
-62.0
1.0
-50.0
-49.0
-14.0
-82.0
-54.0
-62.0
-90.0
-41.0
-99.0
-89.0
-41.0
-88.0
-45.0
-50.0
-84.0
-19.0
-56.0
-54.0
-19.0
-84.0
-53.0
-63.0
-95.0
-32.0
-79.0
-80.0
-40.0
-98.0
-37.0
-17.0
-55.0
-6.0
-48.0
-44.0
-7.0
-72.0
-40.0
-26.0
-72.0
-33.0
-64.0
-29.0
31.0
-39.0
3.0
-5.0
-54.0
-12.0
-50.0
-36.0
12.0
-55.0
-26.0
-40.0
-78.0
2.0
-35.0
-33.0
9.0
-58.0
-22.0
-30.0
-52.0
11.0
-39.0
-33.0
-5.0
-73.0
-20.0
-21.0
-59.0
19.0
-25.0
-25.0
21.0
-49.0
-18.0
-14.0
-59.0
-6.0
-50.0
-29.0
24.0
-39.0
-3.0
-10.0
-60.0
-17.0
-68.0
-68.0
-15.0
-67.0
-13.0
-18.0
-77.0
-23.0
-48.0
-30.0
17.0
-41.0
4.0
13.0
-26.0
20.0
-33.0
-34.0
10.0
-64.0
-23.0
-1.0
-16.0
52.0
-26.0
-46.0
8.0
-49.0
-11.0
-9.0
-44.0
3.0
-50.0
-64.0
-12.0
-71.0
-52.0
-42.0
-79.0
-37.0
-89.0
-90.0
-27.0
-71.0
-21.0
4.0
-43.0
7.0
-33.0
-46.0
-20.0
-87.0
-42.0
-39.0
-74.0
-12.0
-42.0
-56.0
-21.0
-63.0
-34.0
-35.0
-70.0
-3.0
-26.0
-24.0
18.0
-48.0
-29.0
-34.0
-69.0
20.0
-29.0
-45.0
3.0
-61.0
-23.0
-30.0
-69.0
4.0
-45.0
-65.0
-15.0
-59.0
-20.0
-10.0
-51.0
6.0
-30.0
-37.0
26.0
-27.0
-4.0
-6.0
-30.0
26.0
-35.0
-51.0
-1.0
-50.0
-32.0
-45.0
-91.0
-34.0
-60.0
-52.0
-3.0
-77.0
-45.0
-43.0
-87.0
-11.0
-27.0
-25.0
12.0
-42.0
5.0
4.0
-44.0
29.0
-37.0
-68.0
-17.0
-86.0
-65.0
-54.0
-92.0
-11.0
-29.0
-47.0
-13.0
-73.0
-32.0
-25.0
-71.0
-14.0
-52.0
-64.0
-11.0
-65.0
-45.0
-56.0
-95.0
-27.0
-49.0
-49.0
-1.0
-62.0
-28.0
-28.0
-80.0
-5.0
-40.0
-49.0
5.0
-49.0
1.0
25.0
-23.0
21.0
-7.0
-44.0
-13.0
-53.0
3.0
17.0
-45.0
4.0
-36.0
-66.0
-24.0
-68.0
-33.0
-44.0
-87.0
5.0
-11.0
-17.0
23.0
-67.0
-56.0
-35.0
-87.0
-36.0
-57.0
-71.0
-33.0
-99.0
-50.0
-24.0
-78.0
-6.0
-37.0
-63.0
-27.0
-81.0
-29.0
-4.0
-55.0
-27.0
-82.0
-67.0
-11.0
-68.0
-35.0
-20.0
-95.0
-33.0
-47.0
-58.0
-23.0
-77.0
-56.0
-52.0
-95.0
-31.0
-65.0
-71.0
-15.0
-71.0
-32.0
-20.0
-69.0
10.0
-14.0
-48.0
-3.0
-63.0
-37.0
-18.0
-85.0
-37.0
-70.0
-73.0
-30.0
-94.0
-55.0
-46.0
-109.0
-31.0
-58.0
-80.0
-11.0
-58.0
-28.0
-22.0
-72.0
21.0
-11.0
-63.0
-25.0
-81.0
-55.0
-32.0
-76.0
-22.0
-64.0
-73.0
-9.0
-53.0
-41.0
-34.0
-76.0
-13.0
-39.0
-46.0
14.0
-26.0
7.0
24.0
-25.0
21.0
-12.0
-26.0
27.0
-30.0
-8.0
-2.0
-71.0
-29.0
-55.0
-97.0
-36.0
-76.0
-68.0
-54.0
-99.0
-34.0
-34.0
-43.0
6.0
-54.0
-32.0
-19.0
-58.0
13.0
0.0
-21.0
18.0
-25.0
6.0
9.0
-53.0
-10.0
-40.0
-66.0
-2.0
-60.0
-42.0
-27.0
-91.0
-16.0
-32.0
-69.0
-14.0
-59.0
-16.0
23.0
-26.0
45.0
34.0
7.0
56.0
-8.0
20.0
28.0
-60.0
-45.0
-81.0
-95.0
-30.0
-82.0
-48.0
-8.0
-50.0
11.0
-33.0
-72.0
-3.0
-58.0
-39.0
-3.0
-59.0
-1.0
-11.0
-36.0
-14.0
-88.0
-64.0
-33.0
-76.0
-17.0
-54.0
-88.0
-50.0
-100.0
-54.0
-40.0
-109.0
-41.0
-66.0
-99.0
-42.0
-79.0
-40.0
-20.0
-68.0
-16.0
-44.0
-70.0
-26.0
-95.0
-69.0
-39.0
-89.0
-27.0
-53.0
-74.0
-37.0
-103.0
-73.0
-44.0
-107.0
-50.0
-52.0
-69.0
-15.0
-67.0
-39.0
-6.0
-61.0
-6.0
-26.0
-54.0
-12.0
-62.0
-31.0
-14.0
-87.0
-32.0
-65.0
-99.0
-49.0
-89.0
-60.0
-24.0
-72.0
-6.0
-5.0
-36.0
17.0
-36.0
-17.0
7.0
-46.0
-1.0
-30.0
-51.0
10.0
-41.0
-25.0
-2.0
-75.0
-18.0
-25.0
-62.0
1.0
-41.0
-13.0
21.0
-32.0
6.0
-32.0
-38.0
43.0
-31.0
-8.0
42.0
-15.0
32.0
8.0
-18.0
23.0
-39.0
-43.0
-18.0
-54.0
-18.0
-56.0
-86.0
-23.0
-56.0
-12.0
15.0
-63.0
-8.0
-1.0
-23.0
36.0
-16.0
-8.0
15.0
-32.0
13.0
-45.0
-112.0
-58.0
-117.0
-89.0
-37.0
-70.0
-3.0
-16.0
-32.0
22.0
-20.0
13.0
45.0
-17.0
34.0
10.0
-24.0
17.0
-44.0
-22.0
3.0
-69.0
-11.0
-24.0
-54.0
20.0
-42.0
-46.0
-20.0
-61.0
3.0
-22.0
-49.0
-6.0
-73.0
-66.0
-17.0
-72.0
-16.0
-18.0
-37.0
35.0
-1.0
11.0
24.0
-54.0
-9.0
-20.0
-49.0
14.0
-42.0
-35.0
-8.0
-69.0
-30.0
-56.0
-78.0
-10.0
-49.0
-35.0
-5.0
-63.0
-4.0
12.0
-25.0
11.0
-60.0
-63.0
-26.0
-62.0
-19.0
-31.0
-40.0
10.0
-52.0
-42.0
-23.0
-79.0
-27.0
-55.0
-93.0
-24.0
-59.0
-41.0
1.0
-52.0
-15.0
-16.0
-40.0
-3.0
-36.0
1.0
48.0
15.0
110.0
138.0
134.0
220.0
192.0
215.0
265.0
235.0
275.0
275.0
256.0
286.0
243.0
248.0
249.0
167.0
211.0
189.0
115.0
131.0
58.0
53.0
58.0
-14.0
26.0
-5.0
-61.0
-12.0
-81.0
-90.0
-42.0
-111.0
-97.0
-143.0
-187.0
-123.0
-163.0
-152.0
-123.0
-191.0
-119.0
-108.0
-155.0
-88.0
-124.0
-112.0
-85.0
-155.0
-118.0
-119.0
-154.0
-101.0
-155.0
-145.0
-103.0
-154.0
-121.0
-144.0
-163.0
-99.0
-154.0
-131.0
-73.0
-106.0
-65.0
-96.0
-117.0
-46.0
-110.0
-104.0
-70.0
-142.0
-79.0
-77.0
-118.0
-65.0
-112.0
-108.0
-59.0
-125.0
-97.0
-95.0
-119.0
-49.0
-85.0
-68.0
-38.0
-106.0
-50.0
-49.0
-91.0
-34.0
-105.0
-92.0
-42.0
-103.0
-53.0
-59.0
-92.0
-13.0
-72.0
-70.0
-19.0
-88.0
-45.0
-42.0
-84.0
-18.0
-78.0
-81.0
-37.0
-100.0
-53.0
-58.0
-101.0
-33.0
-71.0
-73.0
-50.0
-114.0
-57.0
-43.0
-73.0
-3.0
-61.0
-69.0
-26.0
-81.0
-33.0
-42.0
-97.0
-48.0
-90.0
-91.0
-40.0
-80.0
-27.0
-23.0
-61.0
-2.0
-35.0
-29.0
12.0
-59.0
-25.0
-21.0
-43.0
25.0
-25.0
-24.0
2.0
-78.0
-44.0
-50.0
-73.0
3.0
-39.0
-62.0
-35.0
-96.0
-43.0
-40.0
-66.0
3.0
-61.0
-59.0
2.0
-52.0
-10.0
-8.0
-52.0
4.0
-45.0
-48.0
-16.0
-79.0
-21.0
-11.0
-57.0
1.0
-35.0
-48.0
-28.0
-73.0
-10.0
-18.0
-74.0
-15.0
-63.0
-66.0
3.0
-47.0
-31.0
-51.0
-94.0
-14.0
-42.0
-41.0
-20.0
-86.0
-43.0
-39.0
-88.0
-42.0
-80.0
-70.0
-20.0
-63.0
4.0
14.0
-53.0
12.0
-29.0
-61.0
-38.0
-110.0
-73.0
-44.0
-64.0
-16.0
-58.0
-54.0
-1.0
-62.0
-13.0
-10.0
-61.0
-1.0
-30.0
-47.0
-22.0
-74.0
-35.0
-28.0
-62.0
4.0
-40.0
-58.0
-17.0
-73.0
-30.0
-18.0
-69.0
-25.0
-56.0
-53.0
-11.0
-91.0
-65.0
-55.0
-97.0
-34.0
-61.0
-69.0
-32.0
-90.0
-54.0
-48.0
-92.0
-13.0
-43.0
-46.0
26.0
-26.0
5.0
1.0
-66.0
-13.0
-61.0
-95.0
-51.0
-95.0
-78.0
-91.0
-117.0
-59.0
-89.0
-65.0
12.0
-25.0
28.0
24.0
-34.0
25.0
-21.0
-47.0
1.0
-59.0
-36.0
-21.0
-70.0
-13.0
-60.0
-85.0
-41.0
-102.0
-72.0
-60.0
-98.0
-24.0
-45.0
-27.0
35.0
-21.0
16.0
4.0
-32.0
29.0
-19.0
-41.0
-5.0
-57.0
-12.0
-25.0
-95.0
-45.0
-86.0
-97.0
-33.0
-76.0
-31.0
-27.0
-59.0
24.0
3.0
-18.0
23.0
-33.0
-22.0
-39.0
-91.0
-42.0
-62.0
-49.0
13.0
-67.0
-48.0
-34.0
-110.0
-73.0
-95.0
-91.0
-25.0
-84.0
-39.0
-18.0
-71.0
-3.0
-20.0
-37.0
2.0
-49.0
-13.0
-25.0
-95.0
-39.0
-98.0
-112.0
-56.0
-111.0
-73.0
-75.0
-104.0
-26.0
-50.0
-59.0
21.0
-24.0
14.0
45.0
2.0
36.0
-5.0
13.0
81.0
-6.0
-8.0
-33.0
-105.0
-52.0
-104.0
-116.0
-47.0
-95.0
-42.0
-15.0
-71.0
1.0
-14.0
-25.0
41.0
5.0
40.0
51.0
-18.0
32.0
-21.0
-45.0
10.0
-53.0
-41.0
-24.0
-80.0
-29.0
-59.0
-64.0
14.0
-39.0
-5.0
18.0
-36.0
11.0
-24.0
-29.0
12.0
-82.0
-62.0
-40.0
-83.0
-10.0
-37.0
-49.0
10.0
-54.0
-31.0
6.0
-31.0
29.0
6.0
-8.0
40.0
-21.0
-9.0
-5.0
-58.0
-19.0
-62.0
-69.0
-11.0
-72.0
-30.0
-13.0
-71.0
-10.0
-50.0
-66.0
3.0
-44.0
-17.0
2.0
-53.0
4.0
-49.0
-76.0
-24.0
-76.0
-52.0
-33.0
-70.0
-12.0
-34.0
-53.0
-17.0
-68.0
-32.0
-19.0
-79.0
-18.0
-31.0
-42.0
16.0
-37.0
-19.0
-1.0
-48.0
-1.0
-25.0
-42.0
25.0
-39.0
-25.0
-10.0
-63.0
-30.0
-48.0
-69.0
-20.0
-80.0
-44.0
7.0
-31.0
39.0
6.0
-26.0
40.0
-20.0
6.0
20.0
-56.0
-12.0
-39.0
-72.0
-29.0
-97.0
-88.0
-58.0
-101.0
-32.0
-60.0
-90.0
-7.0
-33.0
-10.0
17.0
-2.0
83.0
41.0
4.0
56.0
-33.0
-28.0
-21.0
-87.0
-53.0
-89.0
-99.0
-23.0
-69.0
-45.0
-29.0
-81.0
-7.0
-11.0
-31.0
34.0
-4.0
43.0
70.0
-13.0
14.0
-25.0
-52.0
-17.0
-82.0
-53.0
-20.0
-69.0
-18.0
-42.0
-74.0
-9.0
-64.0
-52.0
-2.0
-34.0
30.0
14.0
-63.0
-49.0
-79.0
-40.0
-36.0
-91.0
-25.0
-55.0
-72.0
-5.0
-70.0
-42.0
-16.0
-102.0
-60.0
-64.0
-75.0
-22.0
-86.0
-61.0
-19.0
-85.0
-49.0
-68.0
-73.0
-5.0
-40.0
-9.0
26.0
-42.0
-5.0
-22.0
-57.0
-5.0
-64.0
-64.0
-43.0
-83.0
-14.0
-25.0
-56.0
-20.0
-76.0
-29.0
-2.0
-71.0
-13.0
-22.0
-44.0
20.0
-29.0
-22.0
-18.0
-71.0
-22.0
-31.0
-39.0
31.0
-2.0
28.0
83.0
78.0
169.0
189.0
195.0
275.0
241.0
248.0
272.0
222.0
264.0
244.0
199.0
223.0
156.0
155.0
162.0
95.0
120.0
88.0
61.0
114.0
48.0
52.0
62.0
-26.0
-6.0
-45.0
-85.0
-38.0
-107.0
-97.0
-84.0
-129.0
-74.0
-96.0
-135.0
-88.0
-137.0
-118.0
-93.0
-156.0
-125.0
-157.0
-182.0
-110.0
-158.0
-152.0
-121.0
-171.0
-114.0
-127.0
-160.0
-90.0
-138.0
-136.0
-85.0
-110.0
-65.0
-101.0
-115.0
-60.0
-131.0
-130.0
-88.0
-154.0
-116.0
-124.0
-146.0
-90.0
-135.0
-116.0
-82.0
-121.0
-53.0
-67.0
-95.0
-38.0
-86.0
-60.0
-21.0
-105.0
-66.0
-81.0
-119.0
-58.0
-109.0
-97.0
-52.0
-92.0
-47.0
-74.0
-133.0
-80.0
-121.0
-100.0
-48.0
-80.0
-23.0
-44.0
-84.0
-24.0
-69.0
-65.0
-35.0
-107.0
-75.0
-82.0
-99.0
-43.0
-83.0
-64.0
-52.0
-108.0
-34.0
-29.0
-60.0
-2.0
-58.0
-46.0
3.0
-49.0
-7.0
-30.0
-73.0
-11.0
-64.0
-43.0
6.0
-71.0
-18.0
-12.0
-59.0
-15.0
-52.0
-23.0
9.0
-41.0
17.0
-13.0
-58.0
-2.0
-40.0
-22.0
1.0
-59.0
-12.0
-19.0
-48.0
13.0
-52.0
-45.0
-17.0
-96.0
-44.0
-31.0
-70.0
-12.0
-50.0
-39.0
9.0
-40.0
14.0
-21.0
-82.0
-14.0
-57.0
-52.0
-3.0
-69.0
-47.0
-58.0
-97.0
-42.0
-86.0
-63.0
-19.0
-63.0
5.0
3.0
-35.0
18.0
-26.0
-24.0
12.0
-51.0
-17.0
-40.0
-95.0
-54.0
-120.0
-130.0
-90.0
-126.0
-64.0
-83.0
-114.0
-55.0
-101.0
-83.0
-36.0
-83.0
-12.0
-6.0
-56.0
6.0
-40.0
-41.0
-1.0
-56.0
-18.0
-34.0
-77.0
-16.0
-67.0
-85.0
-42.0
-79.0
-30.0
-37.0
-65.0
2.0
-24.0
-14.0
21.0
-61.0
-22.0
-7.0
-40.0
20.0
-23.0
-31.0
-8.0
-67.0
-6.0
-14.0
-56.0
13.0
-35.0
-48.0
-37.0
-103.0
-41.0
-32.0
-71.0
8.0
-36.0
-52.0
-17.0
-85.0
-18.0
13.0
-30.0
17.0
-49.0
-51.0
1.0
-60.0
-17.0
-28.0
-65.0
8.0
-32.0
-42.0
-11.0
-84.0
-36.0
-40.0
-79.0
-7.0
-49.0
-59.0
-7.0
-69.0
-35.0
-28.0
-78.0
-7.0
-36.0
-46.0
-16.0
-95.0
-43.0
-7.0
-21.0
63.0
15.0
-16.0
8.0
-48.0
-11.0
-20.0
-78.0
-14.0
-29.0
-22.0
15.0
-43.0
-7.0
-15.0
-51.0
11.0
-43.0
-48.0
-4.0
-78.0
-52.0
-42.0
-64.0
-12.0
-45.0
-49.0
-12.0
-88.0
-61.0
-56.0
-81.0
12.0
-27.0
-51.0
5.0
-39.0
-7.0
-14.0
-65.0
-9.0
-46.0
-41.0
2.0
-67.0
-25.0
-20.0
-67.0
-12.0
-48.0
-36.0
19.0
-56.0
-21.0
-12.0
-55.0
8.0
-36.0
-31.0
-2.0
-71.0
-2.0
11.0
-63.0
-18.0
-60.0
-65.0
-22.0
-90.0
-51.0
-53.0
-104.0
-28.0
-65.0
-78.0
-39.0
-86.0
-18.0
-3.0
-72.0
-27.0
-64.0
-48.0
13.0
-73.0
-51.0
-35.0
-73.0
-16.0
-56.0
-64.0
-21.0
-82.0
-32.0
-16.0
-81.0
-35.0
-62.0
-33.0
36.0
-36.0
-43.0
-63.0
-100.0
-35.0
-64.0
-73.0
-35.0
-93.0
-52.0
-22.0
-52.0
7.0
-34.0
-33.0
15.0
-64.0
-51.0
-45.0
-96.0
-35.0
-65.0
-73.0
-29.0
-93.0
-37.0
-23.0
-71.0
3.0
-17.0
-39.0
5.0
-40.0
1.0
21.0
-29.0
22.0
-21.0
-36.0
6.0
-53.0
-14.0
-17.0
-69.0
6.0
-7.0
-17.0
18.0
-56.0
-16.0
12.0
-25.0
30.0
-14.0
-32.0
20.0
-25.0
2.0
-10.0
-65.0
-6.0
-32.0
-28.0
25.0
-32.0
-5.0
-2.0
-63.0
-20.0
-60.0
-57.0
-2.0
-67.0
-22.0
-3.0
-56.0
2.0
-35.0
-45.0
15.0
-40.0
-5.0
2.0
-59.0
-7.0
-37.0
-59.0
-18.0
-76.0
-40.0
-12.0
-57.0
8.0
-31.0
-62.0
-24.0
-69.0
-33.0
-30.0
-81.0
-14.0
-54.0
-61.0
-6.0
-59.0
-21.0
-14.0
-69.0
-8.0
-40.0
-53.0
-3.0
-69.0
-51.0
-51.0
-100.0
-29.0
-61.0
-89.0
-30.0
-56.0
-6.0
8.0
-51.0
13.0
-20.0
-52.0
-5.0
-65.0
-22.0
22.0
-23.0
41.0
-10.0
-35.0
13.0
-44.0
-12.0
16.0
-11.0
50.0
-20.0
-72.0
-34.0
-89.0
-44.0
-13.0
-49.0
-2.0
-14.0
-20.0
31.0
-49.0
-24.0
-1.0
-46.0
11.0
-25.0
-39.0
18.0
-29.0
10.0
25.0
-44.0
-1.0
-20.0
-37.0
12.0
-32.0
-15.0
-1.0
-61.0
-11.0
-35.0
-54.0
0.0
-49.0
-20.0
-8.0
-67.0
-12.0
-24.0
-32.0
3.0
-57.0
-33.0
-29.0
-78.0
7.0
-21.0
-67.0
-21.0
-61.0
-39.0
-20.0
-51.0
14.0
-40.0
-65.0
11.0
-39.0
-37.0
-29.0
-70.0
13.0
-16.0
-67.0
-26.0
-59.0
-32.0
-8.0
-56.0
6.0
-23.0
-58.0
-11.0
-57.0
-29.0
-21.0
-73.0
-20.0
-36.0
-60.0
-9.0
-54.0
-32.0
-6.0
-54.0
6.0
-15.0
-40.0
6.0
-60.0
-22.0
4.0
-77.0
-25.0
-52.0
-67.0
20.0
-18.0
-3.0
20.0
-35.0
-2.0
-28.0
-32.0
23.0
-33.0
-2.0
-6.0
-75.0
-13.0
-15.0
-21.0
22.0
-71.0
-37.0
9.0
-49.0
-4.0
-45.0
-67.0
-12.0
-66.0
-54.0
-16.0
-54.0
18.0
11.0
-6.0
44.0
-27.0
6.0
37.0
-26.0
13.0
-35.0
-70.0
-22.0
-92.0
-61.0
-32.0
-81.0
-29.0
-44.0
-34.0
36.0
-35.0
-15.0
12.0
-49.0
14.0
-13.0
-66.0
-13.0
-50.0
-27.0
3.0
-51.0
-5.0
-31.0
-56.0
-4.0
-61.0
-53.0
-16.0
-48.0
7.0
-11.0
-19.0
58.0
22.0
33.0
57.0
-11.0
21.0
1.0
-24.0
20.0
-49.0
-42.0
-7.0
-63.0
-12.0
-31.0
-58.0
-3.0
-54.0
-16.0
23.0
-28.0
30.0
-3.0
-40.0
20.0
-48.0
-37.0
-2.0
-69.0
-11.0
-19.0
-42.0
3.0
-61.0
-46.0
-21.0
-69.0
-11.0
-45.0
-67.0
3.0
-51.0
-35.0
-3.0
-48.0
-7.0
-52.0
-70.0
17.0
-36.0
-42.0
-9.0
-39.0
15.0
-14.0
-35.0
22.0
-31.0
-8.0
26.0
-16.0
45.0
8.0
-33.0
20.0
-46.0
-25.0
0.0
-54.0
-12.0
-33.0
-67.0
1.0
-36.0
-13.0
14.0
-46.0
5.0
-17.0
-45.0
15.0
-15.0
12.0
40.0
-17.0
31.0
-12.0
-52.0
22.0
-39.0
-33.0
12.0
-16.0
57.0
24.0
-40.0
-7.0
-74.0
-58.0
-7.0
-54.0
5.0
-4.0
-41.0
-9.0
-71.0
-42.0
2.0
-63.0
-2.0
-22.0
-68.0
11.0
-30.0
-21.0
17.0
-29.0
3.0
-27.0
-63.0
-11.0
-68.0
-53.0
-12.0
-67.0
-18.0
-40.0
-62.0
-2.0
-67.0
-46.0
1.0
-39.0
33.0
13.0
-17.0
4.0
-59.0
-20.0
14.0
-63.0
-13.0
-31.0
-72.0
-3.0
-46.0
-44.0
-22.0
-84.0
-14.0
-5.0
-43.0
4.0
-44.0
-35.0
-2.0
-77.0
-30.0
-21.0
-46.0
17.0
-21.0
-11.0
7.0
-61.0
8.0
4.0
-31.0
20.0
-36.0
-35.0
2.0
-55.0
-15.0
-26.0
-50.0
-6.0
-44.0
-32.0
-8.0
-42.0
15.0
2.0
-17.0
49.0
4.0
5.0
6.0
-57.0
-7.0
-14.0
-48.0
8.0
-59.0
-68.0
-6.0
-43.0
3.0
-22.0
-60.0
-2.0
-45.0
-29.0
-4.0
-40.0
16.0
-1.0
-50.0
3.0
-56.0
-50.0
-6.0
-58.0
-4.0
-4.0
-30.0
15.0
-56.0
-38.0
-6.0
-50.0
8.0
-16.0
-51.0
22.0
-37.0
-39.0
11.0
-27.0
29.0
13.0
-67.0
-40.0
-83.0
-53.0
-1.0
-48.0
13.0
-1.0
-33.0
30.0
-12.0
13.0
43.0
-16.0
59.0
73.0
66.0
149.0
129.0
163.0
222.0
208.0
273.0
283.0
264.0
293.0
266.0
269.0
296.0
266.0
279.0
215.0
151.0
169.0
82.0
68.0
69.0
-16.0
17.0
-21.0
-80.0
-26.0
-96.0
-96.0
-65.0
-139.0
-125.0
-129.0
-159.0
-116.0
-160.0
-172.0
-151.0
-196.0
-143.0
-147.0
-178.0
-124.0
-176.0
-165.0
-141.0
-197.0
-138.0
-144.0
-185.0
-112.0
-149.0
-154.0
-114.0
-178.0
-142.0
-131.0
-158.0
-86.0
-118.0
-134.0
-99.0
-150.0
-111.0
-127.0
-150.0
-85.0
-140.0
-138.0
-84.0
-134.0
-91.0
-92.0
-121.0
-67.0
-113.0
-105.0
-71.0
-126.0
-68.0
-70.0
-128.0
-78.0
-116.0
-112.0
-79.0
-130.0
-63.0
-61.0
-100.0
-39.0
-91.0
-91.0
-45.0
-91.0
-42.0
-20.0
-64.0
-35.0
-93.0
-95.0
-58.0
-119.0
-73.0
-70.0
-103.0
-46.0
-92.0
-74.0
-38.0
-109.0
-48.0
-42.0
-98.0
-53.0
-95.0
-87.0
-40.0
-96.0
-47.0
-55.0
-105.0
-45.0
-74.0
-60.0
-24.0
-80.0
-29.0
-13.0
-61.0
-18.0
-77.0
-83.0
-32.0
-73.0
-16.0
-22.0
-89.0
-43.0
-89.0
-81.0
-39.0
-107.0
-47.0
-27.0
-73.0
-24.0
-64.0
-67.0
-44.0
-107.0
-58.0
-51.0
-86.0
-25.0
-77.0
-68.0
-1.0
-58.0
-26.0
-22.0
-60.0
-1.0
-44.0
-48.0
-9.0
-63.0
-22.0
-34.0
-76.0
-10.0
-55.0
-69.0
-27.0
-75.0
-27.0
-29.0
-79.0
-23.0
-58.0
-42.0
3.0
-46.0
-10.0
-8.0
-51.0
-2.0
-54.0
-64.0
-28.0
-88.0
-39.0
-19.0
-50.0
-18.0
-68.0
-53.0
1.0
-65.0
-45.0
-37.0
-62.0
7.0
-23.0
-33.0
0.0
-60.0
-24.0
-27.0
-57.0
-21.0
-82.0
-64.0
-15.0
-79.0
-31.0
-27.0
-79.0
-17.0
-52.0
-73.0
-33.0
-91.0
-59.0
-48.0
-82.0
-25.0
-62.0
-53.0
-26.0
-100.0
-48.0
-36.0
-77.0
-8.0
-61.0
-78.0
-23.0
-83.0
-37.0
-26.0
-74.0
-30.0
-60.0
-50.0
-5.0
-64.0
-22.0
-21.0
-61.0
16.0
-22.0
-49.0
-15.0
-74.0
-22.0
-11.0
-71.0
-20.0
-54.0
-58.0
-7.0
-61.0
-25.0
-22.0
-70.0
-18.0
-48.0
-56.0
-11.0
-76.0
-17.0
-10.0
-71.0
10.0
-40.0
-79.0
-27.0
-62.0
-21.0
-17.0
-79.0
-24.0
-53.0
-48.0
-9.0
-77.0
-34.0
-29.0
-80.0
-14.0
-55.0
-73.0
8.0
-41.0
-25.0
-44.0
-124.0
-68.0
-73.0
-57.0
-14.0
-83.0
-49.0
-49.0
-92.0
-27.0
-53.0
-71.0
-20.0
-59.0
-7.0
-6.0
-67.0
-20.0
-62.0
-71.0
-8.0
-73.0
-44.0
-32.0
-56.0
16.0
-37.0
-63.0
-12.0
-70.0
-38.0
-21.0
-75.0
-15.0
-54.0
-67.0
-24.0
-83.0
-42.0
-37.0
-86.0
-22.0
-47.0
-43.0
15.0
-51.0
-43.0
-48.0
-89.0
-28.0
-46.0
-51.0
-6.0
-54.0
-21.0
-20.0
-64.0
-14.0
-67.0
-88.0
-38.0
-94.0
-53.0
-37.0
-77.0
-8.0
-42.0
-65.0
-21.0
-72.0
-40.0
-27.0
-77.0
-33.0
-54.0
-52.0
-14.0
-82.0
-64.0
-50.0
-95.0
-45.0
-84.0
-89.0
-16.0
-77.0
-52.0
-43.0
-65.0
10.0
-24.0
-35.0
18.0
-60.0
-31.0
-11.0
-47.0
-9.0
-36.0
-50.0
-1.0
-63.0
-38.0
-39.0
-78.0
4.0
-26.0
-63.0
-17.0
-57.0
-21.0
-16.0
-82.0
-28.0
-41.0
-52.0
-3.0
-63.0
-45.0
-37.0
-87.0
-14.0
-39.0
-58.0
-8.0
-60.0
-25.0
-9.0
-69.0
-6.0
-46.0
-72.0
-14.0
-61.0
-31.0
-10.0
-52.0
-17.0
-54.0
-57.0
-10.0
-65.0
-43.0
-21.0
-52.0
-17.0
-63.0
-72.0
-4.0
-49.0
-29.0
-2.0
-56.0
-11.0
-64.0
-77.0
-13.0
-71.0
-35.0
16.0
-30.0
-23.0
-65.0
-72.0
-29.0
-79.0
-35.0
3.0
-29.0
7.0
-48.0
-47.0
24.0
-49.0
-58.0
-44.0
-79.0
-33.0
-57.0
-56.0
-2.0
-56.0
-32.0
-11.0
-69.0
-14.0
-25.0
-22.0
18.0
-60.0
-32.0
-18.0
-73.0
-25.0
-46.0
-64.0
-15.0
-62.0
-35.0
-23.0
-67.0
-2.0
-41.0
-63.0
4.0
-51.0
-34.0
-6.0
-73.0
-17.0
-29.0
-69.0
-24.0
-80.0
-54.0
-22.0
-90.0
-46.0
-52.0
-61.0
-11.0
-60.0
-33.0
-27.0
-78.0
-26.0
-72.0
-105.0
-18.0
-41.0
-32.0
-25.0
-69.0
-4.0
-32.0
-54.0
1.0
-61.0
-42.0
-26.0
-74.0
-11.0
-49.0
-75.0
-2.0
-53.0
-38.0
-14.0
-76.0
-2.0
-30.0
-56.0
4.0
-49.0
-13.0
2.0
-73.0
-25.0
-51.0
-57.0
-8.0
-80.0
-61.0
-24.0
-90.0
-33.0
-52.0
-68.0
6.0
-30.0
-1.0
3.0
-69.0
9.0
-12.0
-51.0
10.0
-39.0
-11.0
8.0
-41.0
1.0
-59.0
-77.0
-10.0
-63.0
-65.0
-54.0
-96.0
-33.0
-62.0
-83.0
-27.0
-79.0
-50.0
-22.0
-60.0
16.0
1.0
-25.0
25.0
-21.0
11.0
25.0
-57.0
-5.0
-27.0
-56.0
-14.0
-65.0
-56.0
-48.0
-96.0
-26.0
-31.0
-32.0
20.0
-52.0
-15.0
6.0
-48.0
21.0
11.0
-31.0
-27.0
-109.0
-76.0
-60.0
-117.0
-50.0
-50.0
-50.0
1.0
-54.0
-27.0
-3.0
-64.0
-2.0
-11.0
-43.0
14.0
-46.0
-23.0
11.0
-46.0
-14.0
-36.0
-51.0
-6.0
-52.0
-31.0
-13.0
-74.0
-11.0
-39.0
-76.0
-14.0
-49.0
-35.0
-21.0
-56.0
-2.0
-16.0
-27.0
32.0
-22.0
13.0
14.0
-72.0
-32.0
-47.0
-78.0
-18.0
-51.0
-40.0
-9.0
-51.0
-15.0
-37.0
-54.0
-6.0
-49.0
-13.0
22.0
-42.0
3.0
-5.0
-37.0
-11.0
-62.0
-34.0
-16.0
-76.0
-18.0
-37.0
-64.0
8.0
-52.0
-37.0
-4.0
-75.0
-23.0
-28.0
-31.0
20.0
-44.0
-26.0
-3.0
-62.0
-17.0
-27.0
-58.0
-14.0
-79.0
-46.0
-14.0
-69.0
-17.0
-28.0
-43.0
28.0
-19.0
3.0
21.0
-49.0
13.0
-32.0
-58.0
0.0
-53.0
-35.0
5.0
-48.0
2.0
-26.0
-62.0
5.0
-48.0
-47.0
-6.0
-48.0
-3.0
-20.0
-36.0
12.0
-47.0
-25.0
-15.0
-71.0
-11.0
-29.0
-72.0
-25.0
-86.0
-67.0
-5.0
-59.0
-22.0
-31.0
-51.0
1.0
-48.0
-16.0
-9.0
-90.0
-33.0
-43.0
-72.0
-25.0
-70.0
-47.0
-24.0
-75.0
-13.0
-21.0
-41.0
33.0
-12.0
6.0
32.0
-64.0
-62.0
-75.0
-83.0
-24.0
-77.0
-39.0
-11.0
-98.0
-37.0
-49.0
-81.0
-7.0
-40.0
-22.0
-6.0
-71.0
-14.0
-25.0
-48.0
-7.0
-63.0
-47.0
-7.0
-77.0
-35.0
-46.0
-61.0
-2.0
-70.0
-42.0
-3.0
-62.0
14.0
7.0
-45.0
22.0
-22.0
-12.0
13.0
-33.0
1.0
-21.0
-55.0
21.0
-36.0
-31.0
11.0
-63.0
-6.0
-17.0
-64.0
5.0
-21.0
-15.0
-17.0
-102.0
-35.0
-49.0
-83.0
-11.0
-50.0
-32.0
-10.0
-81.0
1.0
5.0
-57.0
-11.0
-53.0
-27.0
-8.0
-74.0
-26.0
-37.0
-63.0
-5.0
-79.0
-62.0
-17.0
-48.0
1.0
-31.0
-53.0
-1.0
-65.0
-37.0
5.0
-61.0
-4.0
11.0
-44.0
-4.0
-62.0
-48.0
-4.0
-83.0
-33.0
-33.0
-62.0
-14.0
-64.0
-45.0
-6.0
-81.0
-30.0
-7.0
-23.0
46.0
-14.0
-15.0
12.0
-54.0
-6.0
-18.0
-63.0
-5.0
-64.0
-82.0
-39.0
-76.0
-34.0
-46.0
-57.0
1.0
-58.0
-45.0
7.0
-38.0
12.0
-11.0
-46.0
15.0
-32.0
-22.0
-16.0
-86.0
-13.0
-20.0
-84.0
-42.0
-68.0
-39.0
-7.0
-48.0
32.0
50.0
14.0
60.0
45.0
148.0
241.0
206.0
255.0
286.0
263.0
284.0
244.0
249.0
270.0
209.0
241.0
193.0
120.0
157.0
88.0
52.0
64.0
-12.0
41.0
23.0
-34.0
7.0
-53.0
-56.0
-67.0
-125.0
-50.0
-71.0
-140.0
-98.0
-161.0
-139.0
-104.0
-165.0
-124.0
-139.0
-169.0
-105.0
-166.0
-170.0
-135.0
-185.0
-130.0
-128.0
-157.0
-92.0
-135.0
-124.0
-96.0
-159.0
-117.0
-117.0
-153.0
-106.0
-144.0
-137.0
-95.0
-138.0
-92.0
-120.0
-156.0
-99.0
-138.0
-140.0
-94.0
-136.0
-97.0
-108.0
-142.0
-94.0
-143.0
-115.0
-76.0
-135.0
-78.0
-64.0
-117.0
-79.0
-125.0
-114.0
-91.0
-165.0
-97.0
-91.0
-134.0
-65.0
-100.0
-87.0
-40.0
-116.0
-70.0
-69.0
-100.0
-52.0
-91.0
-75.0
-38.0
-102.0
-69.0
-88.0
-126.0
-62.0
-103.0
-103.0
-59.0
-92.0
-37.0
-46.0
-82.0
-25.0
-89.0
-97.0
-53.0
-124.0
-88.0
-70.0
-121.0
-82.0
-116.0
-126.0
-90.0
-124.0
-64.0
-60.0
-119.0
-52.0
-67.0
-72.0
-63.0
-129.0
-79.0
-53.0
-86.0
-40.0
-91.0
-94.0
-89.0
-145.0
-81.0
-81.0
-112.0
-37.0
-86.0
-88.0
-42.0
-84.0
-37.0
-67.0
-115.0
-55.0
-91.0
-76.0
-35.0
-95.0
-50.0
-40.0
-60.0
-5.0
-67.0
-74.0
-30.0
-83.0
-42.0
-48.0
-86.0
-23.0
-71.0
-73.0
-11.0
-69.0
-18.0
-4.0
-49.0
-7.0
-58.0
-70.0
-40.0
-90.0
-40.0
-29.0
-80.0
-40.0
-79.0
-70.0
-33.0
-90.0
-40.0
-18.0
-42.0
2.0
-58.0
-40.0
-1.0
-64.0
-30.0
-35.0
-98.0
-39.0
-60.0
-48.0
-21.0
-90.0
-32.0
-18.0
-65.0
-15.0
-69.0
-62.0
-7.0
-73.0
-43.0
-42.0
-86.0
-36.0
-89.0
-82.0
-29.0
-80.0
-26.0
-29.0
-86.0
-20.0
-55.0
-52.0
-6.0
-79.0
-52.0
-41.0
-74.0
-16.0
-41.0
-52.0
-16.0
-61.0
-20.0
-21.0
-85.0
-42.0
-52.0
-49.0
-26.0
-99.0
-56.0
-46.0
-68.0
12.0
-24.0
-31.0
14.0
-41.0
6.0
-6.0
-74.0
-28.0
-50.0
-50.0
-33.0
-99.0
-60.0
-63.0
-120.0
-60.0
-75.0
-55.0
4.0
-52.0
-4.0
2.0
-60.0
-7.0
-55.0
-58.0
7.0
-35.0
-4.0
-39.0
-121.0
-77.0
-103.0
-82.0
-5.0
-63.0
-33.0
-31.0
-83.0
-13.0
-41.0
-37.0
13.0
-42.0
-5.0
-14.0
-56.0
-7.0
-41.0
-41.0
-29.0
-104.0
-43.0
-43.0
-106.0
-40.0
-65.0
-53.0
19.0
-24.0
17.0
-4.0
-65.0
-4.0
-42.0
-35.0
25.0
-59.0
-43.0
-41.0
-96.0
-41.0
-69.0
-73.0
-23.0
-85.0
-41.0
-23.0
-70.0
-4.0
-40.0
-54.0
-21.0
-86.0
-36.0
-24.0
-75.0
-22.0
-64.0
-94.0
-34.0
-92.0
-64.0
-45.0
-95.0
-27.0
-49.0
-50.0
22.0
-42.0
-29.0
-31.0
-92.0
-29.0
-41.0
-52.0
-31.0
-109.0
-59.0
-37.0
-72.0
-13.0
-64.0
-70.0
-18.0
-63.0
-20.0
-18.0
-72.0
-10.0
-34.0
-47.0
-8.0
-74.0
-41.0
-25.0
-68.0
-13.0
-48.0
-61.0
-12.0
-68.0
-9.0
4.0
-73.0
-32.0
-76.0
-86.0
-32.0
-90.0
-64.0
-40.0
-72.0
2.0
-51.0
-69.0
-5.0
-59.0
-21.0
-10.0
-67.0
-29.0
-64.0
-70.0
-16.0
-82.0
-44.0
-31.0
-69.0
-15.0
-55.0
-62.0
-15.0
-75.0
-40.0
-44.0
-98.0
-35.0
-55.0
-59.0
-4.0
-77.0
-42.0
-30.0
-95.0
-42.0
-52.0
-47.0
-10.0
-58.0
2.0
24.0
-37.0
-16.0
-63.0
-58.0
-5.0
-67.0
-40.0
-32.0
-91.0
-23.0
-50.0
-59.0
4.0
-42.0
-2.0
-6.0
-68.0
-11.0
-27.0
-51.0
-12.0
-48.0
2.0
7.0
-71.0
-16.0
-39.0
-54.0
0.0
-44.0
-18.0
-5.0
-52.0
9.0
-26.0
-46.0
15.0
-41.0
-26.0
-35.0
-82.0
-18.0
-86.0
-100.0
-27.0
-74.0
-45.0
-36.0
-101.0
-28.0
-43.0
-54.0
6.0
-52.0
-26.0
-26.0
-83.0
-42.0
-87.0
-86.0
-23.0
-84.0
-48.0
-34.0
-83.0
-24.0
-43.0
-58.0
-19.0
-78.0
-33.0
-7.0
-54.0
-1.0
-22.0
-45.0
-10.0
-64.0
-41.0
-22.0
-55.0
-5.0
-52.0
-82.0
-26.0
-72.0
-40.0
-20.0
-94.0
-43.0
-35.0
-41.0
-14.0
-73.0
-43.0
-31.0
-71.0
-11.0
-48.0
-67.0
-20.0
-65.0
-40.0
-35.0
-89.0
-11.0
-22.0
-66.0
-25.0
-76.0
-24.0
-4.0
-64.0
-13.0
-37.0
-53.0
-12.0
-82.0
-65.0
-37.0
-100.0
-44.0
-59.0
-63.0
-15.0
-68.0
-22.0
3.0
-54.0
11.0
-17.0
-40.0
9.0
-40.0
-27.0
-40.0
-95.0
-23.0
-51.0
-70.0
-11.0
-71.0
-52.0
-24.0
-63.0
0.0
-21.0
-41.0
9.0
-49.0
-17.0
4.0
-36.0
7.0
-44.0
-63.0
-18.0
-79.0
-40.0
-10.0
-71.0
0.0
0.0
0.0
0.0
0.0
0.0
0.0
0.0
0.0
0.0
0.0
0.0
0.0
0.0
0.0
0.0
0.0
0.0
0.0
0.0
0.0
0.0
0.0
0.0
0.0
0.0
0.0
0.0
0.0
0.0
0.0
0.0
0.0
0.0
0.0
0.0
0.0
0.0
0.0
0.0
0.0
0.0
0.0
0.0
0.0
0.0
0.0
0.0
0.0
0.0
0.0
0.0
0.0
0.0
0.0
0.0
0.0
0.0
0.0
0.0
0.0
0.0
0.0
0.0
0.0
0.0
0.0
0.0
0.0
0.0
0.0
0.0
0.0
0.0
0.0
0.0
0.0
0.0
0.0
0.0
0.0
0.0
0.0
0.0
0.0
0.0
0.0
0.0
0.0
0.0
0.0
0.0
0.0
0.0
0.0
0.0
0.0
0.0
0.0
0.0
0.0
0.0
0.0
0.0
0.0
0.0
0.0
0.0
0.0
0.0
0.0
0.0
0.0
0.0
0.0
0.0
0.0
0.0
0.0
0.0
0.0
0.0
0.0
0.0
0.0
0.0
0.0
0.0
