101.0
246.0
104.0
160.0
271.0
118.0
244.0
214.0
80.0
297.0
114.0
206.0
291.0
64.0
301.0
131.0
163.0
231.0
121.0
243.0
205.0
171.0
213.0
235.0
220.0
331.0
241.0
215.0
324.0
186.0
326.0
320.0
177.0
384.0
151.0
312.0
308.0
155.0
350.0
228.0
260.0
252.0
200.0
212.0
277.0
241.0
267.0
288.0
183.0
357.0
217.0
235.0
336.0
74.0
359.0
177.0
237.0
333.0
159.0
290.0
235.0
176.0
260.0
208.0
126.0
242.0
117.0
219.0
259.0
114.0
211.0
140.0
74.0
247.0
76.0
171.0
197.0
56.0
268.0
140.0
196.0
220.0
152.0
108.0
176.0
63.0
168.0
136.0
50.0
233.0
71.0
187.0
178.0
65.0
230.0
136.0
125.0
202.0
28.0
154.0
144.0
27.0
150.0
84.0
45.0
181.0
18.0
101.0
139.0
-24.0
185.0
43.0
62.0
140.0
57.0
73.0
151.0
6.0
181.0
86.0
33.0
172.0
48.0
131.0
100.0
8.0
152.0
68.0
48.0
127.0
18.0
66.0
148.0
26.0
98.0
103.0
-49.0
155.0
-21.0
34.0
142.0
-97.0
204.0
-15.0
50.0
156.0
22.0
115.0
105.0
52.0
142.0
96.0
64.0
169.0
88.0
77.0
174.0
40.0
136.0
148.0
-9.0
221.0
-3.0
97.0
112.0
-35.0
160.0
36.0
58.0
136.0
-59.0
37.0
71.0
-49.0
125.0
57.0
12.0
79.0
-3.0
-14.0
82.0
-12.0
127.0
67.0
21.0
114.0
-23.0
67.0
112.0
-50.0
90.0
32.0
8.0
194.0
-12.0
72.0
100.0
-50.0
90.0
63.0
5.0
117.0
-1.0
88.0
102.0
-40.0
169.0
14.0
79.0
132.0
51.0
101.0
106.0
49.0
160.0
90.0
78.0
155.0
79.0
97.0
147.0
73.0
178.0
165.0
90.0
224.0
100.0
127.0
186.0
59.0
178.0
155.0
67.0
259.0
78.0
165.0
225.0
66.0
284.0
163.0
193.0
214.0
127.0
202.0
247.0
117.0
214.0
196.0
77.0
231.0
92.0
162.0
192.0
72.0
187.0
165.0
86.0
257.0
88.0
201.0
192.0
96.0
254.0
124.0
111.0
231.0
84.0
134.0
156.0
74.0
231.0
121.0
146.0
212.0
94.0
166.0
176.0
62.0
235.0
88.0
128.0
159.0
103.0
128.0
156.0
101.0
207.0
197.0
70.0
270.0
43.0
157.0
161.0
6.0
232.0
131.0
92.0
175.0
39.0
134.0
165.0
65.0
151.0
73.0
69.0
130.0
54.0
70.0
177.0
-10.0
154.0
101.0
44.0
209.0
2.0
129.0
130.0
44.0
203.0
119.0
61.0
190.0
-4.0
168.0
138.0
30.0
146.0
68.0
72.0
145.0
-13.0
64.0
117.0
17.0
158.0
56.0
42.0
99.0
15.0
53.0
119.0
-61.0
120.0
-4.0
-18.0
118.0
-37.0
130.0
113.0
34.0
147.0
77.0
-14.0
158.0
-17.0
96.0
107.0
21.0
164.0
105.0
17.0
190.0
42.0
91.0
115.0
-20.0
163.0
7.0
21.0
87.0
22.0
55.0
127.0
-37.0
73.0
59.0
-23.0
151.0
-31.0
26.0
70.0
-41.0
69.0
12.0
-63.0
94.0
-49.0
35.0
57.0
-25.0
100.0
50.0
1.0
166.0
-54.0
53.0
74.0
-56.0
114.0
18.0
11.0
82.0
-17.0
12.0
109.0
-38.0
117.0
50.0
24.0
168.0
16.0
75.0
103.0
3.0
118.0
55.0
23.0
120.0
-13.0
71.0
81.0
-11.0
104.0
81.0
-13.0
200.0
-1.0
123.0
136.0
-3.0
167.0
28.0
41.0
96.0
-29.0
22.0
98.0
-82.0
82.0
-9.0
-35.0
107.0
-82.0
52.0
55.0
-56.0
112.0
15.0
-2.0
126.0
-50.0
55.0
38.0
-77.0
39.0
-37.0
-53.0
129.0
-72.0
32.0
32.0
-104.0
44.0
-68.0
-70.0
32.0
-75.0
-1.0
51.0
-95.0
60.0
-48.0
-65.0
30.0
-65.0
-21.0
-8.0
-114.0
0.0
-80.0
-97.0
39.0
-154.0
-13.0
-64.0
-89.0
-17.0
-55.0
-82.0
27.0
-90.0
-49.0
10.0
-138.0
33.0
-64.0
-58.0
46.0
-101.0
-42.0
27.0
-158.0
35.0
-90.0
-65.0
23.0
-88.0
28.0
-2.0
-36.0
-15.0
15.0
-61.0
24.0
-95.0
-39.0
26.0
-117.0
32.0
-65.0
-130.0
54.0
-140.0
-10.0
-21.0
-154.0
32.0
-64.0
-50.0
43.0
-85.0
-19.0
10.0
-129.0
44.0
-57.0
-77.0
46.0
-91.0
-4.0
32.0
-81.0
34.0
-32.0
-73.0
47.0
-84.0
-6.0
-17.0
-56.0
56.0
-14.0
-68.0
74.0
-81.0
-34.0
34.0
-123.0
77.0
-10.0
-48.0
106.0
-67.0
44.0
92.0
-127.0
145.0
-20.0
39.0
168.0
-39.0
112.0
88.0
-11.0
117.0
25.0
-13.0
119.0
-51.0
12.0
44.0
-59.0
60.0
40.0
-15.0
174.0
-1.0
87.0
126.0
14.0
209.0
24.0
61.0
151.0
30.0
92.0
123.0
10.0
169.0
50.0
42.0
120.0
13.0
125.0
97.0
-11.0
85.0
26.0
2.0
148.0
-33.0
100.0
116.0
-13.0
177.0
71.0
24.0
192.0
-14.0
75.0
97.0
-31.0
140.0
-13.0
32.0
128.0
-6.0
27.0
86.0
-87.0
143.0
-1.0
11.0
105.0
-53.0
80.0
66.0
-40.0
60.0
25.0
-47.0
151.0
-61.0
58.0
33.0
-56.0
52.0
-25.0
-100.0
37.0
-84.0
2.0
26.0
-120.0
54.0
-44.0
-9.0
60.0
-4.0
-5.0
93.0
-11.0
90.0
13.0
-27.0
79.0
-62.0
50.0
136.0
-58.0
87.0
88.0
-28.0
202.0
-54.0
119.0
53.0
1.0
158.0
43.0
87.0
155.0
-11.0
133.0
115.0
78.0
199.0
70.0
172.0
197.0
83.0
76.0
190.0
41.0
250.0
139.0
148.0
229.0
89.0
229.0
122.0
114.0
194.0
175.0
124.0
250.0
124.0
195.0
204.0
134.0
294.0
194.0
171.0
263.0
124.0
234.0
161.0
120.0
296.0
138.0
142.0
184.0
93.0
141.0
142.0
71.0
244.0
63.0
128.0
183.0
29.0
183.0
97.0
53.0
112.0
109.0
27.0
158.0
9.0
73.0
101.0
-25.0
115.0
71.0
25.0
172.0
-77.0
82.0
72.0
-25.0
159.0
-19.0
34.0
86.0
-15.0
97.0
76.0
-83.0
76.0
-46.0
-17.0
42.0
-85.0
32.0
38.0
-48.0
45.0
-35.0
-68.0
73.0
-108.0
29.0
-35.0
-109.0
15.0
-74.0
-150.0
-9.0
-129.0
-59.0
-25.0
-160.0
12.0
-171.0
-157.0
-77.0
-174.0
-97.0
-48.0
-168.0
-25.0
-93.0
-135.0
18.0
-118.0
-60.0
-13.0
-180.0
-7.0
-103.0
-135.0
7.0
-250.0
-69.0
-157.0
-215.0
-43.0
-191.0
-143.0
-109.0
-216.0
-121.0
-157.0
-194.0
-123.0
-144.0
-159.0
-106.0
-138.0
-168.0
-8.0
-200.0
15.0
-110.0
-149.0
-26.0
-176.0
-61.0
-88.0
-196.0
-58.0
-138.0
-183.0
-11.0
-198.0
-86.0
-119.0
-170.0
-41.0
-118.0
-118.0
-87.0
-170.0
-124.0
-84.0
-155.0
-22.0
-115.0
-105.0
-15.0
-126.0
-23.0
-25.0
-154.0
-7.0
-155.0
-51.0
4.0
-84.0
-12.0
-32.0
-71.0
12.0
4.0
-55.0
177.0
-10.0
84.0
70.0
-68.0
136.0
34.0
38.0
173.0
6.0
154.0
79.0
39.0
227.0
97.0
136.0
138.0
115.0
133.0
162.0
56.0
201.0
117.0
101.0
217.0
83.0
181.0
178.0
82.0
250.0
136.0
102.0
254.0
67.0
168.0
146.0
54.0
183.0
125.0
83.0
191.0
63.0
92.0
131.0
22.0
167.0
40.0
87.0
174.0
18.0
107.0
135.0
27.0
200.0
25.0
109.0
105.0
62.0
120.0
137.0
64.0
118.0
101.0
34.0
182.0
-6.0
93.0
133.0
-30.0
175.0
-42.0
-32.0
89.0
-139.0
85.0
-22.0
-52.0
112.0
-1.0
8.0
40.0
-6.0
-12.0
28.0
-125.0
45.0
-51.0
-76.0
47.0
-145.0
78.0
-11.0
-64.0
45.0
-118.0
-53.0
-31.0
-190.0
-37.0
-128.0
-128.0
-60.0
-124.0
-142.0
-23.0
-98.0
-61.0
-13.0
-178.0
8.0
-114.0
-73.0
-30.0
-137.0
-106.0
-61.0
-181.0
-11.0
-168.0
-131.0
-50.0
-174.0
-72.0
-74.0
-161.0
-65.0
-162.0
-149.0
-54.0
-194.0
-78.0
-114.0
-157.0
-105.0
-121.0
-106.0
-49.0
-174.0
-101.0
-79.0
-167.0
-13.0
-157.0
-113.0
-43.0
-150.0
-45.0
-46.0
-127.0
7.0
-139.0
-107.0
-21.0
-157.0
-51.0
-35.0
-169.0
37.0
-138.0
-130.0
12.0
-185.0
-3.0
-81.0
-92.0
16.0
-63.0
-43.0
41.0
-86.0
-6.0
37.0
-72.0
115.0
0.0
25.0
106.0
-31.0
19.0
74.0
-117.0
144.0
-64.0
-17.0
75.0
-128.0
39.0
-46.0
-122.0
13.0
-109.0
-43.0
-14.0
-127.0
-35.0
-78.0
-82.0
-20.0
-68.0
-99.0
33.0
-116.0
18.0
7.0
-136.0
86.0
-95.0
1.0
36.0
-103.0
-26.0
-36.0
-115.0
31.0
-19.0
-52.0
52.0
-65.0
35.0
39.0
-73.0
34.0
-60.0
-108.0
63.0
-129.0
16.0
-1.0
-112.0
44.0
-105.0
-68.0
-4.0
-103.0
-13.0
-27.0
-91.0
-12.0
-77.0
-101.0
7.0
-124.0
-31.0
-7.0
-185.0
82.0
-126.0
-42.0
49.0
-138.0
24.0
-59.0
-98.0
1.0
-65.0
-37.0
23.0
-92.0
6.0
-46.0
-91.0
18.0
-59.0
-74.0
59.0
-158.0
15.0
-42.0
-132.0
54.0
-155.0
-20.0
-6.0
-105.0
1.0
-21.0
-50.0
45.0
-37.0
-45.0
42.0
-132.0
-8.0
-51.0
-155.0
17.0
-148.0
-45.0
-4.0
-92.0
-4.0
-70.0
-71.0
-16.0
-38.0
-59.0
44.0
-145.0
-2.0
-39.0
-146.0
38.0
-115.0
-49.0
-11.0
-95.0
-21.0
8.0
-145.0
46.0
-135.0
-92.0
21.0
-171.0
12.0
-53.0
-155.0
22.0
-173.0
-80.0
-29.0
-176.0
16.0
-101.0
-125.0
-47.0
-56.0
-107.0
29.0
-165.0
-43.0
-51.0
-151.0
-23.0
-128.0
-105.0
3.0
-154.0
-50.0
-42.0
-154.0
96.0
-145.0
-61.0
1.0
-128.0
-2.0
-84.0
-116.0
16.0
-120.0
-83.0
-27.0
-175.0
-5.0
-143.0
-157.0
-58.0
-118.0
-116.0
7.0
-143.0
37.0
-7.0
-121.0
16.0
-108.0
-53.0
-20.0
-162.0
-60.0
-104.0
-130.0
-1.0
-187.0
-133.0
-108.0
-173.0
-99.0
-31.0
-121.0
4.0
-95.0
-150.0
34.0
-163.0
-4.0
-37.0
-127.0
15.0
-88.0
-73.0
36.0
-124.0
2.0
-23.0
-136.0
29.0
-96.0
-82.0
5.0
-108.0
-12.0
-80.0
-191.0
-41.0
-109.0
-69.0
-5.0
-123.0
-44.0
-45.0
-145.0
12.0
-54.0
-67.0
76.0
-89.0
7.0
29.0
-72.0
108.0
-44.0
-71.0
83.0
-140.0
73.0
-10.0
-33.0
101.0
-34.0
78.0
77.0
10.0
35.0
149.0
19.0
165.0
84.0
105.0
173.0
2.0
105.0
93.0
-12.0
163.0
27.0
83.0
209.0
-24.0
141.0
61.0
8.0
165.0
59.0
76.0
120.0
0.0
119.0
56.0
28.0
162.0
82.0
119.0
126.0
24.0
72.0
98.0
4.0
171.0
-42.0
47.0
86.0
14.0
131.0
67.0
27.0
115.0
41.0
59.0
117.0
-22.0
107.0
5.0
1.0
101.0
31.0
30.0
74.0
-46.0
32.0
25.0
-45.0
80.0
3.0
-6.0
57.0
-99.0
18.0
11.0
-91.0
80.0
-125.0
1.0
-12.0
-66.0
31.0
-61.0
-21.0
77.0
-10.0
-2.0
79.0
-116.0
85.0
-23.0
-46.0
107.0
-81.0
-34.0
4.0
-69.0
85.0
-24.0
-52.0
68.0
-83.0
15.0
-34.0
-55.0
-17.0
-36.0
-97.0
36.0
-54.0
-107.0
40.0
-163.0
5.0
-24.0
-155.0
96.0
-135.0
-26.0
26.0
-178.0
66.0
-85.0
-59.0
55.0
-72.0
14.0
-29.0
-103.0
-1.0
-53.0
-88.0
45.0
-60.0
-39.0
4.0
-99.0
17.0
27.0
-64.0
131.0
-39.0
15.0
89.0
-93.0
120.0
-51.0
-20.0
75.0
-49.0
6.0
68.0
36.0
81.0
94.0
-33.0
125.0
44.0
23.0
168.0
-67.0
138.0
20.0
33.0
143.0
3.0
121.0
80.0
-5.0
74.0
40.0
-8.0
107.0
-33.0
-7.0
70.0
-75.0
53.0
33.0
-61.0
125.0
-15.0
15.0
125.0
-49.0
89.0
2.0
-29.0
63.0
-26.0
24.0
20.0
-67.0
18.0
13.0
-40.0
91.0
-35.0
-15.0
25.0
-110.0
-22.0
12.0
-105.0
53.0
-82.0
-59.0
-10.0
-115.0
12.0
-26.0
-81.0
-31.0
-81.0
-39.0
-10.0
-30.0
22.0
33.0
-56.0
45.0
-16.0
-88.0
72.0
-162.0
16.0
-22.0
-132.0
54.0
-93.0
4.0
18.0
2.0
35.0
50.0
-74.0
86.0
-79.0
-18.0
80.0
-93.0
40.0
-8.0
-91.0
73.0
-60.0
0.0
36.0
-97.0
31.0
-69.0
-55.0
9.0
-31.0
-90.0
11.0
-116.0
31.0
-23.0
-97.0
70.0
-88.0
-36.0
18.0
-83.0
-5.0
-25.0
-98.0
46.0
-152.0
-42.0
15.0
-133.0
37.0
-92.0
-116.0
-23.0
-168.0
-80.0
-65.0
-187.0
-6.0
-127.0
-129.0
-52.0
-161.0
-125.0
-65.0
-156.0
-77.0
-93.0
-175.0
-36.0
-140.0
-107.0
-10.0
-139.0
-3.0
-62.0
-146.0
24.0
-143.0
-34.0
-13.0
-107.0
-13.0
-48.0
-105.0
5.0
-84.0
-103.0
61.0
-136.0
51.0
-55.0
-84.0
28.0
-110.0
-25.0
6.0
-76.0
-2.0
-56.0
-110.0
31.0
-93.0
-72.0
3.0
-143.0
14.0
-17.0
-127.0
48.0
-159.0
-51.0
-32.0
-108.0
-6.0
-83.0
-77.0
-3.0
-73.0
-108.0
-7.0
-151.0
-5.0
-56.0
-145.0
-26.0
-119.0
-162.0
-5.0
-232.0
-58.0
-106.0
-210.0
-28.0
-200.0
-107.0
-122.0
-191.0
-118.0
-115.0
-201.0
-31.0
-172.0
-119.0
-80.0
-205.0
-51.0
-155.0
-159.0
-42.0
-157.0
-112.0
-49.0
-184.0
-51.0
-125.0
-143.0
-56.0
-92.0
-148.0
-4.0
-212.0
-62.0
-64.0
-200.0
64.0
-185.0
-45.0
1.0
-169.0
31.0
-126.0
-157.0
-17.0
-128.0
-37.0
-60.0
-128.0
-71.0
-70.0
-108.0
-14.0
-112.0
-129.0
12.0
-202.0
-51.0
-91.0
-178.0
-41.0
-86.0
-128.0
16.0
-187.0
-22.0
-46.0
-135.0
8.0
-152.0
-61.0
-59.0
-104.0
-63.0
-82.0
-140.0
-12.0
-94.0
-103.0
17.0
-163.0
-48.0
-60.0
-135.0
-1.0
-131.0
-73.0
-44.0
-173.0
-7.0
-97.0
-95.0
-29.0
-60.0
-95.0
-18.0
-82.0
-23.0
-41.0
-110.0
71.0
-95.0
-52.0
11.0
-149.0
16.0
-69.0
-101.0
52.0
-133.0
-30.0
-65.0
-90.0
-33.0
-52.0
-75.0
10.0
-54.0
-70.0
61.0
-127.0
82.0
-34.0
-48.0
10.0
-135.0
-15.0
-50.0
-125.0
-16.0
-74.0
-67.0
-45.0
-97.0
-69.0
-18.0
-76.0
-29.0
44.0
-129.0
47.0
-76.0
-50.0
-7.0
-91.0
-19.0
-26.0
-134.0
27.0
-82.0
-66.0
85.0
-173.0
54.0
-108.0
-98.0
-31.0
-153.0
-61.0
-54.0
-145.0
-6.0
-114.0
-136.0
-25.0
-157.0
-64.0
-43.0
-125.0
-63.0
-23.0
-154.0
45.0
-96.0
-73.0
34.0
-143.0
26.0
-42.0
-117.0
36.0
-143.0
-84.0
-15.0
-175.0
29.0
-137.0
-68.0
-31.0
-98.0
-63.0
-29.0
-90.0
2.0
-34.0
-105.0
57.0
-96.0
-38.0
25.0
-123.0
61.0
-6.0
-78.0
125.0
-100.0
28.0
-18.0
-77.0
46.0
-50.0
-51.0
25.0
-41.0
-4.0
35.0
-116.0
2.0
-11.0
-99.0
74.0
-79.0
-35.0
44.0
-130.0
60.0
-54.0
-72.0
20.0
-106.0
-39.0
-18.0
-83.0
-22.0
26.0
-120.0
60.0
-102.0
-58.0
26.0
-127.0
16.0
-19.0
-98.0
59.0
-90.0
-45.0
24.0
-142.0
48.0
-25.0
-54.0
69.0
-53.0
-33.0
47.0
-115.0
50.0
-33.0
-58.0
74.0
-42.0
26.0
39.0
-17.0
33.0
36.0
-67.0
71.0
-53.0
16.0
78.0
-84.0
50.0
-39.0
-36.0
80.0
-18.0
47.0
117.0
-46.0
87.0
5.0
-14.0
114.0
4.0
4.0
71.0
-124.0
75.0
-55.0
-102.0
91.0
-89.0
56.0
36.0
-81.0
48.0
-36.0
-80.0
38.0
-91.0
-13.0
-3.0
-99.0
-5.0
-51.0
-106.0
47.0
-80.0
-82.0
45.0
-144.0
46.0
-30.0
-71.0
44.0
-62.0
-2.0
120.0
-50.0
116.0
22.0
-37.0
96.0
-8.0
35.0
34.0
-19.0
50.0
39.0
-34.0
161.0
50.0
79.0
136.0
8.0
83.0
45.0
-5.0
163.0
41.0
77.0
140.0
-28.0
133.0
36.0
74.0
165.0
65.0
80.0
172.0
24.0
151.0
117.0
64.0
194.0
124.0
129.0
159.0
90.0
135.0
157.0
25.0
194.0
39.0
141.0
168.0
-8.0
167.0
88.0
68.0
169.0
21.0
90.0
108.0
-34.0
145.0
27.0
89.0
190.0
62.0
80.0
172.0
43.0
182.0
39.0
70.0
139.0
4.0
97.0
72.0
65.0
144.0
103.0
-1.0
205.0
-31.0
92.0
109.0
-6.0
133.0
34.0
30.0
129.0
2.0
23.0
74.0
-36.0
68.0
-24.0
-20.0
72.0
-14.0
-15.0
28.0
-136.0
80.0
1.0
7.0
99.0
-51.0
11.0
-20.0
-128.0
29.0
-2.0
-112.0
77.0
-112.0
-15.0
30.0
-71.0
25.0
-5.0
-51.0
45.0
-20.0
-27.0
50.0
-112.0
37.0
-32.0
-3.0
79.0
9.0
33.0
72.0
-102.0
7.0
-14.0
-92.0
122.0
-98.0
16.0
24.0
-113.0
34.0
-5.0
-74.0
91.0
-116.0
-10.0
36.0
-120.0
55.0
-48.0
-71.0
27.0
-102.0
1.0
50.0
-123.0
49.0
-43.0
-86.0
30.0
-12.0
-41.0
80.0
-148.0
11.0
-31.0
-86.0
61.0
-80.0
1.0
56.0
-103.0
24.0
-43.0
-115.0
53.0
-67.0
13.0
26.0
-67.0
15.0
50.0
-89.0
70.0
-67.0
-47.0
50.0
-103.0
78.0
-49.0
-26.0
13.0
-65.0
-29.0
31.0
-79.0
22.0
9.0
-44.0
94.0
-24.0
18.0
80.0
-23.0
84.0
7.0
-83.0
153.0
-69.0
93.0
65.0
-36.0
110.0
-42.0
1.0
59.0
-1.0
10.0
97.0
-82.0
52.0
-15.0
-113.0
62.0
-69.0
0.0
69.0
-110.0
107.0
-66.0
-44.0
84.0
-66.0
36.0
-31.0
9.0
34.0
27.0
-72.0
11.0
-57.0
-35.0
44.0
-58.0
73.0
53.0
-24.0
95.0
-90.0
3.0
11.0
-32.0
89.0
8.0
5.0
53.0
-71.0
-44.0
-25.0
-151.0
18.0
-80.0
-126.0
16.0
-153.0
0.0
1.0
-105.0
17.0
-93.0
-98.0
-8.0
-119.0
27.0
-21.0
-72.0
-14.0
-40.0
-43.0
33.0
-62.0
-22.0
40.0
-91.0
12.0
-52.0
-61.0
41.0
-72.0
-20.0
-1.0
-127.0
52.0
-41.0
-56.0
65.0
-132.0
11.0
-8.0
-67.0
-1.0
-7.0
-67.0
60.0
-56.0
-20.0
20.0
-86.0
30.0
-33.0
-87.0
88.0
-84.0
-39.0
4.0
-165.0
45.0
-63.0
-87.0
-13.0
-158.0
-91.0
-20.0
-111.0
72.0
-41.0
-55.0
15.0
-100.0
-36.0
-30.0
-110.0
26.0
-20.0
-107.0
71.0
-108.0
16.0
51.0
-103.0
30.0
2.0
-67.0
115.0
-44.0
-29.0
43.0
-146.0
47.0
-70.0
-44.0
38.0
-58.0
3.0
39.0
-84.0
52.0
-57.0
-81.0
69.0
-91.0
-44.0
-1.0
-141.0
-14.0
-67.0
-138.0
-3.0
-130.0
-53.0
-36.0
-98.0
-22.0
-59.0
-156.0
60.0
-67.0
-33.0
27.0
-169.0
80.0
-72.0
-69.0
20.0
-89.0
-68.0
-17.0
-187.0
14.0
-78.0
-49.0
84.0
-66.0
22.0
-3.0
-62.0
5.0
-32.0
-103.0
29.0
-75.0
-53.0
2.0
-197.0
11.0
-117.0
-81.0
33.0
-92.0
24.0
10.0
-107.0
0.0
-69.0
-75.0
-36.0
-91.0
-87.0
-7.0
-137.0
-68.0
-30.0
-165.0
58.0
-89.0
-78.0
46.0
-173.0
-11.0
-107.0
-149.0
43.0
-145.0
-4.0
-46.0
-145.0
-43.0
-103.0
-162.0
-7.0
-95.0
-59.0
0.0
-142.0
-7.0
-112.0
-106.0
-72.0
-157.0
-100.0
-21.0
-168.0
10.0
-36.0
-112.0
66.0
-111.0
15.0
29.0
-84.0
52.0
-2.0
-85.0
83.0
-87.0
13.0
29.0
-58.0
42.0
-40.0
-76.0
61.0
-85.0
-14.0
15.0
-135.0
47.0
-100.0
-49.0
2.0
-99.0
-29.0
-38.0
-64.0
-20.0
-32.0
-51.0
-40.0
-83.0
-48.0
35.0
-106.0
48.0
-8.0
-100.0
102.0
-118.0
33.0
-10.0
-98.0
40.0
-26.0
-52.0
62.0
-120.0
-40.0
18.0
-111.0
42.0
-43.0
-43.0
31.0
-33.0
-54.0
80.0
-97.0
114.0
5.0
-24.0
88.0
-76.0
84.0
-20.0
-39.0
27.0
11.0
-47.0
48.0
-22.0
-45.0
45.0
-37.0
64.0
47.0
-78.0
135.0
-77.0
8.0
50.0
-117.0
62.0
-71.0
-23.0
31.0
-62.0
-7.0
17.0
-124.0
-6.0
-60.0
-126.0
43.0
-142.0
-61.0
-11.0
-158.0
-12.0
-103.0
-148.0
-3.0
-158.0
-35.0
-50.0
-111.0
-7.0
-87.0
-126.0
-20.0
-115.0
-111.0
-13.0
-156.0
-15.0
-55.0
-120.0
7.0
-168.0
-81.0
-12.0
-197.0
38.0
-146.0
-89.0
-45.0
-169.0
-84.0
-106.0
-96.0
-52.0
-67.0
-141.0
-7.0
-175.0
-90.0
-34.0
-210.0
-2.0
-117.0
-131.0
-5.0
-157.0
-62.0
-18.0
-153.0
4.0
-109.0
-115.0
-12.0
-105.0
-87.0
0.0
-175.0
-13.0
-101.0
-173.0
-7.0
-152.0
-87.0
-60.0
-190.0
-51.0
-88.0
-183.0
11.0
-188.0
-44.0
-90.0
-164.0
-68.0
-148.0
-145.0
-9.0
-144.0
-92.0
-37.0
-165.0
36.0
-58.0
-76.0
-3.0
-90.0
-66.0
45.0
-106.0
39.0
-34.0
-80.0
31.0
-69.0
12.0
29.0
-52.0
19.0
11.0
-135.0
93.0
-108.0
14.0
39.0
-99.0
29.0
-101.0
-66.0
49.0
-152.0
3.0
-35.0
-101.0
44.0
-89.0
-34.0
-33.0
-76.0
-56.0
-24.0
-109.0
-20.0
-48.0
-100.0
35.0
-65.0
-41.0
11.0
-148.0
5.0
-72.0
-128.0
73.0
-151.0
16.0
-57.0
-72.0
16.0
-84.0
-32.0
-11.0
-78.0
-66.0
-20.0
-115.0
-48.0
-43.0
-76.0
-22.0
-71.0
-81.0
56.0
-162.0
70.0
-94.0
-85.0
22.0
-171.0
-35.0
-115.0
-44.0
48.0
-63.0
-5.0
42.0
-55.0
31.0
3.0
-60.0
-39.0
-30.0
-123.0
13.0
-94.0
-89.0
-18.0
-156.0
12.0
-85.0
-117.0
33.0
-111.0
-16.0
35.0
-82.0
68.0
-69.0
-50.0
12.0
-69.0
16.0
6.0
-82.0
20.0
-46.0
-63.0
21.0
-108.0
40.0
14.0
-51.0
15.0
-27.0
-75.0
77.0
-111.0
-1.0
-23.0
-119.0
62.0
-89.0
-7.0
-10.0
-88.0
-51.0
-31.0
-68.0
51.0
-41.0
-65.0
26.0
-121.0
1.0
67.0
-94.0
42.0
-62.0
-102.0
61.0
-159.0
77.0
-12.0
-49.0
69.0
-37.0
32.0
85.0
-41.0
32.0
51.0
-73.0
97.0
-41.0
0.0
37.0
-68.0
-8.0
70.0
-40.0
72.0
45.0
-33.0
136.0
-100.0
33.0
33.0
-127.0
39.0
-33.0
-87.0
68.0
-141.0
57.0
16.0
-54.0
78.0
-70.0
-23.0
34.0
-76.0
-40.0
31.0
-68.0
36.0
-45.0
-45.0
27.0
-39.0
-76.0
39.0
-132.0
50.0
-49.0
-76.0
84.0
-133.0
10.0
4.0
-76.0
44.0
-31.0
-53.0
49.0
-86.0
-3.0
-8.0
-56.0
-21.0
-22.0
-144.0
40.0
-76.0
-71.0
74.0
-157.0
49.0
-86.0
-90.0
81.0
-69.0
-3.0
36.0
-150.0
76.0
-45.0
-64.0
82.0
-79.0
22.0
2.0
-3.0
66.0
31.0
-15.0
95.0
-3.0
13.0
63.0
-49.0
50.0
10.0
-86.0
87.0
-41.0
-3.0
88.0
-87.0
97.0
35.0
-43.0
78.0
-60.0
-4.0
46.0
-109.0
89.0
-37.0
-21.0
42.0
-81.0
22.0
21.0
-21.0
11.0
53.0
-45.0
118.0
-48.0
-22.0
35.0
-128.0
59.0
14.0
-53.0
138.0
-57.0
8.0
71.0
-98.0
105.0
21.0
27.0
97.0
21.0
50.0
114.0
-31.0
130.0
2.0
28.0
121.0
-17.0
126.0
51.0
-15.0
52.0
35.0
14.0
128.0
-13.0
37.0
96.0
-73.0
99.0
6.0
27.0
203.0
-34.0
105.0
55.0
-19.0
144.0
10.0
93.0
97.0
30.0
11.0
44.0
-47.0
55.0
-2.0
-6.0
115.0
-25.0
97.0
62.0
-39.0
127.0
35.0
39.0
154.0
-65.0
71.0
34.0
5.0
92.0
41.0
-6.0
132.0
-29.0
74.0
124.0
-30.0
156.0
44.0
83.0
136.0
51.0
110.0
115.0
13.0
181.0
81.0
79.0
208.0
-12.0
135.0
91.0
-5.0
138.0
32.0
48.0
130.0
-43.0
54.0
87.0
55.0
145.0
106.0
48.0
194.0
60.0
149.0
171.0
8.0
199.0
40.0
111.0
164.0
59.0
129.0
154.0
6.0
194.0
88.0
92.0
249.0
36.0
154.0
161.0
77.0
251.0
163.0
81.0
238.0
4.0
195.0
143.0
109.0
229.0
139.0
124.0
221.0
97.0
200.0
196.0
78.0
268.0
104.0
166.0
212.0
117.0
149.0
194.0
18.0
237.0
98.0
84.0
177.0
58.0
142.0
130.0
56.0
166.0
133.0
54.0
181.0
82.0
156.0
183.0
51.0
210.0
111.0
53.0
168.0
-21.0
124.0
126.0
-12.0
214.0
53.0
95.0
121.0
5.0
98.0
121.0
-32.0
131.0
-1.0
23.0
124.0
1.0
117.0
94.0
30.0
106.0
83.0
37.0
220.0
16.0
154.0
154.0
-23.0
101.0
45.0
30.0
153.0
-12.0
108.0
70.0
-45.0
82.0
-3.0
7.0
75.0
7.0
44.0
116.0
-29.0
147.0
46.0
57.0
122.0
-60.0
-31.0
43.0
-64.0
59.0
11.0
-53.0
110.0
-97.0
62.0
5.0
2.0
66.0
-30.0
15.0
12.0
-53.0
-24.0
37.0
-107.0
51.0
-54.0
-50.0
53.0
-73.0
30.0
25.0
-77.0
90.0
-27.0
-4.0
32.0
-78.0
30.0
13.0
-55.0
20.0
-50.0
-64.0
73.0
-65.0
39.0
52.0
-52.0
64.0
-31.0
-81.0
77.0
-115.0
43.0
11.0
-78.0
95.0
-58.0
-2.0
57.0
-39.0
36.0
35.0
-11.0
31.0
-2.0
-19.0
88.0
-41.0
36.0
56.0
-42.0
80.0
-17.0
4.0
96.0
-44.0
61.0
31.0
-23.0
73.0
36.0
-36.0
171.0
-55.0
62.0
80.0
-100.0
154.0
-41.0
13.0
45.0
-54.0
26.0
8.0
-79.0
64.0
-23.0
-1.0
89.0
-55.0
45.0
92.0
-88.0
105.0
23.0
-34.0
205.0
-52.0
153.0
54.0
-30.0
116.0
-18.0
18.0
56.0
-67.0
15.0
60.0
-32.0
81.0
17.0
-4.0
132.0
-12.0
41.0
111.0
-74.0
168.0
-58.0
67.0
67.0
-37.0
70.0
30.0
-27.0
57.0
63.0
-21.0
142.0
-62.0
39.0
1.0
-100.0
63.0
-62.0
-59.0
89.0
-110.0
30.0
16.0
-148.0
95.0
-45.0
15.0
68.0
-68.0
20.0
20.0
-93.0
89.0
-111.0
-53.0
19.0
-103.0
-8.0
44.0
-122.0
29.0
-39.0
-114.0
65.0
-143.0
1.0
-13.0
-96.0
60.0
-83.0
-15.0
48.0
-103.0
-10.0
-26.0
-98.0
37.0
-41.0
-34.0
48.0
-39.0
-32.0
86.0
-96.0
93.0
24.0
-56.0
135.0
-114.0
108.0
42.0
-33.0
168.0
-33.0
60.0
87.0
-53.0
78.0
11.0
-11.0
58.0
-7.0
-43.0
141.0
-22.0
71.0
119.0
-58.0
156.0
9.0
16.0
151.0
-35.0
67.0
47.0
-76.0
149.0
-11.0
17.0
110.0
-48.0
65.0
69.0
-63.0
102.0
-4.0
-7.0
135.0
-65.0
47.0
15.0
-60.0
55.0
-12.0
-12.0
64.0
-102.0
28.0
48.0
-61.0
126.0
-39.0
64.0
121.0
9.0
41.0
-5.0
-75.0
72.0
10.0
3.0
106.0
-31.0
70.0
45.0
-40.0
79.0
-73.0
-3.0
68.0
-86.0
89.0
-8.0
-16.0
43.0
-17.0
30.0
46.0
-1.0
-4.0
24.0
-73.0
35.0
42.0
-63.0
82.0
-92.0
39.0
120.0
-149.0
143.0
-109.0
18.0
62.0
-95.0
89.0
-11.0
49.0
112.0
65.0
67.0
112.0
-5.0
80.0
83.0
2.0
114.0
74.0
-9.0
153.0
-89.0
89.0
51.0
-26.0
146.0
-93.0
35.0
38.0
-21.0
100.0
67.0
-58.0
99.0
-102.0
-66.0
10.0
-124.0
49.0
16.0
-27.0
58.0
-34.0
-38.0
90.0
-90.0
37.0
19.0
-97.0
69.0
-54.0
-41.0
99.0
-114.0
61.0
18.0
-88.0
64.0
-92.0
-23.0
41.0
-42.0
65.0
44.0
-81.0
61.0
-22.0
-17.0
119.0
-19.0
26.0
33.0
-130.0
112.0
3.0
-11.0
165.0
-59.0
127.0
-11.0
-11.0
54.0
-32.0
15.0
75.0
-45.0
11.0
45.0
-61.0
48.0
-1.0
-34.0
115.0
-18.0
69.0
96.0
-71.0
131.0
-43.0
-1.0
100.0
-30.0
80.0
33.0
-41.0
76.0
-34.0
-3.0
153.0
-35.0
103.0
62.0
-13.0
124.0
86.0
46.0
219.0
-11.0
106.0
54.0
-86.0
139.0
-61.0
36.0
52.0
-73.0
52.0
39.0
-53.0
84.0
-58.0
-59.0
52.0
-81.0
1.0
-4.0
-103.0
-21.0
-84.0
-100.0
16.0
-73.0
-3.0
-25.0
-130.0
-19.0
-81.0
-136.0
10.0
-106.0
-42.0
35.0
-142.0
31.0
-65.0
-72.0
39.0
-118.0
-34.0
-9.0
-153.0
8.0
-101.0
-70.0
2.0
-111.0
-51.0
-76.0
-111.0
7.0
-66.0
-44.0
59.0
-156.0
-14.0
-70.0
-137.0
-16.0
-109.0
-81.0
11.0
-124.0
33.0
-9.0
-84.0
78.0
-81.0
19.0
53.0
-72.0
-2.0
-18.0
-115.0
40.0
-37.0
-1.0
110.0
-42.0
68.0
37.0
-74.0
55.0
-41.0
-52.0
105.0
-126.0
75.0
-9.0
4.0
112.0
42.0
27.0
112.0
-39.0
55.0
91.0
-65.0
158.0
-15.0
64.0
136.0
12.0
122.0
49.0
-4.0
88.0
32.0
35.0
95.0
40.0
71.0
84.0
-34.0
87.0
70.0
15.0
191.0
-14.0
136.0
60.0
6.0
162.0
70.0
96.0
145.0
-6.0
105.0
92.0
2.0
96.0
2.0
51.0
145.0
64.0
159.0
132.0
12.0
148.0
-76.0
-5.0
21.0
-22.0
105.0
101.0
22.0
125.0
30.0
33.0
125.0
-18.0
52.0
56.0
0.0
61.0
-25.0
-56.0
103.0
-82.0
13.0
42.0
-105.0
106.0
-68.0
-26.0
77.0
-92.0
12.0
-29.0
-118.0
122.0
-89.0
2.0
59.0
-44.0
90.0
27.0
-48.0
117.0
1.0
-11.0
90.0
-80.0
75.0
8.0
-45.0
73.0
-26.0
-17.0
78.0
-78.0
34.0
14.0
-67.0
105.0
-49.0
41.0
7.0
-36.0
33.0
14.0
-36.0
89.0
1.0
-6.0
51.0
-17.0
37.0
114.0
-74.0
156.0
30.0
-20.0
202.0
-78.0
117.0
4.0
-34.0
29.0
-65.0
-2.0
61.0
-32.0
25.0
50.0
-64.0
96.0
-14.0
-34.0
80.0
-71.0
11.0
45.0
-62.0
138.0
-77.0
4.0
87.0
-55.0
96.0
32.0
6.0
119.0
52.0
42.0
114.0
-23.0
64.0
9.0
-15.0
96.0
-3.0
-10.0
60.0
-54.0
79.0
40.0
-25.0
79.0
47.0
12.0
116.0
16.0
26.0
124.0
-94.0
127.0
14.0
35.0
157.0
-72.0
123.0
-8.0
-75.0
59.0
-63.0
30.0
11.0
-69.0
25.0
-23.0
-24.0
53.0
1.0
-72.0
78.0
-98.0
87.0
82.0
-30.0
83.0
-29.0
56.0
27.0
-43.0
42.0
30.0
-55.0
109.0
-50.0
-5.0
97.0
-71.0
30.0
35.0
-4.0
112.0
3.0
24.0
90.0
-15.0
131.0
84.0
18.0
44.0
-8.0
5.0
46.0
-48.0
77.0
75.0
-16.0
127.0
-5.0
36.0
97.0
-49.0
53.0
79.0
-57.0
167.0
-15.0
-4.0
94.0
-65.0
101.0
62.0
10.0
137.0
-24.0
37.0
93.0
-68.0
93.0
55.0
29.0
92.0
26.0
15.0
107.0
-33.0
111.0
43.0
24.0
164.0
-23.0
46.0
55.0
-25.0
73.0
87.0
8.0
166.0
40.0
86.0
141.0
7.0
148.0
92.0
36.0
177.0
89.0
89.0
205.0
12.0
192.0
82.0
35.0
182.0
88.0
92.0
212.0
42.0
128.0
118.0
-5.0
228.0
-11.0
83.0
113.0
-36.0
90.0
56.0
-1.0
136.0
14.0
83.0
146.0
-14.0
82.0
41.0
-35.0
99.0
-10.0
35.0
94.0
-42.0
55.0
40.0
-27.0
102.0
30.0
-32.0
114.0
-100.0
88.0
46.0
-60.0
111.0
-41.0
24.0
46.0
-79.0
93.0
82.0
-39.0
159.0
-40.0
78.0
84.0
-45.0
91.0
128.0
11.0
155.0
3.0
-2.0
163.0
-65.0
131.0
14.0
-49.0
135.0
-23.0
49.0
110.0
-44.0
87.0
59.0
-21.0
129.0
37.0
7.0
73.0
-26.0
11.0
74.0
-38.0
143.0
-53.0
-23.0
63.0
-83.0
62.0
28.0
-73.0
48.0
-147.0
-95.0
16.0
-125.0
98.0
-24.0
-2.0
28.0
-90.0
-5.0
35.0
-88.0
18.0
-29.0
-72.0
6.0
-55.0
-17.0
65.0
-54.0
18.0
25.0
-86.0
93.0
-76.0
23.0
79.0
-74.0
28.0
-22.0
-71.0
43.0
-19.0
-23.0
148.0
-76.0
36.0
46.0
13.0
171.0
-2.0
20.0
103.0
-91.0
59.0
-58.0
-43.0
54.0
-67.0
16.0
-33.0
-42.0
-58.0
34.0
-89.0
66.0
-36.0
-44.0
50.0
-124.0
56.0
8.0
-81.0
112.0
-21.0
3.0
90.0
-116.0
68.0
-48.0
-27.0
45.0
6.0
16.0
77.0
-56.0
33.0
11.0
-91.0
52.0
-66.0
7.0
109.0
-24.0
100.0
60.0
-68.0
129.0
-112.0
66.0
55.0
6.0
117.0
46.0
48.0
75.0
64.0
-49.0
122.0
-73.0
84.0
144.0
-35.0
172.0
46.0
32.0
227.0
-4.0
168.0
101.0
-41.0
143.0
12.0
69.0
153.0
-44.0
89.0
70.0
-85.0
173.0
12.0
132.0
125.0
34.0
98.0
67.0
-53.0
51.0
-27.0
-43.0
206.0
-75.0
104.0
42.0
-78.0
80.0
-69.0
-78.0
34.0
-116.0
42.0
-18.0
-48.0
26.0
-48.0
-3.0
28.0
-8.0
-21.0
58.0
-96.0
67.0
-68.0
-58.0
7.0
-109.0
-10.0
-4.0
-104.0
46.0
-35.0
-42.0
50.0
-130.0
20.0
-69.0
-76.0
16.0
-2.0
-70.0
78.0
-61.0
7.0
48.0
-55.0
98.0
-41.0
-35.0
45.0
-55.0
54.0
29.0
-64.0
89.0
-71.0
16.0
85.0
-5.0
77.0
29.0
-22.0
96.0
24.0
-4.0
106.0
-58.0
108.0
31.0
-26.0
104.0
-44.0
46.0
76.0
-85.0
101.0
5.0
-2.0
101.0
-20.0
24.0
45.0
-22.0
-11.0
59.0
-100.0
100.0
-58.0
-61.0
60.0
-135.0
18.0
-60.0
-100.0
50.0
-53.0
-26.0
35.0
-102.0
18.0
-48.0
-15.0
40.0
-41.0
-15.0
26.0
-121.0
23.0
-3.0
-89.0
134.0
-64.0
41.0
97.0
-69.0
118.0
39.0
12.0
144.0
-40.0
51.0
86.0
-14.0
111.0
35.0
11.0
102.0
-47.0
24.0
72.0
-32.0
59.0
1.0
-37.0
63.0
4.0
-40.0
133.0
-85.0
86.0
-2.0
-53.0
108.0
-135.0
11.0
11.0
-41.0
77.0
1.0
-11.0
81.0
-44.0
65.0
-27.0
-53.0
-1.0
-26.0
-14.0
36.0
0.0
-35.0
103.0
-105.0
56.0
-15.0
-76.0
80.0
-51.0
64.0
101.0
-73.0
105.0
-52.0
-30.0
79.0
-66.0
50.0
31.0
-24.0
40.0
66.0
-62.0
95.0
-86.0
-31.0
33.0
-186.0
52.0
-34.0
-67.0
103.0
-98.0
5.0
40.0
-97.0
83.0
-21.0
-18.0
37.0
5.0
-1.0
89.0
-61.0
63.0
16.0
-104.0
84.0
-98.0
-17.0
23.0
-131.0
62.0
-44.0
-91.0
107.0
-105.0
-9.0
-10.0
-110.0
-2.0
-68.0
-102.0
50.0
-78.0
-25.0
14.0
-126.0
-25.0
-93.0
-129.0
18.0
-115.0
-40.0
22.0
-90.0
41.0
-45.0
-49.0
31.0
-77.0
-24.0
16.0
-79.0
2.0
7.0
-131.0
96.0
-98.0
-37.0
40.0
-112.0
46.0
-22.0
-55.0
46.0
-65.0
9.0
64.0
-100.0
47.0
-48.0
-77.0
8.0
-10.0
-48.0
58.0
-63.0
26.0
7.0
-115.0
63.0
-120.0
-56.0
20.0
-129.0
-6.0
-4.0
-137.0
45.0
-128.0
-81.0
15.0
-178.0
-3.0
-63.0
-143.0
33.0
-125.0
-105.0
17.0
-179.0
37.0
-94.0
-94.0
33.0
-103.0
-68.0
-30.0
-129.0
-3.0
-30.0
-44.0
27.0
-74.0
-49.0
-46.0
-162.0
-42.0
-12.0
-150.0
55.0
-58.0
-24.0
71.0
-87.0
51.0
31.0
-58.0
130.0
-18.0
23.0
61.0
-86.0
90.0
1.0
46.0
65.0
37.0
-18.0
119.0
-62.0
80.0
77.0
-32.0
138.0
-37.0
63.0
71.0
-25.0
101.0
24.0
3.0
55.0
-6.0
60.0
82.0
55.0
53.0
70.0
-40.0
83.0
-44.0
-7.0
132.0
-60.0
148.0
35.0
80.0
168.0
62.0
81.0
160.0
21.0
129.0
92.0
69.0
156.0
56.0
120.0
173.0
88.0
221.0
139.0
39.0
167.0
23.0
137.0
138.0
52.0
172.0
157.0
63.0
208.0
52.0
106.0
136.0
-23.0
156.0
70.0
125.0
133.0
75.0
61.0
141.0
34.0
142.0
148.0
67.0
178.0
80.0
114.0
129.0
4.0
143.0
62.0
-5.0
206.0
-59.0
124.0
63.0
-34.0
125.0
-18.0
21.0
71.0
-32.0
1.0
57.0
-41.0
61.0
17.0
28.0
41.0
52.0
6.0
138.0
6.0
82.0
82.0
-43.0
172.0
-44.0
98.0
98.0
-26.0
125.0
-24.0
-23.0
93.0
-95.0
103.0
94.0
26.0
145.0
96.0
70.0
147.0
55.0
116.0
154.0
-13.0
140.0
86.0
40.0
177.0
74.0
53.0
240.0
-39.0
183.0
73.0
35.0
259.0
-17.0
186.0
103.0
30.0
187.0
56.0
34.0
135.0
-9.0
71.0
146.0
43.0
130.0
106.0
4.0
169.0
23.0
77.0
150.0
-58.0
150.0
22.0
4.0
174.0
-26.0
56.0
107.0
-32.0
130.0
30.0
10.0
129.0
40.0
80.0
27.0
7.0
67.0
91.0
-6.0
152.0
5.0
64.0
100.0
-50.0
64.0
43.0
-55.0
122.0
-61.0
-15.0
82.0
-120.0
104.0
-45.0
-28.0
82.0
-74.0
3.0
15.0
-83.0
-15.0
-37.0
-114.0
-27.0
-79.0
-125.0
27.0
-135.0
-43.0
-31.0
-140.0
98.0
-188.0
-64.0
-61.0
-167.0
-10.0
-103.0
-89.0
-83.0
-124.0
-121.0
-61.0
-191.0
-62.0
-80.0
-148.0
20.0
-163.0
-89.0
-21.0
-167.0
21.0
-111.0
-88.0
-11.0
-126.0
-18.0
-29.0
-128.0
-32.0
-84.0
-134.0
-34.0
-171.0
-47.0
-98.0
-131.0
-107.0
-142.0
-139.0
-65.0
-108.0
-98.0
10.0
-165.0
10.0
-69.0
-133.0
45.0
-96.0
-26.0
10.0
-152.0
33.0
-79.0
-60.0
15.0
-76.0
-43.0
-34.0
-99.0
-42.0
-9.0
-157.0
4.0
-126.0
-101.0
20.0
-160.0
24.0
-31.0
-98.0
56.0
-137.0
-47.0
-8.0
-155.0
6.0
-104.0
-76.0
-25.0
-103.0
-68.0
7.0
-158.0
56.0
-12.0
-102.0
25.0
-180.0
-77.0
-87.0
-141.0
-99.0
-34.0
-163.0
5.0
-164.0
-59.0
-40.0
-138.0
48.0
-42.0
-114.0
-16.0
-130.0
-94.0
-58.0
-168.0
2.0
-63.0
-117.0
-48.0
-163.0
-124.0
-23.0
-156.0
25.0
-83.0
-94.0
31.0
-125.0
-82.0
14.0
-153.0
24.0
-59.0
-140.0
80.0
-191.0
13.0
-37.0
-115.0
28.0
-127.0
-36.0
-47.0
-76.0
-53.0
-43.0
-117.0
-57.0
-45.0
-121.0
44.0
-93.0
-93.0
65.0
-177.0
39.0
-81.0
-120.0
20.0
-145.0
-10.0
-67.0
-65.0
43.0
-3.0
-65.0
49.0
-62.0
3.0
-2.0
-67.0
-16.0
17.0
-25.0
94.0
24.0
41.0
105.0
-61.0
164.0
24.0
69.0
90.0
25.0
68.0
82.0
-11.0
96.0
121.0
29.0
108.0
62.0
66.0
136.0
85.0
162.0
154.0
44.0
246.0
86.0
172.0
222.0
139.0
289.0
210.0
176.0
333.0
122.0
199.0
237.0
132.0
267.0
173.0
161.0
168.0
296.0
146.0
226.0
134.0
201.0
169.0
61.0
216.0
129.0
103.0
74.0
26.0
130.0
65.0
105.0
115.0
-22.0
-8.0
9.0
-80.0
11.0
25.0
-60.0
122.0
-115.0
-99.0
-13.0
-219.0
-30.0
-108.0
-130.0
-125.0
-151.0
-73.0
-18.0
-214.0
-63.0
-60.0
-241.0
82.0
-268.0
-49.0
22.0
-291.0
161.0
-216.0
-116.0
112.0
-236.0
28.0
-105.0
-150.0
-87.0
12.0
-51.0
52.0
100.0
-87.0
204.0
-59.0
124.0
100.0
-142.0
257.0
-106.0
46.0
112.0
-271.0
233.0
-177.0
-9.0
82.0
-59.0
40.0
-102.0
119.0
-44.0
159.0
-146.0
64.0
-26.0
-64.0
120.0
-118.0
107.0
84.0
32.0
85.0
-24.0
52.0
19.0
-48.0
105.0
79.0
-40.0
152.0
2.0
-50.0
173.0
-125.0
220.0
7.0
-1.0
161.0
-67.0
163.0
4.0
-4.0
79.0
40.0
5.0
79.0
55.0
21.0
139.0
-22.0
116.0
47.0
-3.0
143.0
-77.0
127.0
83.0
-23.0
169.0
22.0
118.0
131.0
63.0
72.0
164.0
-54.0
184.0
70.0
-4.0
157.0
11.0
115.0
175.0
-1.0
173.0
165.0
-6.0
269.0
25.0
136.0
135.0
-44.0
113.0
10.0
24.0
112.0
18.0
52.0
86.0
-102.0
79.0
33.0
-46.0
155.0
-45.0
-21.0
86.0
-109.0
166.0
-27.0
-3.0
104.0
-7.0
8.0
89.0
20.0
103.0
127.0
-78.0
202.0
-61.0
128.0
140.0
1.0
158.0
37.0
31.0
154.0
44.0
96.0
168.0
-35.0
179.0
61.0
3.0
153.0
-22.0
76.0
116.0
-14.0
140.0
49.0
13.0
80.0
71.0
16.0
99.0
18.0
64.0
133.0
-15.0
189.0
-49.0
108.0
31.0
-42.0
104.0
-2.0
-11.0
67.0
-39.0
20.0
-12.0
-15.0
10.0
2.0
-41.0
9.0
22.0
-101.0
102.0
-172.0
50.0
-13.0
-136.0
67.0
-130.0
27.0
-7.0
-64.0
26.0
-54.0
-88.0
20.0
-116.0
-61.0
-36.0
-137.0
-23.0
-12.0
-136.0
69.0
-158.0
-28.0
20.0
-147.0
13.0
-53.0
-74.0
-51.0
-85.0
-64.0
-14.0
-136.0
-26.0
-91.0
-128.0
14.0
-89.0
-51.0
49.0
-138.0
1.0
-84.0
-182.0
46.0
-176.0
6.0
-85.0
-120.0
-22.0
-103.0
-80.0
-7.0
-88.0
-20.0
7.0
-91.0
-5.0
-120.0
-119.0
12.0
-146.0
-78.0
-5.0
-143.0
18.0
-91.0
-98.0
25.0
-171.0
-15.0
-86.0
-81.0
14.0
-42.0
-20.0
-13.0
-57.0
-48.0
-87.0
-79.0
-20.0
-13.0
-112.0
79.0
-146.0
-75.0
6.0
-167.0
87.0
-117.0
-78.0
-36.0
-127.0
-31.0
-8.0
-135.0
-10.0
-77.0
-93.0
-46.0
-101.0
-34.0
-26.0
-86.0
-13.0
-67.0
-144.0
12.0
-173.0
-13.0
-61.0
-151.0
2.0
-91.0
-152.0
20.0
-115.0
-51.0
30.0
-185.0
58.0
-128.0
-62.0
38.0
-128.0
-31.0
5.0
-197.0
33.0
-106.0
-91.0
41.0
-150.0
-2.0
-16.0
-99.0
27.0
-86.0
-113.0
60.0
-106.0
54.0
-4.0
-92.0
65.0
-69.0
-65.0
103.0
-59.0
-6.0
59.0
-182.0
94.0
-51.0
-84.0
56.0
-128.0
56.0
44.0
-79.0
95.0
-29.0
-9.0
73.0
-35.0
22.0
112.0
-43.0
55.0
52.0
-70.0
162.0
-40.0
68.0
54.0
-74.0
73.0
-22.0
1.0
161.0
-8.0
65.0
123.0
-40.0
153.0
4.0
35.0
131.0
-22.0
77.0
142.0
29.0
114.0
59.0
-6.0
120.0
-20.0
8.0
108.0
-128.0
73.0
29.0
-65.0
151.0
-60.0
88.0
64.0
-6.0
80.0
40.0
-27.0
102.0
-2.0
6.0
132.0
-76.0
136.0
-7.0
-12.0
118.0
-7.0
68.0
118.0
-59.0
32.0
-48.0
-95.0
51.0
-26.0
5.0
56.0
-105.0
69.0
12.0
-99.0
128.0
-128.0
-10.0
18.0
-139.0
61.0
-87.0
-103.0
28.0
-81.0
22.0
-2.0
-69.0
87.0
-16.0
-33.0
42.0
-47.0
-31.0
52.0
-136.0
35.0
-49.0
-49.0
99.0
-74.0
42.0
13.0
-29.0
42.0
-7.0
-91.0
16.0
-128.0
-45.0
2.0
-93.0
24.0
-33.0
-75.0
43.0
-99.0
-49.0
29.0
-127.0
3.0
-64.0
-56.0
-28.0
-125.0
-7.0
3.0
-136.0
39.0
-130.0
-103.0
-61.0
-170.0
-95.0
-148.0
-146.0
-165.0
-152.0
-210.0
-145.0
-243.0
-220.0
-202.0
-306.0
-211.0
-249.0
-331.0
-211.0
-393.0
-285.0
-290.0
-423.0
-247.0
-400.0
-350.0
-277.0
-412.0
-310.0
-293.0
-401.0
-279.0
-401.0
-398.0
-304.0
-378.0
-323.0
-300.0
-355.0
-335.0
-300.0
-417.0
-277.0
-412.0
-326.0
-333.0
-402.0
-281.0
-383.0
-396.0
-296.0
-363.0
-359.0
-278.0
-409.0
-319.0
-311.0
-401.0
-226.0
-383.0
-310.0
-240.0
-414.0
-185.0
-331.0
-358.0
-243.0
-372.0
-282.0
-275.0
-400.0
-310.0
-303.0
-334.0
-175.0
-363.0
-249.0
-262.0
-346.0
-180.0
-270.0
-259.0
-166.0
-270.0
-206.0
-162.0
-290.0
-111.0
-193.0
-223.0
-121.0
-249.0
-171.0
-104.0
-269.0
-83.0
-211.0
-216.0
-162.0
-235.0
-127.0
-172.0
-153.0
-116.0
-155.0
-185.0
-64.0
-171.0
-121.0
-69.0
-148.0
-29.0
-109.0
-143.0
5.0
-172.0
-90.0
-16.0
-194.0
1.0
-111.0
-96.0
0.0
-159.0
-70.0
-37.0
-145.0
41.0
-69.0
-83.0
5.0
-115.0
-43.0
-18.0
-57.0
-8.0
-30.0
-159.0
36.0
-121.0
14.0
62.0
-101.0
57.0
-31.0
-36.0
92.0
-77.0
65.0
24.0
-58.0
59.0
-74.0
-26.0
-4.0
-22.0
-34.0
74.0
-77.0
92.0
-7.0
-11.0
95.0
-2.0
82.0
58.0
16.0
89.0
20.0
-41.0
116.0
-8.0
64.0
86.0
32.0
124.0
100.0
17.0
210.0
6.0
86.0
111.0
17.0
163.0
1.0
89.0
122.0
11.0
132.0
96.0
13.0
122.0
9.0
41.0
55.0
49.0
54.0
143.0
40.0
80.0
118.0
-17.0
184.0
24.0
111.0
147.0
35.0
193.0
42.0
122.0
220.0
91.0
210.0
156.0
128.0
230.0
159.0
146.0
208.0
124.0
157.0
262.0
82.0
267.0
186.0
168.0
337.0
157.0
248.0
276.0
155.0
263.0
166.0
223.0
315.0
185.0
265.0
257.0
184.0
277.0
269.0
169.0
331.0
195.0
210.0
338.0
156.0
372.0
255.0
240.0
381.0
197.0
273.0
271.0
184.0
383.0
204.0
251.0
365.0
324.0
355.0
425.0
408.0
505.0
453.0
376.0
499.0
320.0
359.0
422.0
272.0
440.0
337.0
272.0
393.0
184.0
329.0
318.0
203.0
386.0
163.0
173.0
234.0
177.0
271.0
257.0
126.0
235.0
165.0
155.0
272.0
119.0
238.0
202.0
137.0
185.0
177.0
96.0
281.0
123.0
225.0
240.0
78.0
287.0
166.0
153.0
283.0
122.0
190.0
220.0
49.0
241.0
162.0
174.0
249.0
141.0
245.0
254.0
116.0
318.0
192.0
199.0
280.0
126.0
218.0
235.0
136.0
219.0
180.0
101.0
288.0
115.0
265.0
254.0
136.0
267.0
162.0
174.0
300.0
233.0
232.0
272.0
133.0
290.0
163.0
158.0
225.0
138.0
171.0
243.0
152.0
252.0
168.0
121.0
235.0
147.0
211.0
265.0
128.0
206.0
153.0
78.0
260.0
95.0
219.0
166.0
108.0
228.0
166.0
136.0
256.0
138.0
157.0
232.0
72.0
262.0
134.0
104.0
244.0
115.0
189.0
246.0
71.0
272.0
103.0
163.0
212.0
110.0
217.0
205.0
161.0
211.0
195.0
119.0
242.0
117.0
203.0
202.0
93.0
229.0
161.0
113.0
226.0
81.0
143.0
181.0
72.0
238.0
124.0
119.0
211.0
64.0
150.0
158.0
84.0
225.0
69.0
93.0
146.0
61.0
155.0
133.0
108.0
137.0
126.0
19.0
201.0
25.0
134.0
130.0
-36.0
150.0
8.0
95.0
156.0
28.0
107.0
42.0
39.0
118.0
74.0
79.0
126.0
27.0
32.0
125.0
-37.0
135.0
29.0
-4.0
128.0
-24.0
105.0
90.0
-13.0
106.0
3.0
-33.0
62.0
-55.0
35.0
34.0
-58.0
27.0
-23.0
-93.0
50.0
-83.0
30.0
26.0
-89.0
30.0
-72.0
-58.0
25.0
-109.0
-37.0
27.0
-147.0
27.0
-112.0
-84.0
-15.0
-106.0
-53.0
-10.0
-74.0
36.0
-39.0
-53.0
79.0
-137.0
46.0
-77.0
-96.0
-10.0
-69.0
-30.0
-12.0
-115.0
-37.0
8.0
-78.0
90.0
-41.0
-8.0
53.0
-25.0
-10.0
32.0
-105.0
82.0
-63.0
-35.0
77.0
-99.0
11.0
-8.0
-93.0
42.0
-18.0
-19.0
67.0
-138.0
11.0
-79.0
-92.0
-65.0
-63.0
-113.0
15.0
-93.0
-45.0
6.0
-129.0
-1.0
-83.0
-126.0
-24.0
-108.0
-89.0
18.0
-222.0
17.0
-114.0
-101.0
22.0
-183.0
-7.0
-54.0
-115.0
9.0
-117.0
-61.0
23.0
-117.0
-37.0
-42.0
-127.0
-11.0
-40.0
-106.0
16.0
-133.0
-24.0
-30.0
-86.0
59.0
-54.0
-27.0
65.0
-27.0
-1.0
68.0
-103.0
27.0
-56.0
-92.0
26.0
-70.0
-2.0
48.0
-71.0
27.0
-8.0
-117.0
55.0
-124.0
-8.0
50.0
-74.0
56.0
-18.0
-89.0
69.0
-127.0
-50.0
14.0
-110.0
86.0
-67.0
-37.0
-4.0
-73.0
-23.0
-13.0
-127.0
14.0
-37.0
-84.0
47.0
-56.0
1.0
61.0
-42.0
54.0
44.0
-47.0
121.0
-73.0
31.0
24.0
-103.0
63.0
-59.0
-40.0
80.0
-108.0
55.0
-4.0
-71.0
45.0
-102.0
-26.0
8.0
-64.0
-7.0
46.0
-44.0
75.0
53.0
-37.0
102.0
-9.0
1.0
109.0
-62.0
102.0
32.0
32.0
134.0
-16.0
92.0
86.0
22.0
114.0
121.0
24.0
200.0
-28.0
65.0
83.0
-52.0
155.0
-5.0
96.0
92.0
-13.0
41.0
27.0
-50.0
82.0
56.0
2.0
133.0
-7.0
33.0
74.0
-111.0
145.0
-16.0
1.0
180.0
-72.0
176.0
29.0
60.0
96.0
43.0
34.0
75.0
38.0
66.0
133.0
41.0
120.0
90.0
-8.0
115.0
-36.0
-3.0
146.0
-64.0
195.0
6.0
54.0
138.0
-86.0
117.0
-7.0
0.0
64.0
-17.0
-22.0
70.0
-54.0
44.0
92.0
-16.0
83.0
-1.0
-58.0
120.0
11.0
96.0
128.0
-24.0
114.0
-23.0
-32.0
29.0
-58.0
-23.0
13.0
-147.0
53.0
-74.0
-42.0
71.0
-119.0
13.0
14.0
-53.0
45.0
-24.0
-2.0
102.0
-36.0
7.0
-22.0
-37.0
18.0
41.0
-82.0
103.0
-89.0
13.0
54.0
-111.0
98.0
-32.0
-7.0
74.0
-35.0
-14.0
54.0
-113.0
10.0
-84.0
-88.0
34.0
-77.0
3.0
46.0
-96.0
47.0
-31.0
-106.0
80.0
-112.0
26.0
18.0
-35.0
65.0
-42.0
-91.0
7.0
-130.0
-41.0
-24.0
-135.0
75.0
-91.0
-23.0
6.0
-138.0
-59.0
-8.0
-177.0
-7.0
-134.0
-154.0
8.0
-165.0
-68.0
-40.0
-185.0
-1.0
-78.0
-106.0
-31.0
-149.0
-78.0
-71.0
-168.0
-99.0
-116.0
-159.0
-4.0
-165.0
-94.0
-35.0
-199.0
35.0
-66.0
-78.0
-39.0
-109.0
-53.0
44.0
-187.0
-10.0
-100.0
-161.0
34.0
-139.0
12.0
1.0
-125.0
40.0
-71.0
-56.0
53.0
-68.0
45.0
-11.0
-72.0
25.0
-88.0
-127.0
-18.0
-121.0
-61.0
-75.0
-201.0
-47.0
-120.0
-79.0
-34.0
-126.0
-72.0
-43.0
-143.0
-10.0
-69.0
-153.0
-45.0
-166.0
-117.0
-54.0
-157.0
-19.0
-54.0
-159.0
-15.0
-218.0
-92.0
-74.0
-147.0
-6.0
-49.0
-76.0
-8.0
-116.0
-24.0
5.0
-102.0
60.0
-69.0
-54.0
33.0
-64.0
-7.0
34.0
-103.0
48.0
-40.0
-64.0
57.0
-91.0
-23.0
-4.0
-165.0
11.0
-72.0
-64.0
1.0
-166.0
14.0
-72.0
-66.0
7.0
-79.0
-35.0
-16.0
-122.0
-62.0
-29.0
-127.0
-34.0
-28.0
-47.0
78.0
-54.0
-25.0
79.0
-117.0
69.0
-70.0
-44.0
54.0
-140.0
-12.0
-16.0
-122.0
40.0
-58.0
-40.0
43.0
-120.0
10.0
-39.0
-137.0
13.0
-51.0
-54.0
40.0
-115.0
67.0
-15.0
-79.0
61.0
-96.0
-33.0
11.0
12.0
-3.0
111.0
-76.0
89.0
56.0
-48.0
214.0
-42.0
102.0
105.0
-88.0
203.0
-1.0
80.0
158.0
-29.0
106.0
0.0
-11.0
22.0
60.0
-19.0
89.0
-30.0
-45.0
98.0
-105.0
72.0
-55.0
-51.0
145.0
-62.0
67.0
101.0
-100.0
150.0
-81.0
11.0
70.0
-105.0
89.0
-43.0
-92.0
63.0
-52.0
-25.0
47.0
-36.0
44.0
68.0
-40.0
37.0
68.0
-45.0
147.0
-88.0
42.0
75.0
-32.0
153.0
-10.0
7.0
69.0
-36.0
65.0
64.0
-48.0
112.0
18.0
39.0
118.0
-22.0
105.0
55.0
-6.0
74.0
55.0
-15.0
175.0
-29.0
83.0
108.0
-31.0
138.0
12.0
32.0
158.0
9.0
121.0
84.0
14.0
105.0
15.0
29.0
95.0
-1.0
75.0
100.0
-12.0
117.0
-15.0
16.0
91.0
-6.0
72.0
51.0
4.0
88.0
37.0
-15.0
132.0
-25.0
58.0
70.0
-75.0
93.0
-41.0
-48.0
79.0
-97.0
77.0
22.0
-45.0
102.0
-57.0
34.0
50.0
-8.0
34.0
79.0
-62.0
111.0
39.0
58.0
179.0
74.0
155.0
158.0
44.0
174.0
44.0
73.0
175.0
-41.0
114.0
11.0
92.0
136.0
44.0
76.0
159.0
60.0
124.0
138.0
32.0
177.0
64.0
87.0
188.0
65.0
209.0
209.0
41.0
211.0
83.0
133.0
162.0
46.0
152.0
125.0
63.0
165.0
32.0
52.0
143.0
-8.0
144.0
29.0
84.0
111.0
59.0
38.0
100.0
40.0
112.0
104.0
43.0
152.0
78.0
50.0
158.0
37.0
139.0
101.0
59.0
167.0
59.0
129.0
110.0
96.0
143.0
135.0
69.0
189.0
137.0
46.0
185.0
26.0
187.0
163.0
55.0
221.0
111.0
40.0
239.0
12.0
119.0
134.0
5.0
203.0
49.0
121.0
193.0
32.0
97.0
116.0
44.0
164.0
60.0
47.0
182.0
100.0
138.0
179.0
31.0
198.0
67.0
69.0
240.0
59.0
208.0
124.0
39.0
177.0
112.0
79.0
203.0
55.0
148.0
133.0
7.0
174.0
124.0
103.0
182.0
28.0
72.0
125.0
-25.0
196.0
90.0
63.0
162.0
22.0
88.0
155.0
1.0
182.0
98.0
48.0
225.0
9.0
145.0
110.0
20.0
123.0
89.0
74.0
209.0
63.0
116.0
149.0
-35.0
164.0
36.0
44.0
158.0
-7.0
62.0
93.0
22.0
161.0
45.0
84.0
129.0
20.0
69.0
110.0
8.0
138.0
103.0
-13.0
180.0
-73.0
185.0
128.0
2.0
150.0
64.0
43.0
177.0
24.0
97.0
98.0
-49.0
135.0
34.0
22.0
129.0
6.0
70.0
118.0
-25.0
154.0
68.0
114.0
145.0
-2.0
62.0
65.0
-29.0
116.0
51.0
-10.0
163.0
-62.0
115.0
53.0
16.0
63.0
6.0
-9.0
71.0
11.0
-2.0
83.0
-112.0
113.0
18.0
-2.0
101.0
-15.0
39.0
111.0
-48.0
130.0
23.0
-3.0
137.0
-55.0
61.0
130.0
-7.0
191.0
48.0
40.0
146.0
-48.0
112.0
81.0
57.0
136.0
48.0
54.0
134.0
-8.0
109.0
105.0
-2.0
146.0
35.0
84.0
77.0
-54.0
81.0
70.0
-4.0
165.0
33.0
78.0
86.0
-24.0
12.0
1.0
-28.0
27.0
26.0
-59.0
98.0
-106.0
5.0
24.0
-145.0
94.0
-97.0
-17.0
101.0
-117.0
106.0
-64.0
-22.0
100.0
-69.0
25.0
-32.0
-61.0
-57.0
-15.0
-116.0
43.0
17.0
-37.0
100.0
-78.0
-11.0
44.0
-111.0
68.0
-46.0
-95.0
65.0
-172.0
-2.0
-76.0
-125.0
2.0
-88.0
-27.0
26.0
-83.0
22.0
-41.0
-66.0
33.0
-61.0
-62.0
14.0
-73.0
-5.0
24.0
-138.0
39.0
-108.0
-45.0
-5.0
-125.0
-3.0
-37.0
-128.0
3.0
-131.0
-96.0
-24.0
-163.0
-110.0
-76.0
-167.0
-64.0
-70.0
-181.0
-19.0
-200.0
-106.0
-23.0
-204.0
27.0
-180.0
-130.0
-40.0
-208.0
-125.0
-87.0
-194.0
-11.0
-126.0
-173.0
-31.0
-210.0
-98.0
-8.0
-158.0
30.0
-130.0
-111.0
7.0
-191.0
-11.0
-79.0
-99.0
-32.0
-93.0
-114.0
24.0
-107.0
-43.0
-18.0
-193.0
19.0
-140.0
-100.0
33.0
-163.0
-24.0
-28.0
-174.0
49.0
-140.0
-47.0
24.0
-73.0
-10.0
-2.0
-112.0
-11.0
-42.0
-153.0
42.0
-157.0
-36.0
-1.0
-140.0
64.0
-63.0
-116.0
66.0
-175.0
11.0
5.0
-130.0
38.0
-112.0
-66.0
-7.0
-106.0
-9.0
22.0
-88.0
87.0
-29.0
-42.0
26.0
-67.0
-1.0
15.0
-85.0
44.0
-67.0
-61.0
55.0
-86.0
54.0
-31.0
-48.0
5.0
-24.0
-66.0
77.0
-48.0
81.0
99.0
1.0
84.0
-1.0
24.0
87.0
5.0
14.0
81.0
-23.0
101.0
-29.0
-71.0
61.0
-70.0
10.0
49.0
-91.0
77.0
-9.0
-59.0
63.0
-128.0
48.0
-22.0
-80.0
16.0
-70.0
-76.0
63.0
-100.0
31.0
7.0
-77.0
79.0
-34.0
12.0
7.0
-56.0
21.0
47.0
-72.0
21.0
-12.0
-31.0
-1.0
-63.0
13.0
34.0
-50.0
38.0
-64.0
-56.0
49.0
-131.0
-18.0
-94.0
-93.0
14.0
-46.0
-89.0
15.0
-143.0
-90.0
-21.0
-89.0
21.0
-54.0
-96.0
44.0
-81.0
18.0
15.0
-177.0
73.0
-139.0
-2.0
30.0
-76.0
26.0
-39.0
-74.0
25.0
-68.0
-146.0
51.0
-177.0
16.0
-44.0
-115.0
43.0
-108.0
-25.0
-35.0
-68.0
9.0
-5.0
-47.0
50.0
-14.0
-52.0
67.0
-49.0
-17.0
95.0
-134.0
105.0
-40.0
-30.0
93.0
-107.0
74.0
44.0
-23.0
101.0
2.0
7.0
126.0
-32.0
96.0
74.0
-26.0
77.0
10.0
-6.0
159.0
22.0
116.0
81.0
18.0
134.0
-9.0
-14.0
51.0
-25.0
79.0
46.0
-39.0
83.0
-26.0
15.0
82.0
3.0
143.0
72.0
-9.0
102.0
121.0
53.0
126.0
43.0
88.0
162.0
4.0
155.0
57.0
-52.0
136.0
-78.0
71.0
40.0
-23.0
92.0
5.0
47.0
86.0
26.0
62.0
53.0
-40.0
58.0
-76.0
-44.0
62.0
-120.0
-25.0
-41.0
-149.0
-21.0
-68.0
-93.0
44.0
-173.0
-47.0
-18.0
-148.0
-52.0
-82.0
-171.0
4.0
-161.0
-45.0
-36.0
-185.0
15.0
-182.0
-112.0
-4.0
-128.0
-36.0
-44.0
-168.0
-11.0
-81.0
-61.0
-12.0
-107.0
-48.0
-18.0
-99.0
-23.0
-67.0
-150.0
84.0
-148.0
36.0
6.0
-156.0
68.0
-80.0
-53.0
34.0
-117.0
-14.0
-80.0
-154.0
-6.0
-136.0
-33.0
-33.0
-119.0
-33.0
-39.0
-87.0
82.0
-39.0
-12.0
28.0
-25.0
2.0
55.0
-60.0
56.0
2.0
-148.0
73.0
-130.0
-31.0
-26.0
-148.0
58.0
-79.0
-68.0
48.0
-159.0
35.0
-33.0
-57.0
33.0
-115.0
-67.0
-23.0
-87.0
-21.0
-8.0
-101.0
68.0
-72.0
-14.0
-11.0
-127.0
-54.0
-64.0
-115.0
-27.0
-68.0
-131.0
14.0
-147.0
-43.0
-48.0
-106.0
3.0
-82.0
-100.0
22.0
-180.0
-20.0
-84.0
-213.0
-33.0
-159.0
-100.0
-85.0
-147.0
-114.0
-106.0
-239.0
-62.0
-176.0
-159.0
-58.0
-212.0
-120.0
-112.0
-185.0
-58.0
-196.0
-174.0
-134.0
-219.0
-125.0
-161.0
-187.0
-88.0
-108.0
-160.0
-49.0
-200.0
-114.0
-120.0
-271.0
-53.0
-235.0
-187.0
-105.0
-268.0
-145.0
-149.0
-257.0
-96.0
-203.0
-193.0
-66.0
-229.0
-119.0
-65.0
-225.0
-32.0
-197.0
-146.0
-55.0
-230.0
-68.0
-163.0
-180.0
-100.0
-141.0
-172.0
-75.0
-203.0
-108.0
-139.0
-173.0
-35.0
-89.0
-93.0
10.0
-97.0
-19.0
22.0
-193.0
101.0
-82.0
-73.0
101.0
-105.0
89.0
39.0
-89.0
103.0
20.0
88.0
139.0
31.0
89.0
52.0
44.0
72.0
119.0
-43.0
79.0
159.0
-48.0
165.0
-80.0
118.0
-53.0
-110.0
113.0
-64.0
5.0
100.0
-219.0
191.0
-123.0
-107.0
26.0
-142.0
-24.0
-139.0
-170.0
-174.0
-163.0
-272.0
-75.0
-230.0
-193.0
-14.0
-238.0
-131.0
-99.0
-244.0
26.0
-288.0
-59.0
-144.0
-254.0
-39.0
-153.0
-135.0
51.0
-195.0
-106.0
6.0
-255.0
123.0
-214.0
6.0
-62.0
-115.0
-18.0
-83.0
-33.0
-19.0
-81.0
-80.0
31.0
-110.0
-24.0
-32.0
41.0
-47.0
101.0
31.0
-50.0
112.0
-100.0
190.0
-166.0
120.0
20.0
-118.0
204.0
-243.0
106.0
-64.0
-74.0
83.0
-133.0
58.0
-48.0
-33.0
49.0
78.0
-34.0
79.0
-43.0
-18.0
78.0
-69.0
3.0
54.0
-20.0
107.0
64.0
66.0
201.0
2.0
103.0
102.0
92.0
124.0
89.0
89.0
131.0
96.0
87.0
178.0
53.0
229.0
145.0
90.0
196.0
19.0
157.0
107.0
39.0
133.0
72.0
52.0
193.0
71.0
177.0
143.0
34.0
177.0
27.0
62.0
210.0
41.0
204.0
99.0
36.0
138.0
130.0
86.0
137.0
57.0
32.0
149.0
-47.0
224.0
-10.0
87.0
143.0
-41.0
150.0
54.0
65.0
123.0
72.0
52.0
130.0
18.0
30.0
108.0
-30.0
167.0
48.0
11.0
218.0
-63.0
142.0
55.0
-27.0
142.0
4.0
69.0
95.0
4.0
92.0
171.0
-34.0
161.0
28.0
49.0
136.0
-26.0
68.0
101.0
-17.0
121.0
2.0
-10.0
132.0
-24.0
93.0
57.0
61.0
79.0
30.0
15.0
155.0
-7.0
68.0
20.0
-40.0
92.0
-4.0
-1.0
25.0
-73.0
-60.0
-10.0
-155.0
60.0
-81.0
-43.0
120.0
-50.0
92.0
52.0
-79.0
109.0
12.0
-3.0
106.0
-57.0
77.0
47.0
-39.0
84.0
27.0
-85.0
116.0
-126.0
-5.0
-1.0
-101.0
108.0
-68.0
68.0
81.0
3.0
42.0
48.0
-44.0
46.0
-15.0
-15.0
46.0
-45.0
-64.0
-6.0
-148.0
53.0
-43.0
-78.0
105.0
-134.0
40.0
-45.0
-40.0
34.0
-26.0
-6.0
48.0
-42.0
13.0
7.0
-39.0
17.0
43.0
-24.0
45.0
-36.0
-18.0
100.0
-114.0
82.0
-10.0
-18.0
136.0
-21.0
84.0
106.0
-52.0
193.0
-33.0
62.0
82.0
-107.0
108.0
16.0
1.0
144.0
33.0
34.0
96.0
-1.0
96.0
42.0
-16.0
111.0
18.0
25.0
91.0
-40.0
57.0
78.0
-35.0
154.0
-5.0
7.0
113.0
-85.0
41.0
77.0
-2.0
159.0
-9.0
34.0
102.0
-41.0
100.0
21.0
-25.0
84.0
-39.0
-15.0
77.0
-3.0
71.0
70.0
8.0
117.0
61.0
-20.0
130.0
-30.0
5.0
89.0
-79.0
121.0
-63.0
-2.0
87.0
-130.0
83.0
-42.0
-47.0
54.0
-88.0
9.0
27.0
-37.0
39.0
6.0
-29.0
36.0
-12.0
-90.0
94.0
-122.0
22.0
-7.0
-79.0
71.0
-115.0
-5.0
-34.0
-65.0
-43.0
21.0
-142.0
13.0
-73.0
-65.0
53.0
-100.0
-1.0
38.0
-99.0
68.0
-79.0
-40.0
95.0
-96.0
136.0
12.0
-25.0
41.0
-32.0
0.0
43.0
-77.0
16.0
-15.0
-72.0
32.0
-72.0
-33.0
-1.0
-105.0
-36.0
-16.0
-103.0
45.0
-13.0
-64.0
48.0
-128.0
-51.0
0.0
-95.0
25.0
-116.0
-68.0
21.0
-102.0
7.0
-34.0
-8.0
16.0
29.0
-109.0
24.0
-97.0
-76.0
-2.0
-196.0
24.0
-100.0
-106.0
-7.0
-162.0
-40.0
-82.0
-205.0
7.0
-165.0
-52.0
17.0
-140.0
-56.0
-32.0
-165.0
32.0
-121.0
-84.0
-8.0
-155.0
-11.0
-97.0
-115.0
-79.0
-100.0
-186.0
-15.0
-195.0
-54.0
-102.0
-199.0
-7.0
-174.0
-108.0
-63.0
-145.0
-56.0
-40.0
-199.0
-37.0
-181.0
-112.0
-116.0
-155.0
-90.0
-118.0
-157.0
-57.0
-94.0
-126.0
13.0
-156.0
-61.0
-50.0
-137.0
-13.0
-133.0
-122.0
-30.0
-215.0
-34.0
-130.0
-102.0
-50.0
-146.0
-94.0
-45.0
-165.0
-77.0
-77.0
-193.0
-33.0
-127.0
-100.0
-81.0
-132.0
-127.0
-55.0
-207.0
-71.0
-83.0
-171.0
16.0
-142.0
-42.0
-51.0
-124.0
5.0
-84.0
-83.0
0.0
-165.0
-20.0
-51.0
-89.0
-10.0
-76.0
-103.0
-69.0
-128.0
-128.0
-62.0
-176.0
-44.0
-118.0
-158.0
-60.0
-194.0
-67.0
-77.0
-204.0
-69.0
-143.0
-143.0
-3.0
-160.0
-15.0
-86.0
-139.0
-15.0
-143.0
-121.0
-33.0
-203.0
-70.0
-123.0
-184.0
-41.0
-145.0
-121.0
-53.0
-187.0
-113.0
-73.0
-193.0
-50.0
-214.0
-116.0
-63.0
-152.0
-72.0
-119.0
-190.0
-101.0
-185.0
-176.0
-86.0
-233.0
-90.0
-140.0
-201.0
-127.0
-174.0
-190.0
-38.0
-191.0
-92.0
-15.0
-179.0
-21.0
-149.0
-124.0
-44.0
-243.0
-53.0
-95.0
-139.0
-63.0
-138.0
-89.0
-86.0
-120.0
-110.0
-23.0
-153.0
-41.0
-86.0
-213.0
21.0
-212.0
-86.0
-16.0
-199.0
62.0
-134.0
-102.0
86.0
-202.0
18.0
-95.0
-55.0
18.0
-22.0
-37.0
68.0
-50.0
13.0
3.0
-162.0
70.0
-108.0
15.0
91.0
-22.0
32.0
32.0
2.0
40.0
24.0
-47.0
115.0
-69.0
63.0
49.0
-67.0
56.0
-5.0
-65.0
90.0
-120.0
66.0
75.0
-25.0
88.0
-30.0
-16.0
86.0
-49.0
77.0
99.0
-38.0
148.0
-52.0
64.0
13.0
-26.0
38.0
38.0
20.0
74.0
24.0
-39.0
70.0
-99.0
-4.0
52.0
-50.0
90.0
-21.0
-37.0
126.0
-78.0
45.0
37.0
-91.0
92.0
-71.0
-60.0
31.0
-86.0
25.0
31.0
-61.0
76.0
-52.0
1.0
37.0
-61.0
36.0
71.0
-91.0
44.0
-6.0
-51.0
112.0
-59.0
60.0
28.0
-73.0
112.0
-24.0
-26.0
164.0
-88.0
80.0
42.0
-70.0
102.0
-41.0
56.0
112.0
-59.0
48.0
32.0
-70.0
62.0
-55.0
-27.0
105.0
-42.0
-5.0
67.0
-99.0
101.0
-26.0
-21.0
67.0
-79.0
47.0
13.0
-11.0
72.0
68.0
-4.0
144.0
-63.0
71.0
53.0
-53.0
181.0
9.0
47.0
137.0
-8.0
108.0
114.0
2.0
198.0
-27.0
42.0
69.0
-42.0
62.0
9.0
-31.0
77.0
-2.0
-3.0
86.0
-50.0
80.0
62.0
-51.0
118.0
12.0
8.0
149.0
-1.0
108.0
59.0
15.0
52.0
86.0
51.0
97.0
69.0
18.0
136.0
-54.0
170.0
52.0
55.0
148.0
7.0
100.0
115.0
-77.0
167.0
-38.0
38.0
115.0
-89.0
114.0
88.0
-1.0
118.0
2.0
-15.0
132.0
-71.0
112.0
40.0
-21.0
153.0
4.0
16.0
120.0
5.0
17.0
68.0
-121.0
120.0
-77.0
-55.0
81.0
-119.0
33.0
-7.0
-75.0
34.0
-93.0
-65.0
22.0
-123.0
23.0
-70.0
-108.0
-16.0
-62.0
-52.0
18.0
-149.0
-54.0
-85.0
-124.0
-33.0
-153.0
-130.0
-48.0
-144.0
-57.0
-77.0
-183.0
-9.0
-158.0
-92.0
-2.0
-124.0
10.0
-44.0
-76.0
14.0
-72.0
-99.0
3.0
-128.0
-30.0
-67.0
-72.0
44.0
-22.0
-101.0
74.0
-47.0
117.0
97.0
-96.0
188.0
-24.0
95.0
115.0
39.0
81.0
137.0
30.0
100.0
111.0
24.0
214.0
107.0
8.0
83.0
83.0
14.0
83.0
-72.0
18.0
-43.0
-25.0
79.0
-110.0
133.0
-4.0
-29.0
102.0
-200.0
39.0
-30.0
-213.0
113.0
-272.0
-6.0
-122.0
-257.0
11.0
-236.0
-222.0
-81.0
-267.0
-110.0
-159.0
-199.0
-101.0
-158.0
-188.0
-45.0
-185.0
-90.0
-98.0
-189.0
-106.0
-173.0
-18.0
-196.0
-74.0
-192.0
-56.0
-148.0
-125.0
-68.0
-174.0
-81.0
-37.0
-217.0
111.0
-181.0
-22.0
44.0
-233.0
91.0
-269.0
48.0
-56.0
-136.0
-24.0
-65.0
-3.0
35.0
-60.0
-61.0
100.0
-100.0
51.0
11.0
16.0
53.0
-14.0
-4.0
64.0
10.0
-12.0
91.0
-26.0
60.0
39.0
-30.0
123.0
-6.0
24.0
172.0
-108.0
195.0
-25.0
126.0
151.0
-64.0
209.0
42.0
88.0
154.0
99.0
108.0
175.0
105.0
131.0
180.0
108.0
226.0
174.0
141.0
254.0
95.0
179.0
193.0
103.0
224.0
122.0
130.0
252.0
117.0
196.0
186.0
155.0
288.0
173.0
175.0
215.0
128.0
186.0
235.0
73.0
239.0
119.0
187.0
218.0
87.0
209.0
143.0
133.0
214.0
158.0
63.0
243.0
49.0
169.0
200.0
16.0
280.0
48.0
137.0
218.0
25.0
152.0
142.0
53.0
208.0
67.0
99.0
105.0
45.0
124.0
117.0
-4.0
130.0
-9.0
59.0
99.0
44.0
77.0
26.0
-23.0
60.0
42.0
-40.0
146.0
-103.0
38.0
11.0
-26.0
127.0
46.0
33.0
109.0
-21.0
57.0
52.0
-49.0
53.0
-40.0
-20.0
64.0
27.0
27.0
97.0
-74.0
124.0
-18.0
8.0
111.0
-130.0
134.0
20.0
18.0
148.0
-3.0
51.0
68.0
-70.0
49.0
-5.0
-36.0
11.0
61.0
54.0
172.0
94.0
81.0
188.0
-41.0
151.0
-36.0
70.0
156.0
-52.0
68.0
12.0
-65.0
55.0
-11.0
-10.0
51.0
-72.0
-25.0
69.0
-58.0
93.0
11.0
-65.0
114.0
-152.0
92.0
-30.0
-60.0
64.0
-12.0
-48.0
40.0
-41.0
-15.0
1.0
-154.0
24.0
-83.0
-85.0
36.0
-86.0
-26.0
47.0
-93.0
48.0
-21.0
-73.0
115.0
-147.0
72.0
-11.0
-73.0
42.0
-78.0
5.0
40.0
-34.0
39.0
-3.0
-18.0
46.0
28.0
10.0
61.0
12.0
41.0
67.0
-56.0
43.0
-33.0
-42.0
89.0
-51.0
6.0
41.0
-59.0
106.0
-25.0
-46.0
76.0
-107.0
43.0
47.0
-85.0
71.0
-13.0
-56.0
89.0
-91.0
73.0
-16.0
-44.0
69.0
-18.0
45.0
42.0
-44.0
-33.0
61.0
-111.0
99.0
-36.0
-49.0
84.0
-74.0
34.0
-3.0
-58.0
42.0
-56.0
-13.0
39.0
-53.0
45.0
51.0
-100.0
12.0
-115.0
-122.0
24.0
-176.0
7.0
-60.0
-149.0
26.0
-94.0
-93.0
1.0
-127.0
-45.0
-33.0
-163.0
27.0
-174.0
-59.0
-45.0
-129.0
-26.0
-7.0
-129.0
3.0
-51.0
-117.0
12.0
-147.0
-21.0
-54.0
-163.0
40.0
-108.0
-86.0
27.0
-148.0
14.0
-102.0
-122.0
-10.0
-107.0
-101.0
-49.0
-126.0
-36.0
-48.0
-139.0
-22.0
-139.0
-119.0
-22.0
-169.0
-82.0
-67.0
-188.0
8.0
-122.0
-125.0
-2.0
-159.0
-22.0
-32.0
-136.0
49.0
-121.0
-76.0
5.0
-130.0
-3.0
-95.0
-86.0
-62.0
-89.0
-98.0
-3.0
-136.0
-65.0
42.0
-188.0
98.0
-128.0
-95.0
1.0
-153.0
-22.0
-16.0
-93.0
18.0
-72.0
-51.0
16.0
-115.0
24.0
-12.0
-107.0
4.0
-36.0
-103.0
31.0
-139.0
-50.0
-4.0
-129.0
40.0
-67.0
-64.0
18.0
-101.0
18.0
6.0
-105.0
62.0
-96.0
-40.0
-41.0
-90.0
-69.0
-2.0
-130.0
1.0
-97.0
-112.0
2.0
-160.0
-54.0
-44.0
-140.0
-11.0
-65.0
-134.0
20.0
-193.0
-37.0
-22.0
-166.0
102.0
-118.0
17.0
31.0
-124.0
-8.0
-82.0
-111.0
-26.0
-100.0
-81.0
-49.0
-161.0
-48.0
-40.0
-133.0
-3.0
-81.0
-47.0
-5.0
-82.0
-68.0
-64.0
-118.0
-36.0
-17.0
-136.0
45.0
-177.0
-44.0
-47.0
-155.0
-21.0
-165.0
-106.0
-40.0
-144.0
-18.0
-62.0
-127.0
36.0
-109.0
-109.0
-18.0
-56.0
-73.0
28.0
-156.0
29.0
-122.0
-136.0
22.0
-224.0
-1.0
-63.0
-148.0
21.0
-63.0
-77.0
53.0
-166.0
-10.0
-63.0
-90.0
-23.0
-86.0
-84.0
-17.0
-109.0
-90.0
-39.0
-185.0
78.0
-67.0
10.0
110.0
-45.0
94.0
80.0
-9.0
116.0
-24.0
-23.0
83.0
-30.0
60.0
-4.0
-37.0
64.0
0.0
-13.0
56.0
-69.0
56.0
32.0
-29.0
73.0
-42.0
-7.0
73.0
-50.0
21.0
64.0
-90.0
134.0
-75.0
-21.0
54.0
-68.0
36.0
81.0
-54.0
116.0
-17.0
-39.0
54.0
-56.0
-4.0
68.0
-70.0
112.0
47.0
-10.0
181.0
-110.0
92.0
-5.0
-27.0
106.0
-37.0
10.0
53.0
-1.0
54.0
95.0
-36.0
102.0
2.0
5.0
112.0
-61.0
51.0
43.0
-41.0
99.0
-78.0
8.0
51.0
-68.0
69.0
32.0
-15.0
92.0
39.0
-30.0
126.0
-111.0
44.0
52.0
-68.0
128.0
-116.0
-13.0
16.0
-53.0
80.0
26.0
-22.0
125.0
-20.0
63.0
37.0
25.0
27.0
79.0
14.0
122.0
99.0
67.0
167.0
22.0
54.0
108.0
-2.0
114.0
13.0
39.0
183.0
-97.0
105.0
59.0
-38.0
110.0
-10.0
9.0
143.0
2.0
84.0
49.0
-24.0
90.0
-13.0
-33.0
60.0
-36.0
-21.0
56.0
-96.0
63.0
-16.0
-26.0
106.0
-58.0
56.0
35.0
-80.0
49.0
-31.0
-3.0
111.0
-40.0
79.0
22.0
-46.0
60.0
-7.0
15.0
117.0
-40.0
23.0
34.0
-53.0
52.0
41.0
-12.0
108.0
-22.0
38.0
108.0
-89.0
134.0
-3.0
42.0
141.0
-41.0
194.0
66.0
59.0
116.0
58.0
91.0
162.0
94.0
128.0
161.0
73.0
193.0
133.0
98.0
214.0
67.0
111.0
181.0
3.0
157.0
46.0
66.0
171.0
18.0
117.0
91.0
10.0
80.0
93.0
111.0
116.0
127.0
71.0
133.0
56.0
213.0
181.0
100.0
278.0
25.0
196.0
185.0
34.0
239.0
54.0
136.0
126.0
71.0
161.0
184.0
162.0
214.0
149.0
166.0
154.0
140.0
145.0
204.0
23.0
197.0
99.0
98.0
245.0
55.0
203.0
191.0
91.0
266.0
136.0
87.0
271.0
77.0
237.0
166.0
111.0
219.0
112.0
158.0
215.0
98.0
185.0
213.0
65.0
240.0
101.0
193.0
210.0
98.0
143.0
160.0
84.0
215.0
158.0
139.0
240.0
87.0
143.0
164.0
43.0
208.0
109.0
139.0
237.0
29.0
204.0
160.0
84.0
233.0
114.0
137.0
235.0
86.0
166.0
119.0
72.0
196.0
55.0
116.0
107.0
23.0
142.0
120.0
33.0
148.0
117.0
90.0
177.0
80.0
107.0
158.0
-2.0
101.0
52.0
7.0
172.0
-8.0
138.0
74.0
73.0
155.0
56.0
80.0
120.0
48.0
97.0
166.0
28.0
181.0
77.0
78.0
172.0
56.0
106.0
151.0
-2.0
167.0
17.0
-17.0
126.0
-47.0
90.0
52.0
-67.0
133.0
-48.0
41.0
110.0
-69.0
123.0
26.0
-11.0
72.0
52.0
76.0
148.0
2.0
78.0
64.0
-53.0
151.0
3.0
41.0
89.0
-39.0
43.0
110.0
-28.0
111.0
24.0
73.0
125.0
10.0
82.0
67.0
-3.0
75.0
54.0
-36.0
113.0
-70.0
67.0
41.0
-32.0
89.0
2.0
24.0
100.0
-28.0
70.0
39.0
-26.0
124.0
-27.0
59.0
90.0
22.0
82.0
67.0
-20.0
78.0
11.0
-5.0
131.0
-2.0
78.0
55.0
-30.0
55.0
-13.0
3.0
75.0
-45.0
84.0
32.0
-23.0
37.0
56.0
-10.0
115.0
5.0
53.0
83.0
-83.0
103.0
-71.0
-33.0
-6.0
-100.0
-9.0
15.0
-100.0
69.0
-47.0
-20.0
67.0
-69.0
31.0
-17.0
-51.0
9.0
-18.0
-23.0
12.0
-63.0
22.0
8.0
-27.0
9.0
-5.0
-49.0
89.0
-51.0
1.0
59.0
-142.0
98.0
-93.0
-19.0
23.0
-97.0
-5.0
19.0
-64.0
82.0
-56.0
20.0
33.0
-31.0
-18.0
13.0
-84.0
-1.0
-22.0
-125.0
73.0
-137.0
31.0
14.0
-105.0
108.0
-82.0
-39.0
74.0
-106.0
46.0
-13.0
-77.0
50.0
-155.0
-5.0
-35.0
-119.0
-65.0
-18.0
-117.0
17.0
-80.0
-148.0
2.0
-180.0
-67.0
-41.0
-206.0
-18.0
-153.0
-139.0
8.0
-196.0
-22.0
-107.0
-130.0
-20.0
-85.0
-122.0
-1.0
-142.0
-68.0
-67.0
-191.0
-40.0
-152.0
-106.0
-44.0
-175.0
-57.0
-18.0
-202.0
6.0
-167.0
-102.0
-24.0
-180.0
-35.0
-76.0
-125.0
-28.0
-147.0
-114.0
-4.0
-185.0
-52.0
-105.0
-139.0
-55.0
-175.0
-158.0
-118.0
-231.0
-35.0
-94.0
-149.0
31.0
-154.0
-92.0
-112.0
-156.0
-121.0
-99.0
-162.0
-78.0
-161.0
-134.0
-72.0
-201.0
-97.0
-137.0
-147.0
-55.0
-95.0
-161.0
-7.0
-223.0
-65.0
-116.0
-200.0
-32.0
-166.0
-172.0
-102.0
-196.0
-152.0
-115.0
-203.0
-16.0
-161.0
-188.0
-91.0
-191.0
-120.0
-65.0
-220.0
-54.0
-134.0
-175.0
-70.0
-218.0
-78.0
-127.0
-120.0
-52.0
-159.0
-145.0
-86.0
-177.0
-114.0
-87.0
-196.0
-117.0
-127.0
-174.0
-55.0
-191.0
-118.0
-91.0
-219.0
-60.0
-126.0
-127.0
-3.0
-126.0
-104.0
-115.0
-209.0
-14.0
-182.0
-101.0
-36.0
-185.0
-48.0
-105.0
-145.0
-47.0
-136.0
-121.0
-61.0
-152.0
-106.0
-51.0
-136.0
-80.0
-83.0
-210.0
-42.0
-202.0
-64.0
-26.0
-186.0
-3.0
-167.0
-34.0
-56.0
-120.0
-36.0
-68.0
-111.0
32.0
-21.0
-63.0
98.0
-83.0
38.0
15.0
-36.0
142.0
61.0
98.0
191.0
56.0
122.0
187.0
122.0
178.0
168.0
146.0
326.0
91.0
165.0
228.0
89.0
277.0
111.0
202.0
255.0
154.0
211.0
153.0
157.0
196.0
109.0
126.0
177.0
105.0
145.0
249.0
52.0
189.0
89.0
27.0
203.0
-23.0
159.0
122.0
23.0
122.0
15.0
-11.0
112.0
10.0
44.0
103.0
-49.0
127.0
-53.0
16.0
71.0
-78.0
17.0
-7.0
-42.0
66.0
-97.0
-97.0
-42.0
-81.0
-78.0
-30.0
-140.0
-3.0
-85.0
-150.0
-21.0
-230.0
-35.0
-110.0
-153.0
-53.0
-144.0
-123.0
-18.0
-133.0
-20.0
21.0
-117.0
48.0
-47.0
-47.0
41.0
-77.0
-10.0
72.0
-97.0
91.0
-54.0
-23.0
106.0
-78.0
74.0
8.0
-69.0
83.0
-56.0
-32.0
65.0
-98.0
26.0
55.0
2.0
159.0
36.0
56.0
111.0
-44.0
43.0
91.0
-27.0
185.0
55.0
4.0
173.0
54.0
158.0
147.0
54.0
239.0
127.0
156.0
229.0
96.0
188.0
198.0
87.0
241.0
103.0
74.0
218.0
-23.0
187.0
106.0
99.0
202.0
64.0
120.0
103.0
26.0
63.0
108.0
-49.0
145.0
27.0
5.0
115.0
-60.0
44.0
53.0
-86.0
73.0
-50.0
1.0
36.0
-87.0
36.0
-48.0
-57.0
40.0
12.0
-35.0
71.0
-82.0
77.0
18.0
-35.0
57.0
-17.0
-7.0
54.0
-87.0
6.0
-2.0
-114.0
86.0
-124.0
-77.0
34.0
-120.0
-22.0
9.0
-101.0
52.0
-111.0
-81.0
-16.0
-153.0
-27.0
-29.0
-161.0
5.0
-102.0
-117.0
-49.0
-186.0
-29.0
-130.0
-159.0
-56.0
-115.0
-96.0
13.0
-139.0
-91.0
-58.0
-144.0
-16.0
-166.0
-87.0
-60.0
-123.0
-69.0
-48.0
-125.0
-4.0
-68.0
-111.0
-20.0
-182.0
-72.0
2.0
-128.0
4.0
-55.0
-139.0
20.0
-168.0
45.0
-18.0
-99.0
40.0
-146.0
-37.0
-81.0
-26.0
-50.0
28.0
-93.0
51.0
67.0
-70.0
121.0
-47.0
7.0
122.0
-116.0
135.0
-59.0
34.0
59.0
-102.0
133.0
21.0
56.0
100.0
70.0
32.0
115.0
-23.0
97.0
125.0
-48.0
167.0
58.0
27.0
152.0
60.0
216.0
126.0
14.0
242.0
13.0
80.0
130.0
25.0
49.0
181.0
-49.0
198.0
13.0
1.0
92.0
-105.0
95.0
-49.0
-12.0
66.0
-84.0
32.0
-61.0
-65.0
-118.0
-7.0
-148.0
-79.0
-126.0
-195.0
-30.0
-162.0
-109.0
-37.0
-220.0
0.0
0.0
0.0
0.0
0.0
0.0
0.0
0.0
0.0
0.0
0.0
0.0
0.0
0.0
0.0
0.0
0.0
0.0
0.0
0.0
0.0
0.0
0.0
0.0
0.0
0.0
0.0
0.0
0.0
0.0
0.0
0.0
0.0
0.0
0.0
0.0
0.0
0.0
0.0
0.0
0.0
0.0
0.0
0.0
0.0
0.0
0.0
0.0
0.0
0.0
0.0
0.0
0.0
0.0
0.0
0.0
0.0
0.0
0.0
0.0
0.0
0.0
0.0
0.0
0.0
0.0
0.0
0.0
0.0
0.0
0.0
0.0
0.0
0.0
0.0
0.0
0.0
0.0
0.0
0.0
0.0
0.0
0.0
0.0
0.0
0.0
0.0
0.0
0.0
0.0
0.0
0.0
0.0
0.0
0.0
0.0
0.0
0.0
0.0
0.0
0.0
0.0
0.0
0.0
0.0
0.0
0.0
0.0
0.0
0.0
0.0
0.0
0.0
0.0
0.0
0.0
0.0
0.0
0.0
0.0
0.0
0.0
0.0
0.0
0.0
0.0
0.0
0.0
