-164.0
-5.0
-193.0
-58.0
-152.0
-222.0
-98.0
-181.0
-182.0
-177.0
-168.0
-199.0
-124.0
-259.0
-137.0
-159.0
-261.0
-73.0
-253.0
-134.0
-156.0
-265.0
-89.0
-185.0
-158.0
-101.0
-197.0
-147.0
-111.0
-207.0
-144.0
-148.0
-244.0
-136.0
-226.0
-196.0
-102.0
-259.0
-136.0
-219.0
-247.0
-138.0
-263.0
-175.0
-168.0
-245.0
-146.0
-239.0
-241.0
-126.0
-279.0
-146.0
-148.0
-210.0
-95.0
-165.0
-187.0
-68.0
-175.0
-87.0
-122.0
-228.0
-120.0
-201.0
-173.0
-106.0
-182.0
-144.0
-117.0
-192.0
-37.0
-142.0
-99.0
-21.0
-127.0
-55.0
-25.0
-163.0
-32.0
-58.0
-142.0
-7.0
-188.0
-29.0
-42.0
-152.0
-32.0
-114.0
-119.0
-25.0
-132.0
-71.0
-50.0
-112.0
-39.0
-106.0
-144.0
-52.0
-143.0
-137.0
-66.0
-244.0
-19.0
-124.0
-147.0
-43.0
-163.0
-103.0
-48.0
-239.0
-86.0
-156.0
-224.0
-31.0
-228.0
-90.0
-129.0
-150.0
-110.0
-89.0
-178.0
-49.0
-123.0
-96.0
10.0
-170.0
-7.0
-105.0
-145.0
-6.0
-182.0
-55.0
-44.0
-179.0
-6.0
-119.0
-148.0
-66.0
-183.0
-129.0
-40.0
-174.0
-51.0
-100.0
-111.0
17.0
-179.0
3.0
-65.0
-122.0
-10.0
-87.0
-138.0
-29.0
-159.0
-33.0
-4.0
-96.0
-22.0
-70.0
-76.0
-15.0
-53.0
-80.0
3.0
-197.0
15.0
-87.0
-132.0
27.0
-153.0
-102.0
-31.0
-177.0
45.0
-55.0
-96.0
1.0
-116.0
7.0
-74.0
-66.0
-111.0
-48.0
-130.0
-50.0
-61.0
-97.0
74.0
-149.0
13.0
-21.0
-108.0
54.0
-97.0
16.0
33.0
-163.0
59.0
-114.0
-56.0
-12.0
-53.0
-53.0
19.0
-54.0
-25.0
23.0
-90.0
97.0
-73.0
-30.0
35.0
-130.0
-20.0
-33.0
-67.0
79.0
-89.0
51.0
-14.0
-96.0
24.0
-28.0
-80.0
41.0
-89.0
-54.0
19.0
-172.0
48.0
-77.0
-84.0
21.0
-128.0
6.0
-35.0
-107.0
41.0
-22.0
-67.0
51.0
-34.0
112.0
263.0
293.0
518.0
506.0
419.0
555.0
474.0
562.0
562.0
407.0
516.0
362.0
302.0
352.0
219.0
213.0
241.0
79.0
186.0
78.0
43.0
48.0
-23.0
-62.0
15.0
-97.0
-78.0
-63.0
-237.0
12.0
-182.0
-50.0
-71.0
-216.0
-53.0
-194.0
-186.0
-59.0
-240.0
-154.0
-156.0
-265.0
-143.0
-222.0
-228.0
-107.0
-225.0
-146.0
-135.0
-255.0
-122.0
-200.0
-190.0
-149.0
-189.0
-171.0
-109.0
-245.0
-140.0
-213.0
-259.0
-103.0
-307.0
-179.0
-202.0
-264.0
-187.0
-247.0
-267.0
-164.0
-288.0
-233.0
-195.0
-278.0
-175.0
-191.0
-232.0
-176.0
-271.0
-216.0
-158.0
-350.0
-138.0
-241.0
-221.0
-112.0
-252.0
-230.0
-205.0
-235.0
-144.0
-222.0
-256.0
-60.0
-227.0
-139.0
-102.0
-247.0
-79.0
-165.0
-234.0
-49.0
-268.0
-88.0
-111.0
-193.0
-77.0
-213.0
-150.0
-121.0
-223.0
-196.0
-134.0
-243.0
-100.0
-188.0
-209.0
-74.0
-196.0
-189.0
-119.0
-301.0
-111.0
-203.0
-220.0
-77.0
-291.0
-102.0
-192.0
-222.0
-116.0
-187.0
-229.0
-110.0
-201.0
-162.0
-126.0
-232.0
-127.0
-177.0
-205.0
-92.0
-209.0
-180.0
-92.0
-303.0
-101.0
-216.0
-219.0
-112.0
-276.0
-156.0
-157.0
-238.0
-107.0
-188.0
-223.0
-96.0
-259.0
-173.0
-129.0
-229.0
-126.0
-180.0
-226.0
-78.0
-226.0
-148.0
-107.0
-220.0
-114.0
-162.0
-201.0
-30.0
-187.0
-177.0
-62.0
-248.0
-48.0
-193.0
-205.0
-89.0
-178.0
-112.0
-101.0
-203.0
-70.0
-107.0
-168.0
-41.0
-179.0
-95.0
-80.0
-160.0
-53.0
-62.0
-151.0
-1.0
-152.0
-14.0
-45.0
-175.0
-2.0
-161.0
-78.0
-70.0
-133.0
-109.0
-44.0
-190.0
-94.0
-103.0
-160.0
-33.0
-172.0
-114.0
-76.0
-170.0
-54.0
-109.0
-166.0
-41.0
-192.0
-112.0
-67.0
-215.0
-62.0
-82.0
-175.0
54.0
-173.0
-4.0
-71.0
-147.0
-32.0
-164.0
-139.0
-106.0
-126.0
-126.0
-12.0
-180.0
-28.0
-47.0
-165.0
-7.0
-208.0
-71.0
-38.0
-164.0
-4.0
-101.0
-110.0
-35.0
-158.0
-68.0
-72.0
-170.0
-64.0
-82.0
-127.0
16.0
-109.0
-111.0
-48.0
-174.0
-90.0
-164.0
-159.0
-20.0
-165.0
-44.0
15.0
-219.0
43.0
-129.0
-83.0
23.0
-108.0
-83.0
-12.0
-173.0
-3.0
-88.0
-69.0
58.0
-90.0
8.0
5.0
-72.0
83.0
172.0
192.0
466.0
332.0
487.0
554.0
451.0
556.0
415.0
425.0
450.0
305.0
390.0
326.0
180.0
333.0
176.0
191.0
187.0
108.0
63.0
106.0
-84.0
56.0
-60.0
-95.0
42.0
-180.0
-75.0
-92.0
-181.0
-86.0
-172.0
-199.0
-75.0
-258.0
-193.0
-198.0
-315.0
-196.0
-251.0
-291.0
-78.0
-277.0
-221.0
-167.0
-370.0
-126.0
-278.0
-195.0
-131.0
-285.0
-168.0
-188.0
-268.0
-123.0
-240.0
-266.0
-163.0
-271.0
-188.0
-201.0
-305.0
-142.0
-205.0
-208.0
-86.0
-275.0
-131.0
-152.0
-265.0
-140.0
-234.0
-247.0
-93.0
-244.0
-202.0
-135.0
-279.0
-106.0
-221.0
-231.0
-126.0
-201.0
-171.0
-83.0
-263.0
-98.0
-247.0
-240.0
-100.0
-257.0
-144.0
-125.0
-214.0
-55.0
-133.0
-187.0
-84.0
-206.0
-144.0
-102.0
-243.0
-87.0
-95.0
-185.0
-39.0
-158.0
-102.0
-59.0
-210.0
-33.0
-159.0
-115.0
-16.0
-148.0
-111.0
-71.0
-192.0
-70.0
-122.0
-176.0
-29.0
-208.0
-122.0
-87.0
-222.0
-93.0
-137.0
-184.0
-18.0
-208.0
-55.0
-82.0
-239.0
-53.0
-179.0
-154.0
-44.0
-201.0
-63.0
-68.0
-194.0
-56.0
-133.0
-124.0
-49.0
-152.0
-135.0
-72.0
-177.0
-56.0
-109.0
-123.0
-15.0
-152.0
-68.0
-51.0
-139.0
-48.0
-67.0
-134.0
30.0
-126.0
-9.0
-89.0
-122.0
-22.0
-69.0
-53.0
-43.0
-90.0
-56.0
-21.0
-145.0
36.0
-83.0
-102.0
21.0
-116.0
-32.0
-25.0
-134.0
12.0
-91.0
-102.0
-2.0
-144.0
-36.0
-77.0
-93.0
-8.0
-70.0
-111.0
-1.0
-144.0
-69.0
-63.0
-196.0
-28.0
-71.0
-147.0
-11.0
-181.0
-65.0
-13.0
-172.0
40.0
-171.0
-130.0
-37.0
-149.0
-60.0
-57.0
-102.0
-68.0
-70.0
-115.0
-16.0
-111.0
-50.0
-21.0
-108.0
16.0
8.0
-62.0
58.0
-101.0
12.0
21.0
-70.0
39.0
-12.0
-41.0
73.0
-86.0
-13.0
2.0
-127.0
34.0
-121.0
-42.0
-15.0
-90.0
-23.0
-34.0
-124.0
-50.0
-100.0
-118.0
39.0
-107.0
-9.0
-38.0
-72.0
31.0
-56.0
-89.0
14.0
-100.0
-25.0
5.0
-114.0
26.0
-46.0
-79.0
31.0
-102.0
-40.0
23.0
-95.0
61.0
-61.0
-43.0
-3.0
-77.0
-11.0
-20.0
-94.0
20.0
-64.0
-107.0
26.0
-122.0
-43.0
17.0
-80.0
48.0
-20.0
-16.0
81.0
-66.0
79.0
25.0
-18.0
84.0
44.0
3.0
118.0
4.0
17.0
108.0
-83.0
125.0
20.0
-11.0
144.0
3.0
-21.0
71.0
-53.0
73.0
22.0
-18.0
123.0
-24.0
37.0
52.0
33.0
150.0
94.0
24.0
159.0
-12.0
93.0
95.0
-24.0
79.0
50.0
41.0
133.0
-20.0
35.0
100.0
-69.0
157.0
30.0
16.0
21.0
-78.0
7.0
70.0
-44.0
53.0
-32.0
-63.0
50.0
-83.0
-33.0
50.0
-96.0
33.0
31.0
-133.0
25.0
-144.0
23.0
8.0
-115.0
108.0
-66.0
3.0
32.0
-101.0
-44.0
-37.0
-81.0
27.0
-70.0
-30.0
-41.0
11.0
-1.0
54.0
-33.0
34.0
23.0
-97.0
79.0
-83.0
-22.0
15.0
-136.0
-4.0
-49.0
-110.0
93.0
-153.0
8.0
-21.0
-124.0
23.0
-87.0
-82.0
-42.0
-142.0
-77.0
-6.0
-106.0
30.0
-50.0
-119.0
-18.0
-111.0
-51.0
8.0
-167.0
14.0
-112.0
-103.0
-23.0
-152.0
-61.0
-66.0
-84.0
-37.0
-81.0
-149.0
-61.0
-177.0
-32.0
-63.0
-190.0
-12.0
-130.0
-66.0
10.0
-145.0
-42.0
-10.0
-88.0
-3.0
-80.0
-89.0
-23.0
-89.0
-21.0
-7.0
-132.0
-62.0
-120.0
-114.0
14.0
-134.0
7.0
-68.0
-134.0
-30.0
-107.0
-61.0
-18.0
-153.0
-41.0
-44.0
-160.0
-1.0
-82.0
-72.0
25.0
-124.0
-48.0
-21.0
-186.0
5.0
-138.0
-114.0
27.0
-159.0
-63.0
-13.0
-164.0
15.0
-81.0
-98.0
11.0
-150.0
26.0
-84.0
-163.0
-31.0
-80.0
-138.0
28.0
-178.0
-11.0
-55.0
-157.0
30.0
-154.0
-80.0
-26.0
-108.0
-55.0
-47.0
-137.0
30.0
-64.0
-37.0
32.0
-113.0
-76.0
43.0
-126.0
36.0
-49.0
-109.0
65.0
-96.0
47.0
33.0
-58.0
44.0
-18.0
-23.0
82.0
-80.0
8.0
-26.0
-58.0
-22.0
-39.0
-76.0
-7.0
-108.0
-65.0
37.0
-146.0
32.0
-84.0
-52.0
-15.0
-102.0
-83.0
18.0
-111.0
20.0
-62.0
-121.0
36.0
-110.0
-2.0
10.0
-133.0
-14.0
-100.0
-74.0
86.0
-114.0
16.0
18.0
-78.0
16.0
-12.0
-43.0
30.0
-53.0
-12.0
63.0
-123.0
55.0
-55.0
-72.0
30.0
-117.0
15.0
-15.0
-122.0
41.0
-87.0
-48.0
-8.0
-38.0
22.0
-5.0
-85.0
15.0
-30.0
-70.0
152.0
-55.0
24.0
83.0
-56.0
108.0
88.0
-12.0
121.0
-30.0
55.0
130.0
-76.0
193.0
-20.0
32.0
77.0
6.0
53.0
127.0
-33.0
144.0
62.0
1.0
109.0
-53.0
83.0
-2.0
-53.0
25.0
23.0
-52.0
81.0
-20.0
58.0
54.0
-61.0
97.0
27.0
-32.0
97.0
-61.0
41.0
131.0
-74.0
166.0
16.0
64.0
147.0
-10.0
122.0
54.0
-6.0
106.0
76.0
76.0
100.0
30.0
47.0
67.0
-3.0
59.0
106.0
25.0
163.0
-10.0
99.0
117.0
-41.0
140.0
22.0
-29.0
150.0
-29.0
81.0
56.0
-84.0
132.0
-55.0
69.0
62.0
-51.0
88.0
83.0
32.0
86.0
35.0
-26.0
138.0
-13.0
89.0
136.0
-76.0
129.0
12.0
2.0
148.0
-15.0
98.0
59.0
-12.0
120.0
22.0
23.0
127.0
-31.0
53.0
136.0
-87.0
166.0
11.0
27.0
61.0
-15.0
77.0
118.0
0.0
122.0
83.0
-12.0
164.0
-45.0
121.0
59.0
-54.0
141.0
-16.0
-10.0
117.0
-64.0
93.0
42.0
-6.0
98.0
52.0
48.0
118.0
84.0
127.0
189.0
54.0
275.0
167.0
113.0
227.0
87.0
161.0
159.0
17.0
203.0
91.0
86.0
180.0
54.0
124.0
118.0
26.0
135.0
100.0
29.0
210.0
8.0
137.0
136.0
11.0
229.0
36.0
67.0
165.0
27.0
92.0
105.0
-36.0
191.0
11.0
36.0
119.0
1.0
80.0
107.0
-26.0
119.0
39.0
30.0
121.0
6.0
118.0
74.0
37.0
142.0
23.0
56.0
181.0
4.0
96.0
80.0
1.0
50.0
12.0
-11.0
140.0
-36.0
76.0
95.0
-74.0
151.0
-12.0
40.0
70.0
-73.0
10.0
60.0
-52.0
127.0
24.0
43.0
101.0
21.0
126.0
89.0
78.0
22.0
106.0
2.0
167.0
54.0
115.0
146.0
11.0
162.0
110.0
32.0
162.0
33.0
115.0
174.0
56.0
170.0
73.0
55.0
141.0
22.0
72.0
148.0
-16.0
218.0
110.0
58.0
235.0
34.0
174.0
116.0
37.0
142.0
63.0
49.0
149.0
-1.0
147.0
106.0
87.0
241.0
138.0
149.0
173.0
116.0
166.0
223.0
133.0
251.0
154.0
163.0
276.0
114.0
197.0
216.0
83.0
271.0
120.0
152.0
212.0
84.0
239.0
205.0
121.0
168.0
161.0
119.0
289.0
75.0
231.0
152.0
52.0
212.0
106.0
164.0
217.0
70.0
185.0
194.0
121.0
211.0
112.0
135.0
196.0
162.0
172.0
214.0
96.0
228.0
168.0
115.0
240.0
58.0
191.0
175.0
58.0
213.0
98.0
74.0
223.0
22.0
181.0
125.0
89.0
210.0
85.0
150.0
163.0
59.0
175.0
100.0
68.0
210.0
121.0
169.0
208.0
152.0
164.0
233.0
85.0
248.0
111.0
90.0
209.0
45.0
221.0
146.0
106.0
184.0
129.0
51.0
202.0
24.0
152.0
135.0
55.0
281.0
108.0
136.0
248.0
85.0
175.0
198.0
40.0
194.0
93.0
69.0
220.0
92.0
142.0
173.0
10.0
200.0
64.0
123.0
176.0
31.0
129.0
110.0
74.0
180.0
105.0
2.0
193.0
29.0
132.0
121.0
6.0
221.0
91.0
68.0
206.0
59.0
97.0
129.0
-8.0
124.0
30.0
53.0
139.0
-17.0
57.0
119.0
-49.0
155.0
35.0
33.0
199.0
23.0
65.0
97.0
-26.0
52.0
59.0
-14.0
161.0
-32.0
60.0
77.0
-34.0
114.0
12.0
-37.0
125.0
-24.0
70.0
79.0
-13.0
133.0
51.0
93.0
174.0
24.0
98.0
112.0
5.0
213.0
62.0
88.0
168.0
-1.0
147.0
83.0
18.0
106.0
81.0
18.0
190.0
29.0
108.0
126.0
3.0
211.0
99.0
61.0
202.0
81.0
129.0
140.0
37.0
197.0
38.0
172.0
171.0
129.0
130.0
156.0
50.0
102.0
82.0
28.0
167.0
4.0
124.0
135.0
8.0
155.0
45.0
35.0
177.0
-41.0
149.0
61.0
-26.0
159.0
50.0
53.0
115.0
3.0
124.0
67.0
-12.0
173.0
32.0
79.0
145.0
62.0
99.0
142.0
67.0
199.0
87.0
120.0
218.0
89.0
216.0
136.0
129.0
209.0
109.0
101.0
201.0
27.0
155.0
126.0
111.0
170.0
96.0
130.0
192.0
81.0
129.0
197.0
64.0
205.0
74.0
125.0
187.0
56.0
130.0
175.0
77.0
205.0
53.0
116.0
166.0
43.0
171.0
128.0
68.0
196.0
67.0
108.0
203.0
19.0
134.0
109.0
83.0
180.0
92.0
95.0
188.0
56.0
109.0
169.0
45.0
157.0
54.0
92.0
198.0
57.0
133.0
157.0
32.0
202.0
79.0
83.0
258.0
69.0
161.0
121.0
79.0
230.0
117.0
90.0
234.0
84.0
170.0
108.0
61.0
224.0
133.0
90.0
210.0
77.0
158.0
200.0
33.0
221.0
75.0
99.0
208.0
79.0
163.0
128.0
65.0
174.0
98.0
100.0
177.0
12.0
145.0
112.0
27.0
215.0
60.0
60.0
191.0
-41.0
133.0
129.0
71.0
190.0
52.0
98.0
147.0
36.0
116.0
180.0
-8.0
169.0
73.0
64.0
126.0
36.0
117.0
101.0
-4.0
135.0
1.0
-16.0
98.0
18.0
90.0
74.0
-6.0
77.0
20.0
-33.0
164.0
-25.0
106.0
82.0
-8.0
140.0
-33.0
12.0
44.0
-37.0
49.0
72.0
25.0
80.0
-13.0
-13.0
69.0
-46.0
100.0
69.0
-63.0
120.0
-2.0
16.0
48.0
-48.0
15.0
-7.0
-5.0
-16.0
-10.0
-117.0
30.0
-85.0
-17.0
66.0
-112.0
142.0
-48.0
-4.0
97.0
-64.0
83.0
23.0
-23.0
74.0
-48.0
-3.0
37.0
-45.0
-1.0
48.0
-71.0
90.0
-17.0
-24.0
91.0
-36.0
83.0
14.0
-34.0
32.0
-48.0
-62.0
19.0
-120.0
13.0
-25.0
-63.0
29.0
-67.0
-71.0
-15.0
-135.0
-53.0
2.0
-110.0
60.0
-24.0
-56.0
-47.0
-61.0
-31.0
33.0
-103.0
50.0
-57.0
-35.0
111.0
-95.0
58.0
29.0
-52.0
116.0
-10.0
-32.0
61.0
-96.0
80.0
2.0
-17.0
51.0
12.0
-21.0
67.0
-35.0
28.0
42.0
-51.0
118.0
-52.0
-24.0
14.0
-58.0
50.0
15.0
-68.0
108.0
-28.0
21.0
53.0
-44.0
56.0
-13.0
-66.0
52.0
-2.0
-22.0
66.0
-65.0
7.0
14.0
-95.0
45.0
-65.0
-65.0
86.0
-80.0
41.0
5.0
-133.0
70.0
-99.0
-15.0
-34.0
-45.0
-12.0
8.0
-65.0
7.0
-64.0
-116.0
15.0
-116.0
-2.0
42.0
-105.0
73.0
-56.0
-44.0
49.0
-155.0
54.0
-53.0
-58.0
70.0
-66.0
-21.0
11.0
-97.0
-21.0
-18.0
-149.0
52.0
-101.0
-55.0
-11.0
-102.0
-30.0
-67.0
-106.0
54.0
-43.0
-87.0
5.0
-130.0
-81.0
-26.0
-167.0
-21.0
-102.0
-147.0
45.0
-211.0
-15.0
-81.0
-143.0
24.0
-105.0
-63.0
-48.0
-103.0
-42.0
14.0
-132.0
-1.0
-54.0
-84.0
20.0
-112.0
20.0
40.0
-120.0
25.0
-137.0
-54.0
5.0
-117.0
-29.0
-102.0
-93.0
-24.0
-77.0
-97.0
35.0
-170.0
-60.0
-63.0
-133.0
-17.0
-87.0
-125.0
26.0
-150.0
-71.0
-26.0
-191.0
11.0
-129.0
-55.0
-15.0
-161.0
-54.0
-44.0
-185.0
8.0
-107.0
-78.0
-55.0
-177.0
-67.0
-74.0
-162.0
-13.0
-54.0
-149.0
33.0
-185.0
-52.0
-112.0
-185.0
-24.0
-164.0
-155.0
-93.0
-211.0
-112.0
-55.0
-193.0
-39.0
-227.0
-158.0
-112.0
-225.0
-126.0
-128.0
-227.0
-50.0
-197.0
-175.0
-110.0
-209.0
-74.0
-71.0
-180.0
-54.0
-127.0
-191.0
-16.0
-194.0
-42.0
-119.0
-198.0
-80.0
-166.0
-157.0
-32.0
-123.0
-81.0
-53.0
-169.0
-21.0
-118.0
-98.0
-6.0
-94.0
-55.0
-30.0
-140.0
17.0
-100.0
-46.0
4.0
-88.0
-18.0
-36.0
-131.0
-11.0
-107.0
-96.0
-37.0
-122.0
-4.0
-115.0
-95.0
-15.0
-57.0
-101.0
-40.0
-152.0
-85.0
-86.0
-164.0
30.0
-127.0
-93.0
-17.0
-154.0
-49.0
-90.0
-190.0
-5.0
-210.0
-160.0
-162.0
-259.0
-126.0
-168.0
-178.0
-176.0
-200.0
-223.0
-94.0
-237.0
-126.0
-176.0
-203.0
-99.0
-159.0
-126.0
-60.0
-210.0
-82.0
-118.0
-195.0
-51.0
-226.0
-173.0
-150.0
-181.0
-102.0
-155.0
-190.0
-52.0
-195.0
-129.0
-33.0
-168.0
-74.0
-97.0
-195.0
-34.0
-141.0
-155.0
-23.0
-258.0
-60.0
-141.0
-146.0
-61.0
-195.0
-132.0
-98.0
-180.0
-76.0
-86.0
-173.0
-76.0
-128.0
-183.0
-79.0
-192.0
-126.0
-134.0
-223.0
-30.0
-232.0
-167.0
-116.0
-223.0
-126.0
-158.0
-205.0
-92.0
-142.0
-203.0
6.0
-182.0
-1.0
-125.0
-142.0
-78.0
-177.0
-138.0
-102.0
-185.0
-130.0
-81.0
-185.0
-30.0
-172.0
-168.0
-79.0
-160.0
-125.0
-82.0
-226.0
-60.0
-162.0
-54.0
-40.0
-159.0
-69.0
-77.0
-154.0
-95.0
-127.0
-213.0
-14.0
-257.0
-101.0
-68.0
-202.0
24.0
-153.0
-148.0
-1.0
-190.0
30.0
-70.0
-101.0
57.0
-152.0
-48.0
-67.0
-151.0
-87.0
-80.0
-158.0
-37.0
-101.0
-154.0
-36.0
-187.0
-21.0
-70.0
-137.0
-41.0
-101.0
-117.0
-16.0
-177.0
-58.0
-102.0
-161.0
-52.0
-161.0
-151.0
-22.0
-193.0
-60.0
-87.0
-143.0
18.0
-202.0
-50.0
-50.0
-197.0
-43.0
-82.0
-164.0
-46.0
-164.0
-84.0
-50.0
-157.0
-58.0
-77.0
-164.0
-76.0
-103.0
-170.0
-2.0
-213.0
-40.0
-50.0
-111.0
59.0
-113.0
1.0
-14.0
-63.0
34.0
-33.0
-57.0
47.0
-35.0
-24.0
65.0
-29.0
21.0
98.0
-97.0
124.0
-37.0
24.0
120.0
-68.0
103.0
-2.0
22.0
136.0
3.0
14.0
74.0
-31.0
42.0
-6.0
-6.0
21.0
-40.0
-49.0
40.0
-114.0
-40.0
-27.0
-63.0
98.0
-41.0
19.0
67.0
-9.0
14.0
50.0
-95.0
85.0
-9.0
2.0
84.0
-85.0
93.0
10.0
-23.0
116.0
23.0
-1.0
99.0
-46.0
107.0
15.0
13.0
75.0
-25.0
-42.0
75.0
-60.0
74.0
23.0
-86.0
154.0
-93.0
24.0
68.0
-33.0
97.0
33.0
-40.0
116.0
-49.0
-30.0
37.0
-83.0
47.0
13.0
-44.0
19.0
-47.0
-69.0
51.0
-149.0
56.0
-13.0
-101.0
99.0
-75.0
-35.0
60.0
-116.0
31.0
8.0
-86.0
84.0
-52.0
-28.0
71.0
-84.0
-10.0
72.0
-91.0
136.0
-16.0
-30.0
101.0
-128.0
49.0
-1.0
-95.0
59.0
-95.0
-77.0
58.0
-132.0
-32.0
12.0
-59.0
25.0
-6.0
-72.0
118.0
-72.0
45.0
71.0
-72.0
143.0
-88.0
51.0
119.0
-12.0
88.0
50.0
-62.0
61.0
-58.0
-44.0
64.0
-55.0
32.0
58.0
-58.0
59.0
-18.0
-13.0
93.0
-87.0
143.0
47.0
28.0
136.0
-9.0
77.0
114.0
13.0
96.0
42.0
16.0
86.0
60.0
23.0
120.0
35.0
80.0
179.0
-40.0
167.0
34.0
50.0
159.0
-65.0
144.0
41.0
17.0
128.0
-21.0
56.0
105.0
-44.0
112.0
18.0
31.0
136.0
43.0
44.0
137.0
-10.0
84.0
121.0
1.0
194.0
35.0
67.0
127.0
-74.0
28.0
-11.0
-66.0
90.0
-50.0
18.0
71.0
-16.0
95.0
64.0
17.0
116.0
6.0
-27.0
133.0
-35.0
95.0
29.0
-46.0
132.0
-22.0
-37.0
95.0
-20.0
126.0
53.0
58.0
72.0
-31.0
60.0
68.0
4.0
66.0
95.0
-34.0
76.0
-60.0
64.0
73.0
6.0
76.0
72.0
-22.0
97.0
36.0
17.0
123.0
-126.0
106.0
-23.0
-1.0
132.0
-23.0
73.0
95.0
12.0
125.0
148.0
37.0
184.0
4.0
41.0
129.0
25.0
100.0
78.0
-15.0
113.0
3.0
39.0
125.0
-16.0
56.0
48.0
32.0
152.0
-6.0
64.0
107.0
-16.0
147.0
48.0
35.0
97.0
23.0
91.0
127.0
30.0
134.0
106.0
34.0
179.0
71.0
91.0
161.0
70.0
129.0
130.0
5.0
184.0
76.0
108.0
143.0
6.0
115.0
99.0
69.0
169.0
79.0
27.0
192.0
-46.0
133.0
82.0
32.0
171.0
-23.0
78.0
158.0
-16.0
101.0
50.0
18.0
117.0
-32.0
46.0
96.0
65.0
69.0
122.0
-49.0
141.0
45.0
25.0
159.0
-72.0
60.0
66.0
-61.0
133.0
-34.0
-1.0
133.0
-124.0
108.0
11.0
10.0
42.0
2.0
37.0
91.0
-24.0
36.0
78.0
-56.0
165.0
6.0
-5.0
110.0
-60.0
67.0
34.0
-42.0
102.0
-54.0
32.0
98.0
-6.0
72.0
18.0
-10.0
63.0
-18.0
-46.0
65.0
-105.0
41.0
15.0
-39.0
65.0
-17.0
-49.0
83.0
-108.0
37.0
-13.0
-99.0
52.0
-103.0
-16.0
15.0
-33.0
-54.0
25.0
-32.0
60.0
-21.0
-12.0
52.0
-37.0
73.0
65.0
-15.0
84.0
-12.0
-69.0
115.0
-56.0
40.0
-1.0
-81.0
79.0
-79.0
-7.0
87.0
-93.0
65.0
-2.0
-93.0
87.0
-77.0
36.0
71.0
-58.0
44.0
6.0
-59.0
99.0
-65.0
-30.0
-4.0
-108.0
28.0
-60.0
-46.0
-29.0
-55.0
-27.0
34.0
-75.0
20.0
46.0
-108.0
36.0
-37.0
-43.0
36.0
-114.0
22.0
-30.0
-53.0
22.0
-27.0
39.0
43.0
5.0
45.0
111.0
-50.0
93.0
-35.0
6.0
47.0
-88.0
9.0
-2.0
-60.0
80.0
-17.0
12.0
77.0
-90.0
79.0
-40.0
-69.0
30.0
-70.0
-27.0
67.0
-65.0
62.0
69.0
-34.0
90.0
-10.0
32.0
104.0
-22.0
96.0
80.0
-62.0
115.0
-76.0
-38.0
42.0
-96.0
55.0
-67.0
-53.0
78.0
-72.0
2.0
14.0
-87.0
57.0
2.0
-21.0
46.0
-44.0
-56.0
87.0
-99.0
44.0
10.0
-137.0
80.0
-126.0
-1.0
-4.0
-88.0
11.0
-8.0
-123.0
75.0
-78.0
-16.0
71.0
-106.0
107.0
-12.0
-7.0
101.0
-39.0
-16.0
38.0
-91.0
69.0
-4.0
-64.0
64.0
-46.0
-30.0
125.0
-90.0
45.0
-26.0
-73.0
51.0
-107.0
13.0
29.0
-92.0
25.0
-11.0
-77.0
98.0
-81.0
-37.0
12.0
-155.0
-37.0
-117.0
-136.0
54.0
-101.0
-95.0
11.0
-202.0
-17.0
-58.0
-84.0
29.0
-63.0
-33.0
53.0
-98.0
34.0
16.0
-98.0
77.0
-44.0
-21.0
64.0
-79.0
0.0
-4.0
-95.0
98.0
-52.0
-27.0
43.0
-56.0
33.0
-2.0
-81.0
72.0
13.0
-16.0
98.0
-77.0
39.0
-11.0
-68.0
96.0
-62.0
-29.0
96.0
-97.0
54.0
-4.0
-68.0
66.0
-56.0
49.0
10.0
-5.0
-7.0
55.0
-53.0
50.0
-51.0
-87.0
88.0
-53.0
55.0
51.0
-78.0
89.0
-42.0
24.0
82.0
-87.0
77.0
5.0
43.0
64.0
-2.0
4.0
54.0
-77.0
82.0
53.0
-35.0
163.0
-61.0
5.0
15.0
-65.0
65.0
77.0
8.0
106.0
-29.0
62.0
90.0
-24.0
102.0
52.0
-33.0
68.0
-62.0
-37.0
63.0
-55.0
60.0
-24.0
-43.0
15.0
-12.0
-70.0
64.0
-115.0
16.0
-17.0
-150.0
27.0
-190.0
-27.0
-73.0
-122.0
-46.0
-73.0
-43.0
34.0
-37.0
-53.0
28.0
-68.0
-42.0
30.0
-126.0
10.0
-63.0
-120.0
125.0
-163.0
59.0
-6.0
-99.0
60.0
-123.0
2.0
34.0
-76.0
45.0
-33.0
-42.0
73.0
-60.0
27.0
25.0
-27.0
39.0
-22.0
-95.0
65.0
-107.0
17.0
16.0
-133.0
59.0
-11.0
-24.0
78.0
-8.0
-17.0
73.0
-67.0
107.0
10.0
8.0
82.0
-42.0
34.0
88.0
-40.0
73.0
48.0
-3.0
124.0
5.0
44.0
90.0
-34.0
87.0
68.0
-27.0
152.0
-63.0
55.0
86.0
-75.0
100.0
-20.0
-12.0
46.0
-52.0
-8.0
116.0
-74.0
96.0
10.0
-17.0
97.0
-27.0
-6.0
108.0
-71.0
102.0
37.0
-81.0
144.0
-27.0
54.0
99.0
-20.0
130.0
91.0
-15.0
137.0
-26.0
60.0
110.0
3.0
93.0
89.0
4.0
122.0
18.0
-30.0
157.0
-87.0
129.0
34.0
11.0
159.0
-34.0
125.0
79.0
7.0
87.0
-7.0
10.0
61.0
25.0
29.0
104.0
24.0
23.0
90.0
-108.0
204.0
-52.0
35.0
116.0
-72.0
150.0
-21.0
29.0
129.0
26.0
83.0
135.0
11.0
106.0
10.0
11.0
107.0
56.0
15.0
161.0
12.0
150.0
131.0
-11.0
182.0
-3.0
99.0
80.0
-42.0
31.0
30.0
-8.0
91.0
3.0
59.0
114.0
-59.0
43.0
11.0
-65.0
67.0
-87.0
-41.0
80.0
-110.0
90.0
-59.0
-39.0
18.0
-67.0
10.0
31.0
-61.0
10.0
-35.0
-22.0
78.0
-36.0
26.0
63.0
-19.0
34.0
24.0
-69.0
92.0
-100.0
31.0
46.0
-80.0
60.0
11.0
-73.0
96.0
-50.0
-80.0
47.0
-173.0
68.0
-33.0
-69.0
46.0
-88.0
-2.0
-14.0
-86.0
35.0
-65.0
-86.0
52.0
-50.0
-15.0
-3.0
-89.0
-18.0
-27.0
-162.0
66.0
-117.0
-17.0
9.0
-105.0
42.0
-82.0
-39.0
17.0
-22.0
37.0
17.0
-98.0
26.0
-29.0
-19.0
14.0
-49.0
-56.0
29.0
-129.0
26.0
-69.0
-107.0
56.0
-134.0
3.0
30.0
-99.0
-35.0
-60.0
-63.0
80.0
-88.0
-43.0
-30.0
-96.0
6.0
-25.0
-87.0
36.0
-88.0
-90.0
66.0
-140.0
27.0
-60.0
-100.0
26.0
-150.0
-65.0
-1.0
-108.0
61.0
-32.0
-37.0
66.0
-110.0
-56.0
-17.0
-91.0
29.0
23.0
-122.0
86.0
-112.0
-20.0
100.0
-37.0
66.0
-5.0
-107.0
18.0
-53.0
-43.0
54.0
-134.0
-14.0
-41.0
-72.0
21.0
-59.0
-73.0
22.0
-112.0
8.0
-12.0
-96.0
90.0
-115.0
23.0
72.0
-59.0
32.0
-47.0
-130.0
53.0
-81.0
49.0
52.0
-58.0
55.0
-23.0
-46.0
16.0
-1.0
-46.0
52.0
-85.0
59.0
15.0
-67.0
91.0
-32.0
-29.0
49.0
-110.0
69.0
-9.0
-29.0
66.0
-123.0
-22.0
-8.0
-102.0
-36.0
-35.0
-80.0
27.0
-85.0
-92.0
5.0
-145.0
-37.0
-52.0
-134.0
11.0
-112.0
-49.0
18.0
-140.0
34.0
-33.0
-88.0
34.0
-73.0
-37.0
26.0
-149.0
-26.0
-92.0
-129.0
36.0
-143.0
-12.0
-49.0
-95.0
3.0
-38.0
-99.0
52.0
-65.0
-12.0
-6.0
-90.0
64.0
-48.0
-69.0
25.0
-25.0
-60.0
28.0
-120.0
-23.0
-32.0
-135.0
90.0
-113.0
-61.0
34.0
-177.0
58.0
-29.0
-74.0
81.0
-152.0
1.0
-41.0
-95.0
-43.0
-24.0
-52.0
35.0
-28.0
14.0
68.0
-60.0
18.0
8.0
-52.0
60.0
-65.0
-5.0
54.0
-63.0
102.0
-52.0
-12.0
40.0
-40.0
-65.0
23.0
-78.0
78.0
-1.0
0.0
96.0
-48.0
39.0
62.0
-8.0
36.0
31.0
-42.0
51.0
-79.0
-23.0
41.0
-67.0
58.0
-11.0
-80.0
70.0
-123.0
6.0
36.0
-135.0
27.0
-42.0
-14.0
33.0
-97.0
-62.0
28.0
-110.0
54.0
23.0
-79.0
67.0
-93.0
38.0
20.0
-71.0
46.0
10.0
-85.0
108.0
-127.0
61.0
79.0
-18.0
127.0
-34.0
-8.0
-3.0
-64.0
-4.0
91.0
-99.0
107.0
-46.0
-33.0
90.0
-103.0
2.0
13.0
-140.0
33.0
-25.0
-49.0
80.0
-74.0
-40.0
-2.0
-74.0
29.0
-15.0
-85.0
67.0
-74.0
22.0
-25.0
-74.0
32.0
-41.0
-51.0
12.0
-36.0
-12.0
74.0
-106.0
53.0
12.0
-101.0
77.0
-90.0
-29.0
93.0
-103.0
104.0
-48.0
-55.0
70.0
-109.0
41.0
-41.0
-59.0
30.0
24.0
-64.0
53.0
-13.0
-41.0
63.0
-60.0
49.0
29.0
-67.0
87.0
-48.0
-26.0
93.0
-49.0
90.0
-34.0
-67.0
31.0
-69.0
-34.0
56.0
-114.0
53.0
-53.0
-50.0
15.0
-102.0
36.0
61.0
-66.0
14.0
-7.0
-79.0
92.0
-29.0
-30.0
7.0
-89.0
-8.0
-2.0
-43.0
129.0
-54.0
17.0
94.0
-94.0
98.0
3.0
8.0
136.0
72.0
56.0
107.0
21.0
99.0
105.0
16.0
153.0
38.0
49.0
128.0
-25.0
125.0
90.0
-16.0
172.0
-9.0
118.0
89.0
-2.0
121.0
29.0
47.0
106.0
22.0
58.0
97.0
-23.0
57.0
89.0
37.0
165.0
28.0
14.0
133.0
-56.0
148.0
53.0
20.0
146.0
-83.0
101.0
39.0
56.0
91.0
107.0
30.0
144.0
-7.0
68.0
165.0
0.0
132.0
55.0
13.0
117.0
-33.0
40.0
100.0
-52.0
106.0
16.0
-11.0
114.0
-7.0
87.0
138.0
11.0
184.0
6.0
20.0
158.0
17.0
90.0
95.0
63.0
88.0
91.0
30.0
148.0
12.0
78.0
117.0
28.0
92.0
39.0
-9.0
130.0
22.0
92.0
120.0
-27.0
107.0
9.0
74.0
73.0
18.0
56.0
69.0
-16.0
75.0
24.0
14.0
129.0
-21.0
35.0
18.0
-19.0
49.0
9.0
-49.0
73.0
-81.0
33.0
48.0
-63.0
87.0
-12.0
7.0
101.0
-58.0
48.0
127.0
-89.0
138.0
-13.0
39.0
82.0
-49.0
8.0
63.0
-99.0
45.0
-33.0
-46.0
195.0
2.0
124.0
57.0
4.0
52.0
48.0
-37.0
133.0
-29.0
49.0
76.0
-85.0
91.0
36.0
-24.0
123.0
-48.0
43.0
71.0
-81.0
114.0
-25.0
34.0
73.0
-42.0
43.0
14.0
-62.0
24.0
3.0
-32.0
40.0
-93.0
-23.0
69.0
-84.0
94.0
-17.0
-64.0
110.0
-118.0
78.0
-23.0
-50.0
45.0
-10.0
-46.0
75.0
6.0
-11.0
138.0
-156.0
80.0
-48.0
-78.0
107.0
-69.0
52.0
8.0
-107.0
66.0
-41.0
-69.0
56.0
-18.0
11.0
10.0
-113.0
87.0
35.0
-35.0
151.0
-49.0
41.0
39.0
-57.0
72.0
-45.0
-26.0
56.0
-62.0
-35.0
48.0
-118.0
102.0
-11.0
-34.0
70.0
-72.0
43.0
88.0
-34.0
81.0
18.0
-19.0
144.0
-12.0
44.0
54.0
-34.0
69.0
37.0
-15.0
91.0
-80.0
-8.0
58.0
-10.0
61.0
-9.0
-35.0
51.0
-35.0
-46.0
36.0
-119.0
91.0
-41.0
-60.0
45.0
-64.0
-34.0
3.0
-60.0
40.0
-24.0
-45.0
52.0
-51.0
20.0
12.0
-110.0
28.0
-12.0
-74.0
121.0
-90.0
26.0
6.0
-93.0
63.0
-48.0
-5.0
39.0
-69.0
44.0
60.0
-100.0
48.0
-55.0
-61.0
28.0
-70.0
-26.0
84.0
-65.0
82.0
-15.0
-55.0
117.0
-73.0
23.0
78.0
-71.0
68.0
-20.0
-72.0
41.0
-127.0
-7.0
-29.0
-101.0
67.0
8.0
-49.0
39.0
-96.0
-22.0
62.0
-98.0
55.0
-67.0
-75.0
43.0
-110.0
-36.0
-37.0
-84.0
43.0
-73.0
-36.0
-11.0
-108.0
-51.0
-41.0
-154.0
-3.0
-106.0
-100.0
157.0
-156.0
58.0
14.0
-83.0
80.0
-15.0
-30.0
43.0
-122.0
24.0
35.0
-72.0
119.0
-13.0
26.0
38.0
-60.0
-13.0
68.0
-102.0
60.0
-27.0
-89.0
93.0
-130.0
37.0
-25.0
-32.0
47.0
25.0
-8.0
83.0
-1.0
48.0
82.0
-137.0
55.0
-7.0
-43.0
90.0
-43.0
-28.0
-14.0
-103.0
4.0
-70.0
-112.0
49.0
-82.0
-96.0
41.0
-198.0
59.0
-139.0
-127.0
37.0
-170.0
-24.0
-43.0
-93.0
-10.0
-31.0
-106.0
-16.0
-138.0
-59.0
-6.0
-114.0
20.0
-48.0
-117.0
26.0
-124.0
-79.0
1.0
-155.0
54.0
-112.0
-97.0
-10.0
-127.0
-61.0
-7.0
-167.0
-60.0
-73.0
-130.0
54.0
-127.0
-51.0
22.0
-168.0
18.0
-71.0
-156.0
44.0
-168.0
-82.0
-91.0
-164.0
-14.0
-81.0
-125.0
-44.0
-135.0
-88.0
-25.0
-180.0
14.0
-96.0
-93.0
-14.0
-92.0
-64.0
-17.0
-172.0
-26.0
-73.0
-174.0
-11.0
-175.0
-74.0
-43.0
-193.0
-1.0
-107.0
-138.0
-13.0
-177.0
-51.0
-63.0
-120.0
-40.0
-68.0
-91.0
8.0
-80.0
-48.0
16.0
-137.0
-1.0
-64.0
-96.0
-3.0
-114.0
-30.0
63.0
-119.0
100.0
-78.0
-4.0
49.0
-93.0
92.0
17.0
74.0
179.0
259.0
337.0
488.0
432.0
472.0
540.0
371.0
484.0
386.0
314.0
387.0
191.0
248.0
263.0
106.0
340.0
88.0
147.0
224.0
40.0
165.0
135.0
-6.0
135.0
20.0
-17.0
152.0
-72.0
45.0
77.0
-27.0
35.0
-24.0
-70.0
30.0
-91.0
5.0
11.0
-97.0
-8.0
-80.0
-120.0
89.0
-76.0
-29.0
1.0
-108.0
35.0
-91.0
-93.0
-4.0
-132.0
-84.0
-93.0
-157.0
16.0
-90.0
-134.0
-10.0
-197.0
-104.0
-85.0
-167.0
-62.0
-132.0
-216.0
-17.0
-189.0
-83.0
-88.0
-183.0
-42.0
-151.0
-205.0
-25.0
-229.0
-122.0
-41.0
-216.0
-40.0
-160.0
-138.0
-22.0
-184.0
-118.0
-15.0
-212.0
-2.0
-183.0
-176.0
1.0
-243.0
-41.0
-65.0
-155.0
-53.0
-81.0
-129.0
-18.0
-188.0
-127.0
-97.0
-201.0
-67.0
-123.0
-187.0
57.0
-155.0
-69.0
-45.0
-248.0
19.0
-183.0
-111.0
-29.0
-172.0
-75.0
-34.0
-146.0
27.0
-56.0
-117.0
-15.0
-142.0
-89.0
-31.0
-146.0
-51.0
-76.0
-186.0
-17.0
-215.0
-14.0
-71.0
-162.0
6.0
-174.0
-92.0
-72.0
-89.0
-72.0
-53.0
-116.0
-55.0
-84.0
-154.0
-64.0
-174.0
-109.0
-9.0
-217.0
6.0
-120.0
-166.0
-11.0
-212.0
-7.0
-94.0
-127.0
-25.0
-132.0
-172.0
25.0
-172.0
-78.0
-69.0
-146.0
-53.0
-91.0
-124.0
11.0
-121.0
-44.0
12.0
-158.0
88.0
-60.0
-53.0
13.0
-111.0
-20.0
23.0
-53.0
56.0
7.0
-39.0
97.0
-35.0
22.0
84.0
-12.0
37.0
54.0
-79.0
63.0
-57.0
-5.0
86.0
-92.0
68.0
59.0
-51.0
95.0
-87.0
44.0
77.0
-91.0
81.0
-11.0
44.0
90.0
11.0
52.0
63.0
-51.0
73.0
63.0
-26.0
97.0
-69.0
48.0
16.0
-88.0
62.0
-39.0
-54.0
116.0
-33.0
43.0
43.0
-42.0
76.0
93.0
-30.0
133.0
-7.0
67.0
118.0
10.0
200.0
-2.0
59.0
115.0
8.0
82.0
71.0
36.0
130.0
12.0
41.0
83.0
31.0
86.0
124.0
24.0
118.0
44.0
7.0
153.0
0.0
167.0
62.0
68.0
108.0
50.0
53.0
83.0
27.0
25.0
126.0
-18.0
102.0
8.0
-7.0
142.0
3.0
95.0
118.0
-84.0
160.0
16.0
109.0
124.0
-25.0
108.0
39.0
22.0
114.0
100.0
6.0
164.0
-12.0
73.0
46.0
-39.0
163.0
25.0
46.0
137.0
-48.0
94.0
33.0
-55.0
128.0
-43.0
14.0
64.0
7.0
-1.0
80.0
-25.0
80.0
68.0
-31.0
139.0
-19.0
83.0
108.0
-37.0
133.0
40.0
-25.0
150.0
-31.0
152.0
120.0
-36.0
87.0
25.0
51.0
148.0
19.0
56.0
98.0
36.0
119.0
60.0
29.0
106.0
-3.0
-10.0
81.0
-68.0
151.0
0.0
-24.0
102.0
-114.0
70.0
14.0
38.0
71.0
53.0
-2.0
70.0
-40.0
13.0
65.0
-63.0
101.0
39.0
-3.0
162.0
-122.0
24.0
90.0
-58.0
117.0
-61.0
22.0
84.0
-2.0
100.0
132.0
-23.0
106.0
-16.0
23.0
140.0
-41.0
102.0
19.0
-16.0
74.0
72.0
-22.0
131.0
-39.0
46.0
93.0
-26.0
141.0
73.0
103.0
169.0
39.0
111.0
119.0
-21.0
56.0
34.0
-4.0
103.0
23.0
15.0
121.0
-77.0
107.0
3.0
-8.0
160.0
-30.0
92.0
40.0
-17.0
118.0
37.0
27.0
79.0
-2.0
27.0
45.0
6.0
15.0
44.0
-81.0
74.0
-19.0
25.0
57.0
-143.0
123.0
-82.0
-41.0
32.0
-80.0
1.0
-2.0
-53.0
48.0
-30.0
-97.0
82.0
-76.0
-5.0
2.0
-79.0
-9.0
-16.0
-84.0
60.0
-202.0
-18.0
70.0
-100.0
81.0
-77.0
-26.0
41.0
-89.0
56.0
23.0
-60.0
35.0
-37.0
-21.0
32.0
-4.0
-35.0
58.0
-115.0
43.0
-14.0
-104.0
114.0
-116.0
78.0
3.0
-116.0
79.0
-56.0
-41.0
31.0
-59.0
31.0
-5.0
-92.0
-27.0
-42.0
-79.0
54.0
-108.0
-31.0
43.0
-115.0
100.0
-54.0
-40.0
8.0
-112.0
27.0
41.0
-84.0
48.0
-119.0
-38.0
24.0
-60.0
40.0
-17.0
-48.0
15.0
31.0
-68.0
92.0
-91.0
-15.0
2.0
-108.0
86.0
-98.0
-35.0
100.0
-109.0
11.0
-14.0
-100.0
103.0
-84.0
35.0
-7.0
-32.0
26.0
59.0
-106.0
12.0
15.0
-77.0
99.0
-110.0
29.0
49.0
-150.0
54.0
-97.0
-105.0
19.0
-157.0
41.0
-71.0
-95.0
-37.0
-119.0
-127.0
-43.0
-146.0
-125.0
-49.0
-220.0
53.0
-109.0
-125.0
13.0
-140.0
-54.0
-39.0
-178.0
55.0
-127.0
-89.0
25.0
-167.0
18.0
-55.0
-93.0
51.0
-67.0
-61.0
-6.0
-111.0
-26.0
-16.0
-93.0
13.0
-40.0
-115.0
32.0
-152.0
-32.0
-40.0
-143.0
68.0
-136.0
-60.0
1.0
-107.0
-39.0
5.0
-140.0
44.0
-37.0
-34.0
60.0
-94.0
40.0
62.0
-88.0
76.0
-62.0
-11.0
107.0
-73.0
61.0
-11.0
-16.0
34.0
-4.0
23.0
69.0
11.0
29.0
98.0
-74.0
68.0
12.0
2.0
123.0
15.0
74.0
159.0
-20.0
140.0
65.0
45.0
119.0
27.0
144.0
113.0
28.0
95.0
10.0
-7.0
120.0
-36.0
48.0
83.0
-1.0
66.0
48.0
13.0
143.0
15.0
103.0
93.0
-29.0
107.0
-4.0
10.0
65.0
-26.0
-46.0
77.0
-48.0
113.0
-18.0
-59.0
87.0
-171.0
-36.0
-64.0
-120.0
0.0
-99.0
-59.0
22.0
-151.0
-31.0
-47.0
-86.0
1.0
-46.0
-28.0
97.0
-42.0
18.0
1.0
-115.0
55.0
-47.0
-13.0
48.0
-21.0
-23.0
1.0
-84.0
76.0
-21.0
-91.0
66.0
-98.0
-4.0
-1.0
-114.0
16.0
-53.0
-41.0
22.0
-111.0
27.0
-62.0
-84.0
3.0
6.0
-76.0
65.0
-49.0
-26.0
78.0
-108.0
50.0
-57.0
-57.0
13.0
-93.0
-39.0
-25.0
-111.0
-7.0
-58.0
-58.0
88.0
-55.0
48.0
30.0
-86.0
83.0
-70.0
-49.0
110.0
-109.0
29.0
-4.0
-89.0
10.0
-14.0
-53.0
38.0
-99.0
-45.0
2.0
-163.0
12.0
-115.0
-55.0
2.0
-148.0
-52.0
8.0
-128.0
46.0
-106.0
-107.0
-19.0
-167.0
-25.0
-37.0
-84.0
26.0
-88.0
-60.0
36.0
-165.0
-56.0
-6.0
-105.0
31.0
-56.0
-79.0
31.0
-177.0
-11.0
-49.0
-116.0
7.0
-139.0
-64.0
-24.0
-109.0
-81.0
-34.0
-166.0
-6.0
-110.0
-109.0
18.0
-171.0
-50.0
-68.0
-122.0
20.0
-167.0
-160.0
-40.0
-214.0
-31.0
-100.0
-92.0
-8.0
-136.0
-95.0
-52.0
-110.0
-70.0
-39.0
-136.0
-94.0
-112.0
-101.0
-52.0
-91.0
-89.0
-27.0
-191.0
33.0
-85.0
-95.0
-34.0
-212.0
-10.0
-58.0
-118.0
-44.0
-68.0
-111.0
6.0
-165.0
-59.0
-69.0
-162.0
-65.0
-129.0
-168.0
-10.0
-208.0
-155.0
-88.0
-278.0
-27.0
-212.0
-160.0
-77.0
-216.0
-118.0
-121.0
-183.0
-109.0
-173.0
-136.0
-104.0
-211.0
-122.0
-125.0
-196.0
-71.0
-129.0
-155.0
15.0
-216.0
-102.0
-89.0
-202.0
-76.0
-221.0
-148.0
-107.0
-245.0
-58.0
-121.0
-208.0
-66.0
-163.0
-116.0
-120.0
-162.0
-147.0
-112.0
-202.0
-139.0
-139.0
-240.0
-112.0
-219.0
-111.0
-120.0
-242.0
14.0
-169.0
-117.0
76.0
-214.0
13.0
-125.0
-83.0
43.0
-90.0
-23.0
48.0
-65.0
-16.0
11.0
-100.0
21.0
-54.0
-23.0
-3.0
-51.0
20.0
21.0
-74.0
72.0
-51.0
-51.0
70.0
-59.0
58.0
54.0
1.0
58.0
16.0
-58.0
117.0
-35.0
77.0
92.0
-80.0
109.0
-31.0
2.0
80.0
-73.0
115.0
-9.0
-56.0
93.0
-53.0
2.0
72.0
-16.0
19.0
73.0
-3.0
102.0
3.0
24.0
150.0
12.0
128.0
90.0
-11.0
184.0
9.0
19.0
101.0
-61.0
77.0
21.0
4.0
59.0
8.0
20.0
120.0
-27.0
31.0
102.0
-67.0
149.0
26.0
60.0
118.0
-49.0
84.0
54.0
-22.0
143.0
-13.0
81.0
97.0
73.0
50.0
97.0
-36.0
52.0
104.0
-40.0
167.0
-85.0
109.0
84.0
-27.0
172.0
34.0
-6.0
154.0
-75.0
88.0
24.0
-30.0
129.0
-34.0
42.0
76.0
9.0
20.0
95.0
-85.0
49.0
-2.0
-26.0
150.0
-66.0
97.0
76.0
-57.0
109.0
35.0
-16.0
92.0
-81.0
103.0
64.0
48.0
139.0
25.0
45.0
119.0
-64.0
48.0
79.0
-63.0
162.0
-17.0
42.0
106.0
-69.0
51.0
50.0
-28.0
111.0
-41.0
34.0
53.0
-65.0
33.0
-26.0
-10.0
120.0
26.0
-17.0
65.0
-71.0
23.0
-56.0
-69.0
36.0
-22.0
-83.0
33.0
-96.0
-48.0
-25.0
-164.0
30.0
-139.0
-130.0
17.0
-154.0
-31.0
-48.0
-153.0
-2.0
-156.0
-40.0
-46.0
-133.0
-39.0
-51.0
-86.0
-13.0
-58.0
-150.0
-50.0
-205.0
-129.0
-59.0
-118.0
-53.0
-125.0
-178.0
-9.0
-192.0
-58.0
6.0
-183.0
54.0
-102.0
-93.0
-11.0
-103.0
-88.0
-55.0
-196.0
-13.0
-133.0
-68.0
-34.0
-148.0
-72.0
-46.0
-108.0
-30.0
-31.0
-122.0
21.0
-106.0
2.0
19.0
-126.0
3.0
-112.0
-129.0
5.0
-157.0
-12.0
-20.0
-143.0
32.0
-106.0
-54.0
63.0
-75.0
48.0
64.0
-110.0
64.0
-102.0
-18.0
19.0
-64.0
26.0
-52.0
-53.0
31.0
-43.0
-103.0
66.0
-96.0
32.0
62.0
-46.0
53.0
-62.0
-67.0
40.0
-62.0
3.0
29.0
-61.0
111.0
-1.0
7.0
80.0
-71.0
49.0
6.0
-67.0
92.0
-59.0
-1.0
34.0
-67.0
37.0
44.0
-48.0
31.0
11.0
-8.0
104.0
-93.0
71.0
39.0
-83.0
68.0
-58.0
-17.0
89.0
-65.0
51.0
35.0
-89.0
98.0
-74.0
-40.0
18.0
-60.0
39.0
46.0
-79.0
30.0
-43.0
-87.0
105.0
-70.0
56.0
39.0
-58.0
98.0
-65.0
-67.0
28.0
-179.0
29.0
18.0
-88.0
22.0
-16.0
-40.0
109.0
-73.0
57.0
39.0
-118.0
69.0
-115.0
-8.0
10.0
-76.0
-5.0
52.0
-52.0
125.0
-12.0
-25.0
94.0
-73.0
30.0
25.0
-105.0
79.0
-45.0
-65.0
58.0
-105.0
87.0
88.0
-56.0
63.0
-47.0
-63.0
-17.0
-92.0
46.0
-13.0
-17.0
71.0
-16.0
-4.0
32.0
-31.0
16.0
-9.0
-138.0
20.0
-65.0
-48.0
15.0
-73.0
-21.0
12.0
-114.0
76.0
3.0
-105.0
109.0
-146.0
14.0
-16.0
-106.0
80.0
-75.0
-53.0
4.0
-128.0
8.0
3.0
-93.0
43.0
-45.0
-57.0
-16.0
-68.0
-48.0
52.0
-99.0
49.0
-69.0
-61.0
65.0
-129.0
29.0
10.0
-48.0
46.0
-35.0
30.0
73.0
-82.0
10.0
-32.0
-33.0
33.0
11.0
-37.0
105.0
-60.0
37.0
65.0
-64.0
134.0
-54.0
9.0
-2.0
-64.0
50.0
29.0
-13.0
46.0
-77.0
3.0
41.0
-24.0
25.0
23.0
-87.0
40.0
-56.0
-57.0
114.0
-122.0
79.0
-26.0
-43.0
49.0
-4.0
-58.0
21.0
-47.0
49.0
31.0
-90.0
97.0
-12.0
3.0
84.0
-42.0
-15.0
10.0
-67.0
107.0
-83.0
-42.0
51.0
-70.0
64.0
25.0
-73.0
23.0
-46.0
-90.0
53.0
-135.0
40.0
1.0
-59.0
77.0
-44.0
-19.0
79.0
-73.0
52.0
22.0
-48.0
73.0
-46.0
34.0
10.0
-33.0
46.0
12.0
-55.0
93.0
-96.0
-37.0
17.0
-71.0
4.0
12.0
-26.0
36.0
-13.0
-51.0
41.0
-137.0
-18.0
5.0
-55.0
50.0
13.0
-31.0
92.0
-78.0
32.0
44.0
-59.0
83.0
-89.0
1.0
15.0
-63.0
38.0
-35.0
-67.0
-10.0
-105.0
-17.0
-7.0
-82.0
-26.0
-3.0
-78.0
78.0
28.0
-70.0
119.0
-107.0
71.0
3.0
-45.0
91.0
-76.0
-1.0
58.0
-96.0
40.0
32.0
-49.0
84.0
-4.0
15.0
69.0
-1.0
34.0
97.0
-35.0
138.0
30.0
17.0
91.0
-19.0
77.0
43.0
30.0
60.0
10.0
22.0
117.0
-17.0
90.0
22.0
-26.0
125.0
22.0
1.0
149.0
-25.0
106.0
101.0
-32.0
145.0
-18.0
97.0
110.0
49.0
78.0
92.0
52.0
83.0
51.0
-7.0
149.0
4.0
103.0
143.0
-11.0
162.0
-21.0
66.0
178.0
-51.0
168.0
6.0
4.0
66.0
31.0
59.0
120.0
33.0
72.0
112.0
-56.0
100.0
-16.0
1.0
109.0
-36.0
31.0
38.0
-50.0
71.0
-1.0
11.0
105.0
-78.0
37.0
60.0
-20.0
99.0
7.0
-7.0
121.0
-78.0
21.0
22.0
-32.0
33.0
-19.0
-32.0
56.0
-111.0
41.0
-6.0
-102.0
87.0
-65.0
12.0
3.0
-111.0
-27.0
-23.0
-86.0
2.0
-104.0
-119.0
-8.0
-120.0
-48.0
-25.0
-91.0
23.0
-131.0
-108.0
26.0
-193.0
-42.0
-58.0
-99.0
-54.0
-106.0
-119.0
4.0
-128.0
-59.0
-32.0
-146.0
48.0
-81.0
-48.0
40.0
-85.0
-8.0
-2.0
-104.0
114.0
19.0
25.0
98.0
-96.0
5.0
1.0
13.0
166.0
24.0
25.0
93.0
-60.0
91.0
24.0
51.0
64.0
6.0
-58.0
112.0
-37.0
37.0
115.0
-64.0
128.0
-106.0
17.0
145.0
-74.0
71.0
4.0
-35.0
125.0
-29.0
81.0
62.0
-31.0
83.0
87.0
22.0
95.0
51.0
-25.0
108.0
-27.0
31.0
49.0
-54.0
104.0
-84.0
-21.0
79.0
-80.0
49.0
-6.0
-48.0
67.0
-43.0
-4.0
40.0
-67.0
29.0
33.0
-118.0
134.0
-74.0
-52.0
73.0
-71.0
44.0
-21.0
-73.0
38.0
-77.0
-119.0
-9.0
-121.0
11.0
-40.0
-109.0
-32.0
-94.0
-56.0
-14.0
-118.0
-11.0
-41.0
-72.0
48.0
3.0
3.0
-13.0
-39.0
-51.0
-2.0
-119.0
19.0
-69.0
-84.0
43.0
-82.0
-60.0
-45.0
-77.0
-41.0
-81.0
-120.0
68.0
-159.0
-31.0
-33.0
-174.0
33.0
-139.0
-77.0
17.0
-124.0
26.0
-58.0
-127.0
-5.0
-129.0
-73.0
-45.0
-120.0
-91.0
-84.0
-204.0
-26.0
-143.0
-102.0
-20.0
-187.0
-60.0
-51.0
-161.0
16.0
-103.0
-124.0
-65.0
-208.0
-54.0
-135.0
-128.0
-71.0
-97.0
-114.0
-7.0
-202.0
-83.0
-35.0
-196.0
18.0
-189.0
-63.0
-49.0
-121.0
-52.0
-93.0
-117.0
-18.0
-71.0
-97.0
1.0
-117.0
4.0
-1.0
-146.0
-6.0
-57.0
-134.0
11.0
-212.0
-9.0
-45.0
-144.0
-20.0
-87.0
-99.0
39.0
-138.0
-17.0
-53.0
-123.0
113.0
-111.0
-28.0
-36.0
-84.0
-17.0
-56.0
-119.0
15.0
-87.0
-58.0
32.0
-112.0
30.0
23.0
-83.0
70.0
-56.0
-24.0
57.0
-98.0
64.0
-47.0
-46.0
42.0
-56.0
-43.0
64.0
-61.0
69.0
10.0
-67.0
143.0
7.0
13.0
89.0
-33.0
32.0
64.0
-17.0
138.0
-22.0
30.0
94.0
-43.0
30.0
-76.0
-44.0
125.0
-2.0
86.0
78.0
-40.0
83.0
29.0
27.0
43.0
-21.0
-72.0
91.0
-86.0
7.0
41.0
-93.0
77.0
-145.0
-10.0
-36.0
-134.0
-53.0
-108.0
-107.0
-17.0
-87.0
-102.0
-3.0
-131.0
-13.0
-16.0
-144.0
28.0
-75.0
-40.0
44.0
-114.0
-3.0
-60.0
8.0
14.0
-81.0
-73.0
5.0
-115.0
-35.0
-41.0
-202.0
-4.0
-146.0
-115.0
-39.0
-173.0
-36.0
-50.0
-158.0
9.0
-85.0
-60.0
-2.0
-134.0
-25.0
-55.0
-130.0
12.0
-124.0
-97.0
5.0
-139.0
-41.0
-52.0
-42.0
-6.0
-36.0
-74.0
20.0
-108.0
-24.0
-16.0
-183.0
51.0
-84.0
-81.0
7.0
-128.0
-29.0
-49.0
-89.0
30.0
-134.0
-37.0
-1.0
-141.0
-33.0
-77.0
-128.0
-33.0
-123.0
-103.0
43.0
-144.0
-7.0
-45.0
-83.0
22.0
-1.0
-90.0
54.0
-120.0
-13.0
-18.0
-138.0
77.0
-125.0
-26.0
-24.0
-129.0
-19.0
-63.0
-99.0
-21.0
-127.0
-39.0
-50.0
-124.0
-53.0
-34.0
-120.0
55.0
-50.0
-95.0
22.0
-174.0
80.0
-59.0
-72.0
4.0
-103.0
-29.0
14.0
-128.0
-6.0
-11.0
-168.0
6.0
-81.0
-29.0
7.0
-12.0
46.0
24.0
-103.0
78.0
-48.0
-18.0
70.0
-58.0
20.0
-11.0
-32.0
53.0
-22.0
-39.0
37.0
-116.0
3.0
-7.0
-46.0
3.0
-35.0
8.0
43.0
-29.0
4.0
45.0
-77.0
87.0
-72.0
-72.0
62.0
-97.0
4.0
-33.0
-33.0
107.0
-5.0
-12.0
27.0
30.0
22.0
48.0
-9.0
88.0
-3.0
-53.0
129.0
-126.0
77.0
6.0
-16.0
118.0
-50.0
53.0
41.0
-89.0
52.0
-61.0
-57.0
41.0
-96.0
25.0
-20.0
-48.0
3.0
85.0
-72.0
110.0
-67.0
5.0
106.0
-77.0
78.0
24.0
-66.0
103.0
-62.0
24.0
111.0
-80.0
135.0
10.0
-4.0
126.0
-6.0
54.0
115.0
-54.0
99.0
84.0
7.0
149.0
10.0
48.0
102.0
5.0
61.0
55.0
-73.0
105.0
-25.0
26.0
102.0
-50.0
92.0
46.0
-10.0
137.0
-6.0
45.0
154.0
-7.0
134.0
70.0
55.0
168.0
84.0
14.0
176.0
-47.0
124.0
92.0
-80.0
178.0
-51.0
50.0
117.0
25.0
90.0
52.0
-31.0
82.0
38.0
81.0
118.0
7.0
40.0
64.0
-65.0
90.0
-35.0
-18.0
92.0
-177.0
98.0
-46.0
-43.0
73.0
-92.0
-7.0
18.0
-95.0
-10.0
-48.0
-87.0
34.0
-71.0
-39.0
47.0
-105.0
-37.0
-5.0
-159.0
62.0
-130.0
-31.0
-32.0
-99.0
13.0
-11.0
-35.0
14.0
-26.0
-65.0
57.0
-78.0
62.0
39.0
-116.0
-7.0
-11.0
-42.0
90.0
-122.0
33.0
54.0
-92.0
150.0
-96.0
86.0
22.0
-24.0
100.0
-25.0
24.0
58.0
-8.0
53.0
109.0
96.0
139.0
164.0
130.0
247.0
217.0
232.0
398.0
260.0
438.0
432.0
334.0
516.0
421.0
363.0
418.0
173.0
377.0
295.0
193.0
269.0
128.0
192.0
184.0
112.0
165.0
186.0
67.0
186.0
53.0
100.0
155.0
-13.0
74.0
-22.0
8.0
113.0
3.0
-29.0
63.0
-84.0
-11.0
17.0
-60.0
18.0
-14.0
-62.0
76.0
-84.0
11.0
-11.0
-106.0
68.0
-54.0
-8.0
55.0
-99.0
50.0
-27.0
-105.0
35.0
-109.0
-16.0
19.0
-68.0
-44.0
-34.0
-119.0
-31.0
-105.0
-94.0
38.0
-185.0
38.0
-81.0
-123.0
14.0
-126.0
-58.0
3.0
-150.0
-24.0
-65.0
-66.0
38.0
-116.0
8.0
1.0
-71.0
-29.0
-10.0
-89.0
42.0
-67.0
-73.0
48.0
-178.0
10.0
-75.0
-94.0
-6.0
-182.0
-73.0
-72.0
-153.0
-29.0
-83.0
-82.0
-40.0
-156.0
-159.0
4.0
-167.0
-60.0
-96.0
-165.0
5.0
-143.0
-92.0
-35.0
-148.0
-11.0
-9.0
-79.0
202.0
75.0
250.0
430.0
381.0
511.0
448.0
436.0
596.0
461.0
458.0
526.0
356.0
441.0
343.0
270.0
401.0
202.0
188.0
298.0
68.0
235.0
122.0
42.0
196.0
-43.0
32.0
-24.0
-88.0
-15.0
-27.0
-120.0
39.0
-94.0
-122.0
-69.0
-217.0
-77.0
-65.0
-173.0
-78.0
-230.0
-185.0
-89.0
-296.0
-118.0
-164.0
-176.0
-108.0
-153.0
-159.0
-56.0
-265.0
-106.0
-113.0
-289.0
-53.0
-294.0
-164.0
-125.0
-287.0
-115.0
-168.0
-214.0
-91.0
-234.0
-177.0
-129.0
-229.0
-163.0
-136.0
-267.0
-95.0
-237.0
-196.0
-121.0
-294.0
-131.0
-187.0
-191.0
-106.0
-218.0
-212.0
-98.0
-269.0
-71.0
-144.0
-205.0
-103.0
-203.0
-147.0
-107.0
-207.0
-163.0
-116.0
-169.0
-82.0
-211.0
-190.0
-99.0
-216.0
-156.0
-134.0
-266.0
-55.0
-286.0
-180.0
-118.0
-336.0
-59.0
-242.0
-163.0
-185.0
-247.0
-202.0
-100.0
-221.0
-161.0
-180.0
-263.0
-127.0
-275.0
-231.0
-117.0
-252.0
-183.0
-148.0
-259.0
-90.0
-217.0
-174.0
-91.0
-212.0
-97.0
-115.0
-225.0
-90.0
-247.0
-208.0
-64.0
-254.0
-65.0
-220.0
-193.0
-80.0
-195.0
-137.0
-88.0
-219.0
-131.0
-185.0
-224.0
-110.0
-202.0
-145.0
-127.0
-162.0
-131.0
-79.0
-213.0
-86.0
-225.0
-152.0
-148.0
-290.0
-150.0
-184.0
-191.0
-115.0
-234.0
-192.0
-116.0
-268.0
-88.0
-174.0
-188.0
-111.0
-165.0
-138.0
-74.0
-187.0
-73.0
-128.0
-174.0
-60.0
-239.0
-135.0
-89.0
-215.0
-90.0
-124.0
-186.0
-79.0
-164.0
-118.0
-70.0
-199.0
-99.0
-121.0
-205.0
-32.0
-187.0
-181.0
-53.0
-212.0
-25.0
-177.0
-116.0
-68.0
-158.0
-114.0
-45.0
-193.0
-56.0
-73.0
-226.0
13.0
-148.0
-26.0
-13.0
-140.0
35.0
-113.0
-127.0
35.0
-114.0
-39.0
-39.0
-79.0
-36.0
-30.0
-140.0
-28.0
-77.0
-116.0
-5.0
-134.0
13.0
-136.0
-82.0
-41.0
-130.0
-62.0
-48.0
-138.0
-25.0
-49.0
-105.0
2.0
-160.0
-62.0
4.0
-133.0
-27.0
-51.0
-93.0
42.0
-121.0
-32.0
-25.0
-162.0
-34.0
-86.0
-117.0
26.0
-98.0
-62.0
-2.0
-120.0
4.0
-45.0
-53.0
43.0
-50.0
-92.0
25.0
-181.0
16.0
-46.0
-112.0
76.0
-107.0
-20.0
-51.0
-107.0
-61.0
-22.0
-65.0
21.0
-73.0
-108.0
59.0
-92.0
28.0
42.0
-148.0
35.0
-111.0
-33.0
40.0
-181.0
66.0
-68.0
-90.0
-4.0
-39.0
35.0
91.0
-98.0
50.0
-3.0
-21.0
82.0
-87.0
39.0
-2.0
-37.0
43.0
-5.0
-101.0
5.0
-80.0
-17.0
60.0
-48.0
16.0
-24.0
-111.0
43.0
-89.0
-19.0
7.0
-151.0
100.0
-72.0
25.0
59.0
-55.0
30.0
15.0
-66.0
-10.0
-81.0
-99.0
3.0
-62.0
-32.0
24.0
-112.0
2.0
-30.0
-86.0
58.0
-60.0
-3.0
64.0
-59.0
69.0
6.0
-71.0
41.0
-61.0
-30.0
47.0
-144.0
6.0
-15.0
-33.0
16.0
3.0
-62.0
3.0
-138.0
-8.0
-45.0
-125.0
58.0
-138.0
-72.0
-58.0
-157.0
-44.0
-65.0
-146.0
-12.0
-133.0
-62.0
-33.0
-145.0
-12.0
-79.0
-71.0
2.0
-142.0
-89.0
-77.0
-224.0
-50.0
-91.0
-171.0
-84.0
-156.0
-121.0
16.0
-154.0
23.0
-159.0
-146.0
-23.0
-204.0
-59.0
-55.0
-158.0
-53.0
-83.0
-168.0
-6.0
-238.0
-74.0
-71.0
-203.0
-15.0
-138.0
-86.0
-53.0
-108.0
-45.0
-40.0
-106.0
-63.0
-1.0
-127.0
64.0
-58.0
-115.0
63.0
-252.0
31.0
-146.0
-108.0
33.0
-208.0
-17.0
-107.0
-102.0
-20.0
-96.0
-88.0
-58.0
-128.0
-25.0
40.0
-54.0
36.0
3.0
-71.0
67.0
-33.0
-22.0
105.0
-128.0
89.0
-13.0
-29.0
114.0
-120.0
-3.0
22.0
-93.0
92.0
-45.0
-26.0
51.0
-32.0
13.0
78.0
-45.0
64.0
32.0
-84.0
119.0
-58.0
4.0
90.0
-102.0
33.0
-17.0
-87.0
84.0
-70.0
6.0
46.0
-157.0
51.0
-102.0
-83.0
37.0
-77.0
-43.0
-23.0
-127.0
54.0
-2.0
-143.0
56.0
-68.0
-7.0
34.0
-131.0
-22.0
-43.0
-119.0
40.0
-134.0
-70.0
7.0
-172.0
32.0
-34.0
-82.0
40.0
-105.0
-62.0
-4.0
-106.0
37.0
-35.0
-94.0
80.0
-81.0
-48.0
34.0
-91.0
38.0
-63.0
-33.0
11.0
-78.0
-6.0
-34.0
-56.0
-111.0
-24.0
-131.0
71.0
-117.0
-45.0
15.0
-161.0
45.0
5.0
-49.0
73.0
-57.0
41.0
43.0
-134.0
73.0
-63.0
-17.0
66.0
-77.0
-22.0
11.0
-117.0
63.0
6.0
-51.0
90.0
-89.0
-10.0
16.0
-117.0
62.0
1.0
-23.0
129.0
-85.0
61.0
46.0
2.0
86.0
72.0
43.0
70.0
7.0
10.0
101.0
-96.0
67.0
27.0
20.0
81.0
-9.0
-10.0
111.0
-61.0
129.0
26.0
-31.0
120.0
-72.0
58.0
53.0
-4.0
106.0
21.0
-17.0
148.0
-48.0
64.0
58.0
-12.0
117.0
45.0
20.0
112.0
-5.0
88.0
121.0
-74.0
105.0
15.0
6.0
89.0
13.0
40.0
126.0
-11.0
138.0
40.0
39.0
107.0
-28.0
102.0
83.0
-12.0
63.0
41.0
-72.0
112.0
-52.0
2.0
102.0
-43.0
59.0
42.0
-51.0
143.0
-1.0
75.0
116.0
-73.0
109.0
-64.0
14.0
101.0
-43.0
50.0
62.0
-54.0
106.0
-3.0
-36.0
62.0
-64.0
44.0
-6.0
-93.0
42.0
-6.0
-82.0
105.0
-49.0
25.0
24.0
-56.0
106.0
27.0
9.0
68.0
-40.0
52.0
68.0
-87.0
75.0
-29.0
20.0
53.0
-23.0
3.0
21.0
-146.0
61.0
-7.0
-88.0
49.0
-112.0
-12.0
9.0
-103.0
46.0
-4.0
-81.0
64.0
-113.0
20.0
29.0
-120.0
76.0
-44.0
-53.0
147.0
-51.0
49.0
69.0
-46.0
90.0
13.0
-8.0
121.0
60.0
35.0
119.0
-58.0
123.0
40.0
-18.0
184.0
-77.0
50.0
78.0
-31.0
136.0
60.0
37.0
174.0
-35.0
124.0
96.0
33.0
142.0
42.0
36.0
167.0
60.0
38.0
111.0
-65.0
98.0
31.0
-25.0
114.0
-44.0
58.0
120.0
-41.0
164.0
-34.0
2.0
133.0
-2.0
126.0
92.0
-10.0
18.0
81.0
-97.0
127.0
-13.0
92.0
147.0
-46.0
110.0
6.0
-10.0
99.0
-53.0
92.0
136.0
18.0
134.0
25.0
42.0
110.0
32.0
95.0
110.0
-25.0
145.0
15.0
-17.0
101.0
18.0
56.0
89.0
0.0
55.0
41.0
-18.0
172.0
8.0
48.0
82.0
-50.0
68.0
-56.0
-14.0
77.0
-76.0
54.0
35.0
-50.0
62.0
29.0
30.0
135.0
24.0
88.0
125.0
-39.0
110.0
-22.0
-32.0
62.0
-87.0
25.0
-21.0
-59.0
58.0
0.0
-46.0
30.0
-16.0
57.0
53.0
-25.0
29.0
26.0
-50.0
49.0
-59.0
5.0
95.0
-110.0
61.0
-18.0
-69.0
97.0
-26.0
3.0
72.0
-119.0
101.0
-16.0
-17.0
95.0
-2.0
101.0
35.0
11.0
70.0
26.0
-39.0
108.0
-77.0
37.0
56.0
-95.0
120.0
-10.0
-37.0
84.0
-90.0
15.0
48.0
-101.0
138.0
-42.0
38.0
103.0
-90.0
69.0
11.0
-29.0
79.0
-76.0
6.0
85.0
10.0
54.0
69.0
-49.0
26.0
43.0
-33.0
122.0
-86.0
89.0
44.0
-9.0
113.0
69.0
49.0
106.0
-55.0
72.0
133.0
24.0
106.0
62.0
-29.0
121.0
-33.0
8.0
124.0
-143.0
128.0
5.0
-12.0
133.0
-49.0
139.0
75.0
4.0
105.0
-4.0
-82.0
128.0
-65.0
38.0
106.0
-48.0
96.0
13.0
40.0
177.0
-11.0
74.0
65.0
-41.0
157.0
-36.0
42.0
65.0
-9.0
26.0
49.0
-41.0
95.0
2.0
-74.0
138.0
-74.0
83.0
107.0
-68.0
118.0
-27.0
34.0
102.0
12.0
108.0
87.0
71.0
72.0
97.0
1.0
113.0
1.0
4.0
97.0
-130.0
92.0
-42.0
4.0
55.0
-82.0
14.0
29.0
-36.0
60.0
-4.0
-10.0
49.0
-50.0
4.0
-6.0
-12.0
58.0
4.0
-7.0
63.0
-52.0
68.0
18.0
-56.0
73.0
10.0
-43.0
77.0
-89.0
-28.0
75.0
-109.0
81.0
-53.0
20.0
76.0
-36.0
2.0
54.0
-110.0
47.0
-59.0
-45.0
49.0
-35.0
0.0
33.0
-96.0
53.0
6.0
-78.0
141.0
-82.0
67.0
76.0
-21.0
113.0
2.0
14.0
121.0
-27.0
114.0
23.0
-61.0
135.0
-56.0
1.0
21.0
-44.0
22.0
33.0
-53.0
17.0
-77.0
-112.0
32.0
-88.0
-16.0
7.0
-143.0
65.0
-35.0
-39.0
132.0
-80.0
21.0
-31.0
-131.0
-71.0
-94.0
-174.0
-82.0
-202.0
-110.0
36.0
-185.0
5.0
-70.0
-153.0
67.0
-147.0
-43.0
-33.0
-212.0
-49.0
-160.0
-120.0
-22.0
-128.0
-50.0
-29.0
-147.0
-24.0
-103.0
-91.0
54.0
-142.0
-1.0
-64.0
-131.0
23.0
-101.0
-86.0
41.0
-123.0
-41.0
15.0
-83.0
96.0
-59.0
-56.0
79.0
-80.0
-15.0
30.0
-128.0
46.0
-67.0
-18.0
97.0
-103.0
16.0
9.0
18.0
89.0
-20.0
-60.0
84.0
-77.0
30.0
41.0
-105.0
10.0
-55.0
-100.0
98.0
-109.0
-34.0
-3.0
-130.0
121.0
-116.0
17.0
43.0
-88.0
11.0
-8.0
-65.0
43.0
-52.0
-41.0
4.0
-41.0
42.0
10.0
-37.0
33.0
-16.0
-58.0
93.0
-48.0
42.0
37.0
-91.0
166.0
-6.0
-29.0
116.0
-83.0
147.0
12.0
-3.0
51.0
-58.0
-31.0
7.0
46.0
-45.0
111.0
-110.0
66.0
44.0
-27.0
191.0
-59.0
156.0
137.0
37.0
220.0
164.0
132.0
269.0
129.0
227.0
238.0
204.0
235.0
221.0
154.0
243.0
89.0
190.0
215.0
103.0
290.0
157.0
178.0
268.0
167.0
186.0
241.0
109.0
257.0
198.0
227.0
351.0
201.0
315.0
293.0
188.0
411.0
258.0
334.0
559.0
273.0
354.0
388.0
150.0
308.0
222.0
88.0
212.0
77.0
207.0
162.0
66.0
250.0
122.0
30.0
96.0
-86.0
77.0
-59.0
38.0
-6.0
-84.0
-103.0
-35.0
-122.0
-158.0
-15.0
-250.0
37.0
-227.0
-203.0
-16.0
-297.0
45.0
-228.0
-87.0
-130.0
-222.0
-136.0
-112.0
-138.0
-169.0
101.0
-296.0
45.0
-139.0
-223.0
149.0
-212.0
-10.0
-24.0
-163.0
-125.0
-6.0
-156.0
-76.0
-77.0
-88.0
-12.0
-110.0
40.0
-69.0
-120.0
101.0
-184.0
-8.0
-32.0
-115.0
42.0
-62.0
-83.0
53.0
-102.0
3.0
37.0
-116.0
87.0
-36.0
-8.0
74.0
-24.0
-17.0
122.0
-71.0
121.0
-25.0
17.0
127.0
-56.0
181.0
20.0
51.0
163.0
52.0
48.0
155.0
27.0
117.0
100.0
78.0
206.0
129.0
67.0
277.0
72.0
161.0
206.0
-12.0
231.0
40.0
180.0
209.0
105.0
212.0
210.0
76.0
196.0
86.0
101.0
201.0
42.0
216.0
131.0
101.0
135.0
82.0
118.0
231.0
130.0
171.0
161.0
93.0
152.0
117.0
27.0
193.0
24.0
55.0
133.0
-52.0
237.0
14.0
78.0
145.0
-37.0
141.0
109.0
6.0
174.0
-3.0
52.0
148.0
11.0
95.0
52.0
-32.0
60.0
37.0
-24.0
132.0
-25.0
103.0
99.0
-22.0
149.0
18.0
55.0
164.0
-35.0
63.0
80.0
36.0
171.0
79.0
112.0
107.0
95.0
100.0
113.0
-11.0
139.0
48.0
34.0
153.0
-26.0
63.0
77.0
-73.0
128.0
0.0
41.0
115.0
-54.0
105.0
51.0
13.0
28.0
16.0
-66.0
105.0
-102.0
42.0
141.0
-98.0
149.0
-41.0
-9.0
51.0
-49.0
-1.0
2.0
-74.0
5.0
-136.0
-67.0
40.0
-130.0
-5.0
15.0
-136.0
28.0
-69.0
-108.0
10.0
-98.0
40.0
-21.0
-52.0
-3.0
-24.0
-90.0
12.0
-73.0
-28.0
0.0
-127.0
30.0
-51.0
-99.0
-15.0
-110.0
-73.0
-53.0
-128.0
40.0
-25.0
-24.0
53.0
-84.0
-72.0
52.0
-107.0
-20.0
-62.0
-95.0
44.0
-131.0
17.0
-32.0
-48.0
17.0
-4.0
-69.0
38.0
-79.0
-8.0
58.0
-127.0
130.0
-122.0
-21.0
22.0
-125.0
62.0
-18.0
-41.0
74.0
-63.0
-76.0
44.0
-107.0
19.0
-21.0
-147.0
10.0
-106.0
-90.0
23.0
-152.0
27.0
-60.0
-91.0
10.0
-53.0
-105.0
-15.0
-83.0
-10.0
42.0
-166.0
28.0
-183.0
-166.0
-54.0
-187.0
-52.0
-69.0
-153.0
5.0
-174.0
-95.0
-114.0
-133.0
-103.0
-50.0
-163.0
-90.0
-23.0
-206.0
54.0
-228.0
-75.0
-32.0
-216.0
27.0
-221.0
-98.0
-96.0
-228.0
-18.0
-181.0
-140.0
-137.0
-144.0
-94.0
-86.0
-139.0
-83.0
-27.0
-172.0
24.0
-156.0
-110.0
-42.0
-190.0
-79.0
-90.0
-44.0
110.0
-109.0
24.0
64.0
-125.0
42.0
-33.0
-9.0
65.0
29.0
-54.0
79.0
-139.0
1.0
8.0
-118.0
66.0
-92.0
1.0
70.0
-5.0
22.0
99.0
-115.0
159.0
-11.0
4.0
150.0
-129.0
87.0
1.0
-99.0
77.0
-75.0
45.0
-50.0
-23.0
17.0
-67.0
-53.0
-43.0
72.0
-153.0
93.0
-229.0
-54.0
9.0
-243.0
40.0
-262.0
-68.0
-88.0
-180.0
-37.0
-135.0
-115.0
-40.0
-136.0
-160.0
-82.0
-201.0
-95.0
-66.0
-124.0
-41.0
-115.0
-160.0
-37.0
-218.0
-89.0
-151.0
-208.0
-85.0
-192.0
-88.0
-83.0
-163.0
-118.0
-106.0
-132.0
-83.0
-91.0
-150.0
-8.0
-124.0
-102.0
-31.0
-211.0
37.0
-140.0
-111.0
17.0
-165.0
-4.0
-144.0
-86.0
75.0
-102.0
-74.0
-5.0
-127.0
-72.0
-101.0
-90.0
-85.0
-51.0
-146.0
54.0
-130.0
-53.0
-21.0
-173.0
-16.0
-91.0
-159.0
-59.0
-129.0
-108.0
-126.0
-311.0
-67.0
-251.0
-128.0
-116.0
-253.0
-59.0
-186.0
-206.0
-149.0
-249.0
-160.0
-73.0
-233.0
-93.0
-106.0
-221.0
-84.0
-184.0
-221.0
-134.0
-273.0
-119.0
-93.0
-207.0
-52.0
-196.0
-146.0
-52.0
-209.0
-71.0
-84.0
-193.0
-33.0
-188.0
-108.0
-80.0
-133.0
-91.0
-35.0
-120.0
1.0
-49.0
-67.0
86.0
-84.0
109.0
77.0
-96.0
144.0
-2.0
-2.0
111.0
-50.0
37.0
37.0
-7.0
107.0
55.0
63.0
140.0
118.0
105.0
266.0
91.0
414.0
194.0
216.0
327.0
78.0
318.0
151.0
196.0
247.0
102.0
158.0
216.0
152.0
238.0
156.0
137.0
173.0
116.0
106.0
223.0
45.0
199.0
163.0
121.0
423.0
258.0
337.0
425.0
407.0
543.0
508.0
405.0
544.0
451.0
456.0
511.0
422.0
420.0
496.0
355.0
479.0
410.0
313.0
474.0
87.0
309.0
243.0
84.0
357.0
-5.0
209.0
78.0
-24.0
153.0
-61.0
128.0
-39.0
-18.0
-13.0
-112.0
-88.0
-225.0
-68.0
-338.0
-76.0
-252.0
-370.0
23.0
-361.0
12.0
-171.0
-257.0
3.0
-287.0
-192.0
-242.0
-336.0
-214.0
-323.0
-303.0
-261.0
-333.0
-395.0
-261.0
-418.0
-330.0
-298.0
-423.0
-242.0
-407.0
-323.0
-310.0
-350.0
-328.0
-279.0
-357.0
-253.0
-282.0
-395.0
-208.0
-385.0
-294.0
-288.0
-341.0
-194.0
-348.0
-271.0
-203.0
-347.0
-197.0
-349.0
-294.0
-260.0
-296.0
-371.0
-285.0
-322.0
-252.0
-208.0
-384.0
-231.0
-319.0
-285.0
-158.0
-328.0
-145.0
-195.0
-334.0
-131.0
-299.0
-216.0
-150.0
-303.0
-170.0
-249.0
-290.0
-221.0
-306.0
-204.0
-92.0
-267.0
-144.0
-179.0
-285.0
-126.0
-211.0
-216.0
-103.0
-263.0
-162.0
-154.0
-292.0
-83.0
-175.0
-226.0
-66.0
-243.0
-99.0
-124.0
-265.0
-73.0
-266.0
-48.0
-119.0
-139.0
-94.0
-156.0
-85.0
-93.0
-20.0
-133.0
-42.0
-97.0
-152.0
6.0
-191.0
23.0
-75.0
-123.0
101.0
-199.0
68.0
-68.0
-116.0
130.0
-36.0
53.0
76.0
-4.0
108.0
33.0
-23.0
106.0
108.0
95.0
142.0
10.0
232.0
33.0
84.0
113.0
78.0
48.0
96.0
45.0
82.0
194.0
15.0
87.0
86.0
-1.0
180.0
-80.0
128.0
76.0
-67.0
224.0
-59.0
65.0
65.0
-8.0
81.0
12.0
-26.0
33.0
-19.0
-22.0
82.0
-44.0
-1.0
106.0
-82.0
129.0
-2.0
-23.0
212.0
-25.0
187.0
103.0
13.0
218.0
33.0
133.0
93.0
34.0
160.0
77.0
33.0
210.0
164.0
150.0
270.0
136.0
292.0
213.0
196.0
331.0
234.0
330.0
399.0
306.0
305.0
389.0
195.0
488.0
274.0
337.0
395.0
181.0
341.0
128.0
160.0
76.0
134.0
-48.0
162.0
4.0
-77.0
247.0
-203.0
181.0
-144.0
-138.0
9.0
-218.0
-50.0
-179.0
-243.0
-75.0
-320.0
-64.0
-252.0
-148.0
-160.0
-122.0
-136.0
-153.0
-36.0
-270.0
-21.0
-230.0
-56.0
-67.0
-250.0
-67.0
-234.0
-121.0
-126.0
-210.0
45.0
-195.0
-43.0
-148.0
-100.0
-96.0
-112.0
-7.0
-191.0
-13.0
-142.0
-2.0
-96.0
-136.0
13.0
-74.0
-176.0
102.0
-239.0
29.0
-27.0
-173.0
16.0
-209.0
55.0
-2.0
-158.0
213.0
-183.0
210.0
11.0
-51.0
202.0
-174.0
183.0
-11.0
163.0
-31.0
34.0
89.0
28.0
204.0
-133.0
220.0
13.0
29.0
211.0
-12.0
165.0
108.0
8.0
200.0
5.0
136.0
167.0
45.0
192.0
108.0
106.0
154.0
146.0
103.0
257.0
129.0
186.0
271.0
80.0
253.0
156.0
190.0
227.0
73.0
221.0
252.0
94.0
275.0
97.0
180.0
247.0
146.0
254.0
189.0
167.0
260.0
209.0
188.0
252.0
104.0
251.0
166.0
218.0
212.0
153.0
172.0
239.0
159.0
195.0
219.0
79.0
224.0
151.0
167.0
214.0
110.0
118.0
195.0
-7.0
185.0
-29.0
25.0
97.0
-48.0
81.0
18.0
-30.0
93.0
-42.0
-13.0
85.0
-98.0
34.0
8.0
-93.0
49.0
-63.0
-12.0
124.0
-126.0
37.0
-17.0
-91.0
102.0
-100.0
47.0
29.0
-12.0
60.0
-2.0
-34.0
66.0
-11.0
14.0
21.0
-50.0
36.0
72.0
-48.0
88.0
11.0
4.0
125.0
-60.0
84.0
15.0
-24.0
70.0
-27.0
-10.0
83.0
-73.0
52.0
188.0
8.0
217.0
76.0
75.0
182.0
-8.0
153.0
128.0
42.0
162.0
31.0
69.0
114.0
-18.0
111.0
111.0
1.0
153.0
27.0
27.0
144.0
-26.0
218.0
118.0
72.0
146.0
58.0
24.0
170.0
-2.0
118.0
105.0
-21.0
131.0
-35.0
50.0
90.0
-60.0
4.0
56.0
-33.0
132.0
24.0
67.0
118.0
-14.0
83.0
67.0
-51.0
77.0
-25.0
-41.0
126.0
-84.0
84.0
21.0
-13.0
109.0
-26.0
20.0
115.0
-72.0
25.0
18.0
-58.0
89.0
-37.0
22.0
99.0
-73.0
45.0
25.0
-117.0
117.0
-50.0
44.0
18.0
-101.0
33.0
-54.0
-59.0
21.0
-13.0
-73.0
56.0
-115.0
-1.0
-38.0
-143.0
46.0
-91.0
-40.0
1.0
-125.0
59.0
-53.0
-82.0
18.0
-54.0
-32.0
27.0
-66.0
-54.0
34.0
-173.0
69.0
-114.0
-68.0
5.0
-166.0
47.0
-71.0
-74.0
36.0
-68.0
-8.0
15.0
-121.0
-22.0
-60.0
-117.0
-16.0
-52.0
-62.0
-1.0
-161.0
4.0
-8.0
-140.0
18.0
-119.0
-44.0
-29.0
-130.0
-86.0
-82.0
-162.0
3.0
-108.0
-113.0
-36.0
-131.0
-18.0
-97.0
-158.0
-66.0
-143.0
-93.0
-49.0
-121.0
-82.0
-79.0
-169.0
-90.0
-146.0
-128.0
-22.0
-190.0
-61.0
-105.0
-173.0
-33.0
-120.0
-166.0
-98.0
-182.0
-116.0
-105.0
-242.0
-78.0
-207.0
-146.0
-77.0
-163.0
-77.0
-178.0
-274.0
-130.0
-220.0
-214.0
-96.0
-290.0
-153.0
-121.0
-260.0
-78.0
-222.0
-220.0
-119.0
-315.0
-155.0
-234.0
-235.0
-127.0
-298.0
-163.0
-205.0
-184.0
-183.0
-112.0
-253.0
-100.0
-201.0
-229.0
-71.0
-241.0
-67.0
-152.0
-144.0
-7.0
-184.0
-90.0
-116.0
-190.0
-78.0
-129.0
-154.0
-101.0
-122.0
-209.0
27.0
-247.0
-48.0
-122.0
-214.0
8.0
-198.0
-67.0
-110.0
-187.0
-101.0
-153.0
-187.0
-77.0
-129.0
-171.0
-101.0
-201.0
-133.0
-120.0
-201.0
-30.0
-199.0
-169.0
-62.0
-233.0
-38.0
-134.0
-149.0
-52.0
-130.0
-120.0
-50.0
-202.0
-10.0
-117.0
-150.0
-14.0
-176.0
-83.0
-79.0
-118.0
-59.0
-34.0
-187.0
-5.0
-149.0
-119.0
2.0
-223.0
-27.0
-92.0
-139.0
63.0
-194.0
-22.0
-59.0
-102.0
9.0
-67.0
29.0
35.0
-38.0
-76.0
14.0
-99.0
-5.0
21.0
-169.0
91.0
-186.0
-68.0
-25.0
-148.0
-28.0
-83.0
-141.0
-18.0
-133.0
-39.0
-23.0
-133.0
-24.0
-32.0
-116.0
-5.0
-105.0
-105.0
-16.0
-181.0
-5.0
-71.0
-86.0
-8.0
-61.0
-112.0
3.0
-164.0
-69.0
-3.0
-139.0
60.0
-115.0
-39.0
0.0
-148.0
4.0
-23.0
-72.0
29.0
-59.0
-46.0
43.0
-128.0
-22.0
3.0
-161.0
43.0
-135.0
-67.0
18.0
-159.0
39.0
-55.0
-31.0
27.0
-7.0
-100.0
13.0
-155.0
-39.0
-34.0
-172.0
23.0
-101.0
-17.0
7.0
-91.0
-25.0
-34.0
-151.0
-13.0
-121.0
-78.0
-37.0
-184.0
-37.0
-112.0
-128.0
-8.0
-89.0
-60.0
-49.0
-126.0
-21.0
-116.0
-83.0
4.0
-78.0
-100.0
55.0
-119.0
-15.0
-18.0
-175.0
82.0
-163.0
-70.0
-40.0
-157.0
-4.0
-125.0
-137.0
-60.0
-118.0
-91.0
-91.0
-135.0
-119.0
-55.0
-203.0
-22.0
-176.0
-183.0
29.0
-285.0
-16.0
-145.0
-137.0
-15.0
-199.0
-78.0
-100.0
-174.0
-91.0
-125.0
-149.0
-78.0
-168.0
-177.0
-47.0
-252.0
-54.0
-103.0
-222.0
-42.0
-222.0
-87.0
-94.0
-205.0
-115.0
-125.0
-171.0
-30.0
-154.0
-150.0
-12.0
-251.0
-10.0
-98.0
-190.0
-57.0
-167.0
-98.0
-24.0
-209.0
-41.0
-133.0
-205.0
-20.0
-163.0
-79.0
-43.0
-143.0
-92.0
-105.0
-187.0
-38.0
-177.0
-118.0
-42.0
-154.0
-42.0
-117.0
-202.0
-32.0
-133.0
-102.0
-6.0
-186.0
-50.0
-121.0
-140.0
-3.0
-139.0
-21.0
35.0
-125.0
-23.0
-52.0
-88.0
60.0
-69.0
1.0
62.0
-72.0
34.0
32.0
-30.0
74.0
-24.0
18.0
77.0
-47.0
56.0
48.0
-25.0
138.0
7.0
9.0
116.0
-26.0
145.0
60.0
13.0
96.0
4.0
34.0
130.0
6.0
108.0
77.0
-59.0
127.0
-68.0
25.0
85.0
-55.0
72.0
-5.0
-56.0
106.0
-68.0
33.0
54.0
-43.0
26.0
22.0
-16.0
90.0
-12.0
-2.0
114.0
-98.0
60.0
-43.0
-71.0
73.0
-63.0
-44.0
7.0
-77.0
10.0
-29.0
-63.0
13.0
-86.0
-60.0
10.0
-89.0
-1.0
-67.0
-151.0
-13.0
-174.0
-22.0
3.0
-110.0
12.0
-67.0
-17.0
4.0
-61.0
-18.0
40.0
-112.0
-1.0
-53.0
-99.0
63.0
-27.0
-68.0
60.0
-118.0
58.0
-86.0
-114.0
96.0
-112.0
15.0
-43.0
-80.0
-15.0
-50.0
-101.0
21.0
-76.0
-42.0
12.0
-159.0
-17.0
-33.0
-114.0
-1.0
-124.0
-106.0
-46.0
-173.0
27.0
-136.0
-81.0
-44.0
-111.0
-149.0
-31.0
-112.0
-17.0
-63.0
-181.0
4.0
-162.0
-65.0
-10.0
-131.0
27.0
-66.0
-70.0
46.0
-110.0
-49.0
-65.0
-128.0
-42.0
-103.0
-143.0
3.0
-121.0
-70.0
-18.0
-128.0
-14.0
-83.0
-78.0
-32.0
-96.0
-80.0
4.0
-157.0
4.0
-80.0
-119.0
-9.0
-129.0
-58.0
-53.0
-103.0
-23.0
-72.0
-140.0
-1.0
-64.0
-60.0
-22.0
-143.0
-2.0
-47.0
-124.0
12.0
-106.0
-39.0
63.0
-107.0
74.0
-39.0
-60.0
42.0
-84.0
-59.0
6.0
-183.0
-1.0
-86.0
-129.0
-8.0
-98.0
-24.0
-17.0
-105.0
-37.0
-93.0
-168.0
-4.0
-130.0
-84.0
-6.0
-186.0
-31.0
-88.0
-145.0
-20.0
-161.0
-72.0
-49.0
-177.0
-24.0
-145.0
-135.0
-60.0
-108.0
-103.0
-64.0
-173.0
-123.0
-128.0
-201.0
-32.0
-156.0
-77.0
-40.0
-125.0
-36.0
-80.0
-206.0
10.0
-132.0
-32.0
4.0
-134.0
13.0
-45.0
-74.0
41.0
-122.0
-30.0
13.0
-120.0
72.0
-68.0
-56.0
58.0
-43.0
17.0
97.0
-91.0
65.0
7.0
-80.0
93.0
-81.0
-4.0
11.0
-106.0
-35.0
-19.0
-82.0
60.0
-68.0
3.0
23.0
-145.0
-14.0
-92.0
-148.0
54.0
-110.0
-63.0
-17.0
-115.0
16.0
-2.0
-6.0
102.0
32.0
-21.0
95.0
-64.0
125.0
52.0
-23.0
70.0
-69.0
56.0
37.0
-80.0
11.0
-26.0
-86.0
64.0
-99.0
64.0
26.0
-53.0
-7.0
46.0
-42.0
61.0
-11.0
-23.0
95.0
-143.0
58.0
-52.0
-33.0
125.0
-40.0
54.0
60.0
-46.0
33.0
-30.0
-29.0
80.0
-47.0
35.0
47.0
-62.0
2.0
31.0
-46.0
79.0
-116.0
37.0
0.0
-61.0
68.0
-25.0
-32.0
95.0
-26.0
54.0
61.0
-90.0
87.0
-34.0
-67.0
77.0
-41.0
-10.0
46.0
-114.0
37.0
-23.0
-81.0
27.0
-73.0
1.0
31.0
-72.0
37.0
15.0
-79.0
75.0
-85.0
66.0
21.0
-109.0
25.0
-20.0
-37.0
60.0
14.0
10.0
65.0
-80.0
39.0
21.0
-33.0
96.0
14.0
-15.0
136.0
-76.0
121.0
8.0
-31.0
126.0
-62.0
102.0
65.0
-37.0
89.0
-12.0
-23.0
130.0
-19.0
95.0
78.0
-42.0
77.0
24.0
-1.0
122.0
-61.0
63.0
91.0
-56.0
96.0
-39.0
19.0
19.0
-72.0
-41.0
28.0
-93.0
14.0
-30.0
-52.0
45.0
-32.0
34.0
65.0
-53.0
58.0
-50.0
-82.0
70.0
-58.0
44.0
48.0
-7.0
50.0
12.0
-34.0
106.0
-17.0
20.0
102.0
-27.0
164.0
15.0
62.0
89.0
87.0
67.0
135.0
51.0
103.0
119.0
23.0
207.0
59.0
86.0
161.0
15.0
149.0
92.0
-23.0
187.0
-21.0
143.0
111.0
16.0
101.0
85.0
6.0
181.0
68.0
97.0
181.0
-54.0
165.0
57.0
36.0
95.0
35.0
86.0
124.0
-11.0
102.0
79.0
-12.0
162.0
-36.0
111.0
88.0
-21.0
102.0
-2.0
-7.0
105.0
-45.0
41.0
49.0
12.0
78.0
81.0
4.0
154.0
-22.0
90.0
118.0
-84.0
145.0
-26.0
36.0
73.0
-16.0
21.0
71.0
-52.0
84.0
82.0
-63.0
111.0
-23.0
41.0
140.0
-78.0
132.0
30.0
-22.0
137.0
-76.0
33.0
-5.0
6.0
69.0
44.0
-29.0
64.0
14.0
-3.0
112.0
-87.0
76.0
15.0
-56.0
149.0
-43.0
5.0
116.0
-41.0
147.0
-7.0
13.0
86.0
-5.0
78.0
74.0
-8.0
46.0
58.0
-4.0
166.0
1.0
122.0
100.0
-44.0
140.0
21.0
-32.0
133.0
27.0
39.0
53.0
-74.0
153.0
-10.0
33.0
123.0
-52.0
43.0
84.0
-53.0
130.0
4.0
-37.0
73.0
-44.0
9.0
40.0
-22.0
45.0
48.0
-77.0
102.0
-58.0
-2.0
18.0
-33.0
30.0
-25.0
-67.0
0.0
0.0
0.0
0.0
0.0
0.0
0.0
0.0
0.0
0.0
0.0
0.0
0.0
0.0
0.0
0.0
0.0
0.0
0.0
0.0
0.0
0.0
0.0
0.0
0.0
0.0
0.0
0.0
0.0
0.0
0.0
0.0
0.0
0.0
0.0
0.0
0.0
0.0
0.0
0.0
0.0
0.0
0.0
0.0
0.0
0.0
0.0
0.0
0.0
0.0
0.0
0.0
0.0
0.0
0.0
0.0
0.0
0.0
0.0
0.0
0.0
0.0
0.0
0.0
0.0
0.0
0.0
0.0
0.0
0.0
0.0
0.0
0.0
0.0
0.0
0.0
0.0
0.0
0.0
0.0
0.0
0.0
0.0
0.0
0.0
0.0
0.0
0.0
0.0
0.0
0.0
0.0
0.0
0.0
0.0
0.0
0.0
0.0
0.0
0.0
0.0
0.0
0.0
0.0
0.0
0.0
0.0
0.0
0.0
0.0
0.0
0.0
0.0
0.0
0.0
0.0
0.0
0.0
0.0
0.0
0.0
0.0
0.0
0.0
0.0
0.0
0.0
0.0
