-61.0
-101.0
-95.0
-106.0
-147.0
-96.0
-137.0
-107.0
-85.0
-93.0
-153.0
-101.0
-135.0
-136.0
-119.0
-106.0
-135.0
-135.0
-141.0
-144.0
-132.0
-149.0
-183.0
-136.0
-159.0
-177.0
-148.0
-157.0
-153.0
-140.0
-133.0
-129.0
-146.0
-126.0
-149.0
-129.0
-116.0
-133.0
-128.0
-132.0
-125.0
-118.0
-100.0
-112.0
-49.0
-81.0
-59.0
-91.0
-63.0
-67.0
-102.0
-95.0
-92.0
-104.0
-74.0
-82.0
-81.0
-76.0
-93.0
-133.0
-71.0
-83.0
-68.0
-79.0
-96.0
-116.0
-116.0
-136.0
-135.0
-140.0
-149.0
-156.0
-137.0
-174.0
-170.0
-176.0
-162.0
-113.0
-151.0
-142.0
-152.0
-130.0
-143.0
-155.0
-139.0
-150.0
-157.0
-112.0
-148.0
-91.0
-143.0
-97.0
-95.0
-72.0
-101.0
-94.0
-85.0
-64.0
-72.0
-7.0
-43.0
-49.0
-63.0
-66.0
-76.0
-77.0
-95.0
-48.0
-65.0
-85.0
-83.0
-95.0
-78.0
-95.0
-103.0
-74.0
-116.0
-111.0
-123.0
-147.0
-175.0
-162.0
-208.0
-144.0
-182.0
-161.0
-163.0
-187.0
-178.0
-144.0
-159.0
-149.0
-143.0
-186.0
-174.0
-173.0
-150.0
-127.0
-184.0
-123.0
-125.0
-127.0
-105.0
-125.0
-113.0
-88.0
-83.0
-61.0
-65.0
-103.0
-52.0
-65.0
-95.0
-51.0
-64.0
-96.0
-65.0
-71.0
-69.0
-77.0
-64.0
-52.0
-93.0
-84.0
-114.0
-99.0
-98.0
-117.0
-107.0
-120.0
-177.0
-84.0
-93.0
-89.0
-107.0
-134.0
-127.0
-134.0
-115.0
-110.0
-124.0
-111.0
-114.0
-117.0
-134.0
-112.0
-143.0
-114.0
-107.0
-108.0
-134.0
-166.0
-102.0
-143.0
-129.0
-159.0
-128.0
-101.0
-116.0
-156.0
-133.0
-134.0
-140.0
-116.0
-133.0
-148.0
-79.0
-101.0
-119.0
-147.0
-159.0
-177.0
-148.0
-149.0
-136.0
-145.0
-149.0
-166.0
-161.0
-155.0
-155.0
-140.0
-131.0
-167.0
-109.0
-133.0
-110.0
-117.0
-139.0
-150.0
-129.0
-145.0
-148.0
-116.0
-122.0
-101.0
-122.0
-107.0
-82.0
-98.0
-79.0
-60.0
-60.0
-74.0
-50.0
-109.0
-22.0
-68.0
-48.0
-79.0
-83.0
-78.0
-45.0
-35.0
-44.0
-41.0
-67.0
-77.0
-61.0
-101.0
-26.0
-70.0
-71.0
-59.0
-120.0
-96.0
-111.0
-112.0
-127.0
-133.0
-148.0
-167.0
-181.0
-136.0
-131.0
-146.0
-146.0
-152.0
-192.0
-124.0
-148.0
-107.0
-107.0
-128.0
-131.0
-129.0
-141.0
-180.0
-140.0
-143.0
-167.0
-142.0
-162.0
-134.0
-178.0
-149.0
-151.0
-153.0
-115.0
-127.0
-160.0
-122.0
-110.0
-111.0
-134.0
-138.0
-129.0
-130.0
-131.0
-118.0
-145.0
-155.0
-108.0
-133.0
-144.0
-137.0
-152.0
-158.0
-133.0
-147.0
-155.0
-167.0
-159.0
-146.0
-150.0
-146.0
-156.0
-127.0
-130.0
-133.0
-132.0
-126.0
-120.0
-132.0
-111.0
-143.0
-143.0
-110.0
-155.0
-157.0
-112.0
-117.0
-102.0
-136.0
-120.0
-131.0
-145.0
-125.0
-117.0
-121.0
-107.0
-124.0
-121.0
-107.0
-144.0
-89.0
-96.0
-104.0
-98.0
-112.0
-113.0
-91.0
-113.0
-41.0
-102.0
-93.0
-105.0
-58.0
-117.0
-60.0
-90.0
-77.0
-88.0
-87.0
-91.0
-96.0
-98.0
-101.0
-90.0
-91.0
-101.0
-96.0
-74.0
-89.0
-80.0
-120.0
-97.0
-89.0
-133.0
-68.0
-74.0
-84.0
-88.0
-98.0
-96.0
-88.0
-99.0
-99.0
-103.0
-79.0
-73.0
-98.0
-86.0
-88.0
-96.0
-85.0
-92.0
-79.0
-77.0
-59.0
-88.0
-59.0
-80.0
-106.0
-35.0
-70.0
-51.0
-74.0
-75.0
-102.0
-97.0
-94.0
-96.0
-139.0
-121.0
-100.0
-148.0
-80.0
-104.0
-112.0
-118.0
-146.0
-90.0
-115.0
-105.0
-112.0
-108.0
-93.0
-105.0
-115.0
-119.0
-103.0
-137.0
-69.0
-97.0
-105.0
-104.0
-92.0
-92.0
-83.0
-96.0
-91.0
-109.0
-90.0
-78.0
-101.0
-78.0
-75.0
-72.0
-70.0
-81.0
-26.0
-40.0
-66.0
-50.0
-53.0
-61.0
-52.0
-67.0
-67.0
-77.0
-89.0
-93.0
-86.0
-87.0
-93.0
-81.0
-68.0
-63.0
-62.0
-74.0
-80.0
-63.0
-76.0
-71.0
-76.0
-64.0
-93.0
-105.0
-102.0
-74.0
-72.0
-96.0
-74.0
-91.0
-21.0
-51.0
-91.0
-90.0
-62.0
-83.0
-93.0
-81.0
-91.0
-60.0
-64.0
-69.0
-71.0
-79.0
-57.0
-67.0
-94.0
-115.0
-100.0
-115.0
-115.0
-92.0
-100.0
-105.0
-106.0
-90.0
-126.0
-88.0
-88.0
-100.0
-93.0
-98.0
-96.0
-120.0
-100.0
-104.0
-96.0
-91.0
-105.0
-97.0
-89.0
-116.0
-97.0
-101.0
-111.0
-108.0
-122.0
-76.0
-115.0
-124.0
-69.0
-124.0
-72.0
-107.0
-81.0
-103.0
-93.0
-91.0
-100.0
-118.0
-122.0
-101.0
-125.0
-139.0
-93.0
-125.0
-109.0
-105.0
-112.0
-101.0
-106.0
-102.0
-111.0
-97.0
-138.0
-67.0
-101.0
-100.0
-122.0
-112.0
-96.0
-114.0
-145.0
-86.0
-88.0
-105.0
-120.0
-103.0
-110.0
-108.0
-102.0
-126.0
-125.0
-98.0
-89.0
-58.0
-94.0
-72.0
-68.0
-70.0
-73.0
-67.0
-55.0
-50.0
-35.0
-78.0
-51.0
-64.0
-76.0
-39.0
-65.0
-32.0
-56.0
-60.0
-59.0
-91.0
-45.0
-74.0
-82.0
-90.0
-98.0
-87.0
-91.0
-80.0
-79.0
-120.0
-105.0
-102.0
-65.0
-65.0
-88.0
-93.0
-105.0
-97.0
-108.0
-105.0
-82.0
-102.0
-100.0
-75.0
-76.0
-97.0
-96.0
-84.0
-87.0
-72.0
-79.0
-65.0
-74.0
-43.0
-79.0
-52.0
-64.0
-62.0
-83.0
-59.0
-28.0
-42.0
-79.0
-53.0
-88.0
-120.0
-2.0
-42.0
-69.0
-80.0
-78.0
-73.0
-81.0
-89.0
-107.0
-118.0
-94.0
-116.0
-95.0
-105.0
-81.0
-148.0
-97.0
-120.0
-129.0
-125.0
-125.0
-102.0
-112.0
-114.0
-118.0
-124.0
-117.0
-107.0
-126.0
-99.0
-99.0
-87.0
-139.0
-70.0
-107.0
-116.0
-79.0
-116.0
-86.0
-100.0
-90.0
-102.0
-109.0
-99.0
-99.0
-105.0
-89.0
-97.0
-100.0
-100.0
-107.0
-147.0
-74.0
-71.0
-125.0
-78.0
-92.0
-108.0
-106.0
-118.0
-96.0
-113.0
-115.0
-119.0
-118.0
-116.0
-112.0
-102.0
-116.0
-142.0
-120.0
-100.0
-100.0
-137.0
-114.0
-103.0
-101.0
-117.0
-117.0
-90.0
-124.0
-107.0
-117.0
-111.0
-93.0
-82.0
-97.0
-108.0
-96.0
-82.0
-67.0
-72.0
-73.0
-67.0
-96.0
-103.0
-98.0
-114.0
-115.0
-114.0
-93.0
-100.0
-74.0
-84.0
-83.0
-96.0
-87.0
-77.0
-97.0
-112.0
-59.0
-81.0
-88.0
-83.0
-98.0
-122.0
-73.0
-78.0
-71.0
-97.0
-87.0
-93.0
-86.0
-87.0
-87.0
-112.0
-92.0
-88.0
-98.0
-126.0
-65.0
-97.0
-78.0
-76.0
-100.0
-91.0
-27.0
-72.0
-66.0
-36.0
-25.0
-34.0
-11.0
-1.0
27.0
-6.0
10.0
19.0
-6.0
15.0
44.0
52.0
6.0
52.0
54.0
10.0
17.0
-4.0
13.0
-2.0
6.0
35.0
-13.0
-43.0
-12.0
-3.0
-23.0
-47.0
-18.0
-31.0
-79.0
-33.0
-49.0
-53.0
-66.0
-63.0
-76.0
-96.0
-98.0
-84.0
-96.0
-60.0
-71.0
-97.0
-90.0
-121.0
-54.0
-74.0
-94.0
-102.0
-100.0
-107.0
-80.0
-108.0
-86.0
-88.0
-96.0
-112.0
-97.0
-111.0
-97.0
-92.0
-137.0
-72.0
-98.0
-95.0
-121.0
-106.0
-100.0
-97.0
-93.0
-95.0
-94.0
-100.0
-64.0
-95.0
-91.0
-119.0
-38.0
-71.0
-58.0
-82.0
-117.0
-84.0
-56.0
-68.0
-69.0
-62.0
-84.0
-63.0
-110.0
-74.0
-74.0
-97.0
-52.0
-52.0
-35.0
-50.0
-68.0
-59.0
-72.0
-62.0
-75.0
-70.0
-65.0
-74.0
-52.0
-96.0
-96.0
-73.0
-41.0
-72.0
-68.0
-92.0
-83.0
-93.0
-104.0
-115.0
-128.0
-87.0
-105.0
-99.0
-64.0
-99.0
-126.0
-52.0
-74.0
-74.0
-99.0
-83.0
-98.0
-71.0
-100.0
-80.0
-83.0
-73.0
-91.0
-114.0
-73.0
-74.0
-89.0
-121.0
-71.0
-96.0
-112.0
-98.0
-102.0
-121.0
-100.0
-121.0
-112.0
-108.0
-91.0
-60.0
-84.0
-95.0
-109.0
-111.0
-92.0
-108.0
-118.0
-92.0
-96.0
-106.0
-115.0
-115.0
-63.0
-103.0
-106.0
-114.0
-102.0
-106.0
-102.0
-111.0
-66.0
-95.0
-88.0
-70.0
-85.0
-116.0
-66.0
-50.0
-92.0
-55.0
-81.0
-78.0
-82.0
-88.0
-99.0
-93.0
-77.0
-71.0
-87.0
-102.0
-115.0
-48.0
-123.0
-64.0
-82.0
-73.0
-101.0
-91.0
-101.0
-109.0
-111.0
-96.0
-89.0
-81.0
-83.0
-114.0
-76.0
-90.0
-85.0
-119.0
-61.0
-71.0
-77.0
-83.0
-70.0
-86.0
-76.0
-72.0
-59.0
-64.0
-54.0
-64.0
-88.0
-56.0
-67.0
-68.0
-92.0
-53.0
-74.0
-73.0
-78.0
-75.0
-76.0
-87.0
-51.0
-56.0
-59.0
-45.0
-56.0
-16.0
-25.0
-41.0
-11.0
-41.0
20.0
3.0
3.0
23.0
27.0
11.0
25.0
10.0
-27.0
-4.0
-1.0
8.0
2.0
7.0
-54.0
-2.0
-58.0
-34.0
-26.0
-61.0
-15.0
-62.0
-38.0
-59.0
-47.0
-63.0
-66.0
-56.0
-60.0
-91.0
-67.0
-86.0
-61.0
-56.0
-44.0
-36.0
-64.0
-55.0
-39.0
-56.0
-60.0
-52.0
-60.0
-68.0
-86.0
-79.0
-72.0
-73.0
-72.0
-84.0
-88.0
-68.0
-125.0
-56.0
-57.0
-64.0
-51.0
-54.0
-77.0
-68.0
-56.0
-122.0
-42.0
-55.0
-91.0
-61.0
-79.0
-88.0
-64.0
-83.0
-70.0
-70.0
-75.0
-83.0
-82.0
-90.0
-95.0
-90.0
-81.0
-84.0
-82.0
-93.0
-86.0
-84.0
-70.0
-83.0
-76.0
-91.0
-60.0
-62.0
-75.0
-96.0
-97.0
-87.0
-88.0
-107.0
-106.0
-89.0
-93.0
-107.0
-88.0
-95.0
-67.0
-90.0
-73.0
-10.0
-84.0
-69.0
-82.0
-89.0
-104.0
-67.0
-54.0
-67.0
-71.0
-56.0
-43.0
-53.0
-65.0
-72.0
-68.0
-129.0
-44.0
-96.0
-67.0
-65.0
-71.0
-65.0
-78.0
-92.0
-99.0
-81.0
-69.0
-77.0
-68.0
-87.0
-58.0
-58.0
-83.0
-76.0
-69.0
-76.0
-77.0
-76.0
-65.0
-70.0
-61.0
-53.0
-55.0
-52.0
-48.0
-76.0
-80.0
-93.0
-93.0
-50.0
-64.0
-74.0
-80.0
-83.0
-91.0
-102.0
-93.0
-97.0
-70.0
-91.0
-90.0
-91.0
-103.0
-92.0
-82.0
-72.0
-72.0
-75.0
-92.0
-92.0
-89.0
-95.0
-102.0
-104.0
-99.0
-87.0
-83.0
-84.0
-73.0
-76.0
-84.0
-74.0
-83.0
-78.0
-34.0
-78.0
-38.0
-61.0
-74.0
-79.0
-71.0
-88.0
-87.0
-77.0
-64.0
-58.0
-78.0
-63.0
-88.0
-88.0
-92.0
-83.0
-77.0
-78.0
-90.0
-90.0
-137.0
-49.0
-56.0
-56.0
-44.0
-41.0
-52.0
-46.0
-43.0
-42.0
-31.0
-41.0
-61.0
-41.0
-25.0
-49.0
-24.0
-46.0
-16.0
-12.0
-48.0
-40.0
-11.0
-31.0
-7.0
-46.0
-2.0
-6.0
-27.0
1.0
-19.0
-39.0
-18.0
-27.0
-45.0
-46.0
-37.0
-23.0
-49.0
-50.0
-77.0
-30.0
-75.0
-1.0
-18.0
-16.0
-43.0
-35.0
-54.0
-70.0
-71.0
-71.0
-54.0
-53.0
-61.0
-55.0
-40.0
-44.0
-39.0
-83.0
-53.0
-81.0
-31.0
-52.0
-51.0
-65.0
-62.0
-61.0
-73.0
-74.0
-87.0
-81.0
-74.0
-47.0
-74.0
-127.0
-95.0
-61.0
-86.0
-109.0
-89.0
-91.0
-97.0
-103.0
-79.0
-84.0
-80.0
-81.0
-82.0
-107.0
-78.0
-82.0
-103.0
-117.0
-95.0
-76.0
-67.0
-75.0
-66.0
-74.0
-91.0
-67.0
-70.0
-60.0
-55.0
-76.0
-70.0
-87.0
-81.0
-99.0
-82.0
-61.0
-73.0
-106.0
-44.0
-63.0
-116.0
-61.0
-59.0
-93.0
-60.0
-95.0
-81.0
-76.0
-79.0
-68.0
-67.0
-70.0
-69.0
-66.0
-52.0
-82.0
-30.0
-76.0
-65.0
-54.0
-70.0
-79.0
-97.0
-72.0
-83.0
-90.0
-89.0
-74.0
-82.0
-70.0
-97.0
-90.0
-63.0
-60.0
-59.0
-82.0
-88.0
-86.0
-81.0
-100.0
-104.0
-118.0
-80.0
-78.0
-78.0
-76.0
-61.0
-65.0
-73.0
-72.0
-89.0
-64.0
-82.0
-91.0
-78.0
-83.0
-77.0
-101.0
-108.0
-91.0
-91.0
-81.0
-79.0
-86.0
-86.0
-89.0
-81.0
-48.0
-75.0
-24.0
-65.0
-61.0
-56.0
-50.0
-55.0
-58.0
-84.0
-73.0
-99.0
-82.0
-77.0
-71.0
-64.0
-87.0
-128.0
-30.0
-61.0
-81.0
-89.0
-72.0
-88.0
-65.0
-62.0
-53.0
-58.0
-62.0
-65.0
-67.0
-67.0
-81.0
-47.0
-49.0
-29.0
18.0
-3.0
12.0
33.0
29.0
35.0
51.0
67.0
54.0
62.0
71.0
76.0
58.0
77.0
50.0
27.0
105.0
52.0
43.0
41.0
31.0
28.0
11.0
68.0
4.0
25.0
16.0
26.0
24.0
23.0
7.0
-23.0
-5.0
20.0
20.0
-5.0
-34.0
-19.0
-42.0
-50.0
-20.0
-44.0
-36.0
-60.0
-25.0
-22.0
-32.0
-47.0
-34.0
-41.0
-34.0
-55.0
-62.0
-74.0
-72.0
-57.0
-97.0
-86.0
-84.0
-97.0
-71.0
-82.0
-74.0
-77.0
-102.0
-90.0
-99.0
-87.0
-89.0
-98.0
-115.0
-51.0
-62.0
-74.0
-54.0
-60.0
-63.0
-49.0
-39.0
-45.0
-45.0
-67.0
-46.0
-55.0
-54.0
-72.0
-74.0
-54.0
-85.0
-52.0
-41.0
-52.0
-69.0
-34.0
-37.0
-67.0
-48.0
-80.0
-26.0
-45.0
-54.0
-22.0
-54.0
-26.0
-45.0
-85.0
-11.0
-26.0
-23.0
-33.0
-78.0
-59.0
-80.0
-76.0
-66.0
-63.0
-54.0
-67.0
-59.0
-87.0
-55.0
-64.0
-60.0
-71.0
-70.0
-50.0
-65.0
-80.0
-103.0
-109.0
-43.0
-105.0
-75.0
-95.0
-96.0
-86.0
-78.0
-72.0
-81.0
-103.0
-69.0
-68.0
-76.0
-63.0
-73.0
-72.0
-85.0
-71.0
-52.0
-63.0
-64.0
-98.0
-56.0
-57.0
-59.0
-83.0
-79.0
-58.0
-92.0
-111.0
-114.0
-109.0
-97.0
-68.0
-87.0
-71.0
-56.0
-77.0
-117.0
-37.0
-78.0
-65.0
-80.0
-83.0
-79.0
-77.0
-72.0
-73.0
-112.0
-61.0
-70.0
-57.0
-87.0
-90.0
-63.0
-62.0
-64.0
-90.0
-81.0
-82.0
-72.0
-54.0
-58.0
-71.0
-71.0
-59.0
-89.0
-54.0
-79.0
-53.0
-144.0
-53.0
-62.0
-81.0
-74.0
-65.0
-67.0
-71.0
-80.0
-75.0
-73.0
-79.0
-56.0
-64.0
-59.0
-60.0
-64.0
-45.0
-40.0
-54.0
-97.0
-51.0
-61.0
-31.0
-21.0
-21.0
-35.0
-52.0
-49.0
-20.0
-34.0
-49.0
-59.0
-53.0
-72.0
-36.0
-32.0
-54.0
-62.0
-63.0
-1.0
-8.0
-16.0
-36.0
4.0
7.0
7.0
5.0
-12.0
-32.0
-27.0
-25.0
1.0
-7.0
-8.0
-14.0
8.0
-35.0
-3.0
-1.0
-13.0
-12.0
-5.0
11.0
-56.0
-45.0
-52.0
-58.0
-61.0
-68.0
-49.0
-65.0
-70.0
-56.0
-51.0
-48.0
-18.0
-37.0
-34.0
-33.0
-58.0
-53.0
-60.0
-71.0
-68.0
-64.0
-70.0
-87.0
-48.0
-55.0
-53.0
-84.0
-71.0
-95.0
-30.0
-59.0
-49.0
-49.0
-81.0
-87.0
-98.0
-96.0
-93.0
-72.0
-105.0
-78.0
-54.0
-52.0
-65.0
-81.0
-84.0
-68.0
-54.0
-81.0
-49.0
-58.0
-103.0
-44.0
-58.0
-52.0
-74.0
-73.0
-37.0
-62.0
-52.0
-48.0
-43.0
-39.0
-54.0
-62.0
-57.0
-48.0
-34.0
-46.0
-56.0
-42.0
-72.0
-53.0
-29.0
-46.0
-63.0
-30.0
-24.0
-56.0
-25.0
-29.0
-21.0
-13.0
-29.0
-8.0
-31.0
6.0
-16.0
-24.0
-21.0
-31.0
-30.0
-6.0
6.0
-2.0
9.0
10.0
3.0
-4.0
-57.0
-7.0
-34.0
-40.0
-31.0
-41.0
-43.0
-29.0
-29.0
-39.0
-30.0
-47.0
-24.0
-42.0
-39.0
-71.0
-52.0
-60.0
-43.0
-85.0
-68.0
-39.0
-58.0
-52.0
-35.0
-52.0
-77.0
-47.0
-58.0
-65.0
-71.0
-74.0
-52.0
-65.0
-78.0
-43.0
-41.0
-39.0
-58.0
-68.0
-100.0
-31.0
-58.0
-69.0
-51.0
-77.0
-80.0
-67.0
-60.0
-45.0
-76.0
-39.0
-41.0
-81.0
-93.0
-85.0
-72.0
-65.0
-60.0
-80.0
-95.0
-88.0
-76.0
-76.0
-75.0
-58.0
-70.0
-56.0
-55.0
-85.0
-59.0
-57.0
-90.0
-73.0
-59.0
-48.0
-71.0
-60.0
-59.0
-59.0
-78.0
-79.0
-39.0
-56.0
-43.0
-68.0
-60.0
-66.0
-63.0
-81.0
-69.0
-64.0
-51.0
-43.0
-43.0
-39.0
-55.0
-58.0
-72.0
-77.0
-23.0
-67.0
-54.0
-71.0
-73.0
-74.0
-67.0
-64.0
-65.0
-76.0
-90.0
-48.0
-54.0
-54.0
-60.0
-52.0
-74.0
-80.0
-56.0
-88.0
-53.0
-132.0
-81.0
-111.0
-97.0
-71.0
-54.0
-63.0
-59.0
-44.0
-59.0
-54.0
-68.0
-115.0
-68.0
-67.0
-53.0
-64.0
-77.0
-59.0
-73.0
-83.0
-49.0
-69.0
-64.0
-65.0
-92.0
-72.0
-61.0
-64.0
-59.0
-58.0
-58.0
-60.0
-87.0
-64.0
-73.0
-79.0
-74.0
-55.0
-44.0
-54.0
-60.0
-68.0
-78.0
-129.0
-45.0
-69.0
-61.0
-63.0
-65.0
-65.0
-77.0
-52.0
-60.0
-52.0
-63.0
-41.0
-56.0
1.0
-30.0
-48.0
-64.0
-27.0
-28.0
-4.0
27.0
35.0
76.0
78.0
44.0
52.0
69.0
64.0
74.0
118.0
97.0
89.0
110.0
82.0
125.0
121.0
113.0
93.0
82.0
86.0
61.0
60.0
42.0
46.0
52.0
56.0
44.0
67.0
52.0
66.0
34.0
17.0
75.0
61.0
25.0
16.0
8.0
-8.0
-10.0
-19.0
-18.0
-12.0
-29.0
19.0
-3.0
-8.0
-16.0
-35.0
-27.0
-36.0
-22.0
-42.0
-24.0
-30.0
-36.0
-43.0
-58.0
-35.0
-56.0
-40.0
-51.0
-50.0
-59.0
-44.0
-58.0
-69.0
-39.0
-42.0
-26.0
-29.0
-55.0
-26.0
-26.0
-72.0
-56.0
-74.0
-42.0
-71.0
-40.0
-39.0
-61.0
-18.0
-79.0
-42.0
-41.0
-50.0
-43.0
-44.0
-54.0
-56.0
-91.0
-96.0
-85.0
-63.0
-62.0
-54.0
-31.0
-36.0
-56.0
-46.0
-83.0
-88.0
-32.0
-58.0
-76.0
-75.0
-84.0
-95.0
-68.0
-73.0
-46.0
-61.0
-58.0
-54.0
-42.0
-48.0
-69.0
-91.0
-81.0
-78.0
-120.0
-45.0
-50.0
-55.0
-76.0
-39.0
-33.0
-37.0
-44.0
-33.0
-59.0
-45.0
-55.0
-86.0
-42.0
-50.0
-79.0
-33.0
-62.0
-48.0
-29.0
-59.0
-56.0
-96.0
-80.0
-78.0
-82.0
-96.0
-66.0
-66.0
-51.0
-25.0
-63.0
-15.0
-36.0
-59.0
-64.0
-81.0
-78.0
-78.0
-69.0
-48.0
-81.0
-56.0
-71.0
-61.0
-37.0
-45.0
-43.0
-53.0
-54.0
-78.0
-78.0
-53.0
-56.0
-64.0
-77.0
-66.0
-82.0
-54.0
-60.0
-81.0
-37.0
-45.0
-55.0
-39.0
-74.0
-59.0
-39.0
-37.0
-54.0
-48.0
-80.0
-40.0
-38.0
-34.0
-10.0
-35.0
-40.0
-59.0
-69.0
-56.0
-63.0
-89.0
-72.0
-68.0
-53.0
-91.0
-88.0
-70.0
-96.0
-40.0
-39.0
-44.0
-36.0
-56.0
-62.0
-74.0
-82.0
-66.0
-100.0
-46.0
-56.0
-58.0
-66.0
-44.0
-85.0
-49.0
-60.0
-76.0
-81.0
-68.0
-85.0
-70.0
-108.0
-106.0
-68.0
-90.0
-97.0
-70.0
-106.0
-91.0
-86.0
-121.0
-82.0
-102.0
-88.0
-77.0
-59.0
-58.0
-75.0
-63.0
-93.0
-96.0
-86.0
-98.0
-74.0
-124.0
-60.0
-68.0
-65.0
-59.0
-78.0
-58.0
-70.0
-67.0
-74.0
-87.0
-74.0
-86.0
-86.0
-87.0
-89.0
-106.0
-25.0
-70.0
-69.0
-63.0
-44.0
-78.0
-91.0
-87.0
-70.0
-96.0
-108.0
-103.0
-99.0
-90.0
-93.0
-88.0
-60.0
-61.0
-64.0
-96.0
-71.0
-74.0
-78.0
-74.0
-65.0
-48.0
-78.0
-55.0
-50.0
-74.0
-97.0
-20.0
-52.0
-55.0
-58.0
-67.0
-74.0
-45.0
-64.0
-48.0
-70.0
-57.0
-54.0
-50.0
-33.0
-53.0
-80.0
-138.0
-60.0
-55.0
-53.0
-64.0
-55.0
-58.0
-93.0
-66.0
-86.0
-62.0
-64.0
-52.0
-59.0
-60.0
-91.0
-39.0
-46.0
-24.0
-42.0
-45.0
-39.0
-27.0
-32.0
-48.0
-32.0
-24.0
-20.0
-48.0
-14.0
10.0
2.0
8.0
35.0
21.0
43.0
30.0
52.0
111.0
99.0
120.0
118.0
119.0
122.0
101.0
102.0
93.0
109.0
101.0
102.0
108.0
111.0
92.0
92.0
60.0
95.0
63.0
47.0
53.0
55.0
32.0
50.0
50.0
43.0
44.0
50.0
37.0
15.0
31.0
33.0
54.0
-29.0
32.0
25.0
28.0
3.0
-10.0
-3.0
3.0
2.0
7.0
12.0
-16.0
11.0
-8.0
-19.0
-13.0
12.0
-32.0
-26.0
-26.0
-15.0
-30.0
-32.0
-47.0
-30.0
-32.0
-30.0
-111.0
-44.0
-14.0
-46.0
-5.0
-27.0
-49.0
-68.0
-68.0
-48.0
-64.0
-44.0
-47.0
-65.0
-27.0
-48.0
-46.0
-35.0
-79.0
-36.0
-51.0
-74.0
-73.0
-69.0
-54.0
-29.0
-18.0
-56.0
-55.0
-45.0
-63.0
-51.0
-53.0
-65.0
-81.0
-43.0
-64.0
-16.0
-27.0
-77.0
-51.0
-60.0
-46.0
-48.0
-17.0
-32.0
-35.0
-69.0
-96.0
-51.0
-46.0
-54.0
-103.0
-27.0
-44.0
-70.0
-46.0
-52.0
-67.0
-100.0
-84.0
-82.0
-78.0
-88.0
-74.0
-59.0
-96.0
-98.0
-102.0
-107.0
-96.0
-117.0
-114.0
-91.0
-74.0
-105.0
-89.0
-122.0
-78.0
-117.0
-91.0
-107.0
-114.0
-115.0
-111.0
-97.0
-89.0
-94.0
-105.0
-120.0
-104.0
-82.0
-106.0
-90.0
-83.0
-105.0
-119.0
-102.0
-129.0
-121.0
-127.0
-100.0
-117.0
-118.0
-70.0
-75.0
-76.0
-76.0
-99.0
-100.0
-80.0
-100.0
-93.0
-95.0
-112.0
-113.0
-113.0
-95.0
-63.0
-81.0
-84.0
-112.0
-122.0
-108.0
-98.0
-91.0
-77.0
-72.0
-84.0
-71.0
-106.0
-87.0
-138.0
-80.0
-97.0
-65.0
-84.0
-78.0
-88.0
-105.0
-115.0
-112.0
-102.0
-119.0
-96.0
-54.0
-68.0
-52.0
-104.0
-39.0
-75.0
-92.0
-106.0
-91.0
-115.0
-105.0
-87.0
-95.0
-73.0
-99.0
-82.0
-85.0
-116.0
-34.0
-63.0
-81.0
-80.0
-81.0
-82.0
-111.0
-117.0
-91.0
-103.0
-79.0
-64.0
-85.0
-84.0
-65.0
-95.0
-30.0
-56.0
-68.0
-63.0
-65.0
-42.0
-49.0
-96.0
-43.0
-56.0
-71.0
-42.0
-64.0
-73.0
-66.0
-58.0
-57.0
-54.0
-52.0
-63.0
-77.0
-71.0
-56.0
-81.0
-44.0
-40.0
-49.0
-46.0
-65.0
-41.0
-91.0
-16.0
-53.0
-42.0
-43.0
-14.0
-11.0
-24.0
-1.0
-4.0
-8.0
4.0
15.0
25.0
68.0
74.0
103.0
61.0
119.0
137.0
147.0
156.0
174.0
170.0
175.0
149.0
186.0
165.0
160.0
175.0
146.0
150.0
123.0
122.0
120.0
108.0
106.0
101.0
103.0
125.0
109.0
63.0
75.0
64.0
56.0
50.0
36.0
17.0
34.0
-17.0
-12.0
23.0
-3.0
-6.0
-13.0
-14.0
-20.0
-33.0
-13.0
-15.0
-37.0
-42.0
-97.0
-47.0
-78.0
-71.0
-89.0
-48.0
-59.0
-73.0
-49.0
-40.0
-32.0
-59.0
-53.0
-76.0
-132.0
-29.0
-67.0
-73.0
-71.0
-86.0
-81.0
-87.0
-93.0
-65.0
-80.0
-85.0
-79.0
-81.0
-72.0
-115.0
-38.0
-59.0
-90.0
-111.0
-56.0
-79.0
-69.0
-64.0
-65.0
-58.0
-71.0
-55.0
-82.0
-58.0
-39.0
-69.0
-52.0
-62.0
-69.0
-43.0
-80.0
-74.0
-52.0
-58.0
-69.0
-67.0
-114.0
6.0
-27.0
-61.0
-38.0
-42.0
-61.0
-67.0
-69.0
-100.0
-125.0
-51.0
-53.0
-56.0
-52.0
-51.0
-69.0
-83.0
-53.0
-83.0
-54.0
-70.0
-82.0
-78.0
-72.0
-87.0
-113.0
-49.0
-49.0
-54.0
-72.0
-69.0
-64.0
-37.0
-44.0
-45.0
-49.0
-51.0
-69.0
-65.0
-59.0
-86.0
1.0
-31.0
-28.0
-54.0
-59.0
-46.0
-63.0
-60.0
-39.0
-27.0
-55.0
-36.0
-26.0
-37.0
-44.0
2.0
-1.0
20.0
6.0
19.0
41.0
9.0
50.0
50.0
51.0
63.0
44.0
13.0
51.0
46.0
48.0
27.0
-6.0
1.0
-13.0
-11.0
20.0
14.0
9.0
24.0
-15.0
48.0
51.0
27.0
9.0
-16.0
-13.0
-20.0
-31.0
15.0
-13.0
-15.0
-3.0
-13.0
-50.0
-25.0
-73.0
-1.0
3.0
-24.0
-40.0
-39.0
-37.0
-27.0
-6.0
-14.0
-37.0
-37.0
-30.0
-72.0
-35.0
-80.0
-15.0
-33.0
-36.0
3.0
3.0
-5.0
-25.0
-38.0
-26.0
-23.0
6.0
-17.0
20.0
-19.0
-25.0
-6.0
7.0
-8.0
3.0
14.0
-7.0
9.0
-6.0
3.0
-20.0
-22.0
-20.0
-10.0
-41.0
-32.0
-40.0
-56.0
-23.0
-23.0
-24.0
-58.0
-39.0
-37.0
-49.0
-43.0
-13.0
-63.0
-35.0
-64.0
-39.0
-34.0
-25.0
-24.0
-15.0
-26.0
-18.0
-72.0
-65.0
-60.0
-47.0
-72.0
-72.0
-80.0
-56.0
-58.0
-74.0
-63.0
-81.0
-34.0
-50.0
-9.0
-42.0
-61.0
-61.0
-89.0
-51.0
-60.0
-58.0
-53.0
-40.0
-72.0
-63.0
-83.0
-77.0
-62.0
-60.0
-79.0
-87.0
-80.0
-66.0
-96.0
-103.0
-74.0
-76.0
-84.0
-83.0
-108.0
-67.0
-71.0
-104.0
-86.0
-98.0
-89.0
-80.0
-81.0
-121.0
-69.0
-98.0
-65.0
-109.0
-87.0
-67.0
-69.0
-47.0
-62.0
-67.0
-69.0
-90.0
-95.0
-96.0
-85.0
-120.0
-67.0
-80.0
-77.0
-67.0
-72.0
-71.0
-63.0
-73.0
-57.0
-50.0
-45.0
-92.0
-80.0
-80.0
-125.0
-69.0
-63.0
-76.0
-68.0
-73.0
-69.0
-59.0
-63.0
-89.0
-31.0
-52.0
-39.0
-42.0
-43.0
-89.0
-18.0
-46.0
-33.0
-53.0
-25.0
-35.0
-54.0
-41.0
-38.0
-49.0
-58.0
-34.0
-77.0
-24.0
-45.0
-26.0
-59.0
-70.0
-84.0
-44.0
-64.0
-81.0
-80.0
-68.0
-70.0
-49.0
-85.0
-31.0
-40.0
-58.0
-71.0
-77.0
-90.0
-55.0
-71.0
-63.0
-81.0
-83.0
-65.0
-73.0
-101.0
-63.0
-51.0
-45.0
-79.0
-67.0
-81.0
-100.0
-78.0
-97.0
-83.0
-79.0
-76.0
-68.0
-83.0
-70.0
-53.0
-60.0
-5.0
-6.0
-27.0
-36.0
-30.0
-46.0
-16.0
-34.0
-14.0
-26.0
-47.0
-38.0
-40.0
-46.0
-49.0
-39.0
-31.0
-48.0
18.0
-5.0
-18.0
-28.0
-26.0
-39.0
6.0
-27.0
-5.0
-15.0
-6.0
-25.0
-25.0
-49.0
27.0
1.0
-19.0
-16.0
-27.0
-47.0
-13.0
-25.0
-32.0
-60.0
-35.0
-57.0
-52.0
-82.0
-40.0
-51.0
-22.0
-31.0
-33.0
-22.0
-40.0
-58.0
-62.0
-46.0
-41.0
-41.0
-45.0
-23.0
-35.0
-26.0
-77.0
4.0
-12.0
-22.0
-14.0
-26.0
-45.0
-41.0
-45.0
-40.0
-43.0
-39.0
-43.0
-59.0
-27.0
-34.0
-24.0
-34.0
-23.0
-43.0
23.0
12.0
14.0
-10.0
-9.0
-35.0
1.0
-48.0
1.0
20.0
17.0
25.0
50.0
17.0
8.0
-29.0
67.0
39.0
34.0
21.0
26.0
31.0
21.0
9.0
-2.0
19.0
20.0
-7.0
-25.0
4.0
-7.0
-36.0
28.0
3.0
-12.0
-25.0
-31.0
-27.0
-26.0
-39.0
-26.0
-35.0
-50.0
-56.0
-50.0
-20.0
-39.0
-45.0
-74.0
-15.0
-55.0
-48.0
-69.0
-72.0
-70.0
-49.0
-51.0
-63.0
-46.0
-40.0
-68.0
-69.0
-65.0
-63.0
-74.0
-62.0
-47.0
-96.0
-78.0
-73.0
-63.0
-68.0
-74.0
-83.0
-80.0
-77.0
-83.0
-86.0
-76.0
-53.0
-44.0
-76.0
-31.0
-53.0
-57.0
-44.0
-69.0
-63.0
-42.0
-53.0
-48.0
-61.0
-63.0
-72.0
-81.0
-66.0
-105.0
-45.0
-45.0
-42.0
-52.0
-61.0
-63.0
-74.0
-67.0
-74.0
-89.0
-87.0
-41.0
-62.0
-34.0
-80.0
-81.0
-111.0
-26.0
-64.0
-42.0
-80.0
-68.0
-82.0
-75.0
-75.0
-90.0
-86.0
-75.0
-64.0
-43.0
-70.0
-50.0
-63.0
-73.0
-60.0
-71.0
-74.0
-29.0
-31.0
-45.0
-38.0
-27.0
-42.0
-44.0
-46.0
-69.0
-62.0
-52.0
-16.0
-29.0
-45.0
-20.0
-31.0
-29.0
-36.0
31.0
-15.0
18.0
18.0
-16.0
-5.0
-31.0
-11.0
-30.0
-19.0
-32.0
-45.0
-35.0
-23.0
-40.0
-31.0
-45.0
-29.0
-32.0
-37.0
-60.0
-2.0
-24.0
-24.0
-35.0
-39.0
-26.0
-41.0
-32.0
-29.0
-36.0
-34.0
-24.0
-37.0
-34.0
-49.0
-50.0
-38.0
-33.0
-33.0
-21.0
-35.0
-45.0
-8.0
-33.0
-35.0
-31.0
-10.0
-10.0
-34.0
-11.0
-26.0
-33.0
-7.0
-5.0
-36.0
-25.0
-15.0
-18.0
-5.0
-12.0
-21.0
-36.0
-68.0
-62.0
-29.0
-35.0
-21.0
-14.0
-16.0
-11.0
-74.0
-16.0
-25.0
-37.0
-27.0
-48.0
-49.0
-29.0
-49.0
-36.0
-33.0
-87.0
-40.0
-27.0
-39.0
-36.0
-33.0
-4.0
-34.0
-59.0
-40.0
-72.0
-51.0
-35.0
-48.0
-53.0
-45.0
-58.0
4.0
-43.0
-54.0
-34.0
-35.0
-36.0
-59.0
-41.0
-43.0
-38.0
-49.0
-48.0
-59.0
-67.0
-27.0
-50.0
-70.0
-35.0
-15.0
-32.0
-16.0
-23.0
-55.0
-49.0
-31.0
-41.0
-46.0
-36.0
-41.0
-54.0
-29.0
-26.0
-22.0
-46.0
-42.0
-2.0
-15.0
-10.0
13.0
-7.0
-10.0
-22.0
-30.0
-13.0
-48.0
-24.0
-34.0
-28.0
-21.0
-22.0
-20.0
-32.0
-13.0
-18.0
4.0
-20.0
-15.0
-12.0
-36.0
-17.0
-34.0
-32.0
-22.0
-17.0
-24.0
-38.0
-37.0
-36.0
-95.0
5.0
-37.0
-20.0
-25.0
-24.0
-21.0
-35.0
-50.0
-33.0
-2.0
-1.0
-44.0
-29.0
-9.0
-29.0
-86.0
-2.0
-25.0
-61.0
-52.0
-33.0
-53.0
-54.0
-56.0
-42.0
-31.0
-39.0
-34.0
-36.0
-26.0
-55.0
-55.0
-36.0
-55.0
-39.0
-58.0
-41.0
-42.0
-50.0
-73.0
-60.0
-24.0
-55.0
-26.0
-43.0
-33.0
-32.0
-21.0
-43.0
-47.0
-42.0
-23.0
-36.0
-13.0
-39.0
-70.0
-8.0
-26.0
-13.0
-42.0
-10.0
3.0
13.0
12.0
16.0
25.0
8.0
7.0
7.0
27.0
13.0
6.0
64.0
42.0
38.0
31.0
43.0
12.0
22.0
40.0
20.0
10.0
25.0
28.0
40.0
17.0
25.0
35.0
23.0
6.0
42.0
35.0
19.0
-16.0
21.0
-13.0
-6.0
-24.0
-29.0
-19.0
10.0
-2.0
-2.0
-36.0
-27.0
-39.0
-18.0
-29.0
-31.0
-44.0
-48.0
-24.0
-56.0
-41.0
-57.0
-43.0
-71.0
-49.0
-91.0
-53.0
-53.0
-49.0
-45.0
-71.0
-64.0
-41.0
-87.0
2.0
-43.0
-43.0
-87.0
-48.0
-77.0
-24.0
-11.0
-49.0
-40.0
-30.0
-79.0
-45.0
-33.0
-67.0
-30.0
-29.0
-33.0
-49.0
-69.0
-39.0
-43.0
-51.0
-41.0
-54.0
-47.0
-51.0
-71.0
-30.0
-67.0
-52.0
-59.0
-57.0
-48.0
-57.0
-35.0
-42.0
-53.0
-49.0
-45.0
-50.0
-67.0
-27.0
-51.0
-46.0
-34.0
-36.0
-50.0
-30.0
-40.0
-44.0
-68.0
-15.0
-20.0
-10.0
-20.0
-18.0
-35.0
17.0
-24.0
-13.0
-24.0
-16.0
-3.0
-3.0
-42.0
-10.0
-58.0
-21.0
-20.0
-31.0
-44.0
-31.0
-22.0
-40.0
1.0
-10.0
-16.0
-13.0
-32.0
-2.0
-36.0
-39.0
-61.0
-72.0
-2.0
-35.0
-32.0
-51.0
-29.0
-48.0
-39.0
-19.0
-53.0
-52.0
-48.0
-50.0
-49.0
-37.0
-48.0
-62.0
11.0
-29.0
-18.0
-27.0
-48.0
-46.0
-44.0
-32.0
-32.0
-33.0
-56.0
-43.0
-36.0
-69.0
-44.0
-54.0
-51.0
-40.0
-6.0
-27.0
-32.0
-38.0
-29.0
-56.0
-47.0
-12.0
-36.0
-35.0
-23.0
-34.0
-19.0
-24.0
-48.0
-90.0
-66.0
-45.0
-57.0
-51.0
-58.0
-33.0
-28.0
-63.0
-39.0
-55.0
-77.0
-70.0
-71.0
-29.0
-63.0
-55.0
-52.0
-55.0
-30.0
-42.0
-50.0
-68.0
-26.0
-52.0
-42.0
-39.0
-22.0
-22.0
-49.0
-26.0
-55.0
-46.0
-60.0
-52.0
-78.0
-11.0
-45.0
-44.0
-45.0
-56.0
-48.0
-34.0
-45.0
-15.0
-2.0
-7.0
-12.0
-29.0
-26.0
-34.0
-35.0
-30.0
-68.0
-48.0
-30.0
-35.0
-20.0
-56.0
-24.0
-60.0
-52.0
-23.0
-44.0
-27.0
-43.0
-29.0
-57.0
-35.0
-41.0
-46.0
-43.0
-76.0
-7.0
-22.0
-21.0
-32.0
-50.0
-38.0
-29.0
-26.0
-41.0
-27.0
-22.0
0.0
-40.0
-10.0
-14.0
23.0
10.0
23.0
11.0
29.0
19.0
-2.0
73.0
59.0
66.0
60.0
39.0
65.0
6.0
43.0
50.0
35.0
40.0
15.0
26.0
30.0
27.0
31.0
30.0
7.0
46.0
42.0
5.0
31.0
28.0
3.0
-16.0
25.0
6.0
-16.0
8.0
2.0
-13.0
5.0
14.0
-18.0
-28.0
-11.0
-45.0
-17.0
-29.0
-45.0
-24.0
-13.0
2.0
-8.0
-38.0
-48.0
-4.0
3.0
-11.0
-16.0
-49.0
-17.0
-32.0
-69.0
-41.0
-24.0
-47.0
-63.0
-41.0
-48.0
-39.0
-43.0
-3.0
-39.0
-43.0
-48.0
-49.0
-74.0
-58.0
-76.0
-101.0
-11.0
-43.0
-44.0
-22.0
5.0
-15.0
-45.0
-48.0
-60.0
-58.0
-73.0
-46.0
-33.0
-55.0
-18.0
-49.0
-49.0
-33.0
-9.0
-43.0
-5.0
-58.0
5.0
-62.0
-20.0
-30.0
-40.0
-21.0
-39.0
-38.0
-45.0
-42.0
-44.0
-65.0
-63.0
-24.0
-22.0
-47.0
-91.0
-25.0
-37.0
-39.0
-53.0
-46.0
-24.0
-24.0
-61.0
-31.0
-38.0
-41.0
-76.0
-1.0
-51.0
-16.0
-35.0
-36.0
-28.0
-64.0
-17.0
-36.0
-48.0
-35.0
-12.0
-17.0
-36.0
-21.0
-18.0
-26.0
-50.0
-53.0
-20.0
-26.0
-33.0
-41.0
-54.0
-24.0
-32.0
-27.0
-11.0
-21.0
-19.0
5.0
-20.0
-45.0
-15.0
-46.0
-28.0
-73.0
-55.0
-36.0
-40.0
-54.0
-82.0
-17.0
-36.0
-64.0
-37.0
-42.0
-39.0
-50.0
-49.0
-48.0
-69.0
-56.0
-70.0
-41.0
-50.0
-49.0
-54.0
-90.0
-30.0
-53.0
-36.0
-44.0
-26.0
-39.0
-63.0
-63.0
-58.0
-59.0
-70.0
-44.0
-45.0
-33.0
10.0
-24.0
-46.0
-51.0
-42.0
-39.0
-44.0
-26.0
-18.0
2.0
1.0
-7.0
-22.0
-25.0
-26.0
-35.0
-52.0
11.0
9.0
49.0
33.0
39.0
27.0
54.0
44.0
35.0
35.0
50.0
102.0
76.0
58.0
103.0
76.0
29.0
68.0
36.0
43.0
35.0
36.0
50.0
43.0
35.0
52.0
17.0
43.0
2.0
2.0
10.0
1.0
0.0
33.0
-6.0
17.0
-10.0
-5.0
4.0
-32.0
9.0
20.0
-16.0
-7.0
-21.0
-20.0
-49.0
-23.0
-22.0
-30.0
-45.0
-32.0
-36.0
-22.0
-43.0
-46.0
-48.0
-44.0
-47.0
-42.0
-51.0
-56.0
-52.0
-70.0
-62.0
-58.0
-85.0
-86.0
-45.0
-77.0
-77.0
-78.0
-70.0
-76.0
-73.0
-71.0
-56.0
-62.0
-64.0
-82.0
-88.0
-43.0
-55.0
-72.0
-65.0
-78.0
-66.0
-76.0
-43.0
-53.0
-69.0
-57.0
-81.0
-70.0
-67.0
-70.0
-67.0
-54.0
-99.0
-61.0
-95.0
-21.0
-43.0
-41.0
-44.0
-52.0
-78.0
-17.0
-67.0
-39.0
-52.0
-72.0
-66.0
-57.0
-70.0
-52.0
-34.0
-45.0
-35.0
-40.0
-13.0
-16.0
-31.0
-22.0
-18.0
-27.0
-13.0
26.0
42.0
55.0
56.0
70.0
62.0
76.0
91.0
86.0
98.0
54.0
110.0
102.0
99.0
98.0
93.0
81.0
90.0
90.0
62.0
54.0
73.0
76.0
79.0
53.0
32.0
-35.0
50.0
-4.0
-2.0
-7.0
-12.0
-3.0
-8.0
-4.0
-27.0
-17.0
-26.0
-35.0
-21.0
-61.0
-4.0
-30.0
-16.0
-25.0
-49.0
-49.0
-55.0
-21.0
-15.0
-31.0
-37.0
-65.0
-17.0
-46.0
-49.0
-121.0
-24.0
-51.0
-56.0
-31.0
-58.0
-44.0
-53.0
-46.0
-36.0
-35.0
-43.0
-28.0
-35.0
-40.0
-51.0
-24.0
-55.0
-2.0
13.0
17.0
0.0
6.0
2.0
-32.0
-3.0
-12.0
-4.0
20.0
3.0
6.0
-11.0
-7.0
-32.0
15.0
-21.0
24.0
-2.0
6.0
-14.0
3.0
-26.0
-20.0
-48.0
-14.0
-53.0
-24.0
-22.0
-50.0
-70.0
-63.0
-92.0
-60.0
-50.0
-58.0
-79.0
-81.0
-53.0
-64.0
-65.0
-73.0
-82.0
-83.0
-78.0
-89.0
-43.0
-101.0
-74.0
-74.0
-100.0
-96.0
-133.0
-110.0
-95.0
-72.0
-76.0
-76.0
-81.0
-67.0
-82.0
-98.0
-83.0
-86.0
-124.0
-70.0
-83.0
-99.0
-78.0
-83.0
-109.0
-78.0
-73.0
-61.0
-57.0
-51.0
-43.0
-53.0
-65.0
-56.0
-111.0
-39.0
-64.0
-53.0
-76.0
-59.0
-51.0
-72.0
-82.0
-72.0
-77.0
-64.0
-71.0
-73.0
-70.0
-34.0
-41.0
-35.0
-20.0
-69.0
-31.0
-32.0
-28.0
-49.0
-46.0
-26.0
-48.0
-48.0
-27.0
-55.0
-45.0
-71.0
-16.0
-36.0
-38.0
-34.0
-68.0
-40.0
-15.0
-18.0
-22.0
-32.0
-53.0
-34.0
-23.0
-43.0
-60.0
-29.0
-15.0
-13.0
-26.0
-43.0
-33.0
-24.0
-27.0
-29.0
-35.0
-41.0
-23.0
-70.0
-45.0
-33.0
-32.0
-30.0
-48.0
-45.0
-53.0
-46.0
-63.0
-59.0
-39.0
-42.0
-55.0
-37.0
-40.0
-52.0
-43.0
-58.0
-28.0
-21.0
-36.0
-24.0
-40.0
-59.0
-8.0
-30.0
-36.0
-64.0
-13.0
-54.0
-43.0
-37.0
-25.0
-20.0
-32.0
-2.0
-43.0
4.0
-11.0
-13.0
-5.0
-6.0
-7.0
-43.0
8.0
15.0
11.0
97.0
92.0
110.0
117.0
142.0
133.0
152.0
176.0
156.0
177.0
181.0
167.0
172.0
151.0
170.0
111.0
188.0
171.0
175.0
138.0
125.0
91.0
102.0
80.0
76.0
77.0
74.0
43.0
68.0
5.0
53.0
23.0
4.0
1.0
-22.0
-11.0
-11.0
-28.0
-13.0
-44.0
-43.0
-49.0
-83.0
-20.0
-31.0
-43.0
-75.0
-11.0
-43.0
-2.0
-69.0
-54.0
-58.0
-68.0
-59.0
-62.0
-38.0
-50.0
-99.0
-26.0
-45.0
-61.0
-77.0
-63.0
-76.0
-48.0
-92.0
-84.0
-103.0
-115.0
-108.0
-106.0
-92.0
-127.0
-81.0
-85.0
-115.0
-122.0
-103.0
-95.0
-79.0
-64.0
-82.0
-74.0
-67.0
-118.0
-78.0
-76.0
-75.0
-51.0
-80.0
-68.0
-73.0
-82.0
-101.0
-33.0
-59.0
-61.0
-43.0
-13.0
-26.0
-49.0
-64.0
-69.0
-70.0
-45.0
-61.0
-43.0
-44.0
-51.0
-49.0
-70.0
-100.0
-43.0
-55.0
-46.0
-56.0
-64.0
-62.0
-69.0
-76.0
-89.0
-80.0
-80.0
-70.0
-76.0
-64.0
-65.0
-106.0
-32.0
-46.0
-54.0
-41.0
-49.0
-31.0
-13.0
-8.0
12.0
15.0
26.0
31.0
34.0
103.0
129.0
154.0
156.0
157.0
169.0
158.0
158.0
171.0
163.0
162.0
182.0
181.0
157.0
132.0
140.0
136.0
94.0
154.0
155.0
133.0
134.0
152.0
112.0
91.0
64.0
70.0
70.0
69.0
55.0
72.0
51.0
43.0
62.0
52.0
22.0
27.0
51.0
10.0
14.0
28.0
-4.0
5.0
15.0
-11.0
-4.0
-33.0
-11.0
-12.0
5.0
-31.0
-61.0
-25.0
-55.0
-30.0
-27.0
-47.0
-35.0
-34.0
-35.0
-48.0
-32.0
-54.0
-72.0
-76.0
-76.0
-49.0
-41.0
-51.0
-63.0
-76.0
-103.0
-72.0
-98.0
-33.0
-52.0
-55.0
-44.0
-39.0
-45.0
-64.0
-70.0
-60.0
-71.0
-63.0
-74.0
-79.0
-77.0
-92.0
-47.0
-82.0
-72.0
-54.0
-67.0
-61.0
-65.0
-70.0
-82.0
-95.0
-75.0
-88.0
-67.0
-79.0
-86.0
-61.0
-69.0
-72.0
-76.0
-80.0
-83.0
-52.0
-46.0
-76.0
-84.0
-52.0
-74.0
-71.0
-75.0
-81.0
-69.0
-40.0
-67.0
-65.0
-52.0
-55.0
-49.0
-82.0
-119.0
-56.0
-76.0
-86.0
-78.0
-92.0
-63.0
-51.0
-80.0
-72.0
-56.0
-59.0
-60.0
-74.0
-65.0
-59.0
-101.0
-42.0
-72.0
-100.0
-69.0
-90.0
-70.0
-65.0
-59.0
-72.0
-64.0
-70.0
-66.0
-65.0
-43.0
-48.0
-73.0
-78.0
-135.0
-68.0
-67.0
-92.0
-65.0
-63.0
-50.0
-44.0
-58.0
-77.0
-74.0
-74.0
-84.0
-111.0
-49.0
-53.0
-65.0
-59.0
-107.0
-67.0
-62.0
-61.0
-84.0
-55.0
-62.0
-47.0
-34.0
-31.0
-29.0
-17.0
-48.0
-25.0
-33.0
-18.0
-30.0
-30.0
-78.0
-11.0
-10.0
-35.0
-23.0
-29.0
-11.0
-24.0
-25.0
-39.0
-43.0
-14.0
-37.0
-26.0
-31.0
-48.0
-38.0
-48.0
-49.0
-31.0
-50.0
-40.0
-33.0
-38.0
-34.0
-51.0
-43.0
-35.0
-43.0
-46.0
-45.0
-36.0
-56.0
-62.0
-43.0
-56.0
-56.0
-79.0
-5.0
-25.0
-30.0
-30.0
-46.0
-40.0
-56.0
-39.0
-41.0
-51.0
-39.0
-27.0
-41.0
-24.0
-41.0
-65.0
-5.0
13.0
19.0
19.0
-10.0
-8.0
-11.0
36.0
36.0
65.0
105.0
114.0
140.0
130.0
156.0
150.0
166.0
141.0
182.0
157.0
156.0
144.0
117.0
160.0
146.0
136.0
105.0
115.0
140.0
110.0
95.0
102.0
130.0
108.0
109.0
78.0
57.0
78.0
45.0
43.0
13.0
-10.0
-16.0
22.0
-23.0
-22.0
-18.0
-10.0
-51.0
30.0
5.0
15.0
-13.0
-17.0
-27.0
-16.0
-20.0
-34.0
-34.0
-49.0
-7.0
7.0
-5.0
-14.0
-39.0
-10.0
-21.0
-42.0
-36.0
-17.0
-45.0
-56.0
-45.0
-34.0
-39.0
-70.0
-116.0
-27.0
-37.0
-42.0
-48.0
-64.0
-74.0
-89.0
-90.0
-92.0
-84.0
-93.0
-107.0
-99.0
-125.0
-77.0
-72.0
-65.0
-97.0
-109.0
-110.0
-96.0
-121.0
-115.0
-102.0
-97.0
-84.0
-90.0
-101.0
-70.0
-81.0
-126.0
-62.0
-65.0
-74.0
-81.0
-90.0
-86.0
-62.0
-50.0
-76.0
-77.0
-53.0
-55.0
-77.0
-44.0
-48.0
-83.0
-103.0
-44.0
-44.0
-73.0
-54.0
-60.0
-55.0
-54.0
-36.0
-46.0
-48.0
-58.0
-46.0
-61.0
-48.0
-51.0
-40.0
-34.0
-31.0
-24.0
-48.0
-25.0
-20.0
-36.0
-17.0
-76.0
-29.0
-59.0
-69.0
-69.0
-58.0
-61.0
-56.0
-45.0
-49.0
-45.0
-40.0
-74.0
-83.0
-59.0
-63.0
-77.0
-93.0
-83.0
-79.0
-85.0
-74.0
-139.0
-31.0
-59.0
-62.0
-39.0
-52.0
-40.0
-44.0
-48.0
-49.0
-81.0
-32.0
-40.0
-42.0
-28.0
-26.0
13.0
-35.0
-24.0
-9.0
-24.0
-55.0
-59.0
-19.0
-29.0
-54.0
-45.0
-30.0
-13.0
-46.0
-37.0
-51.0
-22.0
-23.0
-30.0
-59.0
-45.0
-64.0
-51.0
-42.0
-54.0
-50.0
-35.0
-31.0
-33.0
-3.0
-6.0
-35.0
13.0
-19.0
-24.0
-40.0
-54.0
-51.0
-38.0
-34.0
-51.0
-33.0
-27.0
-24.0
-25.0
-29.0
-6.0
-49.0
-43.0
-37.0
-30.0
-25.0
-54.0
-63.0
-37.0
-52.0
-42.0
-16.0
-27.0
-26.0
-38.0
-22.0
-29.0
-55.0
-53.0
-47.0
-33.0
-41.0
-68.0
-32.0
-49.0
-33.0
-45.0
-42.0
-32.0
-13.0
-26.0
-71.0
-1.0
-14.0
-31.0
-32.0
-35.0
-36.0
-42.0
-71.0
-35.0
-30.0
-38.0
-36.0
-25.0
-16.0
-13.0
-7.0
16.0
2.0
1.0
-20.0
-28.0
-26.0
-35.0
-27.0
-27.0
-24.0
-21.0
-12.0
1.0
5.0
1.0
37.0
91.0
88.0
102.0
129.0
114.0
138.0
146.0
148.0
138.0
165.0
159.0
161.0
188.0
136.0
159.0
197.0
177.0
166.0
142.0
99.0
84.0
96.0
72.0
46.0
43.0
55.0
16.0
36.0
34.0
9.0
21.0
-14.0
-14.0
-10.0
-25.0
-33.0
-50.0
-13.0
-18.0
-30.0
-52.0
-80.0
-64.0
-74.0
-48.0
-52.0
-41.0
-35.0
-52.0
-38.0
-43.0
-47.0
-67.0
-81.0
-45.0
-44.0
-50.0
-70.0
-60.0
-74.0
-64.0
-66.0
-30.0
-33.0
-33.0
-39.0
-44.0
-54.0
-61.0
-51.0
-39.0
-32.0
-38.0
-53.0
-60.0
-77.0
-84.0
-81.0
-70.0
-87.0
-73.0
-31.0
-45.0
-68.0
-82.0
-60.0
-69.0
-55.0
-76.0
-70.0
-79.0
-86.0
-98.0
-61.0
-70.0
-67.0
-89.0
-31.0
-65.0
-40.0
-25.0
-41.0
-39.0
-34.0
-23.0
-33.0
-13.0
-26.0
-23.0
-13.0
-10.0
-8.0
-25.0
-19.0
-31.0
-15.0
-52.0
7.0
-36.0
-61.0
-31.0
-53.0
-28.0
-46.0
-54.0
-49.0
-45.0
-49.0
-56.0
-55.0
-66.0
-67.0
-67.0
-50.0
-54.0
-67.0
-74.0
-71.0
-70.0
-102.0
-56.0
-48.0
-52.0
-60.0
-58.0
-68.0
-60.0
-78.0
-31.0
-54.0
-53.0
-55.0
-79.0
-62.0
-60.0
-72.0
-35.0
-91.0
-31.0
-33.0
-27.0
-26.0
-18.0
-15.0
-30.0
-48.0
-46.0
-46.0
-54.0
-39.0
-59.0
-17.0
-10.0
-59.0
-50.0
-51.0
-70.0
-49.0
-8.0
-21.0
-15.0
-21.0
-39.0
-34.0
-43.0
-36.0
-30.0
-21.0
-15.0
-19.0
-10.0
-21.0
-53.0
-8.0
-32.0
-75.0
-16.0
-44.0
-51.0
-25.0
-26.0
-21.0
-54.0
-33.0
-18.0
-5.0
25.0
52.0
70.0
48.0
63.0
81.0
128.0
134.0
172.0
172.0
190.0
206.0
173.0
244.0
211.0
211.0
204.0
198.0
204.0
196.0
184.0
174.0
189.0
150.0
144.0
143.0
116.0
125.0
118.0
156.0
130.0
112.0
117.0
90.0
62.0
37.0
55.0
39.0
44.0
35.0
28.0
39.0
26.0
18.0
11.0
-10.0
31.0
-3.0
3.0
-7.0
-10.0
-24.0
-13.0
-20.0
-12.0
-32.0
-22.0
-13.0
-41.0
-31.0
-37.0
-83.0
-68.0
-48.0
-69.0
-79.0
-90.0
-54.0
-62.0
-101.0
-97.0
-117.0
-104.0
-102.0
-97.0
-61.0
-63.0
-74.0
-105.0
-62.0
-82.0
-74.0
-67.0
-54.0
-43.0
-57.0
-103.0
-49.0
-70.0
-69.0
-69.0
-58.0
-40.0
-71.0
-55.0
-2.0
-30.0
13.0
4.0
16.0
5.0
7.0
10.0
18.0
17.0
30.0
7.0
-1.0
30.0
13.0
38.0
-63.0
82.0
28.0
18.0
56.0
11.0
-3.0
15.0
6.0
-24.0
2.0
-22.0
-25.0
-40.0
-16.0
-31.0
-27.0
-41.0
-7.0
-30.0
-14.0
-36.0
-48.0
-52.0
-61.0
-49.0
-44.0
-65.0
-61.0
-55.0
-88.0
-65.0
-72.0
-64.0
-40.0
-45.0
-46.0
-32.0
-42.0
-89.0
-125.0
-98.0
-92.0
-103.0
-93.0
-93.0
-102.0
-90.0
-100.0
-116.0
-122.0
-92.0
-85.0
-97.0
-115.0
-108.0
-120.0
-119.0
-138.0
-150.0
-123.0
-100.0
-114.0
-93.0
-129.0
-58.0
-65.0
-95.0
-79.0
-64.0
-76.0
-70.0
-74.0
-64.0
-71.0
-69.0
-75.0
-99.0
-103.0
-58.0
-91.0
-66.0
-67.0
-84.0
-98.0
-79.0
-119.0
-89.0
-98.0
-91.0
-102.0
-99.0
-79.0
-117.0
-96.0
-74.0
-66.0
-89.0
-56.0
-33.0
-67.0
-90.0
-89.0
-107.0
-51.0
-62.0
-63.0
-34.0
-48.0
-42.0
-54.0
-54.0
-55.0
-17.0
-23.0
-43.0
-51.0
-35.0
-39.0
-34.0
-60.0
-81.0
-12.0
-27.0
-16.0
-25.0
-50.0
-17.0
-42.0
-33.0
-33.0
-46.0
-41.0
-23.0
-24.0
-33.0
-30.0
-27.0
-84.0
-21.0
-20.0
-13.0
-33.0
-41.0
-36.0
-33.0
-16.0
-27.0
-49.0
-61.0
-48.0
-48.0
-55.0
-34.0
-31.0
-33.0
-91.0
-24.0
-34.0
-31.0
-38.0
-23.0
-30.0
-14.0
-16.0
-13.0
-45.0
-36.0
-54.0
-44.0
-30.0
-26.0
-9.0
-17.0
-13.0
11.0
33.0
-2.0
69.0
24.0
67.0
68.0
89.0
126.0
143.0
180.0
158.0
168.0
176.0
204.0
174.0
211.0
194.0
222.0
219.0
159.0
217.0
190.0
166.0
157.0
173.0
147.0
90.0
156.0
121.0
102.0
100.0
14.0
84.0
48.0
23.0
26.0
7.0
-11.0
-29.0
-10.0
-33.0
-37.0
-13.0
-33.0
-31.0
-58.0
-20.0
-9.0
-31.0
-33.0
-37.0
-44.0
-30.0
-43.0
-36.0
-21.0
-21.0
-24.0
-45.0
-115.0
-23.0
-40.0
-48.0
1.0
-17.0
3.0
-8.0
-7.0
3.0
-2.0
0.0
-3.0
5.0
-15.0
-7.0
-43.0
-15.0
21.0
1.0
-30.0
-46.0
-22.0
-37.0
-32.0
-61.0
-79.0
-90.0
-73.0
-55.0
-93.0
-49.0
-97.0
-38.0
-59.0
-64.0
-70.0
-31.0
-46.0
-37.0
-63.0
-41.0
-62.0
-44.0
-50.0
-69.0
-61.0
-74.0
-97.0
-77.0
-85.0
-87.0
-110.0
-109.0
-74.0
-61.0
-51.0
-40.0
-65.0
-73.0
-84.0
-112.0
-125.0
-131.0
-97.0
-70.0
-79.0
-103.0
-42.0
-76.0
-74.0
-100.0
-86.0
-73.0
-67.0
-89.0
-89.0
-71.0
-74.0
-97.0
-82.0
-60.0
-91.0
-77.0
-73.0
-62.0
-64.0
-43.0
-52.0
-72.0
-62.0
-83.0
-108.0
-97.0
-100.0
-86.0
-77.0
-39.0
-58.0
-76.0
-75.0
-64.0
-60.0
-78.0
-48.0
-54.0
-82.0
-74.0
-90.0
-88.0
-104.0
-59.0
-86.0
-92.0
-68.0
-64.0
-43.0
-39.0
-51.0
-52.0
-81.0
-42.0
-24.0
-25.0
-48.0
-60.0
-58.0
-81.0
-64.0
-69.0
-67.0
-86.0
-71.0
-89.0
-50.0
-36.0
-32.0
-36.0
-67.0
-79.0
-77.0
-83.0
-60.0
-52.0
-44.0
-25.0
-18.0
-34.0
-39.0
-76.0
13.0
-33.0
-27.0
-29.0
-37.0
-26.0
-34.0
-33.0
-46.0
-35.0
-44.0
-20.0
-55.0
-36.0
-35.0
-11.0
-4.0
-15.0
-60.0
-32.0
-25.0
-58.0
-7.0
-29.0
-36.0
-51.0
-37.0
-16.0
-2.0
-7.0
-10.0
-6.0
-22.0
0.0
-22.0
-63.0
-26.0
-18.0
-33.0
-3.0
3.0
-4.0
-4.0
3.0
21.0
12.0
10.0
-1.0
9.0
-15.0
-4.0
3.0
-59.0
48.0
-26.0
-7.0
-36.0
-26.0
4.0
-13.0
-10.0
-33.0
-28.0
-17.0
-5.0
-25.0
-46.0
-54.0
-61.0
-61.0
-39.0
-53.0
-60.0
-58.0
-81.0
-38.0
-40.0
-74.0
-16.0
-16.0
-41.0
-44.0
-43.0
-34.0
-46.0
-41.0
-41.0
-40.0
-33.0
-54.0
-39.0
-41.0
-33.0
-20.0
-46.0
-58.0
-60.0
-55.0
-55.0
-113.0
-6.0
-41.0
-49.0
-58.0
-55.0
-47.0
-40.0
-31.0
-24.0
-42.0
-44.0
-45.0
-45.0
-43.0
-39.0
-11.0
-14.0
12.0
-51.0
13.0
-14.0
-7.0
-13.0
-27.0
20.0
-8.0
-26.0
-26.0
-25.0
-36.0
-47.0
-23.0
-23.0
-2.0
-11.0
-8.0
-16.0
-2.0
-51.0
-17.0
-10.0
-26.0
18.0
11.0
-5.0
11.0
11.0
13.0
14.0
27.0
44.0
60.0
77.0
127.0
141.0
132.0
158.0
167.0
196.0
211.0
218.0
233.0
235.0
245.0
234.0
232.0
285.0
230.0
228.0
228.0
194.0
188.0
202.0
146.0
178.0
167.0
134.0
154.0
126.0
128.0
92.0
77.0
114.0
95.0
79.0
72.0
53.0
55.0
40.0
40.0
35.0
21.0
23.0
29.0
28.0
18.0
19.0
39.0
8.0
-3.0
-8.0
29.0
31.0
14.0
23.0
21.0
-9.0
-10.0
-24.0
-42.0
-42.0
-40.0
-29.0
-16.0
-29.0
-51.0
-45.0
-46.0
-60.0
-74.0
-63.0
-63.0
-91.0
-42.0
-53.0
-85.0
-98.0
-88.0
-118.0
-117.0
-72.0
-93.0
-67.0
-82.0
-73.0
-76.0
-93.0
-109.0
-137.0
-101.0
-80.0
-92.0
-106.0
-100.0
-116.0
-112.0
-96.0
-106.0
-104.0
-90.0
-80.0
-96.0
-104.0
-110.0
-101.0
-124.0
-118.0
-97.0
-100.0
-114.0
-88.0
-71.0
-72.0
-101.0
-71.0
-81.0
-90.0
-79.0
-89.0
-91.0
-97.0
-114.0
-74.0
-99.0
-72.0
-59.0
-55.0
-54.0
-72.0
-69.0
-121.0
-78.0
-69.0
-70.0
-62.0
-60.0
-57.0
-63.0
-86.0
-83.0
-106.0
-106.0
-118.0
-82.0
-57.0
-56.0
-108.0
-58.0
-91.0
-100.0
-99.0
-77.0
-65.0
-59.0
-72.0
-61.0
-56.0
-63.0
-82.0
-88.0
-48.0
-46.0
-37.0
-10.0
-31.0
-56.0
-43.0
-68.0
-45.0
-70.0
-69.0
-52.0
-42.0
-39.0
-40.0
-91.0
-10.0
-58.0
-51.0
-80.0
3.0
-35.0
-20.0
-24.0
-33.0
-54.0
-53.0
-37.0
-32.0
-18.0
-13.0
4.0
-8.0
-33.0
-33.0
-39.0
15.0
-1.0
13.0
12.0
15.0
22.0
31.0
23.0
46.0
54.0
45.0
42.0
43.0
34.0
40.0
36.0
46.0
16.0
37.0
53.0
86.0
62.0
34.0
62.0
43.0
52.0
50.0
49.0
53.0
4.0
24.0
26.0
19.0
21.0
34.0
-6.0
8.0
16.0
-14.0
-14.0
-56.0
2.0
-19.0
-19.0
-17.0
-17.0
-34.0
-47.0
-12.0
-20.0
-36.0
-44.0
-45.0
-52.0
-64.0
-86.0
-48.0
-71.0
-56.0
-49.0
-61.0
-76.0
-68.0
-57.0
-73.0
-65.0
-95.0
-90.0
-89.0
-103.0
-98.0
-93.0
-115.0
-84.0
-92.0
-92.0
-134.0
-82.0
-63.0
-67.0
-71.0
-77.0
-98.0
-57.0
-92.0
-75.0
-80.0
-69.0
-78.0
-74.0
-85.0
-95.0
-99.0
-90.0
-81.0
-96.0
-74.0
-63.0
-52.0
-55.0
-72.0
-22.0
-62.0
-66.0
-81.0
-56.0
-53.0
-39.0
-35.0
-51.0
-61.0
-50.0
-50.0
-27.0
-41.0
-37.0
-70.0
-45.0
-44.0
-58.0
-43.0
-46.0
-40.0
-30.0
-45.0
-63.0
-50.0
-50.0
-76.0
-62.0
-59.0
-32.0
-46.0
-48.0
-51.0
-40.0
-23.0
-22.0
-15.0
-26.0
-37.0
-49.0
-39.0
-59.0
-57.0
-66.0
-67.0
-64.0
-75.0
-54.0
-61.0
-61.0
-52.0
-42.0
-34.0
-60.0
-33.0
-40.0
-48.0
-41.0
-49.0
-35.0
-57.0
-54.0
-44.0
-43.0
-35.0
-30.0
-18.0
-24.0
-21.0
2.0
-7.0
-15.0
-18.0
-16.0
-27.0
-17.0
-26.0
-12.0
-25.0
24.0
39.0
26.0
96.0
78.0
126.0
134.0
138.0
118.0
152.0
155.0
155.0
161.0
154.0
151.0
166.0
148.0
153.0
154.0
117.0
121.0
174.0
152.0
138.0
121.0
101.0
95.0
62.0
60.0
50.0
50.0
45.0
43.0
22.0
23.0
-10.0
15.0
-8.0
-22.0
-4.0
16.0
18.0
-11.0
-38.0
-37.0
-43.0
-39.0
-32.0
-45.0
-29.0
-36.0
-45.0
-45.0
-50.0
-45.0
-64.0
-52.0
-48.0
-30.0
-56.0
-50.0
-60.0
-72.0
-29.0
-61.0
-61.0
-64.0
-59.0
-89.0
-68.0
-58.0
-31.0
-53.0
-62.0
-54.0
-76.0
-87.0
-93.0
-70.0
-88.0
-102.0
-88.0
-108.0
-116.0
-118.0
-89.0
-133.0
-55.0
-72.0
-65.0
-70.0
-91.0
-70.0
-86.0
-77.0
-64.0
-76.0
-51.0
-81.0
-81.0
-44.0
-50.0
-58.0
-63.0
-82.0
-64.0
-80.0
-74.0
-96.0
-83.0
-105.0
-44.0
-69.0
-76.0
-73.0
-69.0
-59.0
-61.0
-40.0
-47.0
-67.0
-55.0
-48.0
-50.0
-44.0
-36.0
-61.0
-53.0
-49.0
-42.0
-49.0
-64.0
-66.0
-102.0
-24.0
-70.0
-45.0
-74.0
-40.0
-63.0
-68.0
-63.0
-56.0
-60.0
-51.0
-44.0
-62.0
-29.0
-47.0
-27.0
-41.0
-56.0
-41.0
-48.0
-6.0
-43.0
-44.0
-49.0
-33.0
-15.0
-44.0
-22.0
-50.0
-46.0
-29.0
-26.0
-24.0
-39.0
-53.0
-21.0
-13.0
-43.0
7.0
-26.0
-42.0
-20.0
-34.0
-39.0
-22.0
-38.0
-11.0
-39.0
-14.0
-4.0
-15.0
18.0
27.0
24.0
37.0
24.0
20.0
15.0
-13.0
49.0
44.0
31.0
27.0
27.0
38.0
53.0
53.0
61.0
51.0
49.0
48.0
13.0
49.0
45.0
49.0
26.0
22.0
-4.0
64.0
26.0
-6.0
2.0
-6.0
-3.0
-6.0
-23.0
8.0
7.0
-6.0
10.0
-13.0
-25.0
-26.0
-25.0
-26.0
-24.0
-14.0
-57.0
-14.0
-25.0
-40.0
-1.0
-17.0
-26.0
-23.0
-36.0
-28.0
-46.0
-46.0
-67.0
-37.0
-44.0
-47.0
-36.0
-52.0
-21.0
-37.0
-18.0
-15.0
-21.0
-47.0
-6.0
-5.0
-43.0
-34.0
-32.0
-30.0
-36.0
-24.0
2.0
-18.0
3.0
-24.0
-8.0
6.0
15.0
11.0
-7.0
3.0
-11.0
7.0
5.0
-10.0
7.0
-43.0
40.0
11.0
1.0
-3.0
3.0
35.0
1.0
3.0
18.0
6.0
-4.0
-9.0
-27.0
-13.0
-25.0
-11.0
-22.0
-15.0
-52.0
7.0
-11.0
-13.0
-6.0
-42.0
-34.0
-64.0
-28.0
-22.0
-50.0
-40.0
-41.0
-45.0
-61.0
-76.0
-74.0
-78.0
-30.0
-48.0
-52.0
-29.0
-78.0
-43.0
-68.0
-36.0
-49.0
-41.0
-41.0
-20.0
-35.0
-49.0
-28.0
-49.0
-64.0
-44.0
-43.0
-38.0
-42.0
-41.0
-42.0
-40.0
-36.0
-43.0
-52.0
-46.0
-41.0
-55.0
-45.0
-40.0
-40.0
-33.0
-32.0
-55.0
-49.0
-24.0
-34.0
-47.0
-45.0
-62.0
-69.0
-33.0
-57.0
-59.0
-22.0
-55.0
-48.0
-55.0
-52.0
-54.0
-38.0
-41.0
-41.0
-44.0
-68.0
-41.0
-21.0
-37.0
-40.0
-20.0
-46.0
-41.0
-46.0
-34.0
-46.0
-32.0
-47.0
-23.0
-35.0
-42.0
-36.0
-34.0
-43.0
-58.0
-31.0
-67.0
-39.0
-29.0
-46.0
-36.0
-32.0
-37.0
-19.0
-25.0
-23.0
-27.0
-26.0
-32.0
-2.0
-63.0
5.0
-17.0
-20.0
-32.0
-1.0
-14.0
-12.0
-26.0
-26.0
-5.0
-14.0
-11.0
-4.0
5.0
-2.0
32.0
21.0
31.0
25.0
78.0
53.0
49.0
52.0
59.0
63.0
54.0
82.0
26.0
54.0
60.0
43.0
11.0
64.0
12.0
31.0
-17.0
28.0
6.0
-1.0
-40.0
15.0
-21.0
-2.0
13.0
-3.0
10.0
-3.0
-5.0
-16.0
-25.0
-37.0
-40.0
16.0
-22.0
-6.0
-11.0
10.0
-2.0
0.0
-14.0
11.0
-12.0
-7.0
-25.0
-30.0
-41.0
-42.0
-35.0
-103.0
18.0
-32.0
-36.0
-10.0
-46.0
-30.0
-37.0
-18.0
-15.0
-52.0
-8.0
-28.0
-29.0
-58.0
-35.0
-27.0
-33.0
-55.0
-18.0
-22.0
-27.0
-39.0
-46.0
-23.0
-43.0
-46.0
-13.0
-33.0
-68.0
-37.0
-24.0
-40.0
-53.0
-73.0
-12.0
-46.0
-49.0
-42.0
-32.0
-47.0
-14.0
-50.0
-54.0
-1.0
-40.0
-47.0
-7.0
-44.0
-25.0
-37.0
-41.0
-41.0
-27.0
-48.0
-28.0
-67.0
-25.0
-76.0
-30.0
-26.0
-18.0
-20.0
-12.0
-24.0
-34.0
-27.0
-33.0
-61.0
-34.0
-41.0
-42.0
-41.0
-11.0
-63.0
-29.0
-34.0
-29.0
-29.0
-45.0
-57.0
-58.0
-92.0
-8.0
-53.0
-12.0
-16.0
-21.0
-24.0
-15.0
-15.0
-25.0
-14.0
-11.0
-8.0
-12.0
-4.0
-34.0
4.0
-13.0
-3.0
-17.0
-8.0
17.0
5.0
6.0
44.0
41.0
54.0
36.0
52.0
14.0
19.0
47.0
15.0
77.0
73.0
79.0
61.0
6.0
64.0
74.0
29.0
40.0
17.0
21.0
25.0
22.0
5.0
-20.0
-2.0
-3.0
-15.0
2.0
-43.0
-15.0
-17.0
-13.0
-35.0
-34.0
-25.0
-34.0
-21.0
-17.0
-17.0
-55.0
-11.0
-25.0
-50.0
-20.0
-42.0
-31.0
-37.0
-51.0
-32.0
-15.0
-50.0
-31.0
-23.0
-30.0
-35.0
-45.0
-49.0
-55.0
-12.0
-11.0
-7.0
-26.0
-12.0
-37.0
-17.0
-22.0
-33.0
-46.0
-55.0
-40.0
-56.0
-37.0
-15.0
-58.0
-24.0
-30.0
-24.0
-13.0
-34.0
-60.0
3.0
-34.0
-13.0
-17.0
9.0
6.0
-10.0
-24.0
-20.0
-46.0
2.0
-11.0
-17.0
-13.0
-14.0
-25.0
-13.0
-7.0
-34.0
-36.0
-72.0
-1.0
-17.0
2.0
-31.0
-19.0
-25.0
-41.0
-29.0
-13.0
-30.0
-27.0
-7.0
-14.0
-35.0
-19.0
-24.0
-30.0
-7.0
-20.0
-6.0
-2.0
-6.0
-6.0
2.0
-1.0
-49.0
12.0
-21.0
-21.0
-17.0
-18.0
-26.0
-29.0
-42.0
-12.0
-35.0
-27.0
-34.0
-51.0
-42.0
-34.0
-32.0
-34.0
-45.0
-17.0
-35.0
-62.0
-8.0
-21.0
-32.0
-103.0
-14.0
-38.0
-35.0
-50.0
-39.0
-25.0
-44.0
-54.0
-38.0
-33.0
-63.0
-12.0
-20.0
-40.0
-18.0
-37.0
-26.0
-9.0
-17.0
-65.0
-4.0
-26.0
-49.0
-64.0
-32.0
-39.0
-32.0
-26.0
-32.0
-37.0
-25.0
-21.0
-40.0
-22.0
-6.0
-35.0
-18.0
-20.0
-26.0
-26.0
-20.0
-62.0
4.0
-42.0
-6.0
-42.0
-32.0
-39.0
-46.0
-61.0
-37.0
-12.0
-29.0
-28.0
-14.0
-62.0
-30.0
-41.0
-42.0
-18.0
-28.0
-23.0
-33.0
-68.0
-43.0
-49.0
-32.0
-51.0
-27.0
-29.0
19.0
-6.0
-3.0
-3.0
-20.0
-6.0
-2.0
0.0
1.0
-16.0
1.0
-15.0
-33.0
-26.0
-12.0
-10.0
-2.0
-12.0
-54.0
29.0
11.0
-16.0
-21.0
-22.0
-41.0
-30.0
-89.0
-22.0
-21.0
-18.0
-20.0
-26.0
-27.0
-33.0
-32.0
-46.0
-28.0
-47.0
-40.0
-38.0
-30.0
-12.0
-52.0
-25.0
-43.0
-41.0
-37.0
-59.0
-42.0
-40.0
-38.0
-46.0
-78.0
-36.0
-32.0
-52.0
-42.0
-27.0
-37.0
4.0
1.0
-23.0
-20.0
-24.0
-48.0
-45.0
-37.0
-49.0
3.0
-30.0
5.0
-22.0
-18.0
-18.0
-19.0
-22.0
-10.0
-23.0
-17.0
-34.0
-15.0
-31.0
-25.0
-34.0
-36.0
-67.0
-5.0
-27.0
-21.0
-15.0
-38.0
-18.0
-37.0
-21.0
-14.0
-25.0
-40.0
-27.0
-40.0
-48.0
-57.0
-36.0
-32.0
-52.0
-44.0
-50.0
-46.0
-55.0
-41.0
-53.0
-53.0
-58.0
-43.0
-53.0
-49.0
-20.0
-29.0
-76.0
-21.0
-35.0
-35.0
-33.0
-51.0
-30.0
-33.0
-48.0
-33.0
-17.0
-3.0
-14.0
-29.0
-30.0
-39.0
-44.0
-38.0
-57.0
-54.0
-31.0
-31.0
-48.0
-19.0
-79.0
-8.0
-47.0
-52.0
-33.0
-56.0
-13.0
-15.0
-3.0
6.0
-2.0
-21.0
-6.0
-13.0
1.0
14.0
-10.0
0.0
-5.0
-15.0
-27.0
-48.0
-17.0
-24.0
-18.0
-29.0
-41.0
-30.0
-29.0
-26.0
-15.0
-25.0
-23.0
-20.0
-33.0
-79.0
19.0
-3.0
2.0
-15.0
-24.0
-29.0
-8.0
-16.0
-24.0
-23.0
-11.0
-20.0
-23.0
-24.0
-10.0
-13.0
-48.0
-27.0
-39.0
-30.0
-49.0
-27.0
-41.0
-42.0
-40.0
-55.0
-15.0
-39.0
-30.0
-34.0
-35.0
-58.0
13.0
-38.0
-21.0
-11.0
-48.0
-50.0
-17.0
-13.0
-11.0
-2.0
16.0
8.0
11.0
3.0
41.0
21.0
31.0
14.0
15.0
10.0
59.0
19.0
33.0
17.0
68.0
11.0
50.0
39.0
23.0
35.0
29.0
35.0
22.0
32.0
31.0
38.0
27.0
-3.0
-8.0
36.0
22.0
5.0
4.0
15.0
-13.0
12.0
4.0
7.0
13.0
-13.0
-48.0
-32.0
-21.0
-22.0
-30.0
-22.0
-15.0
-33.0
-15.0
-18.0
-71.0
0.0
-48.0
-46.0
-20.0
-48.0
-68.0
-43.0
-31.0
-35.0
-25.0
-23.0
-21.0
-45.0
-20.0
-35.0
-21.0
-18.0
-26.0
-39.0
-40.0
-27.0
-27.0
-34.0
-73.0
-6.0
-19.0
-37.0
-34.0
-13.0
-9.0
-40.0
-60.0
-46.0
-45.0
-45.0
-110.0
-12.0
-42.0
-19.0
-55.0
-55.0
-44.0
-28.0
-15.0
-55.0
-15.0
-26.0
-36.0
-26.0
-60.0
-14.0
-44.0
-25.0
-39.0
-25.0
-50.0
-53.0
-4.0
-25.0
-14.0
-46.0
-30.0
-42.0
-44.0
-54.0
-17.0
-39.0
-56.0
-59.0
-24.0
-14.0
-8.0
-37.0
-14.0
-21.0
-33.0
-42.0
-67.0
-28.0
-22.0
-25.0
-22.0
-26.0
-31.0
-31.0
-33.0
-46.0
-15.0
-23.0
-30.0
-33.0
6.0
-18.0
-34.0
-46.0
-31.0
-29.0
-37.0
-34.0
-33.0
-31.0
-15.0
-11.0
-4.0
13.0
-11.0
-15.0
18.0
1.0
27.0
16.0
31.0
17.0
24.0
33.0
74.0
46.0
37.0
74.0
50.0
51.0
47.0
33.0
27.0
8.0
7.0
14.0
-30.0
27.0
14.0
14.0
31.0
-10.0
24.0
7.0
-24.0
20.0
-34.0
-27.0
-60.0
-56.0
-31.0
-71.0
-21.0
-20.0
-1.0
-32.0
-37.0
-47.0
-35.0
-30.0
-26.0
-38.0
-48.0
-46.0
-74.0
-30.0
-46.0
-63.0
-26.0
-33.0
-32.0
-22.0
-32.0
-20.0
-38.0
-51.0
-47.0
-36.0
-46.0
-22.0
-30.0
-55.0
-25.0
-47.0
-33.0
-68.0
-12.0
-16.0
-40.0
-32.0
-37.0
-39.0
-47.0
-53.0
-56.0
-48.0
-61.0
-53.0
-62.0
-26.0
-40.0
-21.0
-31.0
-32.0
-39.0
-47.0
-47.0
-43.0
-52.0
-40.0
-23.0
-49.0
-24.0
-45.0
-54.0
-92.0
-13.0
-28.0
-32.0
-40.0
-30.0
-21.0
-30.0
-6.0
7.0
-21.0
-11.0
-9.0
-7.0
-14.0
-9.0
20.0
-15.0
1.0
15.0
-5.0
-22.0
-3.0
-6.0
-6.0
-7.0
-28.0
-18.0
-21.0
-40.0
-58.0
-22.0
-22.0
-3.0
14.0
-8.0
8.0
2.0
-7.0
-16.0
-23.0
-22.0
-25.0
-14.0
6.0
6.0
3.0
-31.0
6.0
-29.0
-12.0
-57.0
-41.0
-27.0
-4.0
-9.0
-13.0
-8.0
-8.0
-12.0
-33.0
50.0
-19.0
33.0
14.0
8.0
-27.0
-21.0
-27.0
8.0
27.0
14.0
34.0
52.0
55.0
64.0
46.0
41.0
69.0
87.0
81.0
99.0
96.0
85.0
96.0
102.0
50.0
131.0
105.0
92.0
112.0
131.0
102.0
80.0
61.0
55.0
59.0
46.0
13.0
11.0
27.0
5.0
-22.0
17.0
12.0
-15.0
-44.0
16.0
-14.0
-33.0
-23.0
-39.0
-5.0
-14.0
-32.0
-59.0
-60.0
-54.0
-48.0
-32.0
-40.0
-36.0
-31.0
-40.0
-48.0
-60.0
-96.0
-27.0
-14.0
-33.0
-55.0
-34.0
-33.0
-52.0
-62.0
-69.0
-58.0
-64.0
-73.0
-76.0
-92.0
-84.0
-80.0
-75.0
-52.0
-91.0
-83.0
-69.0
-74.0
-82.0
-62.0
-71.0
-65.0
-56.0
-65.0
-61.0
-43.0
-34.0
-59.0
-51.0
-59.0
-24.0
-42.0
-39.0
-44.0
-26.0
-62.0
-51.0
-62.0
-41.0
-40.0
-29.0
-34.0
-1.0
-2.0
8.0
6.0
2.0
13.0
17.0
21.0
29.0
53.0
67.0
45.0
29.0
20.0
27.0
4.0
62.0
42.0
41.0
39.0
84.0
30.0
41.0
37.0
30.0
34.0
45.0
4.0
77.0
44.0
21.0
14.0
51.0
24.0
35.0
-1.0
7.0
10.0
-3.0
-6.0
17.0
-4.0
23.0
-21.0
7.0
-1.0
30.0
18.0
24.0
-13.0
-35.0
-11.0
-44.0
-28.0
-27.0
-33.0
-14.0
-20.0
-25.0
-67.0
-6.0
-55.0
-63.0
-60.0
-40.0
-53.0
-46.0
-43.0
-62.0
-51.0
-41.0
-60.0
-54.0
-63.0
-68.0
-84.0
-69.0
-76.0
-70.0
-68.0
-47.0
-73.0
-48.0
-70.0
-51.0
-50.0
-59.0
-65.0
-43.0
-42.0
-41.0
-50.0
-67.0
-73.0
-30.0
-40.0
-41.0
-50.0
-53.0
-31.0
-77.0
-48.0
-71.0
-52.0
-37.0
-60.0
-36.0
-48.0
-48.0
-27.0
-63.0
-60.0
-54.0
-67.0
-58.0
-98.0
-25.0
-41.0
-67.0
-53.0
-34.0
-62.0
-44.0
-41.0
-41.0
-42.0
-41.0
-34.0
-26.0
-14.0
-8.0
-25.0
-24.0
-50.0
-39.0
3.0
-24.0
-29.0
-20.0
-7.0
-12.0
28.0
13.0
20.0
1.0
20.0
25.0
37.0
45.0
46.0
73.0
65.0
99.0
46.0
109.0
46.0
87.0
113.0
100.0
104.0
108.0
101.0
96.0
84.0
81.0
33.0
82.0
69.0
60.0
41.0
-13.0
3.0
8.0
26.0
40.0
27.0
-12.0
17.0
-12.0
-14.0
-4.0
-31.0
-58.0
-4.0
-16.0
-33.0
-44.0
-71.0
-17.0
-57.0
-40.0
-42.0
-13.0
-22.0
-36.0
-45.0
-49.0
-78.0
-52.0
-61.0
-37.0
-56.0
-50.0
-48.0
-69.0
-43.0
-69.0
-53.0
-83.0
10.0
-48.0
-26.0
-65.0
-44.0
-43.0
-58.0
-72.0
-47.0
-56.0
-58.0
-52.0
-47.0
-62.0
-83.0
-89.0
-72.0
-33.0
-69.0
-36.0
-17.0
-44.0
-61.0
-55.0
-42.0
-65.0
-70.0
-35.0
-43.0
-43.0
-46.0
-51.0
-55.0
-100.0
-36.0
-70.0
-67.0
-91.0
-29.0
-40.0
-53.0
-46.0
-82.0
-73.0
-59.0
-61.0
-49.0
-34.0
-44.0
-35.0
-33.0
-69.0
-56.0
-22.0
-83.0
-36.0
-37.0
-31.0
-16.0
-27.0
-25.0
-33.0
-35.0
-11.0
-45.0
-64.0
-35.0
-30.0
-32.0
-40.0
-25.0
-29.0
-33.0
-33.0
-22.0
-48.0
-40.0
-33.0
6.0
3.0
-27.0
-23.0
-36.0
-36.0
-32.0
-6.0
-10.0
-13.0
8.0
10.0
-28.0
-49.0
-58.0
5.0
-27.0
2.0
-16.0
-12.0
-41.0
-37.0
-31.0
-40.0
-43.0
-36.0
-68.0
16.0
-41.0
-7.0
14.0
-36.0
6.0
-10.0
11.0
6.0
-12.0
13.0
3.0
7.0
-36.0
9.0
-31.0
-13.0
-7.0
-12.0
-5.0
2.0
-19.0
30.0
-16.0
-19.0
10.0
9.0
8.0
18.0
9.0
-1.0
10.0
134.0
78.0
46.0
53.0
64.0
9.0
44.0
18.0
2.0
22.0
15.0
-17.0
-79.0
-8.0
-27.0
-65.0
-55.0
-39.0
-94.0
-26.0
-57.0
-88.0
-98.0
-57.0
-88.0
-81.0
-86.0
-102.0
-45.0
-76.0
-70.0
-71.0
-115.0
-87.0
-42.0
-78.0
-52.0
-97.0
-34.0
-46.0
-95.0
-74.0
-14.0
-95.0
-15.0
-75.0
6.0
46.0
-48.0
35.0
6.0
39.0
74.0
92.0
91.0
119.0
146.0
132.0
129.0
170.0
179.0
210.0
227.0
187.0
242.0
235.0
198.0
282.0
243.0
278.0
172.0
186.0
239.0
229.0
244.0
246.0
251.0
226.0
206.0
246.0
252.0
157.0
205.0
163.0
181.0
192.0
125.0
194.0
111.0
133.0
94.0
71.0
97.0
97.0
112.0
74.0
-14.0
63.0
81.0
43.0
88.0
32.0
2.0
46.0
-4.0
11.0
2.0
33.0
25.0
-27.0
4.0
34.0
-24.0
-1.0
-31.0
0.0
-37.0
-34.0
-16.0
-70.0
-44.0
-50.0
-43.0
-21.0
-65.0
-82.0
-55.0
-83.0
-86.0
-97.0
-101.0
-124.0
-99.0
-111.0
-120.0
-95.0
-82.0
-84.0
-98.0
-73.0
-91.0
-102.0
-88.0
-99.0
-83.0
-89.0
-107.0
-95.0
-112.0
-125.0
-81.0
-89.0
-99.0
-136.0
-97.0
-76.0
-75.0
-70.0
-112.0
-64.0
-63.0
-77.0
-72.0
-78.0
-138.0
-90.0
-113.0
-84.0
-102.0
-98.0
-99.0
-88.0
-89.0
-96.0
-108.0
-124.0
-92.0
-78.0
-60.0
-66.0
-53.0
-73.0
-62.0
-80.0
-83.0
-86.0
-72.0
-67.0
-35.0
-56.0
-77.0
-78.0
-67.0
-88.0
-84.0
-68.0
-69.0
-59.0
-72.0
-60.0
-55.0
-68.0
-77.0
-60.0
-69.0
-91.0
-46.0
-72.0
-54.0
-59.0
-52.0
-33.0
-46.0
-42.0
-54.0
-55.0
-53.0
-67.0
-58.0
-60.0
-33.0
-95.0
-27.0
-76.0
-83.0
-87.0
-62.0
-63.0
-56.0
-60.0
-64.0
-79.0
-72.0
-93.0
-33.0
-58.0
-66.0
-55.0
-95.0
-61.0
-69.0
-73.0
-79.0
-65.0
-86.0
-71.0
-71.0
-66.0
-78.0
-65.0
-78.0
-69.0
-69.0
-67.0
-55.0
-69.0
-71.0
-95.0
-60.0
-65.0
-87.0
-79.0
-64.0
-39.0
-50.0
-50.0
-83.0
-46.0
-60.0
-51.0
-74.0
-56.0
-20.0
-20.0
-29.0
-44.0
-26.0
-36.0
-20.0
-41.0
-15.0
-24.0
-20.0
-10.0
-28.0
6.0
-25.0
-31.0
-69.0
3.0
-18.0
-34.0
-36.0
-39.0
-26.0
-23.0
-33.0
-26.0
-32.0
-25.0
-30.0
-55.0
-32.0
-27.0
-24.0
-4.0
-22.0
-32.0
-47.0
-43.0
-53.0
-84.0
-49.0
-55.0
-82.0
-11.0
-28.0
-32.0
-60.0
-24.0
-46.0
-65.0
-58.0
-44.0
-55.0
-60.0
-43.0
-60.0
-53.0
-65.0
-58.0
-60.0
-44.0
-37.0
-29.0
-32.0
-23.0
-36.0
-18.0
-42.0
-16.0
-8.0
-4.0
5.0
-9.0
-17.0
-22.0
-40.0
-26.0
-45.0
-23.0
-79.0
29.0
-21.0
-30.0
-53.0
-38.0
-52.0
-44.0
-36.0
-50.0
-30.0
-6.0
-24.0
-31.0
-37.0
-11.0
-49.0
-18.0
-30.0
-39.0
-25.0
-42.0
-26.0
-37.0
-31.0
-36.0
-73.0
-15.0
-15.0
-16.0
-23.0
-4.0
-24.0
-18.0
-32.0
-40.0
-15.0
-17.0
-13.0
12.0
-39.0
-13.0
-4.0
-18.0
-24.0
-26.0
-29.0
-17.0
-18.0
-26.0
-8.0
-14.0
-6.0
-1.0
10.0
21.0
0.0
21.0
17.0
2.0
56.0
54.0
44.0
73.0
35.0
65.0
96.0
50.0
79.0
74.0
89.0
76.0
74.0
58.0
73.0
71.0
54.0
31.0
26.0
21.0
-4.0
-30.0
-11.0
-11.0
-46.0
-16.0
-14.0
-20.0
-2.0
-27.0
-7.0
-10.0
-5.0
-22.0
-23.0
-21.0
-27.0
-11.0
-16.0
-31.0
-10.0
-38.0
-28.0
-37.0
-36.0
-44.0
-46.0
-42.0
-36.0
-50.0
-45.0
-35.0
-62.0
-73.0
-50.0
-29.0
-54.0
-55.0
-21.0
-31.0
-37.0
-65.0
-53.0
-67.0
-49.0
-29.0
-68.0
-53.0
-53.0
-51.0
-77.0
-82.0
-53.0
-64.0
-55.0
-46.0
-62.0
-62.0
-67.0
-62.0
-51.0
-58.0
-54.0
-64.0
-64.0
-77.0
-21.0
-36.0
-29.0
-46.0
-43.0
-68.0
-44.0
-46.0
-53.0
-58.0
-67.0
-61.0
-66.0
-39.0
-55.0
-29.0
-46.0
-54.0
-45.0
-27.0
-53.0
-41.0
-38.0
-53.0
-49.0
-69.0
-58.0
-59.0
-43.0
-40.0
-73.0
-44.0
-44.0
-54.0
-31.0
-2.0
-28.0
-34.0
-22.0
-26.0
-45.0
-15.0
-14.0
-30.0
-32.0
-31.0
-44.0
-44.0
-32.0
-50.0
-23.0
-14.0
-19.0
-13.0
-34.0
-84.0
-27.0
-50.0
-29.0
-16.0
-29.0
-43.0
-26.0
-44.0
-32.0
-14.0
-24.0
-10.0
-20.0
-34.0
-26.0
-34.0
-41.0
-44.0
-41.0
-76.0
7.0
-14.0
-23.0
-18.0
-20.0
-41.0
-12.0
-32.0
-9.0
-33.0
-18.0
-33.0
-22.0
-42.0
-37.0
-46.0
-42.0
-41.0
-70.0
-18.0
-52.0
-82.0
-3.0
-9.0
-18.0
1.0
-34.0
-25.0
-37.0
-37.0
-40.0
-40.0
-36.0
-30.0
-39.0
-16.0
-15.0
-36.0
-31.0
-37.0
-50.0
-30.0
-15.0
9.0
4.0
-60.0
6.0
-8.0
2.0
2.0
-1.0
0.0
38.0
38.0
53.0
51.0
63.0
61.0
69.0
72.0
81.0
104.0
114.0
116.0
107.0
132.0
120.0
131.0
115.0
121.0
141.0
137.0
107.0
126.0
80.0
112.0
69.0
36.0
75.0
51.0
38.0
34.0
25.0
22.0
1.0
12.0
15.0
4.0
14.0
18.0
-4.0
-17.0
-45.0
-17.0
-13.0
-6.0
-34.0
-11.0
-13.0
-5.0
-35.0
-16.0
-27.0
-16.0
-36.0
-15.0
-30.0
-43.0
-31.0
-57.0
-61.0
-65.0
-119.0
-8.0
-33.0
-35.0
-71.0
-52.0
-54.0
-61.0
-66.0
-86.0
-97.0
-82.0
-69.0
-61.0
-67.0
-79.0
-90.0
-86.0
-129.0
-34.0
-60.0
-54.0
-57.0
-80.0
-72.0
-52.0
-44.0
-46.0
-35.0
-56.0
-65.0
-67.0
-58.0
-42.0
-36.0
-46.0
-90.0
-100.0
-60.0
-62.0
-99.0
-27.0
-55.0
-65.0
-47.0
-81.0
-38.0
-60.0
-78.0
-68.0
-62.0
-59.0
-68.0
-41.0
-52.0
-55.0
-49.0
-57.0
-60.0
-48.0
-26.0
-36.0
-37.0
-59.0
-95.0
-62.0
-59.0
-33.0
-66.0
-44.0
-50.0
-43.0
-35.0
-54.0
-43.0
-34.0
-31.0
-31.0
-14.0
-10.0
-37.0
-21.0
-30.0
-42.0
-15.0
-30.0
-32.0
-77.0
4.0
-23.0
-16.0
-35.0
-10.0
-24.0
-25.0
-29.0
-31.0
-37.0
-38.0
-59.0
-29.0
-20.0
-5.0
-10.0
-20.0
-26.0
-56.0
2.0
-23.0
-12.0
-13.0
-12.0
-6.0
-13.0
-18.0
-18.0
-22.0
-43.0
-62.0
-49.0
-36.0
3.0
-4.0
6.0
-20.0
-76.0
14.0
-26.0
8.0
15.0
-1.0
2.0
11.0
12.0
16.0
27.0
2.0
-7.0
-8.0
-8.0
-2.0
4.0
-8.0
16.0
16.0
10.0
-15.0
14.0
20.0
26.0
1.0
41.0
18.0
37.0
41.0
30.0
-3.0
-7.0
-22.0
-37.0
-20.0
-35.0
-15.0
-25.0
-4.0
11.0
-10.0
-5.0
-8.0
23.0
18.0
9.0
-21.0
16.0
-6.0
-5.0
-40.0
-23.0
-16.0
-27.0
-1.0
-8.0
-5.0
-20.0
-9.0
-49.0
-38.0
-33.0
-31.0
-32.0
-43.0
-56.0
-45.0
-29.0
-49.0
17.0
-26.0
-54.0
-46.0
-41.0
-69.0
-7.0
-33.0
-29.0
-48.0
-37.0
-54.0
-43.0
-61.0
-45.0
-39.0
-50.0
-72.0
-64.0
-37.0
-39.0
-67.0
-48.0
-57.0
-49.0
-74.0
-45.0
-52.0
-46.0
-26.0
-37.0
-74.0
-2.0
-10.0
-36.0
-14.0
-45.0
-22.0
-26.0
-30.0
-29.0
1.0
-13.0
2.0
2.0
-15.0
-24.0
-33.0
-62.0
-11.0
-40.0
-5.0
-12.0
-16.0
5.0
-1.0
-29.0
-59.0
-9.0
-38.0
-34.0
-16.0
-20.0
-15.0
-21.0
-11.0
-56.0
-9.0
-36.0
-33.0
-22.0
-59.0
-20.0
-33.0
-48.0
-26.0
-61.0
-63.0
-80.0
-48.0
-45.0
-52.0
-24.0
-52.0
-46.0
-32.0
-33.0
-33.0
-26.0
-24.0
-22.0
-25.0
-24.0
-32.0
-33.0
-39.0
-38.0
-28.0
-25.0
-31.0
-34.0
-46.0
-39.0
-29.0
-35.0
-37.0
15.0
-5.0
-25.0
-11.0
-24.0
-22.0
-29.0
-37.0
-13.0
-21.0
-25.0
7.0
5.0
-29.0
-23.0
-25.0
-38.0
-39.0
-37.0
-37.0
-14.0
-49.0
-39.0
-63.0
-42.0
-48.0
-60.0
-58.0
-33.0
-36.0
-26.0
-42.0
-39.0
-37.0
-67.0
-8.0
-32.0
-51.0
-29.0
-1.0
-16.0
-33.0
-37.0
-51.0
-26.0
-18.0
-27.0
-18.0
-10.0
-22.0
-32.0
-41.0
-32.0
-55.0
-25.0
-17.0
8.0
-35.0
-10.0
-25.0
-16.0
-15.0
-38.0
10.0
-46.0
3.0
4.0
4.0
1.0
-31.0
-25.0
-31.0
-21.0
-54.0
-38.0
-72.0
4.0
-1.0
-6.0
-14.0
10.0
3.0
-5.0
-11.0
-20.0
-27.0
-9.0
-35.0
-16.0
-16.0
-30.0
-40.0
-18.0
-39.0
-53.0
-12.0
-25.0
-30.0
-26.0
-21.0
-18.0
-16.0
-2.0
-8.0
-41.0
6.0
-21.0
8.0
-18.0
4.0
-7.0
10.0
23.0
18.0
15.0
-13.0
-6.0
-35.0
14.0
13.0
-2.0
-10.0
-13.0
-61.0
25.0
0.0
-25.0
-6.0
-37.0
-12.0
-26.0
-31.0
-27.0
-22.0
-40.0
-55.0
-36.0
-35.0
-45.0
-80.0
-43.0
-61.0
-18.0
-31.0
-42.0
-25.0
-44.0
-52.0
-46.0
-54.0
-33.0
-40.0
-50.0
-45.0
-31.0
-26.0
-31.0
-36.0
-18.0
-25.0
-73.0
-13.0
-30.0
-43.0
-44.0
-50.0
-52.0
-42.0
-53.0
-31.0
-51.0
-39.0
-35.0
-43.0
-34.0
-25.0
-44.0
-29.0
-31.0
-31.0
-24.0
-16.0
-22.0
-16.0
-20.0
-14.0
-45.0
7.0
8.0
2.0
-6.0
-30.0
-10.0
-18.0
-33.0
-52.0
-51.0
-23.0
0.0
-4.0
11.0
10.0
17.0
-2.0
1.0
12.0
5.0
20.0
20.0
25.0
23.0
29.0
37.0
35.0
21.0
32.0
11.0
25.0
-7.0
41.0
27.0
3.0
16.0
-20.0
54.0
-14.0
-8.0
-12.0
-10.0
-25.0
-2.0
-51.0
-1.0
-43.0
-26.0
-44.0
-39.0
-35.0
-45.0
-49.0
-22.0
-13.0
-7.0
-16.0
5.0
-32.0
-6.0
-52.0
-31.0
-5.0
-11.0
-13.0
-25.0
-31.0
-17.0
-36.0
-49.0
-25.0
-24.0
-27.0
-31.0
-18.0
-39.0
-51.0
-65.0
-59.0
-59.0
-39.0
-35.0
-30.0
-43.0
-35.0
-25.0
-36.0
-45.0
-67.0
-49.0
-40.0
-58.0
-46.0
-51.0
-36.0
-33.0
-34.0
-18.0
-35.0
-35.0
-14.0
3.0
2.0
-1.0
-30.0
-39.0
-46.0
-50.0
-77.0
-34.0
-52.0
-40.0
-42.0
-58.0
2.0
-23.0
-8.0
-17.0
-31.0
-48.0
-40.0
-41.0
-22.0
-44.0
-37.0
-40.0
-51.0
-70.0
-22.0
-31.0
-34.0
-25.0
4.0
-6.0
-12.0
-28.0
-22.0
-17.0
-22.0
-9.0
-16.0
-18.0
5.0
1.0
-30.0
-5.0
-10.0
1.0
-10.0
-2.0
4.0
-9.0
-15.0
-11.0
-18.0
-56.0
-17.0
-25.0
-2.0
-29.0
-21.0
-30.0
-31.0
-12.0
-38.0
-12.0
-16.0
-17.0
-35.0
-30.0
-25.0
-26.0
-52.0
-9.0
-7.0
-18.0
-3.0
-39.0
-73.0
-42.0
-17.0
-22.0
-30.0
-25.0
-11.0
-24.0
-52.0
-32.0
-17.0
-11.0
6.0
4.0
-33.0
-37.0
-40.0
-91.0
-26.0
-16.0
-40.0
-10.0
-37.0
-44.0
-54.0
-21.0
-16.0
-17.0
-34.0
-24.0
-27.0
-54.0
-37.0
-35.0
-59.0
-39.0
-44.0
-30.0
-61.0
-33.0
-25.0
-50.0
1.0
-57.0
-26.0
-60.0
-34.0
-27.0
-33.0
-26.0
-22.0
-15.0
-12.0
-14.0
-10.0
34.0
48.0
73.0
93.0
93.0
119.0
136.0
176.0
173.0
168.0
177.0
191.0
188.0
146.0
225.0
223.0
197.0
195.0
194.0
181.0
176.0
157.0
150.0
127.0
139.0
107.0
117.0
160.0
107.0
103.0
87.0
97.0
61.0
77.0
51.0
43.0
36.0
22.0
5.0
1.0
-2.0
-33.0
17.0
-26.0
-17.0
-22.0
-34.0
-8.0
-27.0
-34.0
-17.0
-15.0
-16.0
-48.0
-79.0
-25.0
-37.0
-57.0
-68.0
0.0
0.0
0.0
0.0
0.0
0.0
0.0
0.0
0.0
0.0
0.0
0.0
0.0
0.0
0.0
0.0
0.0
0.0
0.0
0.0
0.0
0.0
0.0
0.0
0.0
0.0
0.0
0.0
0.0
0.0
0.0
0.0
0.0
0.0
0.0
0.0
0.0
0.0
0.0
0.0
0.0
0.0
0.0
0.0
0.0
0.0
0.0
0.0
0.0
0.0
0.0
0.0
0.0
0.0
0.0
0.0
0.0
0.0
0.0
0.0
0.0
0.0
0.0
0.0
0.0
0.0
0.0
0.0
0.0
0.0
0.0
0.0
0.0
0.0
0.0
0.0
0.0
0.0
0.0
0.0
0.0
0.0
0.0
0.0
0.0
0.0
0.0
0.0
0.0
0.0
0.0
0.0
0.0
0.0
0.0
0.0
0.0
0.0
0.0
0.0
0.0
0.0
0.0
0.0
0.0
0.0
0.0
0.0
0.0
0.0
0.0
0.0
0.0
0.0
0.0
0.0
0.0
0.0
0.0
0.0
0.0
0.0
0.0
0.0
0.0
0.0
0.0
0.0
