-114.0
-111.0
-127.0
-109.0
-88.0
-115.0
-118.0
-118.0
-102.0
-112.0
-125.0
-133.0
-114.0
-116.0
-112.0
-112.0
-132.0
-115.0
-106.0
-117.0
-117.0
-104.0
-72.0
-95.0
-89.0
-70.0
-85.0
-91.0
-118.0
-106.0
-73.0
-70.0
-93.0
-102.0
-107.0
-89.0
-83.0
-71.0
-70.0
-91.0
-87.0
-78.0
-84.0
-82.0
-95.0
-126.0
-115.0
-127.0
-120.0
-116.0
-117.0
-99.0
-76.0
-74.0
-123.0
-114.0
-92.0
-78.0
-58.0
-50.0
-55.0
-35.0
-21.0
-80.0
-104.0
-90.0
-107.0
-110.0
-119.0
-119.0
-110.0
-106.0
-145.0
-141.0
-155.0
-169.0
-166.0
-177.0
-152.0
-143.0
-127.0
-136.0
-131.0
-113.0
-105.0
-129.0
-122.0
-124.0
-100.0
-69.0
-91.0
-81.0
-69.0
-67.0
-59.0
-70.0
-34.0
32.0
20.0
34.0
21.0
-20.0
-30.0
4.0
-14.0
-32.0
-23.0
-23.0
-18.0
-14.0
-14.0
-7.0
-32.0
-54.0
-41.0
-52.0
-57.0
-80.0
-89.0
-84.0
-54.0
-85.0
-71.0
-51.0
-90.0
-97.0
-117.0
-87.0
-99.0
-144.0
-132.0
-109.0
-142.0
-162.0
-153.0
-165.0
-179.0
-177.0
-174.0
-149.0
-119.0
-107.0
-130.0
-114.0
-113.0
-162.0
-172.0
-169.0
-183.0
-178.0
-163.0
-159.0
-142.0
-156.0
-123.0
-109.0
-103.0
-71.0
-88.0
-53.0
-49.0
-63.0
-54.0
-30.0
-63.0
-106.0
-58.0
-32.0
-40.0
-76.0
-53.0
-20.0
-5.0
-43.0
-53.0
-41.0
-15.0
-3.0
17.0
61.0
23.0
-11.0
25.0
21.0
-6.0
26.0
4.0
3.0
62.0
6.0
-16.0
26.0
8.0
-37.0
-79.0
-92.0
-45.0
-34.0
-13.0
-11.0
-9.0
-2.0
53.0
65.0
-31.0
3.0
36.0
-37.0
-12.0
-28.0
-13.0
8.0
-2.0
50.0
53.0
18.0
-1.0
22.0
60.0
26.0
25.0
39.0
77.0
99.0
118.0
133.0
88.0
107.0
84.0
60.0
86.0
29.0
34.0
34.0
31.0
18.0
20.0
29.0
47.0
44.0
20.0
10.0
55.0
82.0
51.0
16.0
3.0
84.0
49.0
70.0
77.0
36.0
-11.0
-12.0
56.0
70.0
5.0
10.0
51.0
32.0
8.0
29.0
40.0
60.0
76.0
79.0
86.0
74.0
23.0
35.0
91.0
36.0
-22.0
4.0
-1.0
-53.0
-73.0
-81.0
-78.0
-59.0
-49.0
-47.0
-44.0
-40.0
-42.0
-74.0
-49.0
-59.0
-50.0
-27.0
-18.0
-4.0
-34.0
-70.0
4.0
8.0
-84.0
-97.0
-90.0
-108.0
-139.0
-136.0
-119.0
-111.0
-124.0
-125.0
-107.0
-110.0
-84.0
-88.0
-50.0
-21.0
-39.0
-43.0
-37.0
-38.0
-23.0
-27.0
-12.0
42.0
24.0
-15.0
-21.0
-81.0
-85.0
-68.0
-62.0
-53.0
-41.0
-46.0
-64.0
-64.0
-31.0
-15.0
-11.0
-1.0
33.0
30.0
42.0
89.0
59.0
26.0
33.0
29.0
37.0
18.0
38.0
78.0
84.0
56.0
44.0
55.0
56.0
88.0
80.0
59.0
79.0
68.0
64.0
68.0
46.0
48.0
78.0
88.0
59.0
63.0
80.0
27.0
53.0
17.0
-37.0
-13.0
-12.0
-2.0
-5.0
-26.0
-12.0
22.0
11.0
-3.0
12.0
-4.0
52.0
39.0
11.0
80.0
70.0
64.0
25.0
-10.0
-20.0
-23.0
-52.0
-19.0
-37.0
-33.0
-32.0
-37.0
-16.0
-59.0
-50.0
-56.0
-60.0
-56.0
-47.0
-58.0
-59.0
-46.0
-70.0
-31.0
-24.0
-37.0
1.0
-7.0
16.0
-12.0
-4.0
41.0
45.0
68.0
36.0
40.0
103.0
76.0
92.0
124.0
108.0
116.0
138.0
128.0
122.0
135.0
119.0
138.0
137.0
124.0
128.0
146.0
148.0
119.0
105.0
105.0
88.0
88.0
100.0
65.0
79.0
91.0
97.0
108.0
65.0
81.0
96.0
102.0
133.0
76.0
103.0
101.0
72.0
52.0
81.0
110.0
115.0
95.0
114.0
68.0
22.0
37.0
21.0
24.0
37.0
39.0
21.0
31.0
36.0
16.0
23.0
29.0
-2.0
-13.0
46.0
26.0
17.0
17.0
18.0
30.0
16.0
41.0
23.0
20.0
51.0
44.0
29.0
65.0
85.0
80.0
112.0
114.0
108.0
125.0
126.0
119.0
150.0
120.0
128.0
156.0
130.0
127.0
152.0
145.0
144.0
121.0
84.0
95.0
67.0
88.0
72.0
65.0
77.0
61.0
71.0
87.0
71.0
66.0
71.0
60.0
72.0
78.0
77.0
62.0
59.0
34.0
13.0
20.0
43.0
64.0
65.0
54.0
67.0
76.0
67.0
42.0
53.0
54.0
51.0
42.0
30.0
20.0
5.0
12.0
-2.0
29.0
60.0
45.0
80.0
48.0
39.0
81.0
27.0
49.0
60.0
58.0
48.0
70.0
68.0
44.0
54.0
55.0
57.0
86.0
48.0
79.0
99.0
68.0
24.0
77.0
45.0
39.0
22.0
11.0
44.0
20.0
36.0
66.0
20.0
15.0
53.0
39.0
55.0
74.0
43.0
27.0
25.0
4.0
0.0
-10.0
-39.0
-16.0
-22.0
-13.0
12.0
14.0
23.0
43.0
49.0
45.0
47.0
47.0
7.0
18.0
8.0
6.0
32.0
13.0
-5.0
4.0
-8.0
6.0
-3.0
4.0
28.0
14.0
55.0
12.0
23.0
48.0
37.0
15.0
28.0
15.0
44.0
18.0
-3.0
22.0
20.0
20.0
-45.0
-51.0
-7.0
-6.0
-9.0
-10.0
-16.0
-11.0
7.0
26.0
30.0
16.0
52.0
32.0
12.0
34.0
23.0
-4.0
17.0
-6.0
-20.0
-30.0
-55.0
-14.0
-14.0
-27.0
-31.0
-49.0
-36.0
-58.0
-67.0
-30.0
-36.0
-35.0
-30.0
-38.0
-52.0
-74.0
-70.0
-79.0
-101.0
-67.0
-45.0
-53.0
-36.0
-71.0
-101.0
-86.0
-55.0
-47.0
-75.0
-105.0
-99.0
-88.0
-100.0
-90.0
-66.0
-62.0
-69.0
-67.0
-58.0
-63.0
-74.0
-60.0
-80.0
-89.0
-102.0
-160.0
-148.0
-103.0
-93.0
-113.0
-122.0
-138.0
-150.0
-146.0
-132.0
-164.0
-170.0
-171.0
-169.0
-153.0
-145.0
-177.0
-175.0
-179.0
-176.0
-169.0
-145.0
-165.0
-162.0
-181.0
-170.0
-139.0
-172.0
-168.0
-105.0
-119.0
-120.0
-116.0
-112.0
-114.0
-112.0
-123.0
-111.0
-89.0
-83.0
-71.0
-70.0
-88.0
-63.0
-77.0
-101.0
-129.0
-141.0
-78.0
-68.0
-88.0
-95.0
-134.0
-121.0
-118.0
-144.0
-161.0
-147.0
-112.0
-84.0
-73.0
-76.0
-114.0
-126.0
-126.0
-84.0
-81.0
-97.0
-92.0
-76.0
-88.0
-73.0
-72.0
-82.0
-67.0
-68.0
-67.0
-60.0
-72.0
-64.0
-71.0
-60.0
-42.0
-59.0
-47.0
-37.0
-83.0
-69.0
-36.0
-54.0
-43.0
-9.0
-49.0
-18.0
-12.0
-44.0
-32.0
-41.0
-61.0
-27.0
-43.0
-32.0
-22.0
-26.0
-78.0
-84.0
-82.0
-120.0
-113.0
-107.0
-94.0
-108.0
-134.0
-125.0
-78.0
-75.0
-37.0
-75.0
-80.0
-70.0
-132.0
-118.0
-97.0
-125.0
-106.0
-107.0
-93.0
-82.0
-106.0
-79.0
-102.0
-125.0
-100.0
-91.0
-90.0
-65.0
-56.0
-90.0
-90.0
-77.0
-79.0
-102.0
-116.0
-86.0
-79.0
-128.0
-70.0
-58.0
-71.0
-59.0
-82.0
-96.0
-94.0
-87.0
-42.0
-81.0
-105.0
-89.0
-105.0
-94.0
-103.0
-140.0
-133.0
-120.0
-119.0
-98.0
-91.0
-101.0
-108.0
-116.0
-103.0
-105.0
-131.0
-114.0
-102.0
-125.0
-96.0
-110.0
-94.0
-139.0
-139.0
-102.0
-130.0
-114.0
-114.0
-131.0
-144.0
-150.0
-83.0
-58.0
-84.0
-63.0
-54.0
-75.0
-95.0
-152.0
-140.0
-98.0
-109.0
-111.0
-91.0
-91.0
-67.0
-53.0
-58.0
-43.0
-51.0
-64.0
-41.0
-42.0
-35.0
-63.0
-65.0
-43.0
-58.0
-47.0
-35.0
-30.0
-34.0
-23.0
-32.0
-50.0
-81.0
-76.0
-83.0
-91.0
-86.0
-78.0
-70.0
-53.0
-60.0
-55.0
-67.0
-64.0
-73.0
-85.0
-72.0
-80.0
-83.0
-63.0
-61.0
-80.0
-64.0
-87.0
-95.0
-80.0
-71.0
-69.0
-82.0
-88.0
-68.0
-65.0
-86.0
-79.0
-78.0
-79.0
-87.0
-69.0
-50.0
-45.0
-24.0
-27.0
-44.0
-29.0
-32.0
-46.0
-50.0
-43.0
-29.0
-53.0
-62.0
-71.0
-89.0
-87.0
-77.0
-80.0
-52.0
-38.0
-18.0
-16.0
-40.0
-52.0
-48.0
-60.0
-78.0
-90.0
-107.0
-81.0
-113.0
-95.0
-47.0
-29.0
-36.0
-60.0
-53.0
-67.0
-109.0
-116.0
-121.0
-145.0
-144.0
-128.0
-135.0
-120.0
-117.0
-120.0
-99.0
-111.0
-99.0
-85.0
-85.0
-68.0
-79.0
-77.0
-84.0
-67.0
-55.0
-70.0
-65.0
-58.0
-85.0
-129.0
-92.0
-74.0
-79.0
-57.0
-41.0
-23.0
-44.0
-97.0
-74.0
-55.0
-77.0
-66.0
-2.0
41.0
-21.0
13.0
35.0
68.0
73.0
58.0
87.0
106.0
82.0
74.0
60.0
61.0
90.0
68.0
74.0
91.0
77.0
88.0
106.0
92.0
91.0
91.0
95.0
82.0
79.0
88.0
115.0
126.0
97.0
129.0
97.0
100.0
94.0
98.0
78.0
73.0
107.0
78.0
45.0
45.0
51.0
16.0
-1.0
-2.0
-25.0
-29.0
1.0
-4.0
-26.0
-39.0
-22.0
-28.0
-27.0
1.0
7.0
26.0
-29.0
-45.0
12.0
-22.0
-27.0
-5.0
-6.0
11.0
6.0
-4.0
-5.0
4.0
-1.0
-15.0
1.0
-1.0
-15.0
9.0
20.0
-2.0
-1.0
-2.0
-17.0
-47.0
-68.0
-51.0
-60.0
-93.0
-73.0
-73.0
-72.0
-96.0
-85.0
-47.0
-46.0
-44.0
-26.0
-66.0
-78.0
-70.0
-80.0
-64.0
-53.0
-63.0
-35.0
-26.0
-70.0
-35.0
-44.0
-72.0
-3.0
26.0
30.0
29.0
31.0
23.0
31.0
-6.0
17.0
1.0
9.0
26.0
27.0
32.0
11.0
25.0
61.0
53.0
43.0
31.0
35.0
46.0
51.0
21.0
6.0
24.0
40.0
68.0
122.0
124.0
110.0
143.0
159.0
102.0
68.0
67.0
55.0
59.0
77.0
72.0
107.0
126.0
81.0
100.0
109.0
121.0
112.0
133.0
112.0
86.0
98.0
79.0
36.0
46.0
16.0
2.0
21.0
27.0
24.0
24.0
13.0
29.0
13.0
16.0
47.0
56.0
36.0
44.0
76.0
74.0
44.0
38.0
65.0
67.0
7.0
25.0
70.0
34.0
4.0
47.0
67.0
33.0
98.0
89.0
41.0
87.0
81.0
60.0
87.0
76.0
78.0
67.0
21.0
37.0
43.0
26.0
8.0
15.0
44.0
52.0
-2.0
-17.0
35.0
32.0
-2.0
-7.0
22.0
20.0
6.0
33.0
8.0
-4.0
-2.0
-8.0
-14.0
4.0
-11.0
0.0
-7.0
-4.0
25.0
3.0
10.0
7.0
6.0
-3.0
-35.0
-22.0
-26.0
-42.0
-30.0
-30.0
-5.0
-16.0
-72.0
-54.0
-46.0
-84.0
-48.0
-35.0
-39.0
-18.0
-29.0
-46.0
-31.0
-32.0
-55.0
-39.0
-29.0
2.0
-28.0
-70.0
-71.0
-72.0
-104.0
-88.0
-48.0
-88.0
-69.0
-55.0
-59.0
-39.0
-26.0
-59.0
-61.0
-49.0
-40.0
-59.0
-98.0
-103.0
-120.0
-96.0
-90.0
-107.0
-112.0
-84.0
-100.0
-101.0
-85.0
-84.0
-62.0
-72.0
-75.0
-69.0
-80.0
-107.0
-131.0
-155.0
-166.0
-106.0
-132.0
-148.0
-140.0
-160.0
-155.0
-131.0
-131.0
-111.0
-79.0
-68.0
-61.0
-43.0
-16.0
-4.0
-15.0
-19.0
-39.0
-54.0
-90.0
-97.0
-87.0
-87.0
-69.0
-70.0
-118.0
-71.0
-49.0
-22.0
13.0
-4.0
4.0
36.0
29.0
-3.0
-33.0
-38.0
-42.0
-67.0
-82.0
-105.0
-113.0
-99.0
-109.0
-123.0
-112.0
-103.0
-84.0
-43.0
-72.0
-89.0
-98.0
-100.0
-79.0
-117.0
-136.0
-124.0
-128.0
-124.0
-128.0
-131.0
-117.0
-136.0
-131.0
-108.0
-131.0
-97.0
-93.0
-110.0
-82.0
-56.0
-48.0
-33.0
-47.0
-40.0
-44.0
-49.0
-46.0
-33.0
-12.0
-54.0
-23.0
41.0
59.0
87.0
94.0
100.0
128.0
125.0
168.0
176.0
194.0
181.0
190.0
216.0
201.0
236.0
233.0
230.0
204.0
215.0
233.0
232.0
216.0
216.0
244.0
239.0
180.0
174.0
199.0
213.0
226.0
194.0
174.0
195.0
180.0
176.0
157.0
124.0
120.0
139.0
139.0
144.0
136.0
139.0
162.0
149.0
140.0
158.0
107.0
94.0
94.0
74.0
93.0
106.0
77.0
54.0
80.0
133.0
62.0
34.0
83.0
60.0
63.0
84.0
88.0
76.0
80.0
51.0
31.0
37.0
22.0
41.0
22.0
24.0
49.0
49.0
61.0
61.0
73.0
65.0
30.0
12.0
15.0
37.0
37.0
-6.0
-2.0
-6.0
-2.0
18.0
39.0
36.0
17.0
4.0
-22.0
-4.0
-25.0
-22.0
-20.0
-5.0
22.0
25.0
13.0
18.0
18.0
1.0
-30.0
-11.0
29.0
17.0
23.0
35.0
17.0
2.0
-16.0
-19.0
28.0
11.0
-21.0
-12.0
-12.0
-24.0
12.0
45.0
28.0
31.0
2.0
18.0
21.0
6.0
9.0
7.0
11.0
-5.0
1.0
19.0
-5.0
12.0
25.0
49.0
59.0
51.0
41.0
32.0
53.0
45.0
77.0
84.0
102.0
95.0
83.0
52.0
77.0
119.0
131.0
148.0
115.0
90.0
87.0
89.0
89.0
101.0
97.0
72.0
87.0
91.0
110.0
126.0
106.0
103.0
107.0
83.0
103.0
104.0
99.0
99.0
91.0
79.0
82.0
78.0
72.0
75.0
77.0
88.0
56.0
90.0
107.0
69.0
65.0
29.0
25.0
41.0
40.0
56.0
73.0
52.0
36.0
83.0
85.0
86.0
144.0
124.0
102.0
105.0
79.0
79.0
41.0
21.0
8.0
1.0
6.0
-6.0
-18.0
-24.0
-39.0
-21.0
-25.0
-51.0
-41.0
-46.0
-42.0
-30.0
-50.0
-68.0
-63.0
-58.0
-53.0
-64.0
-63.0
-81.0
-99.0
-109.0
-108.0
-98.0
-79.0
-84.0
-69.0
-66.0
-64.0
-53.0
-38.0
-37.0
-5.0
2.0
-11.0
-21.0
-10.0
-3.0
-50.0
-48.0
-14.0
-9.0
-42.0
-37.0
1.0
33.0
-10.0
-2.0
69.0
42.0
54.0
26.0
33.0
102.0
83.0
83.0
101.0
84.0
77.0
103.0
84.0
87.0
126.0
128.0
119.0
107.0
153.0
161.0
106.0
125.0
104.0
84.0
128.0
114.0
110.0
73.0
91.0
122.0
105.0
132.0
143.0
157.0
176.0
143.0
104.0
120.0
129.0
118.0
108.0
75.0
92.0
62.0
67.0
93.0
52.0
70.0
123.0
81.0
74.0
84.0
95.0
102.0
73.0
57.0
69.0
29.0
77.0
110.0
69.0
89.0
74.0
38.0
59.0
87.0
101.0
68.0
58.0
78.0
61.0
73.0
77.0
29.0
45.0
81.0
113.0
100.0
89.0
92.0
118.0
165.0
167.0
145.0
143.0
109.0
61.0
104.0
99.0
45.0
105.0
89.0
72.0
87.0
53.0
69.0
72.0
79.0
59.0
3.0
-23.0
-5.0
61.0
50.0
11.0
64.0
55.0
16.0
35.0
98.0
78.0
37.0
17.0
19.0
39.0
-15.0
-12.0
39.0
42.0
62.0
80.0
81.0
80.0
87.0
63.0
72.0
47.0
17.0
27.0
56.0
74.0
90.0
67.0
78.0
111.0
98.0
101.0
67.0
34.0
82.0
95.0
79.0
65.0
26.0
8.0
18.0
26.0
73.0
64.0
69.0
91.0
87.0
80.0
61.0
73.0
61.0
41.0
21.0
-7.0
7.0
12.0
-10.0
-8.0
22.0
29.0
41.0
7.0
-8.0
52.0
90.0
43.0
31.0
60.0
39.0
48.0
13.0
27.0
33.0
35.0
39.0
63.0
83.0
71.0
68.0
55.0
56.0
111.0
118.0
84.0
76.0
91.0
49.0
74.0
106.0
129.0
134.0
127.0
146.0
129.0
124.0
93.0
58.0
67.0
79.0
68.0
53.0
43.0
23.0
46.0
73.0
68.0
9.0
11.0
40.0
18.0
-11.0
-13.0
-5.0
-40.0
-12.0
-7.0
-4.0
-3.0
31.0
37.0
24.0
37.0
63.0
79.0
56.0
-1.0
11.0
20.0
38.0
35.0
8.0
6.0
-18.0
-13.0
16.0
12.0
-16.0
-7.0
-32.0
-21.0
-10.0
-36.0
-55.0
-55.0
-34.0
21.0
52.0
21.0
2.0
4.0
7.0
26.0
24.0
-35.0
-21.0
-6.0
-23.0
-12.0
8.0
18.0
20.0
1.0
28.0
32.0
11.0
-18.0
-48.0
-44.0
-36.0
-17.0
-25.0
-25.0
-26.0
4.0
21.0
-2.0
19.0
13.0
-6.0
7.0
8.0
-8.0
-14.0
-32.0
-51.0
-42.0
-46.0
-38.0
-4.0
1.0
3.0
12.0
-9.0
-3.0
11.0
-3.0
15.0
-5.0
-39.0
-43.0
-17.0
9.0
7.0
-17.0
-14.0
-5.0
-3.0
14.0
23.0
7.0
-10.0
-36.0
-41.0
-64.0
-78.0
-72.0
-51.0
-43.0
-26.0
-39.0
-23.0
-14.0
18.0
24.0
-3.0
-11.0
-4.0
-29.0
-54.0
-37.0
-18.0
-33.0
-62.0
-53.0
-49.0
-42.0
-35.0
-41.0
-51.0
-74.0
-62.0
-40.0
-40.0
-41.0
-52.0
-70.0
-68.0
-25.0
-24.0
-11.0
-6.0
-80.0
-76.0
-71.0
-78.0
-89.0
-94.0
-71.0
-64.0
-85.0
-102.0
-112.0
-103.0
-103.0
-87.0
-86.0
-96.0
-84.0
-90.0
-93.0
-104.0
-74.0
-46.0
-13.0
-54.0
-120.0
-147.0
-136.0
-153.0
-145.0
-133.0
-105.0
-108.0
-140.0
-110.0
-130.0
-145.0
-135.0
-158.0
-173.0
-167.0
-174.0
-178.0
-184.0
-220.0
-191.0
-166.0
-195.0
-186.0
-169.0
-157.0
-154.0
-179.0
-176.0
-156.0
-134.0
-127.0
-128.0
-135.0
-146.0
-157.0
-138.0
-149.0
-164.0
-166.0
-165.0
-136.0
-130.0
-133.0
-134.0
-147.0
-155.0
-173.0
-206.0
-189.0
-176.0
-169.0
-165.0
-181.0
-181.0
-177.0
-148.0
-128.0
-125.0
-154.0
-143.0
-104.0
-87.0
-110.0
-97.0
-39.0
-67.0
-84.0
-16.0
-18.0
-44.0
-3.0
45.0
62.0
24.0
60.0
71.0
79.0
70.0
86.0
95.0
71.0
127.0
106.0
70.0
106.0
86.0
96.0
93.0
78.0
74.0
84.0
108.0
106.0
78.0
42.0
67.0
64.0
62.0
83.0
86.0
71.0
56.0
61.0
120.0
108.0
104.0
114.0
123.0
94.0
101.0
64.0
40.0
73.0
77.0
107.0
120.0
115.0
126.0
153.0
104.0
87.0
121.0
133.0
126.0
116.0
126.0
128.0
90.0
98.0
102.0
77.0
64.0
51.0
34.0
46.0
44.0
71.0
80.0
53.0
45.0
28.0
25.0
46.0
53.0
41.0
34.0
16.0
33.0
48.0
39.0
60.0
50.0
36.0
22.0
0.0
12.0
9.0
29.0
35.0
37.0
53.0
52.0
55.0
53.0
-2.0
-22.0
-29.0
25.0
43.0
40.0
12.0
25.0
-23.0
-36.0
-50.0
-65.0
-62.0
-46.0
-68.0
-81.0
-70.0
-51.0
-41.0
-39.0
-41.0
-53.0
-63.0
-71.0
-55.0
-48.0
-74.0
-67.0
-55.0
-39.0
-15.0
-7.0
-9.0
21.0
35.0
20.0
31.0
21.0
10.0
17.0
11.0
2.0
-4.0
-27.0
-40.0
-38.0
-21.0
-24.0
-10.0
-8.0
-39.0
39.0
36.0
-15.0
-5.0
3.0
-2.0
11.0
-11.0
-15.0
-4.0
-27.0
-18.0
-1.0
-8.0
17.0
16.0
2.0
24.0
7.0
21.0
25.0
-27.0
-17.0
-10.0
-21.0
-15.0
-29.0
-26.0
-27.0
-23.0
-3.0
-3.0
-26.0
-27.0
-20.0
-1.0
-41.0
-63.0
-48.0
-69.0
-78.0
-69.0
-67.0
-81.0
-73.0
-60.0
-37.0
-54.0
-65.0
-54.0
-51.0
-71.0
-65.0
-82.0
-73.0
-41.0
-58.0
-76.0
-61.0
-45.0
-27.0
-23.0
-51.0
-27.0
-18.0
-16.0
-8.0
1.0
4.0
13.0
-7.0
-17.0
-24.0
-29.0
-20.0
-5.0
-4.0
16.0
43.0
23.0
7.0
52.0
21.0
32.0
36.0
5.0
2.0
25.0
-1.0
-12.0
7.0
18.0
5.0
17.0
14.0
11.0
17.0
23.0
25.0
26.0
48.0
74.0
65.0
25.0
-6.0
-26.0
-5.0
-29.0
-44.0
7.0
58.0
110.0
97.0
42.0
29.0
23.0
-16.0
-32.0
-20.0
-8.0
-10.0
-17.0
-1.0
-21.0
-14.0
76.0
63.0
56.0
37.0
35.0
44.0
45.0
42.0
50.0
46.0
43.0
61.0
91.0
90.0
74.0
68.0
87.0
73.0
78.0
49.0
29.0
26.0
26.0
13.0
-20.0
25.0
8.0
-18.0
11.0
42.0
52.0
52.0
44.0
48.0
36.0
31.0
48.0
32.0
7.0
15.0
-15.0
-23.0
-34.0
-18.0
14.0
-10.0
-19.0
4.0
14.0
27.0
48.0
31.0
-20.0
-31.0
-32.0
-13.0
-12.0
-14.0
-8.0
-19.0
-13.0
10.0
7.0
2.0
-17.0
-15.0
-1.0
11.0
1.0
-23.0
-16.0
-44.0
-65.0
3.0
0.0
20.0
35.0
24.0
50.0
56.0
41.0
41.0
22.0
-2.0
44.0
12.0
9.0
51.0
20.0
44.0
50.0
46.0
65.0
95.0
113.0
71.0
48.0
49.0
10.0
-3.0
16.0
13.0
14.0
13.0
11.0
58.0
43.0
-22.0
14.0
78.0
98.0
116.0
110.0
130.0
128.0
64.0
12.0
6.0
40.0
24.0
26.0
38.0
46.0
30.0
30.0
12.0
8.0
65.0
112.0
112.0
86.0
65.0
54.0
29.0
65.0
57.0
33.0
30.0
21.0
38.0
54.0
2.0
12.0
64.0
53.0
48.0
67.0
81.0
95.0
80.0
72.0
82.0
46.0
42.0
84.0
72.0
84.0
150.0
146.0
148.0
148.0
85.0
70.0
65.0
32.0
42.0
63.0
63.0
83.0
96.0
43.0
31.0
115.0
112.0
99.0
136.0
102.0
119.0
161.0
141.0
174.0
133.0
112.0
126.0
115.0
89.0
114.0
89.0
84.0
105.0
93.0
79.0
120.0
184.0
140.0
134.0
166.0
136.0
125.0
110.0
68.0
89.0
98.0
111.0
139.0
124.0
118.0
121.0
79.0
72.0
98.0
111.0
117.0
106.0
105.0
102.0
67.0
67.0
86.0
109.0
90.0
84.0
88.0
59.0
83.0
73.0
44.0
65.0
56.0
70.0
62.0
65.0
85.0
84.0
71.0
55.0
64.0
60.0
33.0
20.0
6.0
22.0
42.0
48.0
71.0
54.0
56.0
45.0
37.0
49.0
61.0
49.0
49.0
26.0
-2.0
5.0
22.0
38.0
35.0
31.0
37.0
48.0
23.0
-7.0
-21.0
-25.0
-35.0
-23.0
14.0
8.0
-26.0
-33.0
-28.0
-33.0
-2.0
-36.0
-53.0
-55.0
-54.0
-28.0
-61.0
-65.0
-48.0
-58.0
-56.0
-21.0
-3.0
-24.0
-56.0
-26.0
-60.0
-62.0
24.0
17.0
32.0
15.0
26.0
83.0
88.0
72.0
70.0
81.0
105.0
83.0
81.0
100.0
70.0
80.0
68.0
53.0
58.0
78.0
59.0
24.0
70.0
80.0
45.0
47.0
48.0
37.0
59.0
50.0
53.0
33.0
37.0
26.0
29.0
53.0
39.0
61.0
92.0
80.0
35.0
23.0
62.0
45.0
29.0
43.0
12.0
-16.0
0.0
12.0
9.0
20.0
-2.0
-12.0
-22.0
-6.0
29.0
21.0
-7.0
10.0
-11.0
-38.0
-55.0
-76.0
-50.0
-31.0
-29.0
9.0
-7.0
-20.0
-13.0
-41.0
-45.0
-58.0
-61.0
-74.0
-70.0
-39.0
-81.0
-80.0
-79.0
-122.0
-99.0
-92.0
-107.0
-93.0
-89.0
-114.0
-123.0
-150.0
-138.0
-105.0
-105.0
-97.0
-89.0
-136.0
-122.0
-69.0
-63.0
-67.0
-67.0
-72.0
-63.0
-54.0
-34.0
-29.0
-30.0
-16.0
-27.0
-67.0
-65.0
-52.0
-44.0
-41.0
-20.0
16.0
-3.0
-32.0
-45.0
-63.0
-73.0
-53.0
-54.0
-68.0
-58.0
-37.0
-8.0
8.0
22.0
31.0
15.0
-24.0
-23.0
-31.0
-46.0
-6.0
-5.0
-40.0
2.0
-6.0
-34.0
-10.0
3.0
-41.0
-32.0
22.0
63.0
82.0
50.0
26.0
14.0
-4.0
23.0
43.0
6.0
-14.0
-23.0
-9.0
-31.0
-6.0
64.0
53.0
49.0
81.0
75.0
91.0
92.0
60.0
65.0
34.0
29.0
56.0
12.0
-8.0
6.0
-10.0
-25.0
-39.0
-32.0
-29.0
-43.0
-22.0
-29.0
-60.0
-71.0
-84.0
-102.0
-24.0
-84.0
-108.0
-80.0
-76.0
-93.0
-75.0
-79.0
-83.0
-87.0
-62.0
-74.0
-79.0
-83.0
-97.0
-84.0
-66.0
-73.0
-54.0
-53.0
-67.0
-51.0
-49.0
-31.0
-24.0
-58.0
-51.0
-54.0
-50.0
-44.0
-46.0
-34.0
-29.0
-36.0
-32.0
-38.0
-49.0
-40.0
-52.0
-45.0
-46.0
-65.0
-62.0
-61.0
-72.0
-69.0
-79.0
-95.0
-81.0
-48.0
-25.0
-21.0
-26.0
-14.0
-16.0
-48.0
-50.0
-38.0
-25.0
-23.0
-29.0
-58.0
-51.0
-44.0
-53.0
-59.0
-70.0
-82.0
-72.0
-58.0
-69.0
-45.0
-6.0
-24.0
-37.0
-4.0
-22.0
-36.0
-21.0
4.0
14.0
-8.0
25.0
17.0
-14.0
18.0
10.0
25.0
34.0
17.0
20.0
-22.0
-73.0
-56.0
-52.0
-51.0
-29.0
-37.0
3.0
10.0
31.0
72.0
76.0
81.0
66.0
32.0
2.0
-7.0
-26.0
-20.0
-27.0
-54.0
-63.0
-50.0
-34.0
-15.0
-30.0
-23.0
-11.0
-10.0
-15.0
-41.0
-30.0
-22.0
-19.0
-22.0
-16.0
-15.0
-17.0
11.0
54.0
43.0
48.0
56.0
46.0
65.0
66.0
59.0
131.0
100.0
95.0
82.0
58.0
104.0
93.0
48.0
122.0
87.0
46.0
104.0
88.0
86.0
137.0
131.0
103.0
84.0
80.0
90.0
79.0
103.0
92.0
92.0
83.0
82.0
87.0
96.0
117.0
100.0
38.0
37.0
68.0
45.0
28.0
46.0
12.0
-14.0
4.0
12.0
3.0
-6.0
-22.0
-28.0
-10.0
32.0
18.0
-6.0
-4.0
-22.0
-25.0
-23.0
-51.0
-50.0
-67.0
-54.0
-71.0
-42.0
-48.0
-51.0
-44.0
-44.0
-46.0
-44.0
-39.0
-53.0
-62.0
-82.0
-66.0
-23.0
-33.0
-41.0
-62.0
-68.0
-65.0
-69.0
-84.0
-100.0
-67.0
-48.0
-68.0
-105.0
-125.0
-96.0
-111.0
-125.0
-131.0
-105.0
-90.0
-74.0
-70.0
-88.0
-102.0
-105.0
-76.0
-95.0
-114.0
-83.0
-67.0
-39.0
-31.0
-43.0
-55.0
-49.0
-13.0
1.0
-15.0
-20.0
-4.0
-19.0
-29.0
-36.0
-68.0
-97.0
-97.0
-96.0
-62.0
-61.0
-79.0
-50.0
-68.0
-80.0
-48.0
-56.0
-52.0
-12.0
4.0
-3.0
26.0
1.0
9.0
57.0
40.0
58.0
62.0
14.0
30.0
35.0
19.0
62.0
37.0
35.0
49.0
49.0
66.0
84.0
89.0
92.0
105.0
107.0
120.0
87.0
57.0
52.0
54.0
28.0
11.0
5.0
20.0
31.0
51.0
42.0
27.0
45.0
50.0
63.0
71.0
88.0
77.0
69.0
102.0
126.0
89.0
54.0
44.0
53.0
45.0
64.0
56.0
63.0
50.0
79.0
90.0
88.0
77.0
79.0
67.0
73.0
77.0
68.0
86.0
68.0
88.0
88.0
65.0
88.0
66.0
75.0
100.0
77.0
73.0
70.0
68.0
51.0
32.0
2.0
-12.0
-18.0
3.0
3.0
-16.0
-43.0
-36.0
10.0
11.0
5.0
14.0
-2.0
30.0
30.0
45.0
58.0
57.0
50.0
89.0
78.0
72.0
99.0
84.0
119.0
88.0
60.0
84.0
89.0
93.0
101.0
79.0
97.0
115.0
99.0
69.0
70.0
90.0
108.0
105.0
74.0
70.0
94.0
93.0
87.0
81.0
84.0
107.0
66.0
54.0
83.0
127.0
135.0
113.0
106.0
72.0
34.0
60.0
51.0
46.0
69.0
50.0
59.0
68.0
42.0
78.0
78.0
94.0
113.0
81.0
73.0
65.0
56.0
58.0
54.0
60.0
55.0
81.0
70.0
80.0
78.0
95.0
102.0
105.0
82.0
62.0
100.0
119.0
101.0
82.0
69.0
69.0
70.0
74.0
118.0
77.0
63.0
86.0
53.0
71.0
52.0
8.0
13.0
27.0
22.0
10.0
-30.0
-21.0
14.0
2.0
43.0
15.0
-10.0
-19.0
-34.0
-46.0
-39.0
-63.0
-76.0
-51.0
-39.0
-8.0
-25.0
-51.0
-23.0
-13.0
1.0
-10.0
-35.0
-24.0
-44.0
-36.0
-28.0
-39.0
-31.0
-47.0
-30.0
-19.0
-43.0
2.0
0.0
-11.0
-5.0
-10.0
-30.0
-32.0
-40.0
-43.0
-14.0
-33.0
-32.0
-59.0
-22.0
-35.0
-63.0
-9.0
15.0
17.0
35.0
26.0
41.0
32.0
15.0
5.0
-15.0
-8.0
8.0
-39.0
-37.0
21.0
-42.0
-85.0
-40.0
-33.0
-35.0
-6.0
-7.0
-34.0
-69.0
-61.0
-36.0
-18.0
-11.0
-35.0
-64.0
-84.0
-87.0
-63.0
-82.0
-114.0
-98.0
-62.0
-70.0
-59.0
-80.0
-100.0
-107.0
-105.0
-115.0
-137.0
-129.0
-136.0
-147.0
-150.0
-159.0
-167.0
-172.0
-175.0
-157.0
-127.0
-91.0
-50.0
-55.0
-81.0
-89.0
-144.0
-180.0
-195.0
-184.0
-165.0
-156.0
-148.0
-131.0
-127.0
-120.0
-120.0
-117.0
-112.0
-91.0
-127.0
-126.0
-121.0
-111.0
-102.0
-125.0
-108.0
-101.0
-100.0
-112.0
-116.0
-98.0
-76.0
-105.0
-115.0
-93.0
-110.0
-104.0
-71.0
-78.0
-53.0
-54.0
-44.0
-29.0
-46.0
-16.0
-21.0
1.0
12.0
-15.0
-36.0
7.0
-38.0
-37.0
-30.0
-74.0
-76.0
-62.0
-27.0
21.0
13.0
-11.0
-4.0
2.0
4.0
25.0
7.0
-37.0
-23.0
-23.0
-45.0
-50.0
-35.0
-20.0
10.0
47.0
31.0
29.0
50.0
60.0
17.0
3.0
19.0
-20.0
-34.0
-25.0
-45.0
-31.0
-19.0
-26.0
-17.0
15.0
14.0
-8.0
-2.0
13.0
-18.0
-52.0
-68.0
-90.0
-88.0
-45.0
-83.0
-100.0
-36.0
-23.0
-58.0
-59.0
-59.0
-58.0
-54.0
-77.0
-79.0
-64.0
-51.0
-59.0
-36.0
-10.0
-26.0
-15.0
20.0
18.0
11.0
-3.0
-6.0
-24.0
-18.0
-42.0
-83.0
-94.0
-58.0
-58.0
-39.0
-32.0
-50.0
-75.0
-63.0
-36.0
-83.0
-67.0
-21.0
-18.0
-46.0
-60.0
-72.0
-72.0
-89.0
-72.0
-76.0
-56.0
-51.0
-57.0
-31.0
-55.0
-59.0
-70.0
-81.0
-60.0
-47.0
-44.0
-22.0
-13.0
-32.0
-29.0
-40.0
-83.0
-95.0
-73.0
-90.0
-107.0
-103.0
-91.0
-99.0
-105.0
-86.0
-72.0
-29.0
-4.0
-7.0
-21.0
-46.0
-25.0
-25.0
-70.0
-87.0
-88.0
-90.0
-87.0
-67.0
-31.0
-1.0
39.0
37.0
18.0
40.0
75.0
86.0
51.0
21.0
-5.0
-15.0
-31.0
-35.0
-13.0
18.0
28.0
38.0
32.0
53.0
69.0
48.0
77.0
81.0
42.0
51.0
48.0
46.0
25.0
-5.0
-14.0
-14.0
-5.0
-2.0
-2.0
15.0
39.0
17.0
1.0
-21.0
-10.0
-27.0
-21.0
-17.0
-53.0
-61.0
-68.0
-60.0
-24.0
-24.0
-11.0
-2.0
-12.0
-20.0
-33.0
-13.0
2.0
-19.0
-8.0
-20.0
-32.0
-42.0
-74.0
-43.0
10.0
23.0
17.0
18.0
8.0
8.0
38.0
29.0
14.0
15.0
29.0
42.0
41.0
32.0
25.0
42.0
39.0
42.0
51.0
78.0
62.0
42.0
88.0
83.0
95.0
108.0
85.0
68.0
60.0
72.0
98.0
73.0
112.0
160.0
147.0
114.0
124.0
113.0
116.0
116.0
110.0
139.0
139.0
137.0
129.0
124.0
80.0
91.0
115.0
82.0
87.0
131.0
119.0
88.0
69.0
84.0
91.0
56.0
33.0
53.0
50.0
50.0
46.0
73.0
103.0
114.0
99.0
129.0
128.0
134.0
117.0
81.0
91.0
59.0
26.0
42.0
30.0
21.0
37.0
21.0
52.0
65.0
64.0
88.0
102.0
114.0
134.0
134.0
147.0
125.0
74.0
31.0
33.0
54.0
-2.0
1.0
1.0
-33.0
-23.0
-3.0
18.0
29.0
68.0
63.0
53.0
65.0
52.0
24.0
1.0
12.0
3.0
-20.0
-1.0
-22.0
0.0
0.0
47.0
35.0
20.0
9.0
15.0
26.0
3.0
-16.0
-41.0
-64.0
-88.0
-107.0
-79.0
-71.0
-72.0
-86.0
-39.0
13.0
23.0
26.0
-8.0
-19.0
-3.0
-17.0
-45.0
-45.0
-59.0
-86.0
-95.0
-105.0
-91.0
-89.0
-104.0
-93.0
-83.0
-78.0
-46.0
-55.0
-63.0
-63.0
-60.0
-69.0
-116.0
-127.0
-142.0
-140.0
-163.0
-177.0
-171.0
-205.0
-186.0
-106.0
-97.0
-138.0
-150.0
-172.0
-181.0
-171.0
-205.0
-211.0
-210.0
-238.0
-224.0
-206.0
-191.0
-166.0
-138.0
-131.0
-144.0
-144.0
-154.0
-175.0
-202.0
-188.0
-187.0
-182.0
-135.0
-131.0
-111.0
-88.0
-90.0
-56.0
-49.0
-102.0
-91.0
-70.0
-70.0
-21.0
-24.0
-67.0
-55.0
-32.0
-3.0
2.0
5.0
16.0
10.0
31.0
76.0
99.0
116.0
102.0
116.0
81.0
97.0
137.0
117.0
122.0
107.0
88.0
80.0
51.0
20.0
42.0
74.0
30.0
42.0
75.0
80.0
68.0
69.0
108.0
95.0
72.0
81.0
105.0
107.0
113.0
110.0
107.0
114.0
118.0
136.0
138.0
154.0
175.0
157.0
148.0
174.0
133.0
122.0
146.0
129.0
98.0
80.0
85.0
88.0
59.0
91.0
95.0
97.0
154.0
166.0
154.0
154.0
146.0
136.0
118.0
100.0
92.0
70.0
46.0
52.0
51.0
62.0
98.0
122.0
127.0
129.0
107.0
84.0
55.0
23.0
14.0
41.0
18.0
-69.0
-26.0
-15.0
-5.0
50.0
80.0
96.0
112.0
103.0
117.0
112.0
97.0
93.0
68.0
58.0
69.0
51.0
38.0
21.0
17.0
30.0
34.0
26.0
27.0
12.0
59.0
46.0
43.0
54.0
39.0
48.0
-1.0
-25.0
-20.0
-29.0
-35.0
-63.0
-89.0
-95.0
-82.0
-69.0
-70.0
-22.0
10.0
30.0
51.0
28.0
-29.0
-45.0
-43.0
-45.0
-79.0
-76.0
-70.0
-71.0
-61.0
-53.0
-64.0
-48.0
-17.0
-30.0
-49.0
-24.0
-45.0
-64.0
-51.0
-55.0
-96.0
-118.0
-119.0
-121.0
-112.0
-127.0
-127.0
-115.0
-86.0
-36.0
-30.0
-36.0
-15.0
-31.0
-20.0
-13.0
-35.0
-32.0
-47.0
-53.0
-67.0
-102.0
-81.0
-62.0
-78.0
-46.0
-20.0
-6.0
-15.0
-28.0
-26.0
-26.0
-28.0
-24.0
-7.0
5.0
-17.0
-25.0
4.0
32.0
21.0
32.0
41.0
31.0
32.0
26.0
5.0
8.0
-15.0
-6.0
-18.0
-40.0
-38.0
-21.0
-49.0
-44.0
-54.0
-30.0
-27.0
-16.0
11.0
10.0
46.0
54.0
25.0
6.0
-2.0
-5.0
-30.0
-23.0
-20.0
-9.0
2.0
15.0
-2.0
-25.0
-20.0
-23.0
-18.0
-17.0
-19.0
-44.0
-51.0
-51.0
-46.0
-68.0
-65.0
-82.0
-94.0
-6.0
33.0
-3.0
35.0
17.0
-17.0
-24.0
-12.0
-42.0
-43.0
-65.0
-86.0
-77.0
-50.0
-35.0
-8.0
27.0
35.0
44.0
-30.0
-39.0
8.0
-25.0
4.0
-12.0
-37.0
-60.0
-45.0
-68.0
-50.0
5.0
28.0
43.0
24.0
23.0
11.0
-13.0
-35.0
-77.0
-83.0
-76.0
-80.0
-51.0
0.0
18.0
19.0
42.0
71.0
103.0
109.0
80.0
29.0
4.0
-1.0
-30.0
-70.0
-67.0
-43.0
-73.0
-47.0
10.0
16.0
7.0
25.0
29.0
54.0
71.0
61.0
53.0
20.0
1.0
-1.0
7.0
7.0
-25.0
2.0
0.0
7.0
20.0
24.0
78.0
90.0
90.0
73.0
26.0
42.0
27.0
3.0
-18.0
-29.0
-43.0
-35.0
1.0
16.0
13.0
46.0
74.0
100.0
100.0
47.0
37.0
17.0
8.0
21.0
8.0
-32.0
-32.0
1.0
1.0
12.0
2.0
-16.0
12.0
17.0
40.0
37.0
-11.0
-29.0
-24.0
-25.0
-16.0
-32.0
-22.0
-17.0
-17.0
14.0
-7.0
-31.0
-26.0
-31.0
-30.0
-28.0
-8.0
22.0
33.0
5.0
-19.0
-20.0
12.0
6.0
-43.0
-43.0
-42.0
-60.0
-52.0
-55.0
-51.0
-8.0
1.0
-8.0
22.0
7.0
-11.0
-36.0
-66.0
-81.0
-70.0
-47.0
-91.0
-84.0
-22.0
-51.0
-32.0
-21.0
-56.0
-21.0
-5.0
-25.0
-21.0
-67.0
-93.0
-105.0
-106.0
-81.0
-81.0
-65.0
-64.0
-89.0
-61.0
-63.0
-61.0
-65.0
-59.0
-84.0
-67.0
-53.0
-34.0
-52.0
-39.0
-5.0
4.0
-6.0
-5.0
-21.0
-1.0
49.0
60.0
26.0
-16.0
15.0
45.0
22.0
22.0
51.0
59.0
53.0
33.0
30.0
42.0
53.0
56.0
48.0
36.0
46.0
52.0
35.0
30.0
17.0
4.0
15.0
49.0
37.0
37.0
59.0
78.0
72.0
87.0
98.0
107.0
119.0
91.0
76.0
54.0
44.0
73.0
37.0
26.0
50.0
64.0
96.0
89.0
52.0
76.0
91.0
107.0
124.0
74.0
22.0
16.0
-5.0
-6.0
4.0
-15.0
-10.0
-1.0
32.0
35.0
20.0
40.0
76.0
104.0
100.0
81.0
64.0
37.0
25.0
6.0
-18.0
-17.0
-21.0
-11.0
-3.0
12.0
-11.0
15.0
32.0
1.0
14.0
38.0
13.0
17.0
22.0
-17.0
-33.0
-23.0
-17.0
-17.0
-25.0
-19.0
-26.0
-18.0
-4.0
-22.0
-48.0
-52.0
-42.0
-39.0
-21.0
-36.0
-55.0
-59.0
-58.0
-70.0
-49.0
-78.0
-98.0
-64.0
-53.0
-45.0
-59.0
-73.0
-52.0
-12.0
-23.0
-27.0
4.0
-7.0
-7.0
1.0
-15.0
-26.0
-22.0
-34.0
-90.0
-108.0
-76.0
-87.0
-85.0
-84.0
-77.0
-74.0
-76.0
-82.0
-77.0
-55.0
-29.0
3.0
-9.0
-37.0
-24.0
-61.0
-69.0
-58.0
-71.0
-58.0
-59.0
-25.0
-8.0
-44.0
-51.0
-82.0
-107.0
-99.0
-94.0
-77.0
-70.0
-73.0
-63.0
-65.0
-12.0
17.0
-7.0
-13.0
-31.0
-70.0
-85.0
-100.0
-103.0
-49.0
-62.0
-58.0
-10.0
21.0
78.0
107.0
95.0
107.0
155.0
130.0
97.0
54.0
52.0
34.0
42.0
44.0
45.0
59.0
34.0
14.0
65.0
89.0
68.0
65.0
105.0
109.0
59.0
60.0
81.0
39.0
50.0
64.0
39.0
23.0
36.0
48.0
42.0
25.0
13.0
14.0
10.0
21.0
11.0
3.0
17.0
5.0
-4.0
0.0
16.0
22.0
21.0
16.0
29.0
51.0
46.0
69.0
63.0
54.0
67.0
66.0
56.0
69.0
71.0
54.0
39.0
42.0
46.0
40.0
41.0
24.0
5.0
22.0
38.0
23.0
16.0
25.0
48.0
76.0
74.0
72.0
59.0
56.0
50.0
10.0
16.0
31.0
26.0
43.0
40.0
50.0
54.0
21.0
20.0
54.0
71.0
51.0
43.0
57.0
44.0
25.0
12.0
-23.0
-33.0
-12.0
-17.0
25.0
61.0
61.0
59.0
71.0
89.0
100.0
45.0
54.0
62.0
31.0
17.0
8.0
-14.0
13.0
16.0
17.0
26.0
41.0
42.0
72.0
85.0
82.0
90.0
79.0
81.0
63.0
60.0
31.0
12.0
0.0
8.0
22.0
16.0
30.0
63.0
53.0
51.0
66.0
68.0
56.0
71.0
62.0
52.0
43.0
30.0
74.0
73.0
46.0
56.0
40.0
32.0
40.0
51.0
46.0
36.0
13.0
-5.0
-18.0
-1.0
-13.0
-25.0
6.0
18.0
36.0
44.0
37.0
34.0
19.0
19.0
8.0
13.0
35.0
2.0
-12.0
39.0
30.0
-6.0
4.0
4.0
16.0
34.0
35.0
53.0
65.0
31.0
42.0
51.0
40.0
43.0
20.0
20.0
-24.0
-31.0
-24.0
-26.0
-22.0
-18.0
16.0
24.0
10.0
-3.0
0.0
10.0
37.0
56.0
25.0
-21.0
19.0
56.0
18.0
-7.0
36.0
26.0
29.0
51.0
53.0
32.0
-2.0
9.0
32.0
15.0
3.0
14.0
-7.0
-5.0
-21.0
-30.0
-34.0
-1.0
2.0
30.0
21.0
36.0
26.0
-5.0
10.0
4.0
-14.0
-13.0
-8.0
-16.0
-3.0
-23.0
-42.0
-33.0
-34.0
-7.0
14.0
-15.0
-13.0
-25.0
-45.0
-21.0
-6.0
-40.0
-31.0
-17.0
2.0
5.0
-8.0
-29.0
-31.0
-20.0
-23.0
-32.0
6.0
-10.0
-29.0
-25.0
-23.0
15.0
-6.0
-10.0
-21.0
-12.0
5.0
-18.0
-13.0
-15.0
-27.0
1.0
11.0
18.0
31.0
20.0
35.0
49.0
-2.0
-13.0
63.0
22.0
15.0
52.0
61.0
42.0
43.0
44.0
35.0
44.0
29.0
25.0
22.0
7.0
14.0
-20.0
-25.0
-22.0
-8.0
5.0
-11.0
-33.0
-17.0
-12.0
-29.0
-25.0
3.0
16.0
13.0
45.0
72.0
83.0
97.0
79.0
34.0
14.0
-21.0
-12.0
-52.0
-99.0
-76.0
-95.0
-108.0
-72.0
-45.0
-6.0
14.0
-5.0
53.0
63.0
43.0
39.0
9.0
-26.0
-59.0
-64.0
-35.0
-62.0
-39.0
21.0
28.0
1.0
46.0
34.0
7.0
7.0
29.0
14.0
2.0
2.0
11.0
30.0
30.0
-17.0
7.0
36.0
31.0
42.0
34.0
11.0
25.0
50.0
40.0
49.0
51.0
78.0
69.0
38.0
9.0
-24.0
-36.0
-19.0
-21.0
15.0
51.0
15.0
-2.0
-1.0
1.0
14.0
8.0
10.0
17.0
33.0
17.0
30.0
41.0
37.0
49.0
82.0
40.0
23.0
49.0
34.0
49.0
40.0
36.0
39.0
17.0
-12.0
-6.0
2.0
-21.0
-7.0
11.0
1.0
18.0
46.0
57.0
42.0
33.0
-2.0
-34.0
-24.0
-22.0
-13.0
-5.0
-8.0
7.0
7.0
-24.0
-23.0
-53.0
-94.0
-96.0
-79.0
-93.0
-88.0
-86.0
-79.0
-62.0
-97.0
-86.0
-91.0
-86.0
-59.0
-45.0
-53.0
-54.0
-63.0
-56.0
-32.0
-23.0
-34.0
-23.0
-14.0
18.0
13.0
15.0
3.0
-1.0
-11.0
-25.0
1.0
10.0
-23.0
-51.0
-65.0
-89.0
-77.0
-75.0
-51.0
-62.0
-71.0
-60.0
-46.0
-16.0
1.0
-31.0
-33.0
-14.0
-12.0
-23.0
-13.0
5.0
20.0
25.0
27.0
41.0
10.0
26.0
19.0
6.0
29.0
15.0
1.0
-45.0
-65.0
-52.0
-63.0
-54.0
-55.0
-80.0
-68.0
-50.0
-42.0
-24.0
-13.0
-8.0
-26.0
-11.0
-12.0
-25.0
-16.0
-26.0
-23.0
2.0
8.0
-13.0
-24.0
-50.0
-37.0
-30.0
-34.0
2.0
31.0
37.0
21.0
-4.0
-12.0
-29.0
-21.0
6.0
4.0
-10.0
2.0
15.0
24.0
21.0
8.0
17.0
-3.0
-37.0
-32.0
-19.0
-6.0
-10.0
-2.0
-4.0
-29.0
-12.0
-5.0
-4.0
-3.0
35.0
46.0
48.0
49.0
45.0
60.0
32.0
16.0
1.0
-58.0
-25.0
4.0
30.0
73.0
61.0
48.0
37.0
27.0
29.0
25.0
14.0
4.0
-32.0
14.0
34.0
37.0
91.0
59.0
26.0
90.0
76.0
70.0
86.0
51.0
22.0
46.0
60.0
64.0
49.0
28.0
29.0
21.0
45.0
68.0
89.0
82.0
50.0
54.0
48.0
54.0
46.0
30.0
0.0
57.0
94.0
77.0
64.0
63.0
63.0
74.0
64.0
63.0
33.0
18.0
29.0
30.0
20.0
5.0
0.0
16.0
12.0
22.0
13.0
-8.0
-5.0
-5.0
-21.0
-28.0
-28.0
-40.0
-44.0
-63.0
-87.0
-109.0
-127.0
-91.0
-94.0
-114.0
-86.0
-93.0
-106.0
-98.0
-72.0
-89.0
-100.0
-97.0
-107.0
-137.0
-136.0
-148.0
-127.0
-116.0
-112.0
-107.0
-87.0
-105.0
-100.0
-94.0
-115.0
-111.0
-115.0
-111.0
-139.0
-162.0
-157.0
-164.0
-143.0
-143.0
-158.0
-151.0
-163.0
-141.0
-122.0
-115.0
-112.0
-114.0
-89.0
-105.0
-101.0
-98.0
-111.0
-134.0
-116.0
-110.0
-124.0
-107.0
-109.0
-139.0
-93.0
-90.0
-118.0
-62.0
-52.0
-49.0
-26.0
-43.0
-48.0
-54.0
-73.0
-102.0
-84.0
-52.0
-32.0
-5.0
0.0
1.0
-21.0
-17.0
5.0
-9.0
-40.0
-42.0
-34.0
-42.0
-49.0
-20.0
-21.0
-37.0
-44.0
-45.0
-60.0
-65.0
-38.0
-5.0
-24.0
-23.0
-11.0
-7.0
-11.0
-12.0
-34.0
-16.0
32.0
66.0
65.0
62.0
78.0
78.0
54.0
18.0
-8.0
-20.0
27.0
54.0
67.0
90.0
109.0
120.0
105.0
92.0
116.0
101.0
114.0
135.0
113.0
99.0
89.0
99.0
137.0
140.0
123.0
112.0
99.0
109.0
109.0
132.0
152.0
149.0
106.0
84.0
105.0
128.0
107.0
84.0
90.0
96.0
111.0
107.0
75.0
118.0
138.0
104.0
106.0
119.0
108.0
88.0
81.0
70.0
69.0
81.0
91.0
75.0
52.0
74.0
83.0
80.0
97.0
105.0
90.0
48.0
46.0
27.0
6.0
32.0
23.0
5.0
6.0
-10.0
-3.0
26.0
23.0
51.0
64.0
37.0
36.0
8.0
-14.0
-7.0
1.0
2.0
-3.0
2.0
-14.0
-7.0
-17.0
-27.0
-4.0
3.0
-14.0
-3.0
5.0
-17.0
-23.0
-20.0
-13.0
-24.0
-82.0
-79.0
-10.0
-50.0
4.0
61.0
50.0
72.0
46.0
9.0
-17.0
-44.0
-64.0
-44.0
-64.0
-52.0
-42.0
-44.0
-55.0
-31.0
-29.0
2.0
-35.0
-41.0
7.0
-6.0
-12.0
6.0
14.0
-13.0
-39.0
-67.0
-68.0
-34.0
-34.0
-30.0
-20.0
-28.0
-39.0
-14.0
8.0
33.0
26.0
21.0
42.0
41.0
13.0
15.0
-4.0
9.0
15.0
5.0
6.0
-13.0
11.0
21.0
-1.0
10.0
11.0
-7.0
-10.0
-34.0
-38.0
1.0
-4.0
1.0
-10.0
-37.0
-17.0
-19.0
-25.0
-5.0
-2.0
-5.0
37.0
33.0
5.0
42.0
51.0
48.0
55.0
30.0
20.0
25.0
17.0
38.0
56.0
70.0
74.0
54.0
63.0
45.0
37.0
42.0
28.0
35.0
52.0
23.0
24.0
21.0
23.0
41.0
65.0
51.0
67.0
56.0
54.0
43.0
42.0
22.0
5.0
37.0
46.0
39.0
76.0
77.0
83.0
87.0
82.0
71.0
76.0
82.0
81.0
40.0
65.0
51.0
20.0
28.0
8.0
20.0
34.0
18.0
29.0
31.0
44.0
49.0
58.0
89.0
76.0
51.0
41.0
8.0
-41.0
-30.0
-38.0
-35.0
7.0
5.0
-2.0
-15.0
29.0
35.0
11.0
-4.0
-14.0
-45.0
-47.0
-35.0
-43.0
-34.0
2.0
8.0
42.0
11.0
-24.0
-20.0
-25.0
4.0
10.0
1.0
17.0
-7.0
-31.0
-18.0
-49.0
-36.0
-32.0
-45.0
-36.0
-34.0
-39.0
-32.0
-21.0
-42.0
-48.0
-3.0
23.0
21.0
-16.0
-70.0
-91.0
-45.0
-12.0
-26.0
-55.0
-73.0
-53.0
-25.0
-39.0
-36.0
-31.0
-28.0
-29.0
-22.0
-22.0
-30.0
-25.0
-35.0
-67.0
-101.0
-103.0
-112.0
-128.0
-134.0
-131.0
-111.0
-89.0
-114.0
-123.0
-103.0
-95.0
-100.0
-113.0
-103.0
-102.0
-110.0
-89.0
-93.0
-77.0
-88.0
-84.0
-63.0
-69.0
-99.0
-103.0
-97.0
-68.0
-67.0
-57.0
-29.0
-23.0
-43.0
-52.0
-80.0
-85.0
-67.0
-91.0
-104.0
-91.0
-56.0
-54.0
-49.0
-77.0
-78.0
-72.0
-50.0
-29.0
-56.0
-57.0
-85.0
-87.0
-42.0
-23.0
-14.0
-12.0
-7.0
3.0
-5.0
12.0
-21.0
-29.0
-31.0
-70.0
-103.0
-74.0
-53.0
-27.0
-33.0
-40.0
-13.0
32.0
76.0
66.0
84.0
96.0
76.0
64.0
71.0
79.0
88.0
67.0
56.0
83.0
86.0
77.0
104.0
99.0
81.0
88.0
88.0
91.0
55.0
21.0
91.0
95.0
57.0
85.0
69.0
57.0
103.0
104.0
92.0
68.0
48.0
54.0
11.0
23.0
46.0
68.0
77.0
67.0
40.0
3.0
14.0
20.0
39.0
30.0
22.0
20.0
46.0
77.0
71.0
64.0
35.0
35.0
42.0
40.0
23.0
10.0
22.0
45.0
35.0
-2.0
-15.0
-4.0
3.0
-10.0
-8.0
-6.0
6.0
13.0
12.0
12.0
2.0
15.0
-2.0
16.0
26.0
49.0
62.0
31.0
21.0
25.0
18.0
2.0
10.0
18.0
25.0
14.0
-14.0
-24.0
-18.0
-33.0
-58.0
-71.0
-61.0
-73.0
-70.0
-65.0
-65.0
-58.0
-42.0
-32.0
-33.0
-33.0
-22.0
-43.0
-79.0
-55.0
-37.0
-51.0
-56.0
-70.0
-67.0
-40.0
-58.0
-70.0
-71.0
-54.0
-90.0
-112.0
-96.0
-65.0
-87.0
-97.0
-97.0
-66.0
-73.0
-92.0
-98.0
-90.0
-85.0
-80.0
-50.0
-45.0
-39.0
-33.0
-18.0
-11.0
-2.0
-20.0
-24.0
-24.0
-14.0
-23.0
-35.0
-29.0
-34.0
-27.0
-5.0
-34.0
-28.0
-25.0
1.0
-6.0
-36.0
-13.0
-31.0
-8.0
12.0
10.0
-5.0
1.0
2.0
11.0
7.0
6.0
7.0
-28.0
-31.0
-5.0
-2.0
11.0
25.0
51.0
80.0
59.0
32.0
36.0
43.0
43.0
56.0
11.0
29.0
35.0
11.0
27.0
22.0
20.0
16.0
-16.0
-22.0
-14.0
-25.0
-50.0
-26.0
-21.0
-22.0
-39.0
-46.0
-60.0
-54.0
-30.0
-24.0
-39.0
-33.0
-28.0
-21.0
-42.0
-33.0
-4.0
-14.0
-14.0
14.0
37.0
35.0
8.0
-14.0
-11.0
-8.0
16.0
14.0
-27.0
-26.0
-21.0
-10.0
10.0
-12.0
10.0
21.0
-1.0
4.0
28.0
11.0
-16.0
-40.0
-23.0
-26.0
-23.0
-17.0
-26.0
-17.0
-27.0
-32.0
-18.0
6.0
36.0
54.0
56.0
42.0
21.0
-2.0
20.0
3.0
-22.0
5.0
3.0
13.0
21.0
-6.0
-9.0
42.0
51.0
39.0
26.0
26.0
46.0
23.0
5.0
21.0
2.0
42.0
40.0
29.0
40.0
7.0
39.0
47.0
64.0
54.0
43.0
47.0
22.0
14.0
3.0
-7.0
-17.0
-19.0
-3.0
11.0
1.0
12.0
12.0
-1.0
6.0
1.0
-5.0
-5.0
6.0
-5.0
27.0
57.0
21.0
-6.0
-27.0
-11.0
10.0
-6.0
23.0
53.0
26.0
8.0
8.0
-8.0
-18.0
-18.0
11.0
12.0
11.0
21.0
34.0
34.0
45.0
60.0
31.0
36.0
26.0
41.0
11.0
4.0
13.0
16.0
40.0
37.0
10.0
3.0
10.0
39.0
67.0
58.0
44.0
29.0
45.0
35.0
49.0
50.0
21.0
37.0
54.0
53.0
34.0
48.0
47.0
60.0
90.0
76.0
37.0
52.0
29.0
43.0
56.0
36.0
56.0
37.0
40.0
59.0
69.0
58.0
61.0
66.0
42.0
33.0
54.0
84.0
64.0
66.0
79.0
77.0
102.0
92.0
78.0
60.0
67.0
83.0
79.0
70.0
78.0
78.0
82.0
63.0
26.0
40.0
92.0
85.0
87.0
107.0
124.0
144.0
134.0
133.0
83.0
79.0
95.0
41.0
43.0
90.0
44.0
32.0
71.0
95.0
115.0
92.0
76.0
74.0
52.0
72.0
78.0
65.0
77.0
70.0
72.0
37.0
54.0
98.0
116.0
89.0
72.0
89.0
122.0
130.0
116.0
102.0
93.0
63.0
44.0
48.0
41.0
10.0
13.0
8.0
13.0
12.0
-18.0
-39.0
-46.0
-4.0
20.0
-2.0
-40.0
-41.0
-12.0
-6.0
-35.0
-70.0
-77.0
-43.0
-45.0
-37.0
-18.0
-32.0
-29.0
-25.0
-35.0
-24.0
-20.0
-20.0
-21.0
-24.0
-23.0
-39.0
-24.0
-28.0
-37.0
-35.0
-22.0
-37.0
-63.0
-55.0
-73.0
-77.0
-90.0
-114.0
-92.0
-88.0
-92.0
-92.0
-105.0
-101.0
-112.0
-94.0
-81.0
-87.0
-65.0
-77.0
-92.0
-102.0
-117.0
-131.0
-130.0
-115.0
-115.0
-122.0
-129.0
-115.0
-104.0
-103.0
-110.0
-112.0
-112.0
-100.0
-87.0
-77.0
-72.0
-71.0
-54.0
-68.0
-70.0
-62.0
-54.0
-50.0
-44.0
-45.0
-42.0
-55.0
-57.0
-25.0
5.0
-6.0
-13.0
-1.0
-25.0
13.0
30.0
7.0
41.0
66.0
66.0
46.0
68.0
55.0
85.0
134.0
147.0
126.0
121.0
120.0
90.0
95.0
105.0
151.0
168.0
171.0
185.0
215.0
218.0
205.0
225.0
211.0
178.0
176.0
154.0
161.0
212.0
233.0
241.0
219.0
208.0
228.0
214.0
233.0
227.0
228.0
256.0
229.0
233.0
247.0
204.0
177.0
165.0
176.0
165.0
190.0
168.0
144.0
150.0
170.0
175.0
166.0
148.0
153.0
164.0
159.0
156.0
158.0
164.0
180.0
191.0
156.0
135.0
172.0
171.0
156.0
158.0
189.0
189.0
180.0
218.0
229.0
231.0
244.0
249.0
203.0
175.0
175.0
205.0
214.0
194.0
162.0
164.0
171.0
118.0
130.0
162.0
157.0
159.0
140.0
123.0
88.0
84.0
103.0
104.0
134.0
108.0
89.0
120.0
116.0
78.0
74.0
105.0
102.0
82.0
59.0
46.0
38.0
24.0
14.0
64.0
103.0
101.0
114.0
82.0
64.0
87.0
89.0
67.0
93.0
60.0
16.0
51.0
48.0
51.0
70.0
72.0
101.0
103.0
83.0
71.0
53.0
32.0
23.0
-15.0
5.0
2.0
-12.0
26.0
32.0
6.0
36.0
29.0
50.0
81.0
4.0
-62.0
-72.0
-66.0
-58.0
-48.0
-33.0
-19.0
-60.0
-30.0
-10.0
6.0
18.0
32.0
16.0
15.0
-5.0
-6.0
-11.0
-21.0
-30.0
-40.0
-39.0
-55.0
-39.0
10.0
-26.0
-33.0
-24.0
-51.0
-23.0
-22.0
-37.0
-14.0
-18.0
-30.0
-41.0
-97.0
-86.0
-73.0
-58.0
-39.0
-18.0
-6.0
-2.0
10.0
21.0
-7.0
-45.0
-52.0
-29.0
-6.0
-13.0
-29.0
-11.0
-84.0
-152.0
-156.0
-154.0
-111.0
-99.0
-80.0
-78.0
-102.0
-112.0
-98.0
-85.0
-101.0
-129.0
-138.0
-136.0
-167.0
-183.0
-157.0
-147.0
-74.0
-46.0
-44.0
-25.0
-33.0
-17.0
-22.0
-56.0
-88.0
-81.0
-108.0
-147.0
-135.0
-93.0
-49.0
-26.0
-18.0
3.0
-6.0
-17.0
-43.0
-71.0
-84.0
-90.0
-84.0
-84.0
-103.0
-89.0
-74.0
-63.0
-84.0
-72.0
-38.0
-31.0
-26.0
-50.0
-70.0
-72.0
-112.0
-104.0
-87.0
-70.0
-63.0
-54.0
-26.0
-66.0
-71.0
-61.0
-42.0
-41.0
-1.0
53.0
69.0
83.0
29.0
-31.0
-48.0
-88.0
-109.0
-97.0
-98.0
-100.0
-89.0
-86.0
-62.0
-23.0
1.0
15.0
32.0
67.0
74.0
36.0
29.0
1.0
-37.0
-39.0
-43.0
-32.0
-21.0
-49.0
-54.0
-35.0
-41.0
14.0
44.0
31.0
15.0
-13.0
-54.0
-53.0
-51.0
-65.0
-48.0
-48.0
-26.0
-55.0
-51.0
-35.0
-27.0
8.0
22.0
35.0
52.0
34.0
10.0
-13.0
-40.0
-61.0
-58.0
-80.0
-114.0
-114.0
-85.0
-55.0
-37.0
-48.0
-80.0
-80.0
-73.0
-61.0
-49.0
-60.0
-67.0
-36.0
-68.0
-88.0
-45.0
-12.0
12.0
25.0
55.0
56.0
36.0
14.0
9.0
13.0
8.0
-18.0
-33.0
-34.0
-78.0
-104.0
-84.0
-89.0
-89.0
-45.0
4.0
8.0
2.0
14.0
-14.0
-37.0
-46.0
-60.0
-96.0
-106.0
-96.0
-99.0
-102.0
-120.0
-95.0
-54.0
-43.0
-52.0
-68.0
-64.0
-70.0
-72.0
-71.0
-89.0
-79.0
-63.0
-73.0
-79.0
-72.0
-55.0
-23.0
-10.0
18.0
35.0
41.0
31.0
25.0
-2.0
4.0
-45.0
-81.0
-98.0
-114.0
-148.0
-165.0
-142.0
-132.0
-119.0
-70.0
-33.0
-43.0
-17.0
4.0
8.0
13.0
-18.0
-52.0
-49.0
-88.0
-156.0
-143.0
-135.0
-130.0
-89.0
-94.0
-98.0
-44.0
-27.0
-5.0
34.0
17.0
22.0
31.0
-25.0
-53.0
-61.0
-92.0
-95.0
-77.0
-79.0
-52.0
-4.0
-56.0
-88.0
-76.0
-102.0
-95.0
-93.0
-126.0
-108.0
-116.0
-127.0
-104.0
-128.0
-123.0
-105.0
-102.0
-62.0
-71.0
-66.0
-65.0
-89.0
-84.0
-76.0
-99.0
-112.0
-137.0
-140.0
-115.0
-128.0
-103.0
-77.0
-76.0
-81.0
-85.0
-105.0
-119.0
-116.0
-121.0
-111.0
-147.0
-159.0
-138.0
-135.0
-111.0
-93.0
-88.0
-76.0
-41.0
-53.0
-60.0
-73.0
-75.0
-109.0
-116.0
-93.0
-97.0
-73.0
-65.0
-73.0
-80.0
-93.0
-106.0
-99.0
-71.0
-65.0
-41.0
-25.0
-18.0
-31.0
-49.0
-65.0
-79.0
-105.0
-109.0
-136.0
-152.0
-147.0
-161.0
-136.0
-120.0
-76.0
-61.0
-51.0
-59.0
-72.0
-78.0
-72.0
-78.0
-101.0
-100.0
-101.0
-90.0
-116.0
-145.0
-89.0
-39.0
-50.0
-71.0
-23.0
6.0
-18.0
-17.0
-3.0
-3.0
-14.0
-41.0
-54.0
-67.0
-91.0
-91.0
-92.0
-76.0
-47.0
-76.0
-60.0
-19.0
-32.0
-53.0
-15.0
-3.0
-51.0
-67.0
-18.0
-5.0
-20.0
-31.0
-42.0
-29.0
-21.0
-39.0
-54.0
-36.0
-47.0
-40.0
-16.0
-34.0
-48.0
-60.0
-78.0
-77.0
-99.0
-83.0
-94.0
-73.0
-18.0
-11.0
-6.0
4.0
0.0
-21.0
-25.0
-40.0
-45.0
-36.0
-20.0
-10.0
1.0
1.0
32.0
45.0
48.0
34.0
70.0
93.0
64.0
33.0
36.0
49.0
49.0
39.0
14.0
-2.0
-23.0
1.0
9.0
3.0
8.0
10.0
0.0
34.0
-14.0
-24.0
-14.0
-36.0
-29.0
-36.0
-27.0
-13.0
-50.0
-45.0
-16.0
-25.0
-20.0
-13.0
-26.0
-37.0
-36.0
-21.0
-59.0
-81.0
-59.0
-53.0
-41.0
23.0
65.0
45.0
48.0
36.0
-15.0
-42.0
-27.0
-18.0
-30.0
-33.0
-59.0
-69.0
-44.0
-37.0
-55.0
-50.0
-58.0
-50.0
-22.0
-54.0
-56.0
-67.0
-54.0
-56.0
-62.0
-79.0
-81.0
-68.0
-56.0
-62.0
-43.0
-46.0
-58.0
-56.0
-46.0
-41.0
-50.0
0.0
-4.0
-8.0
-5.0
-16.0
-31.0
-45.0
-37.0
-40.0
-56.0
-80.0
-72.0
-68.0
-61.0
-29.0
-27.0
-48.0
-28.0
-33.0
-44.0
-43.0
-50.0
-60.0
-60.0
-69.0
-74.0
-51.0
-41.0
-35.0
-40.0
-36.0
-50.0
-51.0
-52.0
-33.0
-35.0
-40.0
-43.0
-64.0
-55.0
-46.0
-30.0
-17.0
-47.0
-40.0
-37.0
-32.0
0.0
-25.0
-68.0
-49.0
-41.0
-51.0
-45.0
-58.0
-55.0
-62.0
-81.0
-74.0
-56.0
-29.0
-12.0
-48.0
-34.0
2.0
-51.0
-42.0
-61.0
-65.0
-77.0
-78.0
-63.0
-57.0
-71.0
-62.0
-64.0
-64.0
-75.0
-64.0
-49.0
-64.0
-72.0
-71.0
-63.0
-87.0
-75.0
-37.0
-35.0
-44.0
-22.0
-25.0
-30.0
-22.0
-23.0
-42.0
-34.0
-36.0
-3.0
-10.0
-18.0
-17.0
-15.0
-7.0
2.0
-24.0
-39.0
-49.0
-59.0
-32.0
-45.0
-55.0
-39.0
-30.0
-23.0
-21.0
-49.0
-34.0
-13.0
-7.0
-15.0
-65.0
-63.0
-65.0
-53.0
-11.0
-30.0
-59.0
-43.0
-49.0
-67.0
-55.0
-61.0
-80.0
-79.0
-86.0
-93.0
-87.0
-78.0
-49.0
-40.0
-24.0
-20.0
-20.0
-44.0
-48.0
-44.0
-68.0
-67.0
-71.0
-73.0
-62.0
-37.0
-37.0
-44.0
-10.0
4.0
49.0
64.0
34.0
20.0
17.0
26.0
5.0
-31.0
3.0
-5.0
-12.0
9.0
12.0
25.0
39.0
61.0
64.0
51.0
16.0
-4.0
-37.0
-51.0
-67.0
-31.0
4.0
-1.0
5.0
37.0
37.0
24.0
14.0
25.0
61.0
46.0
2.0
-14.0
-41.0
-35.0
-49.0
-52.0
-49.0
-44.0
-45.0
-42.0
-51.0
-33.0
-11.0
-18.0
15.0
8.0
25.0
43.0
14.0
-19.0
-8.0
-25.0
-5.0
-3.0
-18.0
-30.0
-34.0
-19.0
8.0
21.0
73.0
95.0
99.0
76.0
24.0
22.0
6.0
15.0
12.0
-28.0
-21.0
7.0
-1.0
-20.0
-10.0
13.0
40.0
35.0
37.0
86.0
78.0
51.0
54.0
45.0
20.0
8.0
-7.0
-4.0
-18.0
-36.0
-56.0
-27.0
1.0
19.0
25.0
27.0
31.0
-2.0
-8.0
-3.0
3.0
36.0
36.0
44.0
34.0
13.0
-12.0
-28.0
10.0
38.0
25.0
34.0
5.0
-19.0
-12.0
10.0
26.0
7.0
4.0
26.0
13.0
20.0
54.0
35.0
8.0
30.0
40.0
44.0
43.0
28.0
1.0
-7.0
-2.0
28.0
42.0
39.0
30.0
3.0
34.0
58.0
77.0
79.0
65.0
101.0
70.0
93.0
89.0
39.0
22.0
29.0
26.0
46.0
44.0
27.0
42.0
61.0
61.0
84.0
71.0
65.0
95.0
96.0
68.0
52.0
41.0
55.0
64.0
45.0
36.0
41.0
69.0
71.0
83.0
96.0
97.0
96.0
100.0
93.0
67.0
49.0
35.0
12.0
31.0
48.0
22.0
31.0
62.0
59.0
75.0
95.0
90.0
109.0
120.0
99.0
71.0
58.0
46.0
60.0
76.0
42.0
70.0
91.0
91.0
90.0
117.0
108.0
106.0
133.0
161.0
145.0
152.0
116.0
76.0
68.0
44.0
40.0
76.0
96.0
104.0
108.0
107.0
106.0
91.0
121.0
151.0
118.0
112.0
70.0
22.0
16.0
18.0
30.0
34.0
59.0
107.0
121.0
128.0
138.0
137.0
136.0
111.0
63.0
38.0
43.0
76.0
54.0
7.0
-8.0
-7.0
-17.0
2.0
27.0
60.0
82.0
88.0
100.0
70.0
53.0
35.0
-4.0
-27.0
-45.0
-37.0
16.0
60.0
94.0
92.0
93.0
117.0
83.0
34.0
50.0
45.0
37.0
86.0
110.0
134.0
165.0
131.0
152.0
125.0
110.0
125.0
112.0
93.0
80.0
81.0
106.0
76.0
90.0
120.0
80.0
55.0
67.0
59.0
82.0
92.0
79.0
89.0
67.0
48.0
58.0
42.0
32.0
8.0
-6.0
-16.0
27.0
54.0
37.0
31.0
30.0
21.0
30.0
43.0
39.0
37.0
69.0
32.0
29.0
42.0
8.0
-13.0
-40.0
-17.0
13.0
12.0
77.0
102.0
81.0
76.0
76.0
72.0
72.0
52.0
13.0
-11.0
-22.0
-21.0
-12.0
11.0
41.0
37.0
27.0
35.0
44.0
51.0
29.0
32.0
43.0
40.0
87.0
81.0
61.0
51.0
42.0
29.0
6.0
-8.0
-24.0
-23.0
-8.0
10.0
7.0
9.0
-9.0
-14.0
14.0
0.0
-2.0
31.0
35.0
62.0
74.0
33.0
25.0
-4.0
-15.0
0.0
-18.0
22.0
25.0
-23.0
-34.0
-30.0
-56.0
-72.0
-77.0
-52.0
-67.0
-39.0
-16.0
5.0
50.0
73.0
70.0
52.0
45.0
1.0
8.0
25.0
-8.0
-18.0
-29.0
18.0
21.0
48.0
86.0
107.0
110.0
116.0
104.0
112.0
98.0
64.0
56.0
36.0
-14.0
-16.0
-7.0
-29.0
-21.0
-6.0
-20.0
-11.0
2.0
-17.0
-14.0
6.0
30.0
22.0
33.0
33.0
15.0
15.0
1.0
-14.0
-36.0
-53.0
-44.0
-49.0
-25.0
3.0
45.0
60.0
60.0
52.0
37.0
11.0
-3.0
1.0
-13.0
-50.0
-54.0
-39.0
1.0
27.0
37.0
59.0
54.0
49.0
27.0
-34.0
-45.0
-33.0
-74.0
-73.0
-62.0
-51.0
-59.0
-73.0
-53.0
-32.0
-21.0
-15.0
-10.0
17.0
18.0
14.0
3.0
-16.0
-26.0
-13.0
-27.0
-44.0
-46.0
-80.0
-74.0
-67.0
-43.0
-14.0
-37.0
-39.0
-31.0
-49.0
-34.0
-43.0
-67.0
-69.0
-78.0
-50.0
-44.0
-57.0
-75.0
-64.0
-56.0
-64.0
-75.0
-69.0
-55.0
-46.0
-41.0
-58.0
-39.0
-30.0
-73.0
-99.0
-102.0
-101.0
-69.0
-34.0
-69.0
-69.0
-89.0
-79.0
-81.0
-111.0
-103.0
-91.0
-99.0
-108.0
-77.0
-82.0
-69.0
-25.0
-15.0
6.0
12.0
-3.0
12.0
2.0
-37.0
-67.0
-59.0
-44.0
-35.0
-39.0
-54.0
-29.0
-28.0
-44.0
-26.0
10.0
32.0
22.0
43.0
36.0
30.0
3.0
-20.0
-11.0
-50.0
-65.0
-44.0
-37.0
-27.0
-10.0
11.0
33.0
48.0
55.0
48.0
36.0
12.0
22.0
10.0
-21.0
-13.0
14.0
11.0
18.0
-6.0
-21.0
22.0
24.0
29.0
27.0
20.0
17.0
43.0
14.0
21.0
10.0
-20.0
-5.0
6.0
-16.0
-1.0
3.0
10.0
12.0
37.0
78.0
55.0
22.0
-12.0
-51.0
-71.0
-66.0
-92.0
-87.0
-70.0
-65.0
-44.0
-14.0
3.0
20.0
27.0
36.0
42.0
37.0
6.0
-36.0
-69.0
-67.0
-78.0
-71.0
-44.0
-45.0
-46.0
-39.0
-54.0
-54.0
-25.0
-14.0
-33.0
-49.0
-57.0
-60.0
-35.0
-41.0
-42.0
-44.0
-59.0
-41.0
-6.0
-1.0
2.0
-1.0
-18.0
-29.0
-24.0
-27.0
-8.0
13.0
-23.0
-35.0
-45.0
-53.0
-25.0
-37.0
-40.0
12.0
37.0
35.0
29.0
11.0
-42.0
-68.0
-71.0
-96.0
-101.0
-105.0
-78.0
-52.0
-68.0
-28.0
-8.0
2.0
3.0
12.0
24.0
13.0
-22.0
-54.0
-71.0
-82.0
-67.0
-63.0
-37.0
-10.0
3.0
23.0
16.0
12.0
22.0
-3.0
-25.0
-9.0
-11.0
-14.0
-23.0
-30.0
-15.0
-11.0
-4.0
3.0
18.0
38.0
32.0
1.0
-24.0
-32.0
-29.0
-22.0
-40.0
-32.0
-25.0
-46.0
-48.0
-58.0
-60.0
-48.0
-21.0
7.0
23.0
32.0
55.0
56.0
48.0
43.0
-18.0
-44.0
-72.0
-100.0
-100.0
-105.0
-116.0
-131.0
-152.0
-122.0
-80.0
-48.0
0.0
46.0
68.0
76.0
70.0
49.0
11.0
1.0
-36.0
-47.0
-51.0
-47.0
-60.0
-62.0
-87.0
-86.0
-21.0
-14.0
15.0
56.0
42.0
72.0
59.0
47.0
60.0
21.0
5.0
-15.0
-49.0
-85.0
-84.0
-63.0
-54.0
-38.0
-22.0
-29.0
-39.0
-7.0
13.0
6.0
13.0
11.0
1.0
-13.0
-53.0
-74.0
-80.0
-101.0
-119.0
-106.0
-116.0
-114.0
-104.0
-60.0
-32.0
-30.0
-25.0
-43.0
-26.0
-7.0
-47.0
-53.0
-68.0
-87.0
-85.0
-71.0
-65.0
-49.0
-16.0
-7.0
5.0
11.0
53.0
54.0
84.0
108.0
88.0
73.0
43.0
12.0
0.0
-26.0
-44.0
-58.0
-70.0
-49.0
-31.0
-53.0
-13.0
33.0
59.0
67.0
52.0
28.0
-2.0
-22.0
-33.0
-40.0
-48.0
-65.0
-78.0
-49.0
-37.0
-11.0
23.0
31.0
66.0
109.0
126.0
139.0
115.0
74.0
60.0
34.0
24.0
13.0
-17.0
-30.0
-29.0
-30.0
-24.0
-22.0
-12.0
-3.0
-2.0
53.0
89.0
103.0
107.0
80.0
59.0
36.0
22.0
23.0
-18.0
-34.0
-77.0
-100.0
-110.0
-100.0
-99.0
-62.0
-14.0
17.0
13.0
-1.0
9.0
5.0
-25.0
-39.0
-79.0
-108.0
-80.0
-77.0
-69.0
-54.0
-65.0
-44.0
-23.0
-16.0
13.0
23.0
7.0
3.0
11.0
5.0
-12.0
-23.0
3.0
-20.0
-58.0
-33.0
-45.0
-22.0
-22.0
-48.0
-41.0
-39.0
-43.0
-48.0
-67.0
-53.0
-30.0
-30.0
-35.0
-59.0
-39.0
-10.0
-21.0
-49.0
-71.0
-55.0
-40.0
-32.0
-52.0
-35.0
-26.0
-18.0
-22.0
-35.0
-42.0
-15.0
-43.0
-70.0
-63.0
-75.0
-73.0
-111.0
-103.0
-85.0
-58.0
-27.0
-40.0
-32.0
-71.0
-147.0
-138.0
-149.0
-155.0
-124.0
-101.0
-124.0
-120.0
-125.0
-114.0
-101.0
-89.0
-63.0
-42.0
-60.0
-65.0
-98.0
-116.0
-126.0
-144.0
-142.0
-146.0
-123.0
-101.0
-106.0
-112.0
-114.0
-104.0
-72.0
-34.0
-37.0
-72.0
-69.0
-68.0
-74.0
-81.0
-102.0
-110.0
-88.0
-92.0
-103.0
-102.0
-97.0
-67.0
-65.0
-65.0
-50.0
-43.0
-61.0
-35.0
-26.0
-42.0
-56.0
-68.0
-88.0
-68.0
-63.0
-77.0
-74.0
-77.0
-60.0
-50.0
-43.0
-50.0
-42.0
-18.0
-31.0
-37.0
-13.0
-56.0
-72.0
-82.0
-97.0
-89.0
-82.0
-82.0
-82.0
-67.0
-71.0
-89.0
-88.0
-59.0
-77.0
-86.0
-88.0
-114.0
-106.0
-120.0
-126.0
-107.0
-103.0
-95.0
-93.0
-109.0
-117.0
-112.0
-140.0
-139.0
-133.0
-137.0
-133.0
-126.0
-103.0
-101.0
-130.0
-107.0
-89.0
-101.0
-101.0
-119.0
-123.0
-112.0
-144.0
-155.0
-167.0
-153.0
-146.0
-159.0
-147.0
-119.0
-110.0
-100.0
-71.0
-49.0
-31.0
-33.0
-44.0
-41.0
-75.0
-110.0
-108.0
-125.0
-104.0
-62.0
-92.0
-112.0
-120.0
-110.0
-124.0
-115.0
-116.0
-128.0
-107.0
-118.0
-127.0
-105.0
-116.0
-121.0
-100.0
-73.0
-60.0
-46.0
-30.0
-35.0
-61.0
-77.0
-81.0
-64.0
-77.0
-71.0
-61.0
-35.0
-52.0
-30.0
-18.0
-29.0
-9.0
-3.0
8.0
-34.0
-27.0
-3.0
-21.0
-5.0
-15.0
-45.0
-56.0
-39.0
-23.0
-2.0
3.0
12.0
24.0
81.0
116.0
111.0
79.0
92.0
116.0
86.0
63.0
68.0
66.0
52.0
61.0
55.0
70.0
88.0
114.0
113.0
130.0
123.0
148.0
142.0
125.0
88.0
88.0
107.0
94.0
88.0
90.0
77.0
111.0
145.0
166.0
133.0
126.0
123.0
82.0
106.0
129.0
111.0
102.0
88.0
81.0
80.0
81.0
116.0
134.0
129.0
155.0
113.0
103.0
142.0
127.0
154.0
133.0
95.0
121.0
149.0
133.0
119.0
110.0
93.0
118.0
138.0
102.0
98.0
115.0
109.0
122.0
126.0
103.0
86.0
72.0
71.0
124.0
129.0
144.0
152.0
135.0
94.0
85.0
88.0
79.0
68.0
102.0
121.0
135.0
123.0
136.0
124.0
116.0
129.0
107.0
86.0
88.0
109.0
119.0
93.0
102.0
134.0
127.0
145.0
130.0
100.0
131.0
150.0
142.0
143.0
134.0
134.0
159.0
137.0
134.0
186.0
196.0
219.0
208.0
199.0
183.0
180.0
180.0
140.0
131.0
111.0
148.0
176.0
160.0
159.0
152.0
146.0
144.0
199.0
179.0
149.0
161.0
153.0
134.0
92.0
114.0
135.0
136.0
147.0
157.0
121.0
134.0
142.0
116.0
112.0
82.0
76.0
103.0
95.0
69.0
62.0
75.0
77.0
78.0
65.0
113.0
146.0
114.0
94.0
61.0
60.0
55.0
63.0
82.0
81.0
102.0
84.0
62.0
102.0
106.0
131.0
130.0
131.0
148.0
108.0
91.0
98.0
84.0
89.0
102.0
97.0
112.0
45.0
44.0
86.0
87.0
99.0
111.0
126.0
117.0
89.0
65.0
65.0
25.0
-17.0
-27.0
6.0
27.0
44.0
39.0
52.0
71.0
79.0
84.0
49.0
75.0
61.0
14.0
20.0
33.0
36.0
70.0
91.0
109.0
113.0
103.0
131.0
147.0
149.0
153.0
127.0
100.0
54.0
39.0
20.0
10.0
-5.0
17.0
33.0
33.0
23.0
9.0
55.0
73.0
117.0
127.0
110.0
139.0
153.0
96.0
70.0
82.0
99.0
69.0
53.0
37.0
30.0
26.0
37.0
63.0
105.0
146.0
118.0
137.0
165.0
164.0
155.0
140.0
120.0
122.0
102.0
82.0
60.0
49.0
33.0
8.0
11.0
68.0
67.0
80.0
83.0
73.0
69.0
45.0
51.0
67.0
47.0
30.0
28.0
1.0
12.0
20.0
14.0
-4.0
-22.0
-39.0
-43.0
-49.0
-26.0
-32.0
-40.0
-12.0
-25.0
-18.0
-24.0
-16.0
-8.0
-36.0
-68.0
-46.0
4.0
50.0
38.0
61.0
88.0
88.0
83.0
68.0
20.0
16.0
10.0
-24.0
-55.0
-68.0
-51.0
-47.0
-27.0
25.0
9.0
-4.0
20.0
3.0
32.0
60.0
43.0
26.0
12.0
0.0
-20.0
-52.0
-55.0
-58.0
-74.0
-81.0
-64.0
-55.0
-32.0
-16.0
-5.0
-1.0
25.0
33.0
16.0
-36.0
-53.0
-79.0
-91.0
-97.0
-120.0
-126.0
-98.0
-65.0
-84.0
-76.0
-45.0
-25.0
-43.0
-49.0
-73.0
-100.0
-117.0
-91.0
-82.0
-44.0
-11.0
-3.0
-33.0
-54.0
-80.0
-72.0
-53.0
-69.0
-61.0
-21.0
-42.0
-59.0
-70.0
-56.0
-63.0
-35.0
-25.0
-37.0
-64.0
-78.0
-63.0
-52.0
-64.0
-77.0
-79.0
-72.0
-58.0
-78.0
-76.0
-91.0
-105.0
-115.0
-131.0
-128.0
-135.0
-124.0
-106.0
-126.0
-119.0
-82.0
-90.0
-76.0
-88.0
-81.0
-102.0
-129.0
-101.0
-119.0
-126.0
-132.0
-138.0
-135.0
-134.0
-144.0
-156.0
-147.0
-151.0
-159.0
-169.0
-163.0
-159.0
-164.0
-145.0
-139.0
-139.0
-144.0
-119.0
-122.0
-137.0
-129.0
-119.0
-117.0
-119.0
-118.0
-142.0
-154.0
-147.0
-171.0
-152.0
-135.0
-153.0
-150.0
-139.0
-169.0
-180.0
-134.0
-123.0
-124.0
-118.0
-105.0
-83.0
-79.0
-85.0
-83.0
-132.0
-76.0
-27.0
-65.0
-26.0
-17.0
-30.0
-14.0
17.0
18.0
10.0
7.0
3.0
21.0
16.0
-15.0
34.0
14.0
-24.0
37.0
69.0
78.0
62.0
45.0
115.0
89.0
50.0
81.0
52.0
31.0
46.0
27.0
27.0
61.0
60.0
42.0
45.0
38.0
41.0
17.0
15.0
26.0
1.0
5.0
28.0
29.0
33.0
25.0
28.0
11.0
41.0
66.0
53.0
57.0
46.0
44.0
17.0
3.0
11.0
16.0
-22.0
-16.0
-6.0
-24.0
-21.0
11.0
10.0
40.0
59.0
75.0
52.0
37.0
45.0
66.0
54.0
62.0
117.0
74.0
55.0
43.0
48.0
55.0
30.0
60.0
85.0
69.0
77.0
105.0
116.0
119.0
120.0
121.0
123.0
118.0
110.0
81.0
55.0
67.0
81.0
77.0
73.0
52.0
79.0
58.0
17.0
24.0
11.0
6.0
41.0
46.0
43.0
32.0
17.0
48.0
25.0
36.0
42.0
14.0
15.0
22.0
48.0
53.0
8.0
0.0
15.0
-8.0
22.0
4.0
16.0
1.0
4.0
27.0
30.0
11.0
-5.0
-15.0
-15.0
-31.0
-18.0
7.0
6.0
-14.0
-3.0
8.0
16.0
13.0
4.0
-2.0
-4.0
-16.0
-1.0
7.0
-20.0
-24.0
11.0
18.0
30.0
15.0
7.0
5.0
-10.0
-5.0
2.0
5.0
-12.0
-10.0
6.0
31.0
53.0
45.0
25.0
17.0
-11.0
-50.0
-29.0
-24.0
-45.0
-18.0
-10.0
18.0
70.0
74.0
73.0
73.0
39.0
25.0
-1.0
-35.0
-7.0
12.0
28.0
10.0
-15.0
11.0
39.0
34.0
32.0
49.0
60.0
28.0
-13.0
0.0
5.0
7.0
31.0
14.0
40.0
37.0
27.0
54.0
47.0
36.0
73.0
53.0
51.0
50.0
35.0
70.0
117.0
97.0
111.0
122.0
137.0
153.0
178.0
165.0
122.0
139.0
130.0
136.0
135.0
121.0
145.0
118.0
75.0
120.0
140.0
127.0
145.0
137.0
110.0
77.0
101.0
127.0
134.0
126.0
95.0
83.0
112.0
90.0
92.0
61.0
37.0
74.0
34.0
25.0
32.0
18.0
46.0
79.0
59.0
11.0
37.0
53.0
26.0
21.0
-4.0
-18.0
4.0
13.0
37.0
55.0
63.0
60.0
69.0
79.0
81.0
111.0
118.0
84.0
60.0
90.0
81.0
60.0
38.0
40.0
49.0
22.0
45.0
65.0
70.0
65.0
48.0
39.0
27.0
19.0
3.0
-12.0
-1.0
2.0
1.0
-17.0
-1.0
25.0
9.0
-11.0
-26.0
-10.0
-15.0
-34.0
-31.0
-35.0
-62.0
-71.0
-41.0
-6.0
-11.0
-8.0
14.0
-5.0
-24.0
-44.0
-64.0
-62.0
-62.0
-50.0
-81.0
-111.0
-101.0
-103.0
-95.0
-75.0
-58.0
-36.0
-34.0
-50.0
-62.0
-14.0
7.0
-17.0
5.0
-14.0
-31.0
-43.0
-39.0
-26.0
-7.0
-16.0
-10.0
7.0
7.0
-8.0
6.0
6.0
-20.0
-20.0
-64.0
-51.0
-40.0
-53.0
-21.0
-26.0
-34.0
10.0
-14.0
-10.0
11.0
-21.0
2.0
37.0
43.0
43.0
23.0
-14.0
38.0
25.0
-17.0
20.0
45.0
54.0
62.0
44.0
64.0
62.0
73.0
114.0
77.0
59.0
94.0
99.0
33.0
15.0
43.0
44.0
39.0
52.0
67.0
55.0
56.0
51.0
60.0
81.0
80.0
72.0
66.0
49.0
20.0
8.0
-3.0
14.0
9.0
44.0
44.0
35.0
56.0
25.0
3.0
49.0
58.0
31.0
54.0
74.0
56.0
65.0
100.0
71.0
52.0
39.0
18.0
30.0
25.0
13.0
4.0
6.0
23.0
40.0
50.0
25.0
35.0
24.0
26.0
14.0
-1.0
25.0
21.0
20.0
44.0
53.0
31.0
18.0
7.0
12.0
15.0
-20.0
-10.0
-10.0
0.0
-2.0
-10.0
-3.0
10.0
46.0
97.0
97.0
88.0
83.0
1.0
-32.0
-31.0
-11.0
-2.0
-13.0
-11.0
-4.0
-13.0
-19.0
-5.0
30.0
22.0
38.0
62.0
61.0
35.0
29.0
31.0
21.0
44.0
54.0
43.0
39.0
42.0
46.0
43.0
45.0
56.0
43.0
16.0
44.0
46.0
45.0
49.0
58.0
91.0
102.0
106.0
136.0
108.0
80.0
86.0
61.0
71.0
57.0
45.0
25.0
40.0
35.0
33.0
45.0
61.0
50.0
51.0
59.0
47.0
43.0
32.0
31.0
40.0
10.0
5.0
39.0
42.0
45.0
34.0
24.0
2.0
16.0
20.0
-14.0
-2.0
8.0
-20.0
-13.0
18.0
34.0
20.0
7.0
18.0
14.0
36.0
34.0
39.0
36.0
31.0
22.0
1.0
-1.0
-10.0
-15.0
16.0
-6.0
-21.0
12.0
-5.0
26.0
29.0
-13.0
19.0
23.0
12.0
-1.0
-22.0
12.0
22.0
-9.0
41.0
40.0
15.0
-4.0
-12.0
-13.0
-15.0
-8.0
-23.0
-33.0
-17.0
-23.0
1.0
9.0
-10.0
-33.0
-20.0
27.0
24.0
31.0
24.0
22.0
13.0
-19.0
-16.0
-10.0
3.0
41.0
58.0
51.0
50.0
52.0
32.0
38.0
21.0
-1.0
-20.0
16.0
23.0
21.0
82.0
92.0
87.0
48.0
12.0
2.0
-33.0
-17.0
-10.0
-8.0
-4.0
44.0
2.0
-17.0
7.0
-7.0
6.0
34.0
32.0
-6.0
4.0
2.0
-6.0
-19.0
-12.0
-35.0
-44.0
-64.0
-61.0
-49.0
-57.0
-51.0
-41.0
-25.0
-23.0
21.0
4.0
5.0
7.0
3.0
7.0
16.0
29.0
3.0
-22.0
-5.0
-25.0
-40.0
-34.0
-30.0
-27.0
-38.0
-58.0
-34.0
-32.0
-30.0
-26.0
-18.0
-20.0
-27.0
-34.0
-51.0
-39.0
-32.0
-41.0
-52.0
-46.0
-44.0
-45.0
-49.0
-55.0
-111.0
-36.0
-26.0
-51.0
-66.0
-43.0
-23.0
-34.0
-43.0
-54.0
-56.0
-39.0
-42.0
-45.0
-25.0
-51.0
-62.0
-49.0
-40.0
-62.0
-59.0
-80.0
-88.0
-74.0
-43.0
-36.0
-71.0
-61.0
-73.0
-93.0
-78.0
-69.0
-78.0
-92.0
-112.0
-130.0
-127.0
-112.0
-106.0
-103.0
-99.0
-102.0
-121.0
-119.0
-115.0
-103.0
-88.0
-93.0
-99.0
-84.0
-96.0
-110.0
-127.0
-136.0
-144.0
-127.0
-115.0
-114.0
-103.0
-88.0
-98.0
-134.0
-138.0
-140.0
-120.0
-118.0
-167.0
-156.0
-136.0
-151.0
-123.0
-119.0
-173.0
-130.0
-144.0
-149.0
-110.0
-95.0
-69.0
-66.0
-69.0
-50.0
-41.0
-12.0
-8.0
-14.0
6.0
-12.0
-45.0
-41.0
-50.0
-37.0
-28.0
-36.0
-16.0
2.0
-20.0
-30.0
-16.0
-17.0
8.0
-43.0
-25.0
5.0
0.0
33.0
23.0
-11.0
-13.0
-12.0
-37.0
-42.0
-32.0
-32.0
-31.0
-18.0
-17.0
-24.0
-3.0
-5.0
-8.0
-15.0
-25.0
-10.0
-53.0
-53.0
-30.0
3.0
22.0
43.0
20.0
3.0
7.0
-8.0
-18.0
-22.0
-31.0
-44.0
-55.0
-34.0
-16.0
-15.0
-14.0
-51.0
-66.0
-27.0
-21.0
-49.0
-37.0
-40.0
-59.0
-57.0
-57.0
-46.0
-50.0
-55.0
-52.0
-64.0
-36.0
-35.0
-36.0
-30.0
-18.0
-17.0
-37.0
-80.0
-66.0
-66.0
-57.0
-30.0
-43.0
-72.0
-109.0
-97.0
-92.0
-81.0
-55.0
-34.0
-41.0
-28.0
-34.0
-70.0
-51.0
-63.0
-92.0
-84.0
-88.0
-100.0
-84.0
-81.0
-67.0
-55.0
-59.0
-65.0
-58.0
-43.0
-31.0
-37.0
-36.0
-59.0
-82.0
-65.0
-84.0
-93.0
-89.0
-84.0
-53.0
-31.0
-32.0
-22.0
-65.0
-73.0
-72.0
-73.0
-43.0
-45.0
-73.0
-62.0
-62.0
-60.0
-74.0
-58.0
-32.0
-38.0
-43.0
-28.0
-44.0
-39.0
-49.0
-72.0
-79.0
-88.0
-90.0
-72.0
-69.0
-76.0
-37.0
-4.0
-15.0
6.0
20.0
-20.0
-20.0
-20.0
-58.0
-69.0
-56.0
-57.0
-76.0
-63.0
-36.0
-54.0
-41.0
-80.0
-70.0
-67.0
-70.0
-71.0
-69.0
-40.0
-45.0
-89.0
-81.0
-63.0
-62.0
-37.0
-13.0
-27.0
0.0
18.0
29.0
7.0
25.0
39.0
12.0
-18.0
-17.0
-36.0
-44.0
-44.0
-34.0
-62.0
-59.0
2.0
-8.0
29.0
24.0
-5.0
-18.0
10.0
-6.0
-6.0
-27.0
-64.0
-77.0
-81.0
-75.0
-72.0
-36.0
-33.0
-40.0
-45.0
-37.0
-21.0
-47.0
-41.0
-51.0
-41.0
-35.0
-53.0
-59.0
-56.0
-26.0
-25.0
-58.0
-33.0
-37.0
-40.0
-21.0
-20.0
-7.0
-25.0
-43.0
-33.0
-2.0
-16.0
-21.0
-28.0
-31.0
-21.0
-49.0
-60.0
-48.0
-43.0
-42.0
-43.0
-48.0
-55.0
-19.0
14.0
6.0
12.0
0.0
0.0
0.0
0.0
0.0
0.0
0.0
0.0
0.0
0.0
0.0
0.0
0.0
0.0
0.0
0.0
0.0
0.0
0.0
0.0
0.0
0.0
0.0
0.0
0.0
0.0
0.0
0.0
0.0
0.0
0.0
0.0
0.0
0.0
0.0
0.0
0.0
0.0
0.0
0.0
0.0
0.0
0.0
0.0
0.0
0.0
0.0
0.0
0.0
0.0
0.0
0.0
0.0
0.0
0.0
0.0
0.0
0.0
0.0
0.0
0.0
0.0
0.0
0.0
0.0
0.0
0.0
0.0
0.0
0.0
0.0
0.0
0.0
0.0
0.0
0.0
0.0
0.0
0.0
0.0
0.0
0.0
0.0
0.0
0.0
0.0
0.0
0.0
0.0
0.0
0.0
0.0
0.0
0.0
0.0
0.0
0.0
0.0
0.0
0.0
0.0
0.0
0.0
0.0
0.0
0.0
0.0
0.0
0.0
0.0
0.0
0.0
0.0
0.0
0.0
0.0
0.0
0.0
0.0
0.0
0.0
0.0
0.0
0.0
0.0
0.0
0.0
0.0
