-76.0
-92.0
-62.0
-48.0
-48.0
-50.0
-28.0
-58.0
-126.0
-33.0
-40.0
-48.0
-53.0
-55.0
-51.0
-87.0
-100.0
-55.0
-107.0
-36.0
-39.0
-52.0
-54.0
-76.0
-81.0
-27.0
-44.0
-27.0
-62.0
-86.0
-67.0
-68.0
-22.0
-42.0
-62.0
-44.0
-48.0
-46.0
-8.0
-5.0
16.0
50.0
84.0
99.0
172.0
165.0
191.0
213.0
205.0
230.0
190.0
140.0
126.0
112.0
79.0
107.0
35.0
-17.0
-17.0
-63.0
-41.0
-59.0
-55.0
-86.0
-98.0
-74.0
-96.0
-78.0
-97.0
-91.0
-89.0
-89.0
-72.0
-71.0
-83.0
-107.0
-116.0
-114.0
-96.0
-111.0
-135.0
-118.0
-141.0
-100.0
-115.0
-101.0
-95.0
-97.0
-93.0
-95.0
-102.0
-77.0
-109.0
-87.0
-114.0
-97.0
-83.0
-68.0
-88.0
-72.0
-77.0
-65.0
-76.0
-106.0
-68.0
-124.0
-84.0
-93.0
-82.0
-106.0
-73.0
-55.0
-58.0
-55.0
-45.0
-62.0
-83.0
-79.0
-110.0
-128.0
-116.0
-86.0
-91.0
-91.0
-77.0
-76.0
-59.0
-55.0
-67.0
-65.0
-61.0
-75.0
-72.0
-75.0
-76.0
-61.0
-48.0
-61.0
-59.0
-55.0
-67.0
-84.0
-41.0
-46.0
-71.0
-61.0
-72.0
-76.0
-69.0
-69.0
-83.0
-55.0
-47.0
-51.0
-52.0
-52.0
-84.0
-74.0
-92.0
-63.0
-78.0
-60.0
-86.0
-61.0
-78.0
-101.0
-62.0
-45.0
-68.0
-68.0
-97.0
-71.0
-72.0
-73.0
-68.0
-83.0
-40.0
-54.0
-79.0
-64.0
-48.0
-74.0
-83.0
-93.0
-71.0
-100.0
-48.0
-55.0
-59.0
-69.0
-51.0
-93.0
-46.0
-20.0
-40.0
-77.0
-62.0
-54.0
-83.0
-31.0
-51.0
-41.0
-48.0
-55.0
-34.0
-69.0
-39.0
-43.0
-73.0
-53.0
-44.0
-68.0
-71.0
-57.0
-83.0
-56.0
-129.0
-22.0
-43.0
-46.0
-62.0
-56.0
-105.0
-72.0
-55.0
-90.0
-56.0
-68.0
-47.0
-36.0
-36.0
-67.0
-65.0
-76.0
-81.0
-98.0
-107.0
-89.0
-82.0
-68.0
-63.0
-85.0
-92.0
-74.0
-86.0
-89.0
-94.0
-62.0
-61.0
-88.0
-40.0
-45.0
-44.0
-73.0
-68.0
-61.0
-43.0
-60.0
-65.0
-93.0
-59.0
-62.0
-70.0
-92.0
-39.0
-84.0
-64.0
-55.0
-48.0
-67.0
-40.0
-37.0
-42.0
-48.0
-42.0
-50.0
-36.0
-29.0
-29.0
-26.0
-24.0
-78.0
-61.0
-63.0
-59.0
-58.0
-48.0
-31.0
-76.0
-37.0
-89.0
-42.0
-46.0
-87.0
-55.0
-51.0
-74.0
-66.0
-59.0
-49.0
-57.0
-74.0
-67.0
-82.0
-50.0
-74.0
-65.0
-54.0
-50.0
-40.0
-37.0
-48.0
-83.0
-45.0
-62.0
-27.0
-74.0
-28.0
-51.0
-44.0
-44.0
-22.0
-25.0
-38.0
-54.0
-50.0
-60.0
-73.0
-60.0
-39.0
-64.0
-49.0
-33.0
-33.0
-31.0
-66.0
-63.0
-35.0
-35.0
-36.0
-41.0
-44.0
-37.0
-33.0
-72.0
-29.0
-33.0
-29.0
-45.0
-68.0
-38.0
-52.0
-50.0
-55.0
-36.0
-56.0
-31.0
-32.0
-60.0
-46.0
-46.0
-22.0
-22.0
-40.0
-39.0
-35.0
-26.0
-35.0
-43.0
-68.0
-98.0
-55.0
-76.0
-51.0
-74.0
-85.0
-70.0
-48.0
-26.0
-30.0
-57.0
-48.0
-56.0
-40.0
-58.0
-81.0
-82.0
-67.0
-74.0
-56.0
-48.0
-65.0
-76.0
-12.0
-34.0
-56.0
-53.0
-70.0
-48.0
-56.0
-63.0
-32.0
-73.0
-73.0
-50.0
-49.0
-71.0
-84.0
-77.0
-99.0
-91.0
-82.0
-62.0
-86.0
-80.0
-53.0
-47.0
-54.0
-56.0
-56.0
-33.0
-29.0
-54.0
-58.0
-69.0
-78.0
-30.0
-23.0
-28.0
-39.0
-21.0
-29.0
-52.0
-24.0
-9.0
-37.0
-87.0
-4.0
-6.0
-41.0
-34.0
-69.0
-81.0
-80.0
-20.0
-40.0
-65.0
-49.0
-29.0
-54.0
-59.0
-79.0
-76.0
-46.0
-47.0
-95.0
-53.0
-62.0
-48.0
-71.0
-88.0
-65.0
-68.0
-53.0
-28.0
-44.0
-24.0
-52.0
-33.0
-43.0
-32.0
-40.0
-69.0
-53.0
-58.0
-53.0
-70.0
-35.0
-56.0
-47.0
-42.0
-58.0
-32.0
-85.0
-20.0
-35.0
-51.0
-41.0
-58.0
-38.0
-36.0
-37.0
-80.0
-60.0
-5.0
-34.0
-62.0
-42.0
-25.0
-35.0
-42.0
-37.0
-33.0
-25.0
-41.0
-74.0
-11.0
-12.0
-17.0
6.0
34.0
26.0
46.0
60.0
79.0
85.0
98.0
71.0
68.0
81.0
66.0
99.0
31.0
39.0
14.0
-17.0
15.0
-3.0
-25.0
-59.0
-27.0
-67.0
-59.0
-78.0
-84.0
-81.0
-63.0
-80.0
-81.0
-79.0
-70.0
-89.0
-80.0
-74.0
-93.0
-41.0
-77.0
-84.0
-78.0
-70.0
-73.0
-108.0
-83.0
-52.0
-92.0
-51.0
-96.0
-95.0
-72.0
-81.0
-94.0
-98.0
-55.0
-59.0
-73.0
-42.0
-57.0
-68.0
-60.0
-57.0
-89.0
-79.0
-53.0
-64.0
-59.0
-67.0
-92.0
-86.0
-55.0
-83.0
-50.0
-77.0
-82.0
-78.0
-89.0
-62.0
-65.0
-70.0
-90.0
-65.0
-71.0
-50.0
-64.0
-59.0
-58.0
-82.0
-70.0
-46.0
-18.0
-24.0
-30.0
-42.0
-53.0
-71.0
-21.0
-60.0
-60.0
-32.0
-53.0
-66.0
-52.0
-57.0
-44.0
-43.0
-44.0
-83.0
-24.0
-31.0
-34.0
-21.0
-44.0
-41.0
-30.0
-43.0
-34.0
-64.0
-56.0
-68.0
-67.0
-63.0
-67.0
-46.0
-38.0
-22.0
-67.0
-53.0
-10.0
-27.0
-46.0
-31.0
-61.0
-44.0
-68.0
-73.0
-54.0
-35.0
-26.0
-51.0
-30.0
-81.0
1.0
-15.0
-23.0
-47.0
-27.0
-38.0
-65.0
-21.0
-29.0
-42.0
-29.0
-48.0
-25.0
-44.0
-53.0
-57.0
-15.0
-27.0
-66.0
-74.0
-53.0
-56.0
-26.0
-68.0
-55.0
-90.0
-59.0
-48.0
-53.0
-71.0
-40.0
-61.0
-53.0
14.0
-20.0
-6.0
-36.0
-23.0
-41.0
-29.0
-39.0
-43.0
-67.0
-45.0
-124.0
-20.0
-28.0
-23.0
-68.0
-42.0
-15.0
-14.0
-25.0
3.0
-5.0
-54.0
-25.0
-45.0
-41.0
-39.0
-58.0
-26.0
-85.0
-58.0
-30.0
-63.0
-61.0
-44.0
-87.0
-20.0
-59.0
-76.0
-37.0
-76.0
-52.0
-61.0
-65.0
-15.0
-52.0
-44.0
-33.0
-21.0
-24.0
-27.0
-75.0
-18.0
-38.0
-45.0
-52.0
-51.0
-48.0
-22.0
-55.0
-31.0
-45.0
-61.0
-39.0
-21.0
-25.0
-5.0
-51.0
-46.0
-50.0
-41.0
-31.0
-8.0
-13.0
7.0
-37.0
-19.0
-33.0
-21.0
-57.0
-15.0
-48.0
-30.0
-25.0
-27.0
-28.0
3.0
4.0
14.0
2.0
39.0
52.0
77.0
110.0
158.0
173.0
260.0
279.0
309.0
305.0
306.0
301.0
305.0
281.0
223.0
285.0
268.0
193.0
186.0
183.0
107.0
79.0
39.0
-23.0
12.0
-35.0
4.0
-42.0
-78.0
-96.0
-99.0
-103.0
-132.0
-135.0
-128.0
-146.0
-174.0
-159.0
-203.0
-158.0
-171.0
-213.0
-201.0
-243.0
-217.0
-219.0
-201.0
-158.0
-157.0
-197.0
-179.0
-163.0
-146.0
-126.0
-146.0
-154.0
-161.0
-187.0
-139.0
-158.0
-147.0
-149.0
-172.0
-181.0
-142.0
-149.0
-152.0
-101.0
-94.0
-77.0
-98.0
-81.0
-92.0
-83.0
-96.0
-74.0
-63.0
-97.0
-79.0
-64.0
-38.0
-15.0
-8.0
1.0
71.0
70.0
104.0
125.0
139.0
182.0
213.0
230.0
220.0
280.0
263.0
220.0
221.0
180.0
158.0
73.0
82.0
81.0
47.0
10.0
0.0
-22.0
-42.0
-54.0
-92.0
-126.0
-86.0
-126.0
-166.0
-152.0
-180.0
-163.0
-167.0
-192.0
-187.0
-200.0
-182.0
-202.0
-202.0
-222.0
-218.0
-218.0
-192.0
-192.0
-192.0
-200.0
-222.0
-199.0
-168.0
-159.0
-174.0
-186.0
-164.0
-172.0
-178.0
-139.0
-145.0
-131.0
-108.0
-136.0
-116.0
-114.0
-115.0
-111.0
-148.0
-193.0
-121.0
-121.0
-107.0
-129.0
-133.0
-102.0
-93.0
-101.0
-137.0
-68.0
-101.0
-103.0
-91.0
-177.0
-133.0
-98.0
-80.0
-102.0
-108.0
-62.0
-79.0
-103.0
-92.0
-111.0
-105.0
-137.0
-86.0
-110.0
-76.0
-96.0
-114.0
-76.0
-105.0
-52.0
-32.0
-69.0
-55.0
-92.0
-76.0
-74.0
-69.0
-102.0
-115.0
-81.0
-63.0
-65.0
-63.0
-37.0
-45.0
-22.0
-58.0
-57.0
-68.0
-68.0
-87.0
-67.0
-52.0
-75.0
-67.0
-68.0
-56.0
-67.0
-81.0
-54.0
-74.0
-89.0
-45.0
-61.0
-83.0
-87.0
-98.0
-102.0
-26.0
-36.0
-61.0
-69.0
-40.0
-69.0
-67.0
-86.0
-89.0
-52.0
-68.0
-87.0
-64.0
-62.0
-67.0
-65.0
-54.0
-22.0
-37.0
-65.0
-46.0
-69.0
-79.0
-53.0
-92.0
-115.0
-24.0
-49.0
-78.0
-100.0
-43.0
-49.0
-71.0
-58.0
-84.0
-61.0
-100.0
-48.0
-34.0
-69.0
-63.0
-55.0
-65.0
-62.0
-49.0
-71.0
-34.0
-22.0
-58.0
-80.0
-35.0
-64.0
-13.0
-30.0
-33.0
-44.0
-43.0
-43.0
-77.0
-54.0
-50.0
-27.0
-46.0
-66.0
-62.0
-70.0
-73.0
-59.0
-51.0
-77.0
-61.0
-73.0
-57.0
-68.0
-39.0
-93.0
-76.0
-23.0
-51.0
-48.0
-53.0
-64.0
-77.0
-88.0
-103.0
-49.0
-48.0
-55.0
-67.0
-65.0
-82.0
-87.0
-51.0
-55.0
-28.0
-47.0
-93.0
-52.0
-30.0
-50.0
-51.0
-74.0
-11.0
-29.0
-45.0
-82.0
-64.0
-56.0
-65.0
-53.0
-58.0
-34.0
-26.0
-34.0
-51.0
-94.0
-86.0
-12.0
-33.0
-40.0
-59.0
-31.0
-13.0
-53.0
-19.0
-28.0
-25.0
-61.0
-17.0
-26.0
-40.0
-60.0
-99.0
-43.0
-43.0
-69.0
-46.0
-50.0
-50.0
-9.0
-32.0
-62.0
-35.0
-39.0
-50.0
-52.0
-41.0
-59.0
-92.0
-48.0
-79.0
-31.0
-64.0
-50.0
-56.0
-93.0
-54.0
-79.0
-51.0
-68.0
-77.0
-85.0
-67.0
-71.0
-62.0
-100.0
-48.0
-63.0
-33.0
-38.0
-53.0
-33.0
-27.0
-37.0
-47.0
-35.0
-18.0
-45.0
1.0
-12.0
-41.0
-73.0
-29.0
-32.0
-46.0
-27.0
-41.0
-35.0
-47.0
-34.0
-55.0
-31.0
-49.0
-41.0
-15.0
-45.0
-73.0
-58.0
-17.0
-36.0
-58.0
-57.0
-49.0
-51.0
-49.0
-47.0
-16.0
-40.0
-46.0
-54.0
-71.0
-79.0
-86.0
-74.0
-48.0
-60.0
-65.0
-86.0
-59.0
-45.0
-63.0
-69.0
-67.0
-38.0
-52.0
-61.0
-76.0
-27.0
-52.0
-57.0
-70.0
-59.0
-39.0
-6.0
-13.0
3.0
-21.0
23.0
35.0
82.0
102.0
102.0
150.0
206.0
244.0
311.0
304.0
306.0
305.0
303.0
288.0
249.0
276.0
270.0
214.0
234.0
213.0
204.0
191.0
205.0
186.0
165.0
205.0
180.0
181.0
212.0
215.0
212.0
201.0
172.0
163.0
221.0
183.0
165.0
153.0
147.0
109.0
102.0
36.0
21.0
18.0
-8.0
-36.0
-81.0
-145.0
-142.0
-156.0
-188.0
-240.0
-238.0
-237.0
-280.0
-269.0
-284.0
-288.0
-281.0
-286.0
-286.0
-289.0
-288.0
-279.0
-285.0
-277.0
-276.0
-252.0
-275.0
-228.0
-224.0
-194.0
-167.0
-103.0
-59.0
-16.0
-5.0
63.0
115.0
129.0
237.0
218.0
248.0
174.0
229.0
178.0
153.0
108.0
184.0
156.0
156.0
139.0
99.0
95.0
122.0
98.0
105.0
76.0
91.0
91.0
91.0
73.0
15.0
31.0
-15.0
-46.0
-65.0
-112.0
-177.0
-123.0
-136.0
-149.0
-189.0
-214.0
-225.0
-221.0
-215.0
-229.0
-268.0
-263.0
-253.0
-255.0
-259.0
-256.0
-249.0
-276.0
-234.0
-244.0
-233.0
-221.0
-214.0
-220.0
-214.0
-202.0
-196.0
-210.0
-190.0
-158.0
-174.0
-186.0
-157.0
-135.0
-146.0
-134.0
-105.0
-103.0
-64.0
-22.0
21.0
52.0
118.0
192.0
256.0
263.0
284.0
274.0
304.0
266.0
281.0
249.0
216.0
214.0
190.0
175.0
191.0
167.0
171.0
128.0
152.0
153.0
115.0
116.0
120.0
143.0
85.0
32.0
33.0
15.0
-12.0
-32.0
-76.0
-81.0
-88.0
-142.0
-140.0
-184.0
-178.0
-193.0
-178.0
-216.0
-196.0
-211.0
-208.0
-247.0
-232.0
-245.0
-238.0
-275.0
-247.0
-252.0
-217.0
-208.0
-210.0
-226.0
-220.0
-200.0
-203.0
-182.0
-207.0
-194.0
-172.0
-172.0
-200.0
-204.0
-182.0
-166.0
-144.0
-161.0
-142.0
-163.0
-118.0
-119.0
-139.0
-172.0
-139.0
-127.0
-121.0
-148.0
-109.0
-150.0
-120.0
-128.0
-107.0
-117.0
-110.0
-89.0
-128.0
-80.0
-77.0
-67.0
-11.0
24.0
49.0
111.0
143.0
186.0
222.0
275.0
297.0
307.0
304.0
306.0
305.0
304.0
300.0
300.0
284.0
192.0
259.0
223.0
195.0
149.0
89.0
79.0
41.0
23.0
14.0
-35.0
-51.0
-56.0
-74.0
-115.0
-129.0
-153.0
-125.0
-163.0
-148.0
-154.0
-166.0
-171.0
-194.0
-187.0
-196.0
-196.0
-186.0
-201.0
-188.0
-213.0
-197.0
-157.0
-188.0
-201.0
-168.0
-157.0
-177.0
-161.0
-164.0
-199.0
-130.0
-116.0
-125.0
-140.0
-146.0
-151.0
-130.0
-144.0
-200.0
-146.0
-110.0
-142.0
-143.0
-133.0
-130.0
-120.0
-152.0
-128.0
-138.0
-122.0
-102.0
-144.0
-130.0
-114.0
-124.0
-116.0
-76.0
-116.0
-103.0
-114.0
-64.0
-107.0
-136.0
-104.0
-129.0
-103.0
-105.0
-93.0
-84.0
-89.0
-77.0
-76.0
-117.0
-67.0
-76.0
-60.0
-51.0
-53.0
-73.0
-96.0
-93.0
-77.0
-62.0
-65.0
-62.0
-54.0
-63.0
-103.0
-67.0
-51.0
-76.0
-58.0
-93.0
-59.0
-28.0
-87.0
-48.0
-92.0
-84.0
-62.0
-54.0
-58.0
-96.0
-57.0
-67.0
-58.0
-110.0
-76.0
-96.0
-80.0
-85.0
-108.0
-105.0
-53.0
-24.0
-40.0
-29.0
-47.0
-54.0
-67.0
-48.0
-68.0
-83.0
-97.0
-51.0
-65.0
-48.0
-58.0
-49.0
-1.0
-28.0
-67.0
-20.0
-20.0
-40.0
-73.0
-59.0
-42.0
-76.0
-49.0
-40.0
-44.0
-33.0
-46.0
-55.0
-55.0
-26.0
-18.0
-36.0
-65.0
-69.0
-50.0
-32.0
-13.0
-61.0
-19.0
-3.0
-24.0
-39.0
-34.0
-58.0
-39.0
-25.0
-32.0
-51.0
-23.0
-36.0
-21.0
-34.0
-15.0
-36.0
-37.0
-34.0
-56.0
-40.0
-40.0
-63.0
-79.0
-43.0
-32.0
-42.0
-20.0
-17.0
-32.0
-43.0
1.0
-17.0
-52.0
-37.0
-10.0
-24.0
-34.0
-56.0
-39.0
-82.0
-45.0
-43.0
-25.0
-59.0
-63.0
-60.0
-55.0
-61.0
-29.0
-51.0
-42.0
-59.0
1.0
-34.0
-62.0
-34.0
-39.0
-44.0
-45.0
-67.0
-33.0
-32.0
-48.0
-60.0
-63.0
-65.0
2.0
-51.0
-64.0
-64.0
-35.0
-29.0
-37.0
-56.0
-45.0
-67.0
-32.0
-54.0
-39.0
-58.0
-27.0
-33.0
-42.0
-65.0
-39.0
-72.0
-33.0
-68.0
-41.0
-39.0
-42.0
-57.0
-87.0
-86.0
-42.0
-73.0
-51.0
-37.0
-35.0
-39.0
-55.0
-97.0
-81.0
-77.0
-77.0
-99.0
-89.0
-77.0
-66.0
-55.0
-44.0
-39.0
-37.0
-52.0
-50.0
-71.0
-70.0
-69.0
-80.0
-81.0
-94.0
-70.0
-52.0
-69.0
-63.0
-73.0
-30.0
-21.0
-48.0
-59.0
-70.0
-26.0
-31.0
-27.0
-59.0
-20.0
-30.0
-22.0
-56.0
-51.0
-54.0
-45.0
-30.0
-51.0
-14.0
-54.0
-40.0
-55.0
-37.0
-48.0
-20.0
-59.0
-78.0
-10.0
-21.0
-42.0
-59.0
-92.0
-46.0
-24.0
-64.0
-72.0
-49.0
-39.0
-29.0
-77.0
-64.0
-40.0
-52.0
-32.0
-32.0
-67.0
-42.0
-55.0
-33.0
-52.0
-34.0
-48.0
-49.0
-52.0
-63.0
-60.0
-51.0
-46.0
-37.0
-39.0
-42.0
-38.0
-67.0
-45.0
-46.0
-19.0
-30.0
-66.0
-52.0
-38.0
-54.0
-74.0
-45.0
-45.0
-36.0
-37.0
-60.0
-77.0
-51.0
-25.0
-50.0
-58.0
-23.0
-36.0
-21.0
-26.0
-34.0
-62.0
-31.0
-74.0
-20.0
-62.0
-44.0
-74.0
-23.0
-30.0
-1.0
-61.0
-25.0
-25.0
-26.0
-8.0
-12.0
-75.0
-19.0
-55.0
-36.0
-37.0
-52.0
-41.0
-49.0
-39.0
-32.0
-67.0
-50.0
-53.0
-59.0
-39.0
-37.0
-41.0
-37.0
-51.0
-30.0
-54.0
-46.0
-26.0
-41.0
-38.0
-55.0
-74.0
-45.0
-34.0
-17.0
-47.0
-13.0
-26.0
-24.0
-31.0
-45.0
-49.0
-53.0
-20.0
-31.0
-70.0
-55.0
-44.0
-67.0
-92.0
-62.0
-43.0
-53.0
-40.0
8.0
-40.0
-61.0
-74.0
-58.0
-46.0
-48.0
-71.0
-57.0
-52.0
-63.0
-43.0
-35.0
-51.0
-51.0
-37.0
-33.0
-32.0
-48.0
-47.0
-88.0
-15.0
-60.0
-44.0
-32.0
-29.0
-39.0
-46.0
-43.0
-88.0
-31.0
-33.0
-30.0
-55.0
-67.0
-56.0
-69.0
-49.0
-8.0
8.0
-6.0
-25.0
-62.0
-42.0
-50.0
-36.0
-40.0
-51.0
-53.0
-25.0
-30.0
-63.0
-62.0
-31.0
-15.0
-53.0
-41.0
-46.0
-56.0
-17.0
-34.0
-78.0
-11.0
-32.0
-29.0
-53.0
-66.0
-22.0
-54.0
-81.0
-66.0
-45.0
-51.0
-31.0
-20.0
-9.0
-27.0
-57.0
-56.0
-43.0
-36.0
-3.0
-7.0
-16.0
-42.0
-33.0
-56.0
-44.0
-11.0
-23.0
-28.0
-10.0
-30.0
-70.0
-39.0
-24.0
-33.0
-14.0
-40.0
-10.0
-46.0
-36.0
-54.0
-50.0
-44.0
-17.0
-36.0
-4.0
-22.0
-52.0
-54.0
-74.0
-66.0
-14.0
-18.0
-35.0
-36.0
-43.0
-23.0
-97.0
-33.0
-34.0
-27.0
-49.0
-38.0
-52.0
-66.0
-91.0
-33.0
-41.0
-55.0
-48.0
-54.0
-70.0
-28.0
-20.0
-33.0
-83.0
-67.0
-20.0
-47.0
-43.0
-47.0
-24.0
-35.0
-51.0
-62.0
-41.0
-54.0
-7.0
7.0
-4.0
-44.0
-38.0
-15.0
-23.0
-24.0
-13.0
-34.0
-21.0
-49.0
-63.0
-50.0
-39.0
-35.0
-62.0
-63.0
-36.0
-30.0
-33.0
-22.0
-34.0
-77.0
-35.0
-63.0
-60.0
-86.0
-32.0
-33.0
-44.0
-56.0
-69.0
-22.0
-18.0
-56.0
-12.0
-54.0
-36.0
-71.0
-100.0
-17.0
-69.0
-29.0
-53.0
-67.0
-37.0
-61.0
-90.0
-17.0
-49.0
-60.0
-34.0
-23.0
-22.0
-30.0
-38.0
-40.0
-40.0
-37.0
-44.0
-24.0
-25.0
-39.0
-50.0
-54.0
-35.0
-37.0
-14.0
-32.0
-25.0
-11.0
1.0
-37.0
-22.0
-9.0
-31.0
-48.0
-33.0
-37.0
-16.0
12.0
-31.0
-10.0
-40.0
-36.0
-35.0
-22.0
-39.0
-56.0
-15.0
-48.0
-3.0
-18.0
-42.0
-39.0
-33.0
-56.0
-19.0
-45.0
-48.0
-22.0
-67.0
-51.0
-37.0
-74.0
-37.0
-49.0
-57.0
-31.0
-29.0
-27.0
-39.0
-32.0
-53.0
-50.0
-26.0
-26.0
11.0
9.0
5.0
-17.0
-12.0
-43.0
-39.0
-29.0
-26.0
-12.0
-17.0
-29.0
-18.0
-15.0
-53.0
-46.0
-49.0
-17.0
2.0
-13.0
-36.0
-31.0
-36.0
-81.0
-33.0
-60.0
-60.0
-78.0
-42.0
-36.0
-43.0
-34.0
-42.0
-44.0
-48.0
-40.0
-23.0
-41.0
-52.0
-43.0
-58.0
-42.0
-40.0
-63.0
-2.0
-27.0
-56.0
-53.0
-41.0
-13.0
-24.0
-41.0
-77.0
-23.0
-51.0
-40.0
-27.0
-64.0
-59.0
-67.0
-28.0
-36.0
-37.0
-23.0
-37.0
-31.0
-6.0
-55.0
-56.0
-49.0
-45.0
-26.0
-52.0
-33.0
-21.0
-49.0
-27.0
-51.0
-44.0
-29.0
-35.0
-23.0
-47.0
-4.0
-24.0
-29.0
12.0
-36.0
-48.0
-40.0
-13.0
-41.0
-19.0
-25.0
-8.0
-26.0
-17.0
-40.0
-49.0
-53.0
-44.0
-13.0
-50.0
-40.0
-42.0
-37.0
-58.0
-27.0
-31.0
-41.0
-12.0
-32.0
-7.0
-14.0
-7.0
-59.0
-17.0
-20.0
-39.0
-39.0
-33.0
-54.0
5.0
-45.0
-5.0
-48.0
-17.0
-49.0
-53.0
-55.0
-36.0
-6.0
-22.0
-45.0
-68.0
-60.0
-5.0
-44.0
-56.0
-18.0
-27.0
-29.0
-29.0
-29.0
-52.0
-52.0
-20.0
-28.0
-30.0
-37.0
-41.0
-31.0
-60.0
-53.0
-37.0
-25.0
-16.0
-68.0
-18.0
-27.0
-14.0
-11.0
-32.0
-33.0
-34.0
-74.0
-53.0
-9.0
-31.0
-40.0
-55.0
-47.0
-70.0
-45.0
-8.0
-47.0
-7.0
-47.0
-29.0
-38.0
-56.0
-72.0
-83.0
-73.0
-55.0
-37.0
-30.0
-50.0
-64.0
-42.0
-60.0
-32.0
-32.0
-61.0
-26.0
-26.0
-31.0
-58.0
-102.0
-76.0
-43.0
-50.0
-21.0
-10.0
-28.0
-52.0
-53.0
-79.0
-44.0
-31.0
-20.0
-28.0
-65.0
-71.0
-42.0
-53.0
-73.0
-53.0
-38.0
-55.0
-59.0
-61.0
-48.0
-72.0
-29.0
-66.0
-44.0
-72.0
-57.0
-59.0
-45.0
-52.0
-48.0
-59.0
-75.0
-33.0
-30.0
-17.0
-44.0
-28.0
-39.0
-31.0
-48.0
-24.0
-51.0
-62.0
-76.0
-65.0
-22.0
-67.0
-49.0
-58.0
-56.0
-58.0
-37.0
-33.0
2.0
-1.0
-14.0
-21.0
-45.0
-42.0
-12.0
-27.0
-56.0
-69.0
-54.0
-23.0
-53.0
-29.0
-48.0
-5.0
-13.0
-17.0
-16.0
-49.0
-2.0
-7.0
1.0
-6.0
-27.0
-48.0
-51.0
-36.0
-35.0
-67.0
-36.0
-56.0
-18.0
-46.0
-20.0
-52.0
-41.0
-38.0
-46.0
-71.0
-68.0
-14.0
-48.0
-29.0
-20.0
-23.0
-42.0
-25.0
-41.0
-88.0
-29.0
-14.0
-41.0
-35.0
-38.0
-36.0
-21.0
-51.0
-50.0
-67.0
-48.0
-41.0
-48.0
-53.0
-60.0
-71.0
-38.0
-25.0
-34.0
-34.0
-30.0
-10.0
-31.0
-42.0
-31.0
-33.0
-43.0
-36.0
-40.0
-28.0
-56.0
-59.0
-45.0
-23.0
-24.0
-39.0
-49.0
-74.0
-70.0
-45.0
-44.0
-48.0
-20.0
-45.0
-60.0
-15.0
-20.0
-20.0
-11.0
-13.0
-33.0
-23.0
-27.0
-30.0
-37.0
-33.0
-51.0
-16.0
-38.0
-24.0
-27.0
-28.0
-19.0
-1.0
-19.0
-11.0
-31.0
-25.0
-16.0
-20.0
-11.0
-27.0
-48.0
-9.0
-37.0
-24.0
-41.0
-39.0
-46.0
-45.0
-25.0
-49.0
3.0
-7.0
1.0
-15.0
2.0
-18.0
-46.0
-16.0
-52.0
-21.0
-26.0
-23.0
-27.0
-56.0
-64.0
-41.0
-29.0
-17.0
-31.0
-8.0
-17.0
-54.0
-40.0
-51.0
-55.0
-37.0
-18.0
-34.0
-41.0
-39.0
-46.0
-29.0
-46.0
-11.0
-12.0
-17.0
-19.0
-17.0
-24.0
-53.0
-15.0
-69.0
-2.0
-33.0
-22.0
-33.0
-38.0
-30.0
-43.0
-48.0
-51.0
-4.0
-37.0
-35.0
-6.0
-18.0
-15.0
-22.0
-20.0
-31.0
-44.0
-36.0
-51.0
-36.0
-32.0
-48.0
-41.0
-51.0
-61.0
-60.0
-77.0
-25.0
-31.0
-45.0
-27.0
-52.0
-26.0
-32.0
-47.0
-12.0
-27.0
-33.0
-78.0
-30.0
-13.0
-14.0
-38.0
11.0
-19.0
-23.0
-34.0
-14.0
-25.0
-53.0
-45.0
-15.0
-1.0
-52.0
-29.0
-41.0
-32.0
-40.0
-39.0
-24.0
-30.0
-33.0
-17.0
-53.0
-32.0
-11.0
-47.0
-29.0
-41.0
-35.0
-34.0
-19.0
-46.0
-41.0
-50.0
-76.0
-56.0
-12.0
-32.0
-22.0
-25.0
-48.0
-63.0
-36.0
-27.0
-36.0
-56.0
-69.0
-47.0
-44.0
-27.0
-33.0
-48.0
-55.0
-56.0
-57.0
-46.0
-52.0
-33.0
-60.0
-50.0
-46.0
-55.0
-31.0
-41.0
-37.0
-36.0
-37.0
-67.0
-25.0
-53.0
-2.0
-18.0
-12.0
-17.0
-3.0
-17.0
-2.0
-3.0
-5.0
-45.0
-23.0
-12.0
-31.0
-44.0
-33.0
3.0
-32.0
-49.0
-40.0
-11.0
-45.0
-7.0
17.0
19.0
-7.0
11.0
-5.0
-13.0
-31.0
-8.0
-13.0
-35.0
-27.0
-49.0
-34.0
-23.0
-35.0
-25.0
-48.0
-46.0
-13.0
-10.0
-23.0
-53.0
-21.0
-36.0
-64.0
-39.0
-35.0
-33.0
-27.0
-44.0
-45.0
-31.0
-29.0
-33.0
-35.0
-36.0
-21.0
-41.0
-27.0
-17.0
-19.0
-24.0
-40.0
-29.0
-51.0
-62.0
-16.0
-43.0
-20.0
-18.0
-14.0
-18.0
-62.0
-32.0
-33.0
-42.0
-24.0
-47.0
-48.0
-42.0
-62.0
-12.0
-24.0
-19.0
-47.0
-27.0
-55.0
-64.0
-67.0
-112.0
-23.0
-30.0
-45.0
-53.0
-40.0
-42.0
-18.0
-49.0
-35.0
-71.0
-35.0
-15.0
-43.0
-30.0
-59.0
-49.0
-39.0
-32.0
-42.0
-48.0
-52.0
-56.0
-65.0
-49.0
-42.0
-53.0
-29.0
-35.0
-24.0
-48.0
-58.0
-21.0
-64.0
-45.0
-31.0
-27.0
-22.0
-41.0
-45.0
11.0
-25.0
-55.0
-32.0
-39.0
-35.0
-60.0
-34.0
-41.0
-62.0
-42.0
-44.0
-36.0
-58.0
-38.0
-29.0
-37.0
-55.0
-32.0
-30.0
-61.0
-11.0
-25.0
-25.0
-49.0
-59.0
-16.0
-46.0
-84.0
-52.0
8.0
-1.0
-4.0
-39.0
-18.0
5.0
-5.0
-26.0
-9.0
-2.0
-12.0
-41.0
-62.0
-11.0
-28.0
-40.0
-23.0
-12.0
-38.0
-36.0
-6.0
-44.0
-36.0
-25.0
-41.0
-37.0
-4.0
-12.0
-6.0
-46.0
-24.0
-20.0
-6.0
-16.0
-15.0
-27.0
-2.0
-6.0
-29.0
-20.0
-32.0
-54.0
-13.0
1.0
-22.0
-33.0
-53.0
-42.0
-56.0
-24.0
-19.0
-14.0
-8.0
5.0
-50.0
-51.0
-40.0
-42.0
-39.0
4.0
-20.0
-52.0
-53.0
-50.0
-3.0
-56.0
-35.0
-17.0
-37.0
-23.0
-41.0
-31.0
-52.0
-18.0
-4.0
-13.0
-47.0
-46.0
-27.0
-14.0
-18.0
-36.0
-12.0
-46.0
-27.0
-30.0
-45.0
-29.0
-33.0
-49.0
-42.0
-58.0
-48.0
-17.0
-7.0
-30.0
5.0
-77.0
-17.0
-75.0
-37.0
-43.0
-60.0
-59.0
-46.0
-54.0
-32.0
-50.0
-59.0
-54.0
-45.0
-42.0
-35.0
-48.0
-61.0
-42.0
-50.0
-34.0
-60.0
-83.0
-39.0
-50.0
-76.0
-29.0
-54.0
-43.0
-56.0
-59.0
-41.0
-79.0
-30.0
-38.0
-40.0
-58.0
-31.0
-13.0
-46.0
-35.0
-17.0
-33.0
-3.0
-55.0
-32.0
-86.0
-8.0
-53.0
-19.0
-20.0
-44.0
-44.0
-56.0
-76.0
-82.0
-81.0
-55.0
-32.0
-46.0
-36.0
-26.0
-54.0
-5.0
-11.0
-15.0
-20.0
-37.0
10.0
6.0
-30.0
10.0
-12.0
-16.0
-36.0
-7.0
-53.0
-23.0
-35.0
-72.0
-8.0
-39.0
-29.0
-34.0
-36.0
-37.0
-17.0
-29.0
-49.0
2.0
-35.0
-43.0
-5.0
-50.0
-30.0
-37.0
-36.0
20.0
-25.0
-29.0
-50.0
-40.0
-76.0
-34.0
-37.0
-56.0
-40.0
-52.0
-18.0
-30.0
-32.0
5.0
-23.0
-4.0
-40.0
-36.0
-13.0
-24.0
-55.0
-33.0
-12.0
-27.0
-45.0
-22.0
-36.0
-24.0
-46.0
-27.0
-10.0
-30.0
-10.0
-22.0
-19.0
-5.0
14.0
41.0
47.0
97.0
146.0
129.0
182.0
227.0
228.0
247.0
272.0
272.0
263.0
240.0
201.0
208.0
155.0
187.0
162.0
134.0
102.0
84.0
124.0
103.0
103.0
82.0
96.0
93.0
83.0
108.0
102.0
138.0
137.0
177.0
201.0
177.0
252.0
190.0
198.0
190.0
181.0
169.0
156.0
138.0
136.0
46.0
134.0
136.0
112.0
71.0
69.0
34.0
56.0
77.0
56.0
40.0
48.0
27.0
26.0
4.0
22.0
13.0
19.0
19.0
46.0
25.0
16.0
17.0
-23.0
4.0
-34.0
-64.0
-69.0
-114.0
-123.0
-154.0
-171.0
-156.0
-183.0
-180.0
-238.0
-238.0
-216.0
-240.0
-228.0
-253.0
-277.0
-234.0
-237.0
-225.0
-212.0
-214.0
-214.0
-213.0
-200.0
-209.0
-210.0
-223.0
-190.0
-187.0
-161.0
-152.0
-169.0
-163.0
-160.0
-176.0
-171.0
-152.0
-166.0
-161.0
-152.0
-129.0
-103.0
-114.0
-108.0
-148.0
-131.0
-129.0
-114.0
-102.0
-96.0
-96.0
-95.0
-98.0
-100.0
-24.0
-26.0
-1.0
8.0
21.0
52.0
56.0
79.0
18.0
118.0
158.0
150.0
155.0
154.0
155.0
132.0
139.0
157.0
141.0
147.0
110.0
111.0
138.0
141.0
117.0
130.0
131.0
124.0
143.0
110.0
135.0
146.0
89.0
87.0
99.0
153.0
163.0
151.0
116.0
145.0
75.0
95.0
73.0
51.0
8.0
22.0
30.0
4.0
-22.0
-19.0
-5.0
-18.0
-43.0
-75.0
-81.0
-73.0
-119.0
-102.0
-145.0
-162.0
-156.0
-209.0
-211.0
-195.0
-201.0
-212.0
-192.0
-202.0
-220.0
-221.0
-214.0
-223.0
-182.0
-204.0
-183.0
-161.0
-174.0
-192.0
-190.0
-195.0
-180.0
-167.0
-148.0
-156.0
-162.0
-168.0
-115.0
-122.0
-109.0
-120.0
-121.0
-135.0
-120.0
-130.0
-128.0
-142.0
-154.0
-92.0
-109.0
-140.0
-83.0
-71.0
-100.0
-91.0
-115.0
-115.0
-125.0
-108.0
-115.0
-106.0
-88.0
-87.0
-58.0
-65.0
-63.0
-62.0
-51.0
-65.0
-52.0
-50.0
-46.0
-50.0
-87.0
-39.0
-57.0
-59.0
-62.0
-84.0
-43.0
-37.0
-46.0
-33.0
-49.0
-66.0
-83.0
-50.0
-50.0
-32.0
-22.0
-31.0
-37.0
-27.0
-44.0
-35.0
-48.0
-55.0
-46.0
-33.0
-41.0
-34.0
-65.0
-24.0
-24.0
-44.0
-25.0
-102.0
-50.0
-90.0
-24.0
-44.0
-33.0
-31.0
-63.0
-45.0
-39.0
-56.0
-49.0
-59.0
-37.0
-37.0
-55.0
-59.0
-67.0
-59.0
-24.0
-68.0
-4.0
-14.0
-31.0
-69.0
-3.0
-9.0
-17.0
-50.0
-54.0
-26.0
-26.0
-42.0
-53.0
-4.0
-26.0
-22.0
-49.0
-27.0
-34.0
-33.0
-42.0
-20.0
-56.0
6.0
-21.0
-53.0
-45.0
-18.0
-2.0
-27.0
-19.0
-14.0
-35.0
-32.0
-30.0
-9.0
-3.0
-15.0
-8.0
-52.0
-34.0
24.0
-16.0
-12.0
-26.0
11.0
-10.0
-29.0
3.0
30.0
-21.0
-7.0
-20.0
-21.0
-35.0
-56.0
-22.0
2.0
-25.0
-39.0
-14.0
-18.0
-21.0
-74.0
-25.0
1.0
10.0
-2.0
3.0
12.0
-18.0
6.0
-42.0
-4.0
-43.0
-49.0
24.0
-11.0
-50.0
-29.0
-51.0
-7.0
-14.0
-30.0
-21.0
-7.0
-41.0
-49.0
-25.0
12.0
5.0
-7.0
-25.0
-31.0
-10.0
-39.0
-9.0
-4.0
-51.0
-26.0
-35.0
-8.0
-26.0
7.0
2.0
-12.0
-24.0
-26.0
-22.0
-20.0
8.0
24.0
-31.0
30.0
1.0
15.0
4.0
37.0
16.0
4.0
7.0
-32.0
-1.0
30.0
-1.0
-27.0
-20.0
-16.0
-30.0
-23.0
-14.0
-34.0
18.0
10.0
-29.0
-8.0
-4.0
-7.0
-13.0
24.0
6.0
2.0
-26.0
-10.0
-27.0
-35.0
-49.0
-22.0
-24.0
-21.0
-44.0
-50.0
-36.0
-47.0
-25.0
-21.0
4.0
-28.0
2.0
-25.0
-9.0
-13.0
-17.0
-58.0
-13.0
-40.0
-40.0
-20.0
-45.0
-62.0
-54.0
-54.0
-48.0
-43.0
-25.0
-29.0
-21.0
-33.0
-36.0
-26.0
-9.0
-38.0
-59.0
-23.0
3.0
-9.0
3.0
15.0
-51.0
-25.0
-30.0
-47.0
-8.0
-22.0
-26.0
-35.0
10.0
-9.0
-25.0
-16.0
-6.0
-2.0
-24.0
-24.0
1.0
-30.0
22.0
12.0
-5.0
2.0
11.0
-32.0
4.0
-38.0
-43.0
-5.0
51.0
34.0
50.0
45.0
49.0
76.0
40.0
100.0
124.0
128.0
111.0
124.0
136.0
115.0
120.0
129.0
133.0
98.0
104.0
27.0
43.0
53.0
7.0
50.0
18.0
-17.0
13.0
-31.0
-52.0
-49.0
-36.0
-56.0
-41.0
-47.0
-62.0
-46.0
-70.0
-41.0
-34.0
-42.0
-44.0
-52.0
-77.0
-35.0
-56.0
-37.0
-29.0
-35.0
-45.0
-60.0
-24.0
-50.0
-67.0
-68.0
-59.0
-48.0
-77.0
-26.0
-56.0
-61.0
-36.0
-52.0
-24.0
-39.0
-107.0
-41.0
-3.0
-34.0
-21.0
-40.0
-16.0
-50.0
-36.0
-43.0
-64.0
2.0
-33.0
-44.0
-3.0
-25.0
-31.0
-42.0
-25.0
-13.0
-47.0
-22.0
-24.0
-44.0
-10.0
-2.0
-31.0
-25.0
-3.0
-4.0
-18.0
-14.0
1.0
1.0
-16.0
-29.0
-23.0
-44.0
-59.0
-30.0
-37.0
-35.0
-52.0
-30.0
-32.0
-42.0
-35.0
-84.0
-26.0
-16.0
1.0
-51.0
-43.0
-16.0
-38.0
-23.0
-60.0
-69.0
-24.0
-22.0
-29.0
-38.0
-40.0
-31.0
-13.0
-29.0
-56.0
-40.0
-27.0
-63.0
-24.0
-27.0
-26.0
-24.0
-31.0
5.0
5.0
-54.0
1.0
-8.0
-8.0
-14.0
-16.0
-26.0
-10.0
-2.0
-21.0
-29.0
-34.0
-31.0
-14.0
-30.0
-62.0
16.0
-13.0
10.0
-6.0
-27.0
14.0
-2.0
-44.0
-7.0
-25.0
-51.0
-32.0
-5.0
-8.0
-56.0
14.0
-18.0
-14.0
-6.0
-30.0
-38.0
-55.0
4.0
-22.0
-19.0
-20.0
-13.0
-22.0
-58.0
-11.0
-7.0
-17.0
-9.0
-29.0
2.0
-22.0
-27.0
-5.0
-18.0
-35.0
2.0
-26.0
-40.0
-3.0
-9.0
-36.0
-54.0
-39.0
-5.0
-11.0
-20.0
-36.0
-16.0
0.0
-35.0
-10.0
-41.0
24.0
39.0
3.0
18.0
4.0
6.0
-13.0
-17.0
-61.0
-23.0
-49.0
-31.0
-10.0
0.0
17.0
-2.0
25.0
12.0
-6.0
16.0
-5.0
1.0
-26.0
-9.0
-15.0
-35.0
-27.0
-54.0
-23.0
13.0
-33.0
-6.0
-46.0
-26.0
-26.0
-27.0
-77.0
-37.0
-3.0
-10.0
-6.0
-33.0
-30.0
-25.0
-33.0
-31.0
-24.0
-7.0
0.0
-22.0
-5.0
-13.0
-36.0
-20.0
-8.0
-35.0
-18.0
-22.0
-53.0
-36.0
-33.0
-44.0
-22.0
-26.0
-23.0
-44.0
-14.0
-15.0
-38.0
-4.0
-21.0
-20.0
28.0
-9.0
1.0
-37.0
-78.0
-17.0
-29.0
-23.0
-46.0
-2.0
-46.0
4.0
-47.0
2.0
8.0
-45.0
-28.0
-17.0
-6.0
-34.0
-36.0
-47.0
-62.0
-40.0
10.0
2.0
-4.0
-26.0
-7.0
-39.0
-42.0
-2.0
11.0
-25.0
14.0
17.0
5.0
10.0
-14.0
-32.0
-44.0
-27.0
-4.0
-7.0
-2.0
-15.0
4.0
-29.0
12.0
2.0
15.0
18.0
-6.0
-2.0
-18.0
-12.0
-21.0
-22.0
-17.0
-8.0
6.0
-23.0
1.0
-12.0
-19.0
20.0
-35.0
-12.0
12.0
-54.0
2.0
-5.0
-11.0
5.0
12.0
-27.0
29.0
10.0
-3.0
-96.0
2.0
17.0
-8.0
7.0
10.0
-31.0
-43.0
-29.0
-33.0
-45.0
-36.0
-16.0
-27.0
-2.0
-14.0
-3.0
-32.0
-22.0
-23.0
-26.0
-24.0
-31.0
-21.0
-16.0
-13.0
-38.0
-45.0
-38.0
-33.0
-27.0
-4.0
5.0
-1.0
5.0
-7.0
-4.0
-13.0
-12.0
-21.0
13.0
-41.0
-35.0
9.0
-23.0
23.0
-16.0
-55.0
-39.0
-10.0
16.0
-30.0
-52.0
-56.0
3.0
-7.0
-10.0
-70.0
12.0
-13.0
-11.0
-22.0
-13.0
-3.0
2.0
-21.0
-37.0
-7.0
-27.0
-34.0
-10.0
-13.0
-27.0
12.0
-12.0
-10.0
-30.0
-14.0
-7.0
-17.0
-34.0
21.0
-7.0
-41.0
0.0
-4.0
-10.0
-11.0
-35.0
-26.0
-4.0
-25.0
-20.0
-36.0
-69.0
-49.0
-29.0
3.0
18.0
-25.0
-31.0
-18.0
-13.0
12.0
-12.0
-17.0
-12.0
-32.0
-8.0
-8.0
-17.0
-1.0
-27.0
-30.0
-28.0
14.0
7.0
7.0
-12.0
10.0
5.0
5.0
1.0
-10.0
30.0
10.0
-49.0
0.0
12.0
2.0
17.0
-14.0
-36.0
20.0
24.0
6.0
-9.0
-32.0
-1.0
-10.0
1.0
-26.0
-54.0
-32.0
6.0
-22.0
11.0
-27.0
-23.0
10.0
-30.0
13.0
2.0
-45.0
-16.0
1.0
-27.0
-3.0
-10.0
-60.0
-40.0
-56.0
-8.0
-37.0
-18.0
-6.0
-16.0
-30.0
-44.0
-34.0
-53.0
-7.0
-32.0
-13.0
-41.0
-48.0
-53.0
-31.0
-41.0
-2.0
-16.0
6.0
-1.0
-10.0
-7.0
-6.0
-2.0
-3.0
-13.0
-20.0
6.0
-2.0
8.0
-12.0
-8.0
-23.0
7.0
-23.0
-28.0
-35.0
-5.0
-20.0
1.0
-15.0
-10.0
-22.0
-22.0
-5.0
6.0
3.0
2.0
-10.0
-22.0
8.0
28.0
9.0
-17.0
-10.0
-12.0
-4.0
-13.0
-8.0
-11.0
-13.0
31.0
3.0
-15.0
3.0
-4.0
12.0
18.0
0.0
-7.0
-13.0
8.0
-35.0
-13.0
-33.0
-27.0
-34.0
-42.0
-20.0
-25.0
6.0
-36.0
-5.0
27.0
-16.0
-10.0
2.0
-25.0
-34.0
-16.0
-26.0
-27.0
-22.0
-35.0
-21.0
16.0
8.0
-15.0
-29.0
-29.0
-20.0
-24.0
-6.0
-23.0
-6.0
-32.0
16.0
16.0
13.0
-32.0
-6.0
-9.0
-14.0
-32.0
-20.0
-34.0
-13.0
-37.0
-31.0
-17.0
-27.0
-2.0
-5.0
6.0
-30.0
-23.0
-32.0
21.0
7.0
-4.0
-15.0
-22.0
12.0
-4.0
-8.0
-3.0
7.0
-16.0
-6.0
-15.0
-18.0
1.0
-6.0
-68.0
-33.0
-20.0
-18.0
-31.0
-13.0
-31.0
-51.0
-41.0
-5.0
-18.0
-4.0
-18.0
-4.0
-6.0
-36.0
-33.0
-31.0
-52.0
-40.0
-36.0
-49.0
-12.0
4.0
-1.0
-1.0
-7.0
-7.0
-4.0
-17.0
-24.0
7.0
-26.0
4.0
2.0
2.0
-1.0
-29.0
-1.0
-3.0
-54.0
1.0
2.0
-51.0
-4.0
-18.0
-35.0
-24.0
5.0
6.0
14.0
-15.0
5.0
0.0
1.0
7.0
-7.0
-8.0
-30.0
-12.0
4.0
-8.0
11.0
25.0
-8.0
3.0
17.0
5.0
-2.0
-21.0
-12.0
-63.0
13.0
23.0
18.0
20.0
14.0
11.0
12.0
5.0
-15.0
-6.0
-28.0
10.0
-20.0
-15.0
-8.0
-6.0
-27.0
-25.0
-43.0
-36.0
-12.0
16.0
1.0
4.0
5.0
-16.0
-29.0
2.0
-8.0
-14.0
2.0
-14.0
-7.0
-10.0
-11.0
-13.0
-9.0
-56.0
1.0
-20.0
16.0
-23.0
9.0
9.0
-3.0
8.0
-7.0
-7.0
28.0
-12.0
-22.0
-34.0
-2.0
-4.0
-12.0
-34.0
18.0
-3.0
-11.0
-14.0
3.0
2.0
-6.0
-43.0
-20.0
5.0
-14.0
-16.0
-11.0
2.0
7.0
-11.0
-7.0
-35.0
-1.0
17.0
-13.0
-35.0
-10.0
-51.0
-8.0
-16.0
-56.0
-69.0
-31.0
-23.0
-18.0
-40.0
-23.0
-27.0
-42.0
-52.0
-39.0
14.0
-41.0
-27.0
-29.0
-19.0
-24.0
-19.0
-35.0
-53.0
-37.0
-13.0
-27.0
-22.0
-24.0
8.0
-19.0
-26.0
-67.0
-45.0
-22.0
-5.0
-21.0
-18.0
-13.0
-6.0
2.0
-28.0
3.0
23.0
14.0
-22.0
-15.0
-10.0
-18.0
-3.0
-21.0
1.0
-14.0
-33.0
1.0
-25.0
3.0
1.0
4.0
-32.0
-26.0
-54.0
-10.0
13.0
3.0
-11.0
-11.0
-11.0
-19.0
-17.0
-22.0
-34.0
3.0
29.0
12.0
-17.0
2.0
12.0
-25.0
-17.0
2.0
1.0
-22.0
-5.0
11.0
-9.0
3.0
-27.0
-29.0
-8.0
-10.0
-18.0
-39.0
25.0
2.0
-17.0
4.0
-9.0
-11.0
15.0
7.0
-6.0
-7.0
4.0
-22.0
2.0
-12.0
15.0
11.0
21.0
18.0
8.0
0.0
-35.0
-31.0
16.0
-19.0
11.0
19.0
-7.0
-2.0
-4.0
-4.0
4.0
7.0
-20.0
15.0
2.0
-29.0
-64.0
7.0
-21.0
7.0
-31.0
-9.0
-47.0
-51.0
-19.0
-15.0
-8.0
-28.0
8.0
-41.0
-12.0
-13.0
-9.0
-26.0
-43.0
-29.0
-21.0
-12.0
-34.0
-41.0
-40.0
-48.0
-52.0
13.0
-13.0
8.0
-32.0
11.0
6.0
34.0
24.0
15.0
26.0
4.0
-12.0
-33.0
11.0
8.0
6.0
-31.0
-14.0
3.0
-32.0
-26.0
-33.0
-11.0
-18.0
-24.0
-61.0
-29.0
-26.0
-7.0
-17.0
-3.0
5.0
0.0
-15.0
-29.0
-21.0
-30.0
-19.0
-2.0
-23.0
-7.0
-31.0
-71.0
-34.0
-30.0
-3.0
-6.0
-18.0
-16.0
-51.0
-25.0
-42.0
-33.0
-41.0
-32.0
-33.0
-17.0
-40.0
-8.0
-24.0
-38.0
-31.0
-43.0
-2.0
-21.0
24.0
11.0
-7.0
-56.0
-40.0
-17.0
-31.0
-23.0
-27.0
20.0
-1.0
1.0
-6.0
-25.0
-7.0
53.0
-5.0
37.0
29.0
17.0
-25.0
-5.0
18.0
31.0
4.0
-13.0
-5.0
-19.0
-3.0
7.0
-10.0
32.0
1.0
10.0
-19.0
21.0
31.0
-7.0
-23.0
-2.0
19.0
21.0
15.0
-32.0
-4.0
19.0
30.0
13.0
-8.0
16.0
-12.0
8.0
7.0
-21.0
13.0
8.0
-7.0
-12.0
-24.0
12.0
6.0
-15.0
26.0
1.0
-18.0
-3.0
12.0
-13.0
-11.0
-24.0
4.0
-15.0
-50.0
11.0
-8.0
-23.0
-26.0
-14.0
9.0
31.0
9.0
18.0
13.0
7.0
-14.0
13.0
51.0
15.0
23.0
22.0
-13.0
-7.0
20.0
-13.0
-30.0
-13.0
-14.0
-15.0
-44.0
12.0
2.0
-6.0
-13.0
-1.0
-82.0
13.0
17.0
-28.0
-12.0
-73.0
-26.0
-18.0
14.0
-31.0
-4.0
-1.0
-20.0
-10.0
-16.0
-6.0
-6.0
-18.0
-3.0
3.0
-2.0
-21.0
-3.0
6.0
-14.0
-15.0
25.0
-23.0
26.0
11.0
3.0
-5.0
1.0
-9.0
14.0
17.0
5.0
15.0
-21.0
1.0
-2.0
-18.0
10.0
0.0
3.0
-33.0
-37.0
-12.0
-26.0
-23.0
-3.0
-1.0
5.0
-13.0
-30.0
-33.0
-13.0
23.0
-1.0
-5.0
-18.0
2.0
-10.0
13.0
1.0
15.0
-11.0
-6.0
-5.0
7.0
-15.0
-43.0
-2.0
-26.0
-15.0
-2.0
-6.0
-5.0
24.0
-19.0
-5.0
-19.0
-33.0
17.0
1.0
-5.0
-27.0
-15.0
-29.0
-15.0
-6.0
-31.0
-15.0
-22.0
-30.0
16.0
-8.0
-10.0
-18.0
-36.0
-10.0
-30.0
-55.0
-36.0
-15.0
-40.0
-29.0
-8.0
-22.0
-29.0
-4.0
-31.0
-4.0
-25.0
-42.0
-9.0
-29.0
-16.0
16.0
16.0
16.0
-8.0
-42.0
-30.0
-25.0
5.0
-42.0
-2.0
-13.0
-16.0
-41.0
-22.0
10.0
-11.0
20.0
-14.0
-37.0
-58.0
-30.0
2.0
-25.0
-2.0
7.0
16.0
1.0
-16.0
-15.0
-5.0
-25.0
22.0
-11.0
-49.0
-7.0
-1.0
-51.0
-65.0
-51.0
-11.0
-5.0
-33.0
-5.0
-16.0
-14.0
-1.0
-11.0
-18.0
-27.0
-18.0
-18.0
-18.0
5.0
-23.0
-45.0
-35.0
-10.0
-4.0
-20.0
-12.0
2.0
-20.0
-29.0
-6.0
31.0
5.0
-4.0
-12.0
4.0
-12.0
-21.0
1.0
-18.0
-17.0
-25.0
-42.0
-2.0
-16.0
-7.0
-12.0
-1.0
-10.0
-14.0
-13.0
5.0
23.0
4.0
41.0
-9.0
21.0
-37.0
-28.0
-8.0
-34.0
-24.0
14.0
21.0
-2.0
13.0
-4.0
-21.0
14.0
-21.0
35.0
2.0
-26.0
-36.0
-44.0
-44.0
-56.0
-10.0
-37.0
-8.0
-5.0
-14.0
-34.0
-13.0
-21.0
10.0
-52.0
-8.0
-34.0
-27.0
-42.0
-21.0
-9.0
-22.0
-15.0
-13.0
34.0
-21.0
1.0
3.0
14.0
41.0
10.0
4.0
-2.0
4.0
-41.0
-41.0
-64.0
-8.0
-32.0
-32.0
-11.0
-1.0
-19.0
-41.0
-49.0
14.0
-2.0
12.0
-5.0
20.0
10.0
-6.0
-69.0
-29.0
-20.0
-17.0
-18.0
-40.0
-91.0
-35.0
-44.0
17.0
1.0
4.0
13.0
11.0
20.0
21.0
24.0
17.0
50.0
53.0
61.0
80.0
102.0
179.0
186.0
204.0
264.0
252.0
249.0
260.0
268.0
269.0
262.0
247.0
247.0
253.0
284.0
290.0
236.0
279.0
294.0
249.0
260.0
255.0
272.0
249.0
251.0
242.0
227.0
194.0
203.0
228.0
190.0
231.0
183.0
229.0
148.0
144.0
112.0
84.0
107.0
87.0
112.0
89.0
65.0
81.0
29.0
9.0
14.0
-4.0
-50.0
-46.0
-74.0
-96.0
-106.0
-90.0
-126.0
-106.0
-111.0
-136.0
-158.0
-166.0
-180.0
-204.0
-188.0
-213.0
-200.0
-219.0
-259.0
-242.0
-220.0
-239.0
-248.0
-236.0
-220.0
-253.0
-232.0
-219.0
-247.0
-218.0
-218.0
-204.0
-181.0
-215.0
-183.0
-178.0
-176.0
-166.0
-177.0
-191.0
-187.0
-176.0
-146.0
-148.0
-151.0
-139.0
-124.0
-132.0
-135.0
-123.0
-144.0
-131.0
-143.0
-131.0
-98.0
-108.0
-111.0
-102.0
-97.0
-82.0
-66.0
-85.0
-84.0
-100.0
-71.0
-87.0
-74.0
-61.0
-88.0
-93.0
-54.0
-71.0
-86.0
-78.0
-71.0
-60.0
-65.0
-66.0
-55.0
-53.0
-102.0
-71.0
-83.0
-70.0
-79.0
-55.0
-63.0
-81.0
-56.0
-36.0
-35.0
-30.0
-55.0
-34.0
-84.0
-31.0
-61.0
-16.0
-30.0
-27.0
-36.0
-53.0
-27.0
-44.0
-97.0
-41.0
-26.0
-60.0
-45.0
0.0
-14.0
-32.0
-27.0
-34.0
-45.0
-48.0
-34.0
-52.0
-30.0
-36.0
-44.0
-59.0
-40.0
-13.0
-28.0
3.0
-1.0
-24.0
-24.0
-30.0
0.0
-6.0
5.0
-16.0
-16.0
-9.0
-16.0
-3.0
3.0
-9.0
-29.0
-27.0
-23.0
-41.0
-20.0
-39.0
-6.0
-16.0
-5.0
-29.0
-19.0
-43.0
2.0
-2.0
-20.0
-26.0
3.0
-7.0
-5.0
-39.0
-35.0
-46.0
-37.0
-28.0
-67.0
-40.0
-6.0
-18.0
-50.0
-18.0
9.0
-25.0
-16.0
-14.0
-18.0
-33.0
-32.0
-31.0
-82.0
-72.0
-54.0
-46.0
-61.0
-48.0
-50.0
-22.0
-25.0
-29.0
-26.0
-55.0
-43.0
-54.0
-51.0
-43.0
-27.0
-31.0
-51.0
-39.0
-4.0
-26.0
-36.0
-45.0
-25.0
-47.0
-21.0
-27.0
-55.0
-39.0
-29.0
-26.0
-4.0
-39.0
-10.0
-39.0
-27.0
-37.0
-22.0
-1.0
-8.0
-52.0
-62.0
-74.0
-32.0
-43.0
-36.0
-20.0
3.0
-12.0
-7.0
-44.0
-33.0
-40.0
-35.0
-86.0
-23.0
-30.0
-14.0
-46.0
-27.0
25.0
14.0
-15.0
-42.0
19.0
-10.0
-3.0
18.0
1.0
-4.0
-34.0
-27.0
5.0
19.0
4.0
-17.0
-41.0
-4.0
-3.0
-34.0
9.0
21.0
-8.0
-12.0
-26.0
-34.0
-27.0
15.0
16.0
-10.0
-18.0
-43.0
19.0
2.0
-21.0
-16.0
-19.0
-36.0
2.0
-17.0
-22.0
-11.0
3.0
-14.0
-29.0
-14.0
-22.0
-79.0
-14.0
-16.0
-12.0
-4.0
-15.0
-5.0
-16.0
-31.0
20.0
-4.0
3.0
-17.0
-26.0
-32.0
-23.0
-34.0
-19.0
-12.0
-65.0
-41.0
-37.0
-17.0
-14.0
13.0
-16.0
-5.0
-6.0
-19.0
-2.0
-36.0
-7.0
-20.0
-35.0
-11.0
0.0
-21.0
-7.0
28.0
8.0
2.0
-8.0
13.0
-22.0
-27.0
-36.0
-1.0
-10.0
-7.0
-29.0
-17.0
-22.0
19.0
-14.0
-8.0
-13.0
-27.0
-4.0
-8.0
-3.0
-13.0
-16.0
-2.0
10.0
3.0
4.0
-7.0
-10.0
-15.0
3.0
-17.0
-31.0
-27.0
-41.0
-11.0
-25.0
-6.0
6.0
7.0
-28.0
-23.0
6.0
-22.0
-11.0
7.0
-15.0
-32.0
-7.0
-15.0
-13.0
-30.0
-56.0
-46.0
-11.0
-4.0
-25.0
-28.0
-12.0
-17.0
-25.0
-40.0
15.0
-43.0
11.0
-15.0
-13.0
-16.0
-37.0
-21.0
-25.0
-41.0
-22.0
-12.0
-4.0
-1.0
7.0
-30.0
-10.0
-16.0
6.0
-4.0
-18.0
-8.0
-2.0
-13.0
-41.0
-40.0
-18.0
-24.0
-45.0
12.0
4.0
-15.0
-4.0
-44.0
1.0
-31.0
5.0
19.0
25.0
-3.0
-26.0
-56.0
-42.0
-29.0
22.0
32.0
-11.0
11.0
-37.0
-10.0
-34.0
24.0
22.0
18.0
-14.0
7.0
-1.0
-3.0
-12.0
-19.0
-29.0
-42.0
-8.0
-51.0
13.0
-8.0
-13.0
-11.0
-2.0
1.0
6.0
19.0
45.0
3.0
-6.0
-46.0
-59.0
-55.0
-31.0
-37.0
-30.0
-14.0
-27.0
-34.0
-46.0
1.0
-1.0
-13.0
3.0
-19.0
-42.0
12.0
-27.0
-41.0
-36.0
-42.0
-37.0
-56.0
-17.0
-12.0
-26.0
-36.0
-22.0
-13.0
-4.0
9.0
-4.0
15.0
-10.0
-42.0
22.0
-20.0
-38.0
3.0
-27.0
14.0
-14.0
2.0
-39.0
-30.0
3.0
10.0
-29.0
-22.0
-21.0
-26.0
-13.0
-31.0
-13.0
10.0
-20.0
-11.0
0.0
24.0
18.0
-18.0
-2.0
-11.0
-51.0
-24.0
-17.0
-10.0
8.0
-21.0
7.0
-8.0
-32.0
-14.0
18.0
2.0
-3.0
1.0
-21.0
-16.0
-68.0
-33.0
-48.0
-8.0
9.0
-4.0
-28.0
-6.0
2.0
12.0
-38.0
29.0
-2.0
-2.0
-16.0
-12.0
-59.0
22.0
1.0
-2.0
-14.0
-12.0
18.0
8.0
44.0
22.0
41.0
46.0
15.0
8.0
33.0
11.0
32.0
47.0
59.0
51.0
81.0
76.0
50.0
73.0
79.0
122.0
124.0
142.0
91.0
99.0
71.0
90.0
81.0
41.0
42.0
54.0
62.0
39.0
20.0
4.0
13.0
-9.0
7.0
-22.0
-16.0
-22.0
-10.0
-2.0
-19.0
-9.0
-16.0
-6.0
10.0
26.0
-49.0
49.0
35.0
34.0
14.0
16.0
45.0
14.0
11.0
7.0
-32.0
-58.0
25.0
11.0
-4.0
-3.0
-28.0
-21.0
24.0
44.0
91.0
98.0
72.0
128.0
80.0
86.0
121.0
128.0
82.0
82.0
108.0
47.0
84.0
52.0
110.0
143.0
133.0
161.0
137.0
159.0
191.0
172.0
213.0
168.0
182.0
162.0
215.0
225.0
186.0
205.0
204.0
194.0
201.0
202.0
209.0
238.0
261.0
282.0
258.0
259.0
243.0
208.0
219.0
279.0
291.0
232.0
218.0
254.0
192.0
197.0
198.0
219.0
241.0
211.0
219.0
186.0
196.0
192.0
207.0
219.0
186.0
149.0
180.0
192.0
124.0
135.0
135.0
122.0
88.0
67.0
87.0
72.0
51.0
15.0
22.0
-11.0
-36.0
-54.0
-44.0
-95.0
-106.0
-154.0
-182.0
-213.0
-223.0
-223.0
-248.0
-229.0
-252.0
-256.0
-271.0
-242.0
-251.0
-244.0
-285.0
-282.0
-286.0
-281.0
-284.0
-272.0
-278.0
-274.0
-275.0
-263.0
-266.0
-240.0
-261.0
-228.0
-235.0
-250.0
-218.0
-242.0
-210.0
-223.0
-227.0
-188.0
-211.0
-202.0
-181.0
-199.0
-174.0
-163.0
-184.0
-190.0
-163.0
-167.0
-180.0
-174.0
-160.0
-161.0
-209.0
-142.0
-139.0
-130.0
-126.0
-98.0
-117.0
-89.0
-99.0
-118.0
-118.0
-120.0
-90.0
-55.0
-104.0
-82.0
-72.0
-66.0
-75.0
-95.0
-62.0
-69.0
-54.0
-92.0
-98.0
-42.0
-47.0
-76.0
-68.0
-63.0
-59.0
-71.0
-68.0
-66.0
-64.0
-65.0
-91.0
-97.0
-86.0
-65.0
-54.0
-50.0
-48.0
-59.0
-26.0
-51.0
-37.0
-50.0
-26.0
-15.0
-27.0
-51.0
-18.0
-29.0
-21.0
-29.0
-18.0
-15.0
-45.0
-2.0
-22.0
-3.0
-33.0
-15.0
5.0
-25.0
-7.0
-16.0
-6.0
-41.0
-35.0
-22.0
-25.0
-16.0
-1.0
-9.0
-36.0
-12.0
-20.0
-8.0
-29.0
-33.0
-42.0
-49.0
-9.0
-45.0
-35.0
-44.0
-44.0
-28.0
-29.0
-45.0
-46.0
-34.0
-37.0
-33.0
-44.0
-21.0
-27.0
-46.0
-14.0
-4.0
-22.0
-34.0
-25.0
-24.0
-31.0
-54.0
-61.0
-27.0
-37.0
-37.0
8.0
-21.0
-35.0
3.0
10.0
-14.0
-7.0
-23.0
-12.0
-21.0
-43.0
-5.0
-25.0
-15.0
-3.0
-4.0
-11.0
-12.0
-13.0
2.0
-28.0
-47.0
-24.0
-27.0
-5.0
-4.0
-21.0
5.0
-17.0
-30.0
-46.0
-12.0
-31.0
-37.0
-43.0
-21.0
14.0
-4.0
-41.0
-13.0
-12.0
10.0
-18.0
-60.0
5.0
19.0
5.0
-9.0
10.0
-2.0
-19.0
10.0
-12.0
-22.0
-10.0
-69.0
-6.0
-1.0
13.0
-10.0
-35.0
-19.0
6.0
-15.0
15.0
-19.0
-25.0
4.0
-20.0
1.0
-18.0
7.0
-13.0
-3.0
20.0
29.0
-17.0
-4.0
15.0
25.0
11.0
-17.0
4.0
-4.0
15.0
8.0
-3.0
8.0
32.0
30.0
4.0
3.0
15.0
8.0
15.0
19.0
-3.0
5.0
16.0
-14.0
-13.0
3.0
3.0
10.0
1.0
6.0
33.0
21.0
32.0
-7.0
35.0
8.0
-5.0
1.0
-35.0
-19.0
33.0
24.0
20.0
13.0
21.0
4.0
-34.0
-35.0
-14.0
-19.0
33.0
19.0
32.0
12.0
11.0
15.0
-9.0
10.0
-7.0
10.0
-1.0
15.0
-9.0
13.0
6.0
-5.0
1.0
-8.0
39.0
41.0
-1.0
12.0
-10.0
-22.0
14.0
-4.0
-16.0
1.0
-25.0
2.0
-4.0
21.0
8.0
-9.0
-14.0
-3.0
-6.0
37.0
-24.0
8.0
3.0
5.0
37.0
10.0
15.0
20.0
12.0
26.0
15.0
-7.0
32.0
2.0
-2.0
-14.0
-14.0
-7.0
-20.0
-18.0
0.0
23.0
23.0
-28.0
36.0
14.0
-3.0
4.0
1.0
4.0
-15.0
-24.0
-40.0
-34.0
-77.0
-18.0
-31.0
-10.0
-29.0
9.0
-3.0
-39.0
-8.0
-31.0
-30.0
-24.0
-33.0
-1.0
33.0
-34.0
18.0
12.0
-13.0
-2.0
-24.0
-22.0
-35.0
-11.0
-30.0
-10.0
6.0
-22.0
-12.0
-46.0
-1.0
2.0
22.0
15.0
17.0
-5.0
14.0
13.0
-21.0
19.0
7.0
26.0
-2.0
22.0
-3.0
-11.0
5.0
-7.0
-24.0
-14.0
18.0
-2.0
-14.0
11.0
-1.0
13.0
-14.0
-2.0
3.0
3.0
-11.0
8.0
1.0
-27.0
-22.0
-4.0
-19.0
-12.0
-18.0
-15.0
-26.0
-3.0
-13.0
44.0
15.0
-10.0
-1.0
14.0
-1.0
-34.0
24.0
-1.0
-13.0
10.0
9.0
18.0
6.0
1.0
23.0
12.0
27.0
-2.0
7.0
-31.0
-13.0
-19.0
1.0
16.0
-2.0
41.0
-14.0
13.0
30.0
35.0
-12.0
7.0
18.0
-16.0
1.0
-16.0
-14.0
-1.0
-10.0
-15.0
8.0
22.0
17.0
12.0
-16.0
-26.0
-6.0
-28.0
-43.0
19.0
11.0
18.0
20.0
-6.0
-12.0
5.0
-35.0
-13.0
21.0
15.0
-7.0
-25.0
6.0
10.0
25.0
-7.0
2.0
27.0
6.0
7.0
8.0
7.0
-24.0
-17.0
-26.0
-7.0
-45.0
31.0
24.0
25.0
11.0
18.0
17.0
-7.0
30.0
-5.0
-7.0
-29.0
-17.0
-29.0
-35.0
-41.0
22.0
17.0
-8.0
-10.0
-10.0
-13.0
-34.0
11.0
-2.0
-7.0
2.0
-31.0
-37.0
-40.0
-11.0
-36.0
-11.0
-6.0
-20.0
-11.0
0.0
-25.0
-8.0
-13.0
-2.0
-33.0
4.0
-23.0
-18.0
39.0
-5.0
24.0
-10.0
-3.0
-11.0
-27.0
-17.0
-4.0
2.0
-34.0
-16.0
3.0
7.0
46.0
23.0
17.0
8.0
-3.0
11.0
-23.0
-25.0
-47.0
-51.0
-12.0
-3.0
-18.0
-29.0
1.0
35.0
48.0
2.0
17.0
-1.0
60.0
40.0
-1.0
24.0
-20.0
-33.0
2.0
-3.0
-3.0
8.0
34.0
5.0
24.0
-7.0
-5.0
19.0
11.0
9.0
-4.0
-46.0
1.0
20.0
5.0
-7.0
6.0
7.0
17.0
-2.0
5.0
28.0
-32.0
20.0
-6.0
22.0
32.0
7.0
21.0
34.0
29.0
-20.0
-15.0
-6.0
2.0
7.0
25.0
5.0
2.0
33.0
-7.0
17.0
-5.0
-7.0
-2.0
2.0
16.0
-11.0
-18.0
-8.0
10.0
5.0
-35.0
7.0
0.0
-8.0
1.0
20.0
-15.0
-6.0
-15.0
-10.0
-14.0
-27.0
-11.0
-16.0
-6.0
-18.0
-18.0
26.0
13.0
2.0
18.0
-7.0
-8.0
-22.0
0.0
-1.0
-23.0
29.0
3.0
-2.0
-12.0
-9.0
-40.0
-15.0
15.0
-16.0
-33.0
-27.0
-34.0
-53.0
-13.0
-3.0
-44.0
16.0
-15.0
-3.0
-15.0
13.0
-3.0
-5.0
9.0
-1.0
-40.0
1.0
-6.0
-11.0
-7.0
-2.0
-23.0
-15.0
-18.0
-13.0
-33.0
-8.0
3.0
15.0
17.0
-1.0
-1.0
26.0
-12.0
-8.0
30.0
22.0
27.0
15.0
15.0
46.0
14.0
17.0
22.0
2.0
2.0
-12.0
-12.0
-14.0
-51.0
-1.0
2.0
8.0
12.0
5.0
-3.0
6.0
19.0
40.0
48.0
97.0
129.0
158.0
193.0
185.0
187.0
205.0
236.0
270.0
270.0
297.0
270.0
296.0
299.0
301.0
305.0
287.0
276.0
289.0
287.0
268.0
277.0
216.0
231.0
167.0
155.0
162.0
162.0
156.0
114.0
126.0
90.0
90.0
97.0
62.0
48.0
16.0
-23.0
-49.0
-54.0
-45.0
-89.0
-51.0
-84.0
-59.0
-90.0
-105.0
-56.0
-68.0
-83.0
-78.0
-89.0
-106.0
-119.0
-122.0
-145.0
-105.0
-112.0
-115.0
-116.0
-112.0
-110.0
-103.0
-136.0
-133.0
-147.0
-124.0
-130.0
-109.0
-155.0
-112.0
-122.0
-123.0
-138.0
-147.0
-145.0
-142.0
-149.0
-137.0
-173.0
-118.0
-131.0
-158.0
-122.0
-101.0
-87.0
-97.0
-102.0
-125.0
-125.0
-101.0
-106.0
-110.0
-84.0
-92.0
-102.0
-80.0
-22.0
15.0
49.0
41.0
66.0
57.0
82.0
91.0
91.0
92.0
97.0
124.0
146.0
176.0
174.0
178.0
145.0
191.0
171.0
171.0
135.0
76.0
87.0
103.0
53.0
64.0
61.0
38.0
28.0
27.0
-14.0
-43.0
-53.0
-29.0
-53.0
-79.0
-82.0
-87.0
-73.0
-85.0
-80.0
-102.0
-116.0
-108.0
-102.0
-113.0
-127.0
-137.0
-169.0
-170.0
-137.0
-142.0
-128.0
-143.0
-133.0
-152.0
-152.0
-144.0
-129.0
-133.0
-125.0
-122.0
-125.0
-109.0
-106.0
-124.0
-85.0
-106.0
-109.0
-128.0
-108.0
-130.0
-117.0
-136.0
-114.0
-87.0
-88.0
-108.0
-83.0
-87.0
-63.0
-99.0
-72.0
-99.0
-59.0
-69.0
-89.0
-57.0
-64.0
-45.0
-55.0
-57.0
-60.0
-39.0
-43.0
-47.0
-62.0
-73.0
-61.0
10.0
-25.0
-48.0
-23.0
-17.0
-33.0
-48.0
-23.0
-26.0
-45.0
-39.0
-34.0
-18.0
-14.0
-28.0
-30.0
-42.0
-68.0
-54.0
-48.0
-46.0
-67.0
-66.0
-46.0
-22.0
-58.0
-38.0
-52.0
-25.0
-26.0
-58.0
-51.0
-38.0
-46.0
-31.0
-32.0
-49.0
-33.0
-78.0
-38.0
-36.0
-41.0
-41.0
-31.0
-44.0
-17.0
-27.0
-24.0
-33.0
-44.0
-18.0
-27.0
-55.0
-47.0
-55.0
-5.0
-17.0
-17.0
-31.0
1.0
-27.0
6.0
7.0
-4.0
-28.0
-4.0
-16.0
3.0
-14.0
-11.0
-3.0
21.0
-17.0
-27.0
-13.0
11.0
-8.0
12.0
-1.0
-37.0
-13.0
10.0
10.0
-6.0
4.0
-5.0
-6.0
-2.0
-2.0
10.0
-14.0
1.0
7.0
-11.0
-12.0
-24.0
-14.0
13.0
0.0
-7.0
3.0
-19.0
2.0
-4.0
-16.0
-69.0
-54.0
-26.0
-47.0
-24.0
-30.0
-19.0
-11.0
1.0
-20.0
-15.0
-27.0
-70.0
-11.0
-10.0
-22.0
-7.0
-13.0
-24.0
-12.0
-31.0
-25.0
-23.0
-43.0
-14.0
-14.0
-11.0
-44.0
-29.0
-32.0
-32.0
-37.0
-17.0
-15.0
-39.0
-5.0
-1.0
-3.0
-3.0
-16.0
-44.0
-20.0
-40.0
-53.0
-32.0
-21.0
-2.0
-18.0
-17.0
-40.0
-30.0
-1.0
-60.0
-16.0
-15.0
5.0
-10.0
-10.0
-21.0
-8.0
-27.0
-29.0
6.0
-18.0
-53.0
-44.0
-53.0
22.0
-46.0
-27.0
-46.0
-48.0
-29.0
-15.0
-33.0
3.0
-8.0
-24.0
-9.0
-12.0
-14.0
-28.0
-20.0
-41.0
-15.0
-25.0
-20.0
5.0
-19.0
-14.0
-50.0
-16.0
-10.0
-4.0
-13.0
-48.0
-27.0
-45.0
-40.0
-63.0
-21.0
-11.0
-15.0
-14.0
-32.0
-48.0
-32.0
-47.0
-27.0
-27.0
-10.0
3.0
-9.0
-26.0
-7.0
-51.0
-1.0
-17.0
-28.0
-27.0
-6.0
-46.0
-40.0
-2.0
-7.0
-25.0
-36.0
-13.0
-2.0
-14.0
-13.0
-59.0
-20.0
-31.0
-18.0
-11.0
-18.0
-50.0
-22.0
-14.0
-12.0
-43.0
-18.0
-22.0
2.0
1.0
22.0
4.0
7.0
-1.0
-9.0
-1.0
-26.0
1.0
-18.0
7.0
14.0
-3.0
-25.0
-12.0
4.0
4.0
3.0
-2.0
20.0
-6.0
-1.0
41.0
14.0
14.0
-25.0
-33.0
6.0
-7.0
-10.0
-15.0
-24.0
13.0
-22.0
-17.0
2.0
6.0
12.0
5.0
15.0
-8.0
-8.0
9.0
-21.0
5.0
2.0
-11.0
-13.0
-8.0
-7.0
14.0
-21.0
-16.0
-29.0
-41.0
-12.0
-1.0
1.0
-16.0
-6.0
-11.0
25.0
-12.0
42.0
9.0
24.0
48.0
37.0
16.0
64.0
11.0
12.0
28.0
-13.0
23.0
3.0
-2.0
11.0
-19.0
6.0
-23.0
-1.0
-36.0
-10.0
-11.0
-39.0
8.0
-44.0
-12.0
-49.0
-8.0
-13.0
-40.0
-16.0
13.0
-11.0
-42.0
-24.0
-10.0
-14.0
-21.0
7.0
-8.0
-19.0
-35.0
-29.0
-20.0
-22.0
-50.0
-22.0
-35.0
-34.0
-37.0
-72.0
-8.0
-4.0
-25.0
-35.0
-42.0
-31.0
-22.0
-18.0
-11.0
-11.0
-35.0
-69.0
-26.0
-15.0
-16.0
-9.0
-18.0
-16.0
-4.0
3.0
-15.0
-10.0
-12.0
-11.0
-72.0
-4.0
-24.0
-24.0
-2.0
-11.0
-49.0
-15.0
-44.0
1.0
-7.0
-41.0
-10.0
-4.0
-70.0
-6.0
-3.0
-16.0
-43.0
-62.0
-8.0
-37.0
-16.0
-26.0
-25.0
-33.0
-25.0
-34.0
-24.0
-50.0
-52.0
-5.0
-13.0
-35.0
-21.0
-24.0
-22.0
-2.0
-12.0
-16.0
-23.0
-30.0
-34.0
-56.0
-16.0
-32.0
-12.0
-28.0
-47.0
-27.0
-35.0
-8.0
-48.0
-20.0
15.0
1.0
5.0
4.0
5.0
8.0
-1.0
-29.0
-29.0
-11.0
-69.0
-39.0
-25.0
-17.0
-16.0
2.0
-7.0
-26.0
-10.0
0.0
6.0
-11.0
-22.0
-20.0
-37.0
-27.0
-1.0
-25.0
-37.0
-4.0
-56.0
-13.0
-23.0
-10.0
7.0
-8.0
-29.0
-33.0
-24.0
-8.0
-16.0
4.0
-9.0
-47.0
-31.0
-49.0
-22.0
-13.0
-15.0
-23.0
-26.0
-56.0
-69.0
-41.0
-21.0
-25.0
-27.0
-12.0
-31.0
-41.0
-69.0
-21.0
-32.0
-15.0
-26.0
-33.0
-50.0
-56.0
-13.0
-22.0
-8.0
-25.0
-11.0
-60.0
-8.0
-4.0
14.0
2.0
11.0
-43.0
-30.0
-21.0
-42.0
-17.0
-29.0
-15.0
-23.0
-47.0
-51.0
-3.0
-10.0
-3.0
14.0
-41.0
17.0
12.0
31.0
-2.0
-4.0
14.0
-2.0
-37.0
-20.0
27.0
-9.0
-22.0
0.0
-3.0
-12.0
-8.0
-17.0
-5.0
-18.0
-20.0
-3.0
2.0
-10.0
-30.0
-45.0
-30.0
-26.0
-38.0
-20.0
-30.0
-33.0
-50.0
-56.0
4.0
-8.0
-28.0
-27.0
-15.0
-21.0
-13.0
18.0
29.0
-3.0
-3.0
-28.0
-44.0
-17.0
-53.0
5.0
7.0
3.0
15.0
-20.0
-51.0
-23.0
-13.0
19.0
16.0
2.0
-14.0
-11.0
-32.0
-14.0
-25.0
-63.0
-4.0
1.0
4.0
20.0
-15.0
-24.0
-36.0
-18.0
40.0
13.0
-8.0
-11.0
-27.0
-35.0
-69.0
9.0
2.0
-31.0
-21.0
-5.0
-14.0
-5.0
-29.0
-43.0
4.0
-11.0
-11.0
-25.0
-33.0
-4.0
-37.0
-27.0
-13.0
-20.0
-15.0
-20.0
-20.0
-20.0
-32.0
-46.0
-39.0
-57.0
-41.0
-37.0
-29.0
-33.0
-4.0
14.0
-4.0
21.0
-33.0
12.0
-25.0
-41.0
-32.0
-1.0
-12.0
9.0
-44.0
-15.0
-2.0
16.0
40.0
-18.0
-6.0
-42.0
-53.0
-60.0
9.0
4.0
8.0
-42.0
-8.0
3.0
-20.0
-16.0
5.0
-8.0
12.0
-5.0
-7.0
-14.0
-23.0
14.0
-32.0
-5.0
13.0
12.0
7.0
17.0
-7.0
-18.0
-3.0
-11.0
-31.0
-34.0
4.0
13.0
-5.0
14.0
13.0
6.0
11.0
-10.0
-27.0
-23.0
-30.0
-35.0
-61.0
-2.0
-24.0
13.0
7.0
12.0
7.0
-27.0
-1.0
-6.0
6.0
-20.0
-56.0
23.0
13.0
14.0
11.0
6.0
9.0
-11.0
5.0
-1.0
-36.0
-34.0
-10.0
-1.0
-32.0
3.0
11.0
30.0
26.0
3.0
-18.0
-44.0
3.0
-9.0
-18.0
1.0
-2.0
-15.0
-20.0
-18.0
-24.0
-21.0
-19.0
-7.0
-2.0
-33.0
-46.0
-22.0
-42.0
-10.0
-18.0
-58.0
-23.0
-43.0
-29.0
-45.0
-12.0
-25.0
-64.0
-25.0
-50.0
1.0
-3.0
-27.0
-53.0
-17.0
-33.0
-65.0
-39.0
1.0
-21.0
-14.0
-13.0
-18.0
-15.0
-25.0
-34.0
-40.0
-24.0
16.0
25.0
7.0
-44.0
-22.0
-27.0
-30.0
-51.0
-15.0
-25.0
-32.0
-32.0
-11.0
-8.0
1.0
-7.0
-12.0
24.0
5.0
-10.0
13.0
-45.0
-51.0
-62.0
3.0
-27.0
-33.0
2.0
-14.0
-20.0
-35.0
-10.0
-13.0
22.0
22.0
17.0
11.0
-7.0
-43.0
-12.0
-31.0
-13.0
-12.0
-1.0
-8.0
-6.0
10.0
-21.0
-28.0
8.0
2.0
10.0
13.0
11.0
-22.0
3.0
12.0
-14.0
-11.0
-33.0
-44.0
-49.0
-21.0
-12.0
8.0
25.0
3.0
13.0
4.0
2.0
7.0
-52.0
5.0
5.0
7.0
4.0
-4.0
-21.0
-30.0
-18.0
-26.0
23.0
31.0
20.0
-35.0
-22.0
6.0
-16.0
4.0
-6.0
18.0
-8.0
-10.0
-18.0
-10.0
7.0
-22.0
4.0
27.0
25.0
-4.0
25.0
-23.0
15.0
35.0
26.0
15.0
12.0
-6.0
-17.0
-15.0
-16.0
-5.0
-11.0
-7.0
-20.0
1.0
-10.0
-29.0
12.0
-19.0
-20.0
-21.0
-22.0
17.0
5.0
-12.0
-46.0
-32.0
-41.0
-12.0
-7.0
-37.0
-51.0
-16.0
-43.0
-23.0
7.0
17.0
15.0
1.0
6.0
-38.0
1.0
-43.0
30.0
20.0
17.0
-13.0
-24.0
-17.0
-2.0
4.0
-26.0
-33.0
-9.0
-16.0
-10.0
-21.0
17.0
-23.0
-23.0
-42.0
-23.0
-22.0
31.0
24.0
-35.0
-4.0
-27.0
-20.0
-28.0
-30.0
1.0
1.0
-5.0
-26.0
-3.0
-35.0
-53.0
21.0
17.0
33.0
-4.0
-15.0
-16.0
-21.0
-1.0
-4.0
-20.0
-16.0
-10.0
-23.0
-27.0
-22.0
19.0
16.0
7.0
-14.0
-27.0
3.0
-5.0
-24.0
-24.0
-2.0
-7.0
3.0
-24.0
-24.0
-27.0
-22.0
-6.0
18.0
-5.0
-5.0
-10.0
-30.0
1.0
-17.0
-31.0
4.0
13.0
7.0
15.0
-6.0
-20.0
-17.0
-14.0
-59.0
5.0
-21.0
-18.0
-16.0
-2.0
13.0
11.0
-18.0
31.0
11.0
2.0
-38.0
-13.0
17.0
-8.0
-26.0
7.0
-20.0
-31.0
-26.0
-20.0
-12.0
-24.0
-12.0
-22.0
17.0
-8.0
10.0
-23.0
-13.0
-33.0
-14.0
5.0
-9.0
1.0
-25.0
8.0
-4.0
-31.0
-35.0
-36.0
-7.0
-15.0
-19.0
-44.0
-4.0
-18.0
-36.0
-23.0
5.0
22.0
13.0
-2.0
8.0
-10.0
-8.0
-21.0
-44.0
-1.0
2.0
-14.0
-20.0
-11.0
-26.0
3.0
2.0
-39.0
-47.0
-15.0
-31.0
-40.0
-2.0
-29.0
-22.0
-27.0
-37.0
23.0
-4.0
-36.0
-13.0
-42.0
-27.0
-22.0
-12.0
-34.0
-44.0
-26.0
-68.0
-33.0
-62.0
-21.0
-44.0
-16.0
-42.0
15.0
-4.0
-27.0
-48.0
-61.0
-51.0
4.0
3.0
-2.0
-23.0
-37.0
-22.0
-38.0
-8.0
-24.0
10.0
-17.0
5.0
-7.0
-14.0
9.0
-6.0
-21.0
-11.0
-33.0
1.0
12.0
13.0
-12.0
12.0
-13.0
-13.0
12.0
-29.0
-32.0
-8.0
-2.0
-44.0
-5.0
-28.0
-45.0
-11.0
1.0
-3.0
-27.0
22.0
20.0
-1.0
-20.0
4.0
-21.0
35.0
31.0
29.0
6.0
-31.0
-10.0
-13.0
-8.0
2.0
-48.0
-10.0
-46.0
-83.0
-35.0
-6.0
-18.0
8.0
0.0
-24.0
27.0
17.0
11.0
10.0
-16.0
11.0
-40.0
-34.0
-12.0
-3.0
-2.0
-4.0
-23.0
-8.0
-65.0
-64.0
-3.0
22.0
10.0
-4.0
-17.0
-7.0
-11.0
-16.0
1.0
9.0
25.0
4.0
6.0
-1.0
-12.0
-8.0
3.0
8.0
-17.0
-12.0
-18.0
-14.0
-12.0
23.0
-13.0
8.0
-3.0
0.0
-20.0
-40.0
2.0
7.0
-37.0
-28.0
11.0
-15.0
27.0
12.0
2.0
13.0
-21.0
-2.0
-44.0
-46.0
-38.0
-31.0
-30.0
-30.0
-22.0
-30.0
-37.0
-23.0
-23.0
-23.0
17.0
-10.0
6.0
-52.0
-27.0
-33.0
-34.0
-7.0
11.0
-20.0
-15.0
-10.0
-2.0
6.0
-33.0
-1.0
-7.0
-21.0
-34.0
-8.0
1.0
-14.0
-25.0
-11.0
-27.0
-36.0
-18.0
3.0
-1.0
-8.0
-2.0
-2.0
-10.0
16.0
-20.0
-17.0
-4.0
15.0
-3.0
-15.0
1.0
5.0
-16.0
-59.0
-21.0
-35.0
-39.0
-54.0
-35.0
5.0
-19.0
-5.0
-8.0
-35.0
-17.0
-14.0
-1.0
-26.0
-41.0
-29.0
7.0
-2.0
12.0
-7.0
-18.0
-21.0
-10.0
-13.0
-14.0
-10.0
-26.0
-25.0
6.0
4.0
-2.0
4.0
9.0
2.0
-18.0
-17.0
-15.0
-44.0
4.0
6.0
-6.0
-23.0
-15.0
-24.0
-37.0
-50.0
3.0
9.0
-13.0
-31.0
5.0
-4.0
-18.0
-8.0
1.0
-11.0
2.0
-24.0
-12.0
-4.0
-27.0
-28.0
-16.0
-56.0
-15.0
29.0
8.0
-15.0
10.0
1.0
-8.0
-2.0
15.0
43.0
20.0
-4.0
21.0
31.0
46.0
78.0
93.0
100.0
135.0
115.0
124.0
153.0
148.0
146.0
172.0
152.0
157.0
160.0
175.0
202.0
196.0
239.0
197.0
190.0
206.0
172.0
188.0
150.0
128.0
95.0
103.0
95.0
30.0
61.0
60.0
52.0
18.0
30.0
14.0
16.0
14.0
-4.0
37.0
31.0
58.0
94.0
97.0
162.0
141.0
110.0
177.0
171.0
164.0
146.0
133.0
125.0
107.0
145.0
100.0
123.0
119.0
105.0
86.0
38.0
81.0
70.0
26.0
-9.0
-33.0
-5.0
-36.0
-39.0
-49.0
-61.0
-43.0
-63.0
-50.0
-25.0
-55.0
-74.0
-96.0
-76.0
-83.0
-76.0
-94.0
-109.0
-82.0
-137.0
-108.0
-126.0
-153.0
-178.0
-168.0
-183.0
-174.0
-209.0
-208.0
-200.0
-187.0
-187.0
-214.0
-186.0
-168.0
-138.0
-119.0
-89.0
-67.0
-19.0
7.0
22.0
27.0
60.0
72.0
109.0
116.0
109.0
114.0
57.0
98.0
79.0
34.0
44.0
76.0
12.0
-2.0
-37.0
-56.0
-59.0
-17.0
-56.0
-78.0
-54.0
-67.0
-77.0
-79.0
-95.0
-126.0
-74.0
-87.0
-46.0
-70.0
-36.0
-72.0
-80.0
-84.0
-58.0
-67.0
-96.0
-118.0
-98.0
-141.0
-120.0
-140.0
-108.0
-143.0
-128.0
-153.0
-133.0
-140.0
-137.0
-111.0
-101.0
-100.0
-81.0
-92.0
-100.0
-27.0
29.0
32.0
63.0
52.0
53.0
19.0
72.0
91.0
93.0
91.0
99.0
98.0
96.0
88.0
73.0
35.0
40.0
20.0
-40.0
-13.0
22.0
8.0
-33.0
-21.0
-33.0
-88.0
-94.0
-122.0
-86.0
-84.0
-69.0
-55.0
-64.0
-31.0
-44.0
-52.0
-64.0
-29.0
-50.0
-34.0
-27.0
25.0
-36.0
-22.0
-36.0
-88.0
-100.0
-80.0
-86.0
-133.0
-150.0
-122.0
-144.0
-154.0
-153.0
-180.0
-147.0
-149.0
-124.0
-137.0
-142.0
-152.0
-118.0
-111.0
-128.0
-125.0
-69.0
-96.0
-82.0
-98.0
-60.0
-90.0
-83.0
-95.0
-95.0
-67.0
-92.0
-73.0
-69.0
-100.0
-61.0
-62.0
-41.0
-28.0
-2.0
4.0
39.0
50.0
106.0
75.0
146.0
140.0
139.0
81.0
102.0
101.0
98.0
121.0
68.0
67.0
36.0
86.0
37.0
4.0
17.0
-12.0
-14.0
-9.0
-21.0
-52.0
-54.0
-50.0
12.0
6.0
-14.0
31.0
41.0
105.0
126.0
180.0
213.0
237.0
226.0
267.0
204.0
224.0
196.0
159.0
167.0
126.0
111.0
107.0
70.0
40.0
-12.0
15.0
30.0
1.0
13.0
-24.0
-64.0
-78.0
-89.0
-48.0
-48.0
-67.0
-55.0
-22.0
-4.0
-11.0
59.0
36.0
55.0
44.0
77.0
90.0
114.0
122.0
101.0
121.0
103.0
87.0
70.0
51.0
-20.0
-20.0
-25.0
-67.0
-108.0
-146.0
-114.0
-131.0
-159.0
-133.0
-144.0
-153.0
-176.0
-177.0
-178.0
-154.0
-128.0
-180.0
-135.0
-84.0
-79.0
-78.0
-53.0
-88.0
-89.0
-86.0
-102.0
-106.0
-140.0
-93.0
-136.0
-95.0
-115.0
-136.0
-139.0
-116.0
-122.0
-130.0
-109.0
-135.0
-155.0
-143.0
-135.0
-159.0
-158.0
-151.0
-143.0
-157.0
-109.0
-99.0
-86.0
-81.0
-109.0
-106.0
-127.0
-142.0
-85.0
-74.0
-87.0
-98.0
-86.0
-88.0
-88.0
-83.0
-97.0
-88.0
-121.0
-42.0
-50.0
-80.0
-47.0
-60.0
-47.0
-44.0
-61.0
-67.0
-53.0
-42.0
-35.0
-45.0
-47.0
-4.0
-7.0
-17.0
-43.0
-48.0
-48.0
-59.0
-2.0
-21.0
-43.0
-32.0
-31.0
-58.0
-66.0
-61.0
-41.0
-43.0
-42.0
-40.0
-24.0
-21.0
-35.0
-53.0
-6.0
-10.0
-6.0
-10.0
-33.0
-26.0
3.0
-16.0
5.0
-24.0
3.0
-6.0
-7.0
-21.0
-10.0
-48.0
-16.0
-35.0
-18.0
-40.0
-27.0
-8.0
-36.0
-43.0
-51.0
-74.0
-50.0
-81.0
-96.0
-59.0
-39.0
-56.0
-64.0
-65.0
-65.0
-63.0
-50.0
-79.0
-131.0
-15.0
-17.0
-5.0
6.0
15.0
23.0
47.0
22.0
47.0
48.0
61.0
25.0
27.0
13.0
-22.0
17.0
14.0
11.0
-5.0
30.0
1.0
14.0
-21.0
10.0
-29.0
17.0
-8.0
6.0
-20.0
-8.0
13.0
-20.0
-16.0
-7.0
-16.0
12.0
-4.0
19.0
35.0
5.0
20.0
-33.0
-5.0
-6.0
-12.0
-8.0
-24.0
-8.0
5.0
-13.0
-8.0
3.0
6.0
-1.0
-9.0
-28.0
-25.0
-48.0
-46.0
4.0
12.0
2.0
-24.0
-21.0
-15.0
-18.0
-28.0
-20.0
39.0
5.0
14.0
5.0
-7.0
-40.0
-17.0
-34.0
-8.0
-45.0
1.0
6.0
3.0
1.0
-22.0
17.0
32.0
16.0
18.0
-6.0
-14.0
-44.0
32.0
31.0
29.0
20.0
26.0
3.0
-35.0
10.0
-17.0
4.0
-10.0
-1.0
6.0
-3.0
-34.0
-60.0
-11.0
15.0
-2.0
1.0
0.0
1.0
3.0
-51.0
7.0
20.0
2.0
5.0
-13.0
-3.0
-20.0
-14.0
-63.0
2.0
1.0
7.0
14.0
9.0
-2.0
1.0
21.0
0.0
-1.0
-33.0
9.0
27.0
7.0
13.0
47.0
36.0
10.0
14.0
-21.0
-41.0
-23.0
-25.0
6.0
-5.0
4.0
-16.0
-26.0
-16.0
-25.0
-20.0
-4.0
36.0
29.0
25.0
7.0
6.0
16.0
-13.0
8.0
-11.0
4.0
-18.0
8.0
4.0
-15.0
4.0
4.0
-3.0
5.0
-20.0
-24.0
-37.0
-26.0
-23.0
-23.0
-20.0
11.0
22.0
-5.0
-11.0
-14.0
-1.0
-12.0
-17.0
-24.0
12.0
-3.0
-30.0
1.0
-11.0
-12.0
7.0
-31.0
7.0
15.0
19.0
-10.0
-20.0
-30.0
-54.0
-55.0
6.0
8.0
7.0
-26.0
4.0
3.0
18.0
-4.0
8.0
26.0
22.0
26.0
18.0
-4.0
-18.0
-13.0
-13.0
3.0
-22.0
-24.0
41.0
32.0
29.0
12.0
12.0
-20.0
-25.0
-5.0
33.0
0.0
-7.0
-21.0
-2.0
-25.0
7.0
3.0
-13.0
-13.0
-43.0
-29.0
-20.0
1.0
-21.0
-28.0
-24.0
-23.0
-16.0
-13.0
22.0
-7.0
9.0
16.0
0.0
-14.0
-5.0
-21.0
-20.0
-14.0
-30.0
-40.0
-34.0
-21.0
-18.0
-17.0
-4.0
-5.0
-33.0
12.0
13.0
-18.0
0.0
-13.0
-30.0
-45.0
-19.0
-6.0
-35.0
-11.0
-12.0
-15.0
9.0
10.0
-7.0
-24.0
-34.0
-48.0
-36.0
-46.0
8.0
-1.0
-4.0
-19.0
-14.0
2.0
-27.0
-45.0
-2.0
-13.0
-52.0
-21.0
-32.0
-29.0
-43.0
-14.0
11.0
-5.0
2.0
8.0
-5.0
-21.0
-27.0
-74.0
-31.0
-1.0
-24.0
-16.0
13.0
11.0
13.0
-13.0
11.0
8.0
17.0
17.0
3.0
-5.0
-4.0
-29.0
-23.0
15.0
26.0
20.0
8.0
-1.0
-26.0
-23.0
-32.0
23.0
24.0
-5.0
25.0
17.0
-19.0
-2.0
8.0
5.0
-8.0
12.0
-16.0
-12.0
-30.0
-17.0
-14.0
-13.0
26.0
4.0
4.0
-4.0
-43.0
-33.0
6.0
1.0
-2.0
21.0
-15.0
-15.0
-46.0
-14.0
-5.0
-43.0
-5.0
-6.0
7.0
-19.0
-31.0
-31.0
-30.0
-13.0
25.0
15.0
22.0
-23.0
-23.0
1.0
-22.0
-29.0
-3.0
-3.0
-31.0
-13.0
-64.0
-47.0
-41.0
-39.0
-42.0
-30.0
-30.0
-48.0
-16.0
-12.0
-10.0
-20.0
-15.0
-28.0
-20.0
-18.0
-15.0
-9.0
-29.0
-34.0
-39.0
-22.0
-30.0
-7.0
10.0
-12.0
-33.0
-13.0
-30.0
-59.0
-2.0
-21.0
-4.0
1.0
-7.0
8.0
0.0
-49.0
-18.0
18.0
-18.0
-36.0
17.0
-27.0
-42.0
16.0
24.0
-6.0
-17.0
-5.0
-2.0
-27.0
-67.0
11.0
13.0
7.0
-39.0
-8.0
-1.0
4.0
-16.0
-12.0
13.0
7.0
0.0
23.0
10.0
3.0
-25.0
-1.0
-2.0
13.0
-38.0
-20.0
12.0
16.0
-46.0
7.0
6.0
5.0
-7.0
-3.0
31.0
-6.0
-44.0
8.0
-1.0
-14.0
-11.0
-3.0
-16.0
13.0
10.0
-30.0
-36.0
15.0
5.0
-9.0
-8.0
14.0
32.0
-19.0
-27.0
-16.0
-27.0
-14.0
14.0
11.0
-5.0
1.0
17.0
-16.0
-21.0
1.0
-10.0
-33.0
-18.0
18.0
-3.0
14.0
17.0
7.0
-9.0
-14.0
-6.0
-15.0
27.0
-14.0
-10.0
19.0
-3.0
7.0
17.0
20.0
18.0
7.0
-8.0
23.0
35.0
14.0
-7.0
15.0
-29.0
46.0
33.0
-13.0
17.0
22.0
9.0
-8.0
-29.0
-25.0
-17.0
6.0
2.0
-7.0
-21.0
8.0
-25.0
13.0
24.0
11.0
-8.0
4.0
-13.0
-8.0
-50.0
35.0
5.0
-10.0
-30.0
-48.0
5.0
-25.0
20.0
-7.0
16.0
-5.0
2.0
9.0
-23.0
4.0
3.0
-2.0
-11.0
-31.0
6.0
10.0
-3.0
-12.0
19.0
-7.0
5.0
-3.0
-2.0
4.0
-31.0
26.0
-19.0
-4.0
-1.0
-10.0
-21.0
-5.0
-50.0
7.0
-17.0
-12.0
14.0
0.0
11.0
-7.0
-6.0
-23.0
21.0
-6.0
-8.0
-30.0
-21.0
-41.0
9.0
14.0
-6.0
-23.0
3.0
11.0
-2.0
-12.0
5.0
-9.0
7.0
10.0
18.0
25.0
12.0
-9.0
52.0
25.0
-7.0
-12.0
-12.0
8.0
-18.0
-22.0
-39.0
9.0
32.0
37.0
17.0
14.0
11.0
-10.0
16.0
15.0
-20.0
-22.0
36.0
12.0
-20.0
-1.0
15.0
7.0
37.0
-4.0
-14.0
-34.0
-29.0
7.0
-7.0
-16.0
-38.0
20.0
-22.0
15.0
-20.0
-6.0
42.0
35.0
7.0
29.0
46.0
46.0
8.0
12.0
8.0
25.0
20.0
33.0
83.0
153.0
187.0
233.0
240.0
276.0
307.0
305.0
305.0
305.0
305.0
305.0
305.0
295.0
306.0
226.0
271.0
260.0
258.0
188.0
162.0
132.0
113.0
67.0
70.0
57.0
46.0
-12.0
-33.0
-40.0
-50.0
-62.0
-79.0
-82.0
-71.0
-125.0
-81.0
-119.0
-101.0
-117.0
-157.0
-142.0
-137.0
-188.0
-162.0
-140.0
-147.0
-169.0
-183.0
-192.0
-201.0
-167.0
-155.0
-145.0
-144.0
-145.0
-110.0
-74.0
-45.0
-1.0
19.0
48.0
116.0
162.0
184.0
204.0
203.0
188.0
168.0
184.0
130.0
119.0
98.0
43.0
49.0
8.0
-51.0
-49.0
-55.0
-65.0
-87.0
-114.0
-110.0
-132.0
-107.0
-114.0
-112.0
-144.0
-98.0
-98.0
-91.0
-96.0
-114.0
-130.0
-106.0
-121.0
-102.0
-125.0
-125.0
-147.0
-169.0
-185.0
-170.0
-157.0
-167.0
-132.0
-184.0
-189.0
-220.0
-176.0
-193.0
-205.0
-193.0
-167.0
-205.0
-222.0
-211.0
-211.0
-192.0
-199.0
-199.0
-182.0
-172.0
-178.0
-145.0
-136.0
-143.0
-162.0
-120.0
-133.0
-138.0
-142.0
-145.0
-146.0
-147.0
-176.0
-136.0
-127.0
-124.0
-137.0
-118.0
-149.0
-114.0
-111.0
-114.0
-118.0
-90.0
-84.0
-94.0
-103.0
-121.0
-92.0
-95.0
-88.0
-89.0
-49.0
-85.0
-73.0
-75.0
-62.0
-79.0
-128.0
-102.0
-70.0
-48.0
-89.0
-84.0
-53.0
-54.0
-74.0
-61.0
-71.0
-90.0
-18.0
-62.0
-75.0
-56.0
-52.0
-53.0
-63.0
-73.0
-63.0
-65.0
-82.0
-83.0
-52.0
-39.0
-62.0
-60.0
-76.0
-55.0
-88.0
-117.0
-64.0
-81.0
-99.0
-23.0
-58.0
-58.0
-48.0
-81.0
-43.0
-63.0
-79.0
-74.0
-67.0
-81.0
-83.0
-52.0
-79.0
-80.0
-71.0
-56.0
-81.0
-72.0
-61.0
-51.0
-47.0
-105.0
-54.0
-43.0
-50.0
-62.0
-52.0
-32.0
-54.0
-38.0
-24.0
-31.0
-84.0
-44.0
-53.0
-63.0
-44.0
-33.0
-33.0
-48.0
-79.0
-78.0
-57.0
-80.0
-42.0
-35.0
-42.0
-47.0
-67.0
-83.0
-77.0
-33.0
-70.0
-57.0
-40.0
-56.0
-55.0
-46.0
-36.0
-28.0
-17.0
-55.0
-71.0
-76.0
-44.0
-54.0
-62.0
-50.0
-95.0
-55.0
-74.0
-34.0
-11.0
-19.0
-56.0
-14.0
-10.0
-18.0
-60.0
-73.0
-56.0
-66.0
-70.0
-90.0
-63.0
-93.0
-50.0
-15.0
-25.0
-34.0
-37.0
-30.0
-21.0
-52.0
-50.0
0.0
0.0
0.0
0.0
0.0
0.0
0.0
0.0
0.0
0.0
0.0
0.0
0.0
0.0
0.0
0.0
0.0
0.0
0.0
0.0
0.0
0.0
0.0
0.0
0.0
0.0
0.0
0.0
0.0
0.0
0.0
0.0
0.0
0.0
0.0
0.0
0.0
0.0
0.0
0.0
0.0
0.0
0.0
0.0
0.0
0.0
0.0
0.0
0.0
0.0
0.0
0.0
0.0
0.0
0.0
0.0
0.0
0.0
0.0
0.0
0.0
0.0
0.0
0.0
0.0
0.0
0.0
0.0
0.0
0.0
0.0
0.0
0.0
0.0
0.0
0.0
0.0
0.0
0.0
0.0
0.0
0.0
0.0
0.0
0.0
0.0
0.0
0.0
0.0
0.0
0.0
0.0
0.0
0.0
0.0
0.0
0.0
0.0
0.0
0.0
0.0
0.0
0.0
0.0
0.0
0.0
0.0
0.0
0.0
0.0
0.0
0.0
0.0
0.0
0.0
0.0
0.0
0.0
0.0
0.0
0.0
0.0
0.0
0.0
0.0
0.0
0.0
0.0
0.0
0.0
0.0
0.0
0.0
0.0
0.0
0.0
0.0
0.0
0.0
0.0
0.0
0.0
0.0
0.0
