-99.0
-77.0
-41.0
-80.0
-113.0
-79.0
-69.0
-63.0
-58.0
-77.0
-119.0
-108.0
-102.0
-106.0
-81.0
-51.0
-35.0
-13.0
-46.0
-47.0
-42.0
-15.0
24.0
24.0
32.0
19.0
-13.0
-61.0
-89.0
-41.0
-17.0
-29.0
-56.0
-78.0
-65.0
-63.0
-48.0
-29.0
-25.0
-51.0
-70.0
-65.0
-59.0
-63.0
-73.0
-86.0
-79.0
-110.0
-83.0
-96.0
-108.0
-117.0
-78.0
-73.0
-58.0
-121.0
-148.0
-145.0
-97.0
-80.0
-80.0
-77.0
-76.0
-36.0
-11.0
-11.0
-5.0
-6.0
-20.0
-34.0
-71.0
-94.0
-104.0
-122.0
-130.0
-126.0
-124.0
-79.0
-41.0
-52.0
-95.0
-139.0
-171.0
-138.0
-181.0
-181.0
-168.0
-131.0
-130.0
-139.0
-132.0
-72.0
-24.0
-35.0
-65.0
-37.0
-94.0
-102.0
-100.0
-163.0
-178.0
-144.0
-143.0
-170.0
-172.0
-145.0
-103.0
-90.0
-119.0
-147.0
-144.0
-139.0
-168.0
-165.0
-169.0
-120.0
-103.0
-106.0
-102.0
-84.0
-44.0
21.0
-1.0
39.0
13.0
-73.0
-24.0
-59.0
-104.0
-81.0
-87.0
-113.0
-102.0
-64.0
-30.0
20.0
7.0
-6.0
-15.0
-28.0
-7.0
-17.0
14.0
-39.0
-81.0
-107.0
-91.0
-29.0
-28.0
-55.0
-68.0
-38.0
2.0
-21.0
-37.0
-35.0
-69.0
-41.0
-25.0
-39.0
-49.0
-27.0
-16.0
-10.0
20.0
8.0
1.0
-34.0
-19.0
-12.0
-35.0
-21.0
-17.0
-36.0
-27.0
-47.0
-32.0
-21.0
-33.0
-64.0
-81.0
-44.0
-21.0
1.0
29.0
4.0
-18.0
-60.0
-22.0
4.0
-14.0
-52.0
-73.0
-17.0
8.0
-42.0
-58.0
10.0
42.0
10.0
-1.0
-23.0
-83.0
-49.0
6.0
-23.0
-63.0
-79.0
-95.0
-76.0
-98.0
-68.0
-51.0
-65.0
-46.0
-17.0
-9.0
15.0
22.0
-13.0
-36.0
-3.0
-28.0
-65.0
-50.0
-19.0
-62.0
-46.0
-30.0
-59.0
-71.0
-72.0
-112.0
-104.0
-70.0
-59.0
-44.0
-44.0
-68.0
-82.0
-123.0
-100.0
-55.0
-59.0
-56.0
-56.0
-84.0
-90.0
-48.0
-44.0
-64.0
-96.0
-85.0
-1.0
-3.0
-52.0
-73.0
-42.0
-10.0
-13.0
-58.0
-39.0
8.0
-36.0
-83.0
-76.0
-96.0
-81.0
-34.0
-67.0
-73.0
-53.0
-18.0
-50.0
-109.0
-133.0
-53.0
-34.0
-33.0
-34.0
-7.0
6.0
-77.0
-87.0
-65.0
-34.0
-58.0
-51.0
-87.0
-128.0
-103.0
-71.0
-71.0
-120.0
-114.0
-83.0
-36.0
-24.0
-18.0
-28.0
-49.0
-80.0
-73.0
-82.0
-101.0
-128.0
-150.0
-104.0
-120.0
-157.0
-130.0
-107.0
-86.0
-49.0
20.0
-8.0
-55.0
-99.0
-86.0
-93.0
-78.0
-64.0
-104.0
-60.0
25.0
4.0
-18.0
32.0
46.0
57.0
20.0
-31.0
-12.0
13.0
-1.0
-21.0
-35.0
-48.0
-30.0
12.0
17.0
17.0
1.0
-5.0
-33.0
-29.0
-5.0
-5.0
4.0
-7.0
4.0
45.0
44.0
11.0
37.0
40.0
15.0
35.0
-7.0
-4.0
74.0
31.0
1.0
22.0
-26.0
-59.0
-55.0
-59.0
-35.0
-17.0
-46.0
-63.0
-58.0
-62.0
-55.0
-99.0
-86.0
-46.0
-67.0
-61.0
-71.0
-54.0
-37.0
-50.0
-19.0
6.0
16.0
14.0
2.0
8.0
21.0
-2.0
-35.0
-23.0
-3.0
-20.0
12.0
-30.0
-41.0
-3.0
-40.0
-36.0
-55.0
-4.0
2.0
-49.0
-25.0
-13.0
-21.0
-31.0
-50.0
-45.0
-46.0
-37.0
1.0
40.0
24.0
39.0
36.0
25.0
15.0
11.0
-13.0
-11.0
-42.0
11.0
-18.0
-39.0
-17.0
22.0
16.0
9.0
11.0
-24.0
-65.0
-44.0
-38.0
-62.0
-49.0
-88.0
-45.0
-29.0
-24.0
27.0
50.0
43.0
53.0
62.0
29.0
32.0
3.0
-43.0
-79.0
-94.0
-77.0
-93.0
-144.0
-86.0
-68.0
-50.0
-48.0
-44.0
-24.0
-16.0
-24.0
-16.0
-77.0
-111.0
-126.0
-114.0
-56.0
-73.0
-64.0
-71.0
-80.0
-60.0
-31.0
-15.0
-37.0
-34.0
-13.0
3.0
-26.0
-26.0
-3.0
5.0
27.0
25.0
18.0
36.0
-9.0
-11.0
34.0
43.0
40.0
10.0
-24.0
-7.0
-45.0
-40.0
8.0
-27.0
-25.0
16.0
64.0
64.0
41.0
21.0
78.0
100.0
51.0
-15.0
-61.0
-81.0
-63.0
-60.0
-45.0
-45.0
-35.0
-29.0
-14.0
-20.0
-36.0
15.0
43.0
5.0
-10.0
-10.0
-32.0
-53.0
-65.0
-41.0
-39.0
-31.0
-60.0
-82.0
-43.0
1.0
-12.0
-7.0
34.0
16.0
1.0
13.0
-15.0
-25.0
-46.0
-70.0
-101.0
-100.0
-17.0
12.0
40.0
30.0
23.0
27.0
38.0
29.0
53.0
58.0
62.0
35.0
-20.0
9.0
64.0
82.0
59.0
26.0
33.0
51.0
25.0
33.0
37.0
10.0
6.0
33.0
20.0
2.0
-2.0
-11.0
0.0
17.0
54.0
-6.0
-39.0
-7.0
-15.0
-34.0
-5.0
-16.0
-6.0
-5.0
-61.0
-89.0
-33.0
-5.0
-16.0
-19.0
-25.0
-44.0
-58.0
-63.0
-68.0
-39.0
-41.0
-79.0
-91.0
-39.0
7.0
31.0
31.0
1.0
-12.0
-40.0
-20.0
33.0
28.0
-5.0
6.0
8.0
3.0
-14.0
-3.0
6.0
13.0
24.0
9.0
42.0
35.0
-6.0
22.0
67.0
6.0
-26.0
-12.0
-6.0
-72.0
-81.0
-6.0
-10.0
-12.0
17.0
-16.0
-9.0
16.0
20.0
5.0
-1.0
-11.0
-27.0
18.0
35.0
14.0
3.0
8.0
-7.0
4.0
13.0
-2.0
-9.0
-33.0
-26.0
-5.0
-7.0
-12.0
-12.0
-23.0
-16.0
-15.0
-3.0
-25.0
-32.0
1.0
7.0
-45.0
-82.0
-74.0
-58.0
-37.0
-39.0
-18.0
22.0
54.0
70.0
24.0
-6.0
43.0
97.0
55.0
37.0
-14.0
-65.0
-15.0
17.0
2.0
-24.0
21.0
71.0
65.0
62.0
75.0
91.0
109.0
73.0
23.0
21.0
3.0
25.0
21.0
-38.0
30.0
51.0
26.0
40.0
56.0
58.0
61.0
36.0
45.0
16.0
-33.0
-33.0
-23.0
-2.0
-6.0
-26.0
15.0
5.0
-3.0
18.0
31.0
30.0
-10.0
-30.0
-4.0
7.0
15.0
13.0
-12.0
-5.0
46.0
37.0
32.0
64.0
117.0
138.0
120.0
105.0
96.0
53.0
28.0
54.0
17.0
22.0
46.0
82.0
94.0
67.0
68.0
99.0
100.0
150.0
145.0
119.0
109.0
66.0
42.0
20.0
5.0
20.0
2.0
4.0
51.0
34.0
97.0
126.0
68.0
50.0
36.0
8.0
-7.0
-10.0
31.0
24.0
-6.0
6.0
14.0
28.0
52.0
48.0
47.0
14.0
12.0
11.0
4.0
-6.0
-40.0
-56.0
-19.0
-29.0
-25.0
-7.0
46.0
60.0
15.0
18.0
88.0
76.0
79.0
100.0
84.0
76.0
69.0
91.0
80.0
8.0
31.0
74.0
47.0
44.0
48.0
37.0
78.0
61.0
106.0
124.0
123.0
103.0
83.0
98.0
72.0
56.0
71.0
109.0
66.0
54.0
79.0
84.0
97.0
89.0
64.0
83.0
97.0
46.0
37.0
105.0
106.0
73.0
73.0
62.0
58.0
60.0
81.0
60.0
26.0
29.0
90.0
71.0
48.0
38.0
58.0
80.0
73.0
60.0
58.0
58.0
83.0
90.0
42.0
40.0
41.0
17.0
9.0
7.0
-3.0
11.0
56.0
20.0
3.0
44.0
12.0
22.0
25.0
-23.0
-15.0
54.0
32.0
7.0
40.0
67.0
68.0
85.0
82.0
80.0
81.0
95.0
120.0
84.0
26.0
68.0
65.0
31.0
53.0
45.0
36.0
64.0
58.0
64.0
86.0
46.0
12.0
90.0
72.0
10.0
37.0
111.0
120.0
143.0
112.0
115.0
91.0
100.0
96.0
71.0
45.0
31.0
88.0
90.0
60.0
42.0
32.0
13.0
50.0
16.0
-2.0
11.0
16.0
22.0
61.0
58.0
43.0
28.0
60.0
74.0
80.0
101.0
58.0
32.0
52.0
51.0
42.0
49.0
62.0
71.0
47.0
23.0
19.0
78.0
136.0
84.0
65.0
64.0
86.0
105.0
44.0
51.0
86.0
87.0
52.0
41.0
34.0
37.0
66.0
61.0
43.0
93.0
55.0
38.0
58.0
78.0
129.0
109.0
86.0
73.0
81.0
61.0
25.0
26.0
33.0
39.0
15.0
56.0
115.0
103.0
80.0
81.0
55.0
86.0
67.0
78.0
70.0
33.0
-16.0
1.0
27.0
60.0
72.0
68.0
82.0
57.0
66.0
111.0
97.0
53.0
77.0
43.0
-10.0
-11.0
-24.0
-1.0
22.0
42.0
56.0
23.0
44.0
62.0
45.0
24.0
0.0
-9.0
15.0
-5.0
-40.0
17.0
30.0
7.0
7.0
25.0
58.0
59.0
66.0
71.0
52.0
87.0
94.0
-7.0
-18.0
25.0
22.0
11.0
49.0
45.0
49.0
74.0
96.0
76.0
67.0
46.0
36.0
12.0
28.0
10.0
17.0
31.0
4.0
3.0
-3.0
-22.0
33.0
35.0
67.0
45.0
12.0
15.0
45.0
64.0
82.0
86.0
94.0
26.0
31.0
39.0
3.0
-5.0
-3.0
30.0
30.0
-15.0
7.0
6.0
-15.0
-41.0
-47.0
-46.0
-7.0
67.0
50.0
30.0
21.0
35.0
1.0
-11.0
17.0
32.0
27.0
23.0
-12.0
12.0
55.0
17.0
13.0
30.0
18.0
35.0
30.0
-4.0
-8.0
3.0
-30.0
-35.0
-24.0
-20.0
-11.0
48.0
91.0
49.0
49.0
70.0
44.0
12.0
-2.0
31.0
36.0
9.0
-11.0
-60.0
-81.0
-22.0
-27.0
-34.0
-47.0
-16.0
5.0
-14.0
-67.0
-89.0
-71.0
-88.0
-103.0
-91.0
-83.0
-54.0
-42.0
-90.0
-67.0
-53.0
-88.0
-43.0
5.0
-18.0
-2.0
15.0
-2.0
-40.0
-89.0
-118.0
-64.0
-67.0
-78.0
-83.0
-111.0
-99.0
-68.0
-55.0
-41.0
-25.0
2.0
-13.0
-54.0
-59.0
-59.0
-93.0
-96.0
-83.0
-81.0
-37.0
-20.0
-49.0
-40.0
-26.0
-28.0
-1.0
35.0
32.0
20.0
-16.0
-58.0
-81.0
-56.0
-35.0
-42.0
-36.0
3.0
10.0
-63.0
-67.0
-88.0
-65.0
-44.0
-68.0
-76.0
-54.0
-45.0
-87.0
-105.0
-98.0
-120.0
-55.0
-2.0
-7.0
14.0
45.0
74.0
52.0
-5.0
-8.0
-38.0
-79.0
-81.0
-74.0
26.0
12.0
-21.0
15.0
44.0
74.0
92.0
25.0
34.0
55.0
11.0
-2.0
-33.0
-45.0
-53.0
-70.0
-55.0
-61.0
-14.0
-27.0
-32.0
18.0
50.0
34.0
-9.0
-33.0
-45.0
-16.0
-44.0
-70.0
-65.0
-93.0
-73.0
-58.0
-26.0
12.0
-33.0
-33.0
10.0
23.0
20.0
0.0
-1.0
2.0
-37.0
-44.0
-7.0
4.0
17.0
28.0
2.0
-16.0
-14.0
-24.0
-3.0
-20.0
-77.0
-64.0
-10.0
-12.0
-32.0
-34.0
-24.0
-29.0
-37.0
-21.0
8.0
20.0
-13.0
-19.0
-1.0
-17.0
6.0
30.0
18.0
-1.0
23.0
35.0
6.0
12.0
17.0
11.0
-15.0
-13.0
-18.0
-44.0
-54.0
-46.0
-51.0
-51.0
-76.0
-68.0
-89.0
-82.0
-39.0
-32.0
-17.0
-7.0
-32.0
-23.0
-55.0
-53.0
-53.0
-76.0
-44.0
-49.0
-61.0
-44.0
-64.0
-68.0
-43.0
-50.0
-31.0
-26.0
-41.0
-48.0
-62.0
-24.0
6.0
-35.0
-80.0
-8.0
-13.0
-7.0
-14.0
-52.0
-48.0
-8.0
10.0
-21.0
-25.0
-18.0
-48.0
-25.0
-19.0
-52.0
-55.0
-60.0
-42.0
-10.0
-29.0
-39.0
-12.0
-14.0
-31.0
-16.0
-41.0
-54.0
-19.0
-6.0
-20.0
-30.0
-27.0
-6.0
6.0
-21.0
-70.0
-67.0
2.0
17.0
2.0
-38.0
-62.0
-50.0
-65.0
-70.0
-33.0
-24.0
-5.0
-8.0
-31.0
-18.0
-51.0
-43.0
0.0
-26.0
-50.0
-49.0
-10.0
-1.0
-27.0
-4.0
21.0
44.0
36.0
-7.0
10.0
31.0
-23.0
-13.0
33.0
24.0
2.0
-3.0
-25.0
-27.0
-19.0
-5.0
23.0
35.0
16.0
-5.0
-21.0
-22.0
-17.0
-34.0
-11.0
-4.0
-12.0
20.0
7.0
10.0
6.0
31.0
54.0
49.0
39.0
22.0
-27.0
-30.0
-4.0
5.0
-12.0
-48.0
-33.0
-59.0
-90.0
-59.0
-40.0
-35.0
-30.0
-12.0
14.0
-4.0
-21.0
-7.0
-18.0
-41.0
-22.0
-26.0
-20.0
-15.0
-10.0
15.0
-18.0
-36.0
-15.0
-25.0
-48.0
-47.0
-80.0
-76.0
-92.0
-115.0
-59.0
-78.0
-93.0
-75.0
-106.0
-99.0
-93.0
-88.0
-103.0
-92.0
-78.0
-64.0
-93.0
-80.0
-88.0
-87.0
-43.0
-45.0
-21.0
-26.0
-31.0
-25.0
5.0
8.0
24.0
25.0
23.0
10.0
14.0
4.0
-7.0
-5.0
8.0
-29.0
-42.0
-34.0
-43.0
-32.0
-32.0
-75.0
-78.0
-53.0
-30.0
-7.0
-5.0
-12.0
0.0
-19.0
8.0
1.0
5.0
8.0
-8.0
12.0
24.0
35.0
42.0
-10.0
3.0
-9.0
-32.0
-10.0
14.0
16.0
-16.0
-21.0
-32.0
-63.0
-67.0
-36.0
-3.0
-3.0
-29.0
-21.0
-1.0
-12.0
-2.0
-1.0
6.0
-7.0
-13.0
-17.0
-19.0
-54.0
-74.0
-48.0
-63.0
-10.0
-3.0
-16.0
34.0
0.0
-5.0
40.0
56.0
39.0
34.0
-11.0
-48.0
-75.0
-51.0
-51.0
-14.0
17.0
-15.0
-18.0
26.0
33.0
16.0
14.0
25.0
6.0
8.0
-10.0
-27.0
-2.0
-10.0
-4.0
-27.0
-12.0
31.0
17.0
20.0
32.0
-5.0
-15.0
-6.0
25.0
17.0
-36.0
-12.0
-2.0
3.0
8.0
7.0
-2.0
2.0
10.0
28.0
5.0
-19.0
-21.0
-10.0
15.0
-3.0
-45.0
-50.0
-35.0
-40.0
-16.0
-25.0
-30.0
-21.0
-33.0
-42.0
-24.0
-23.0
-16.0
-7.0
-17.0
10.0
25.0
31.0
25.0
-4.0
-7.0
-15.0
-41.0
-4.0
-14.0
6.0
34.0
8.0
-13.0
11.0
15.0
-19.0
-9.0
-1.0
-25.0
-49.0
-33.0
-57.0
-68.0
-33.0
-6.0
17.0
21.0
15.0
30.0
30.0
33.0
-4.0
-24.0
-6.0
39.0
16.0
28.0
56.0
41.0
47.0
60.0
62.0
51.0
65.0
89.0
38.0
29.0
45.0
88.0
97.0
75.0
80.0
82.0
47.0
60.0
95.0
69.0
80.0
70.0
42.0
46.0
42.0
32.0
21.0
17.0
39.0
27.0
8.0
12.0
42.0
49.0
87.0
44.0
49.0
52.0
23.0
24.0
-5.0
-20.0
-14.0
-42.0
-65.0
1.0
47.0
-3.0
-20.0
54.0
69.0
55.0
50.0
56.0
46.0
1.0
12.0
18.0
37.0
27.0
-15.0
-17.0
3.0
42.0
52.0
38.0
90.0
109.0
65.0
74.0
34.0
-5.0
-6.0
39.0
26.0
-27.0
-38.0
-32.0
-17.0
11.0
22.0
29.0
13.0
8.0
32.0
-3.0
-54.0
5.0
46.0
41.0
38.0
28.0
33.0
49.0
56.0
80.0
141.0
128.0
100.0
74.0
42.0
-5.0
-25.0
16.0
37.0
52.0
42.0
44.0
55.0
25.0
48.0
122.0
142.0
141.0
143.0
109.0
72.0
71.0
80.0
111.0
84.0
63.0
53.0
56.0
71.0
60.0
72.0
97.0
114.0
154.0
154.0
127.0
83.0
61.0
69.0
76.0
65.0
39.0
32.0
32.0
43.0
42.0
53.0
59.0
77.0
70.0
45.0
42.0
38.0
14.0
6.0
13.0
25.0
13.0
34.0
40.0
22.0
34.0
62.0
59.0
12.0
-4.0
-3.0
-21.0
-63.0
-53.0
21.0
32.0
13.0
55.0
108.0
128.0
152.0
141.0
125.0
126.0
88.0
107.0
84.0
31.0
49.0
55.0
56.0
51.0
39.0
48.0
61.0
106.0
128.0
99.0
76.0
99.0
66.0
80.0
99.0
41.0
-1.0
29.0
54.0
27.0
25.0
80.0
102.0
113.0
138.0
103.0
101.0
142.0
112.0
81.0
52.0
46.0
56.0
17.0
-15.0
2.0
70.0
68.0
36.0
6.0
41.0
68.0
56.0
51.0
6.0
-3.0
-4.0
-35.0
-13.0
3.0
-16.0
12.0
-18.0
11.0
72.0
34.0
34.0
51.0
39.0
42.0
-9.0
-27.0
-5.0
14.0
17.0
46.0
34.0
10.0
2.0
10.0
27.0
9.0
15.0
13.0
-2.0
-7.0
-27.0
-16.0
-24.0
-29.0
-4.0
-5.0
8.0
30.0
41.0
50.0
15.0
13.0
26.0
29.0
-17.0
-29.0
-33.0
-44.0
-53.0
-60.0
-60.0
-66.0
-66.0
-34.0
-7.0
15.0
16.0
-20.0
-16.0
-6.0
-18.0
-51.0
-46.0
-29.0
-12.0
-16.0
-25.0
-32.0
-22.0
-16.0
15.0
18.0
5.0
-29.0
-55.0
-51.0
-39.0
-29.0
-51.0
-24.0
-6.0
-35.0
-72.0
-37.0
-33.0
5.0
37.0
21.0
-7.0
-5.0
-14.0
-6.0
-5.0
1.0
-13.0
-38.0
-22.0
-30.0
-28.0
-15.0
38.0
89.0
110.0
109.0
92.0
84.0
37.0
30.0
18.0
12.0
35.0
16.0
-14.0
8.0
33.0
26.0
31.0
43.0
22.0
12.0
68.0
29.0
16.0
-16.0
-31.0
-6.0
3.0
-7.0
4.0
-17.0
20.0
31.0
49.0
88.0
39.0
11.0
0.0
-26.0
-21.0
-16.0
-23.0
-33.0
-13.0
4.0
-12.0
-11.0
-7.0
-24.0
24.0
59.0
25.0
-43.0
-70.0
-67.0
-45.0
-21.0
-37.0
-50.0
-28.0
3.0
-19.0
-45.0
-11.0
23.0
11.0
-8.0
-22.0
-37.0
-40.0
-34.0
-26.0
-62.0
-74.0
-14.0
-12.0
-24.0
-2.0
-1.0
-20.0
-32.0
-32.0
-12.0
-30.0
-36.0
-27.0
-54.0
6.0
56.0
-13.0
-29.0
-1.0
5.0
7.0
-35.0
-55.0
-24.0
-36.0
-39.0
-41.0
-22.0
-34.0
-58.0
-42.0
4.0
7.0
13.0
18.0
17.0
-2.0
49.0
61.0
18.0
26.0
33.0
-2.0
6.0
33.0
52.0
45.0
30.0
-8.0
-6.0
20.0
10.0
30.0
32.0
21.0
40.0
49.0
53.0
81.0
73.0
35.0
24.0
60.0
76.0
70.0
62.0
65.0
77.0
45.0
33.0
87.0
67.0
39.0
65.0
57.0
21.0
24.0
60.0
53.0
53.0
22.0
22.0
24.0
34.0
43.0
1.0
-13.0
16.0
26.0
39.0
55.0
71.0
56.0
3.0
8.0
6.0
11.0
27.0
15.0
17.0
-9.0
4.0
22.0
1.0
1.0
-6.0
3.0
-25.0
-16.0
-16.0
-34.0
-35.0
18.0
19.0
-4.0
15.0
29.0
4.0
13.0
26.0
22.0
-1.0
-8.0
30.0
38.0
29.0
41.0
28.0
20.0
60.0
53.0
14.0
12.0
18.0
39.0
34.0
2.0
-7.0
-20.0
-40.0
-48.0
-39.0
-34.0
-46.0
-73.0
-51.0
-44.0
-56.0
-43.0
-36.0
-27.0
-46.0
-43.0
-52.0
-74.0
-58.0
-41.0
-86.0
-45.0
-18.0
-33.0
-39.0
-56.0
-40.0
-42.0
-12.0
-16.0
-68.0
-81.0
-74.0
-88.0
-53.0
-10.0
-22.0
23.0
26.0
5.0
17.0
-2.0
-28.0
16.0
57.0
42.0
30.0
-3.0
-23.0
-1.0
2.0
13.0
7.0
7.0
4.0
30.0
101.0
86.0
67.0
53.0
56.0
69.0
28.0
42.0
67.0
47.0
25.0
39.0
49.0
35.0
17.0
44.0
109.0
78.0
55.0
84.0
77.0
52.0
36.0
28.0
61.0
71.0
88.0
44.0
7.0
33.0
29.0
29.0
66.0
51.0
48.0
30.0
-18.0
-11.0
-22.0
-14.0
12.0
-4.0
-15.0
-17.0
-23.0
-25.0
39.0
72.0
86.0
109.0
107.0
90.0
68.0
43.0
23.0
25.0
22.0
11.0
1.0
17.0
40.0
26.0
-27.0
-11.0
4.0
-19.0
-9.0
27.0
-24.0
-71.0
-18.0
3.0
-23.0
22.0
30.0
11.0
12.0
33.0
-3.0
21.0
39.0
5.0
-20.0
-27.0
-42.0
-10.0
-5.0
-3.0
-6.0
-8.0
3.0
5.0
-10.0
12.0
37.0
50.0
45.0
21.0
20.0
12.0
-22.0
-15.0
-4.0
-12.0
-4.0
-12.0
-7.0
18.0
42.0
59.0
60.0
91.0
52.0
1.0
-3.0
-7.0
-50.0
-56.0
-43.0
-52.0
-41.0
-18.0
7.0
16.0
59.0
95.0
83.0
76.0
48.0
26.0
25.0
36.0
-7.0
-37.0
-9.0
0.0
-12.0
7.0
17.0
35.0
33.0
24.0
7.0
43.0
45.0
15.0
14.0
17.0
26.0
26.0
19.0
15.0
36.0
45.0
20.0
31.0
45.0
46.0
23.0
-1.0
7.0
-43.0
-14.0
37.0
11.0
1.0
-3.0
29.0
45.0
16.0
36.0
90.0
61.0
22.0
16.0
-21.0
-40.0
-63.0
-51.0
-25.0
20.0
16.0
-1.0
36.0
37.0
48.0
68.0
103.0
100.0
79.0
99.0
131.0
84.0
51.0
70.0
65.0
48.0
28.0
45.0
49.0
75.0
106.0
95.0
86.0
57.0
16.0
21.0
15.0
18.0
8.0
2.0
33.0
37.0
26.0
-16.0
-23.0
64.0
81.0
53.0
61.0
41.0
60.0
70.0
18.0
42.0
24.0
-11.0
14.0
59.0
93.0
80.0
82.0
96.0
86.0
77.0
57.0
49.0
34.0
14.0
-6.0
-1.0
4.0
2.0
-29.0
-31.0
16.0
67.0
62.0
69.0
71.0
95.0
72.0
20.0
26.0
41.0
32.0
32.0
22.0
17.0
24.0
32.0
42.0
37.0
32.0
31.0
22.0
35.0
40.0
30.0
17.0
3.0
3.0
-7.0
-39.0
-1.0
-23.0
-61.0
-44.0
-38.0
-40.0
-75.0
-112.0
-81.0
-54.0
-67.0
-73.0
-53.0
-58.0
-59.0
-57.0
-88.0
-14.0
-8.0
-14.0
-21.0
-49.0
-67.0
-79.0
-96.0
-58.0
-7.0
23.0
15.0
-2.0
5.0
3.0
7.0
31.0
11.0
-2.0
-10.0
-37.0
-51.0
-35.0
-34.0
-76.0
-78.0
-80.0
-55.0
-33.0
-56.0
-51.0
-42.0
-20.0
20.0
49.0
37.0
12.0
3.0
-3.0
11.0
25.0
21.0
47.0
26.0
11.0
17.0
-25.0
-20.0
9.0
-29.0
-43.0
-73.0
-92.0
-57.0
-50.0
-67.0
-37.0
-16.0
-48.0
-61.0
-28.0
-12.0
-48.0
-36.0
-17.0
-45.0
-58.0
-69.0
-79.0
-55.0
-67.0
-103.0
-82.0
-96.0
-81.0
-73.0
-51.0
-49.0
-73.0
-82.0
-67.0
-57.0
-38.0
-48.0
-81.0
-65.0
-93.0
-111.0
-97.0
-89.0
-77.0
-83.0
-94.0
-72.0
-65.0
-96.0
-91.0
-87.0
-62.0
-70.0
-90.0
-91.0
-97.0
-109.0
-86.0
-61.0
-43.0
-56.0
-59.0
-26.0
-2.0
-20.0
-61.0
-92.0
-58.0
-45.0
-46.0
-48.0
-91.0
-101.0
-90.0
-93.0
-51.0
-8.0
14.0
-40.0
-61.0
-50.0
-74.0
-88.0
-100.0
-118.0
-124.0
-136.0
-121.0
-113.0
-69.0
-51.0
-90.0
-56.0
-26.0
-16.0
-33.0
-58.0
-82.0
-81.0
-81.0
-68.0
-83.0
-72.0
-50.0
-83.0
-77.0
-77.0
-46.0
-35.0
-44.0
-21.0
-41.0
-69.0
-67.0
-64.0
-50.0
-51.0
-77.0
-31.0
-48.0
-45.0
-30.0
-36.0
-20.0
-8.0
-1.0
27.0
44.0
41.0
48.0
35.0
3.0
-6.0
30.0
39.0
43.0
40.0
63.0
64.0
57.0
93.0
100.0
105.0
81.0
43.0
69.0
61.0
53.0
87.0
97.0
120.0
115.0
98.0
106.0
114.0
146.0
177.0
116.0
66.0
81.0
109.0
119.0
110.0
112.0
97.0
46.0
49.0
85.0
75.0
101.0
128.0
136.0
134.0
118.0
112.0
76.0
60.0
63.0
37.0
48.0
50.0
24.0
50.0
43.0
30.0
68.0
63.0
67.0
34.0
13.0
33.0
24.0
18.0
27.0
-4.0
13.0
59.0
48.0
49.0
49.0
35.0
32.0
7.0
33.0
61.0
53.0
48.0
35.0
50.0
44.0
29.0
58.0
57.0
38.0
55.0
63.0
50.0
78.0
111.0
117.0
74.0
65.0
70.0
42.0
2.0
22.0
48.0
23.0
-2.0
15.0
-5.0
14.0
43.0
41.0
23.0
43.0
62.0
22.0
18.0
10.0
-6.0
7.0
7.0
38.0
48.0
24.0
40.0
65.0
48.0
24.0
50.0
25.0
-18.0
-35.0
-58.0
-64.0
-56.0
-39.0
-27.0
-7.0
35.0
46.0
45.0
31.0
55.0
71.0
50.0
7.0
19.0
11.0
13.0
34.0
21.0
-8.0
-22.0
12.0
8.0
31.0
41.0
17.0
-8.0
-25.0
-87.0
-115.0
-15.0
-35.0
2.0
21.0
-3.0
-2.0
4.0
-21.0
6.0
12.0
12.0
-12.0
-12.0
-2.0
-24.0
-29.0
-27.0
-34.0
8.0
-22.0
-8.0
53.0
24.0
-17.0
-48.0
-25.0
12.0
-17.0
-46.0
-43.0
-54.0
-81.0
-72.0
-78.0
-90.0
-79.0
-39.0
3.0
6.0
1.0
-17.0
-1.0
12.0
-16.0
-16.0
3.0
-46.0
-55.0
1.0
-12.0
-46.0
-27.0
-23.0
-18.0
5.0
-20.0
-34.0
-29.0
15.0
23.0
-17.0
-40.0
-41.0
-18.0
-1.0
-18.0
-16.0
-10.0
-14.0
12.0
7.0
-6.0
-3.0
22.0
10.0
17.0
8.0
-8.0
-26.0
-29.0
-56.0
-72.0
-6.0
25.0
-27.0
-26.0
-33.0
-31.0
-32.0
-10.0
31.0
8.0
-30.0
-43.0
-46.0
-53.0
-65.0
-54.0
-42.0
-46.0
-61.0
-58.0
-29.0
-2.0
30.0
26.0
43.0
33.0
19.0
-22.0
-47.0
-30.0
-40.0
-48.0
-40.0
-50.0
-44.0
-8.0
-15.0
-7.0
22.0
11.0
-7.0
-31.0
-6.0
21.0
-8.0
-29.0
-36.0
-23.0
-41.0
-75.0
-81.0
-41.0
3.0
27.0
44.0
79.0
83.0
40.0
-33.0
-80.0
-51.0
-13.0
-7.0
-11.0
-24.0
-19.0
8.0
18.0
28.0
39.0
27.0
-7.0
-36.0
-45.0
-50.0
-65.0
-51.0
-50.0
-77.0
-83.0
-64.0
-50.0
-49.0
-40.0
-74.0
-67.0
-58.0
-87.0
-86.0
-73.0
-110.0
-99.0
-70.0
-71.0
-60.0
-66.0
-66.0
-49.0
-39.0
-58.0
-66.0
-65.0
-46.0
-37.0
-83.0
-108.0
-79.0
-78.0
-81.0
-98.0
-81.0
-71.0
-67.0
-80.0
-111.0
-121.0
-96.0
-101.0
-125.0
-115.0
-92.0
-131.0
-147.0
-139.0
-161.0
-136.0
-121.0
-121.0
-115.0
-105.0
-90.0
-84.0
-116.0
-107.0
-81.0
-41.0
-59.0
-93.0
-100.0
-114.0
-105.0
-97.0
-109.0
-123.0
-97.0
-80.0
-96.0
-106.0
-108.0
-97.0
-72.0
-60.0
-54.0
-69.0
-79.0
-86.0
-98.0
-81.0
-51.0
-61.0
-95.0
-81.0
-22.0
-29.0
-68.0
-65.0
-79.0
-88.0
-80.0
-99.0
-92.0
-66.0
-102.0
-84.0
-41.0
-62.0
-56.0
-13.0
-10.0
-20.0
14.0
-20.0
-42.0
-49.0
-51.0
-49.0
-60.0
-74.0
-46.0
-28.0
7.0
-5.0
-16.0
10.0
15.0
43.0
109.0
91.0
33.0
1.0
13.0
25.0
17.0
23.0
13.0
17.0
-21.0
-50.0
11.0
39.0
36.0
27.0
19.0
34.0
32.0
38.0
93.0
98.0
95.0
67.0
37.0
29.0
11.0
4.0
59.0
72.0
72.0
62.0
20.0
44.0
79.0
100.0
120.0
67.0
49.0
72.0
61.0
53.0
37.0
39.0
50.0
64.0
44.0
65.0
112.0
143.0
124.0
104.0
103.0
123.0
102.0
60.0
49.0
68.0
64.0
49.0
66.0
74.0
48.0
63.0
82.0
56.0
62.0
49.0
48.0
43.0
44.0
55.0
53.0
13.0
16.0
34.0
49.0
65.0
29.0
28.0
15.0
36.0
73.0
83.0
89.0
64.0
44.0
50.0
55.0
90.0
106.0
98.0
107.0
96.0
86.0
81.0
88.0
79.0
56.0
59.0
71.0
63.0
38.0
36.0
59.0
38.0
43.0
62.0
52.0
62.0
80.0
82.0
89.0
122.0
117.0
99.0
92.0
106.0
133.0
136.0
104.0
107.0
102.0
89.0
130.0
143.0
112.0
137.0
124.0
106.0
97.0
106.0
74.0
69.0
96.0
90.0
83.0
90.0
86.0
106.0
96.0
58.0
73.0
88.0
44.0
51.0
12.0
3.0
33.0
82.0
100.0
99.0
108.0
110.0
101.0
132.0
157.0
134.0
143.0
133.0
89.0
117.0
108.0
75.0
74.0
87.0
97.0
112.0
109.0
118.0
111.0
140.0
157.0
119.0
115.0
144.0
119.0
95.0
64.0
55.0
69.0
81.0
73.0
69.0
78.0
130.0
124.0
118.0
137.0
117.0
114.0
102.0
40.0
55.0
47.0
9.0
36.0
46.0
42.0
59.0
81.0
84.0
65.0
67.0
90.0
112.0
95.0
117.0
90.0
83.0
79.0
54.0
87.0
68.0
66.0
85.0
86.0
97.0
85.0
63.0
76.0
76.0
82.0
102.0
63.0
42.0
72.0
63.0
76.0
97.0
79.0
92.0
69.0
60.0
109.0
108.0
79.0
96.0
83.0
71.0
73.0
50.0
17.0
-14.0
-9.0
-12.0
-3.0
14.0
-21.0
-4.0
50.0
81.0
89.0
50.0
51.0
29.0
12.0
23.0
25.0
17.0
44.0
48.0
33.0
34.0
36.0
19.0
58.0
105.0
77.0
46.0
42.0
49.0
-7.0
-6.0
22.0
10.0
11.0
21.0
12.0
10.0
10.0
3.0
1.0
54.0
71.0
53.0
39.0
43.0
20.0
38.0
39.0
48.0
52.0
27.0
30.0
57.0
89.0
84.0
74.0
76.0
81.0
79.0
69.0
35.0
11.0
4.0
35.0
49.0
60.0
55.0
56.0
69.0
96.0
134.0
110.0
106.0
111.0
89.0
64.0
72.0
51.0
50.0
14.0
20.0
54.0
43.0
51.0
74.0
76.0
93.0
100.0
83.0
55.0
68.0
83.0
74.0
42.0
37.0
45.0
33.0
27.0
19.0
25.0
70.0
68.0
71.0
71.0
57.0
59.0
71.0
48.0
44.0
80.0
91.0
91.0
64.0
49.0
15.0
-16.0
4.0
50.0
46.0
27.0
28.0
44.0
31.0
27.0
11.0
1.0
19.0
25.0
53.0
62.0
2.0
1.0
23.0
1.0
-1.0
-5.0
35.0
59.0
28.0
31.0
55.0
27.0
-11.0
-16.0
20.0
30.0
27.0
11.0
-5.0
25.0
65.0
65.0
64.0
68.0
68.0
48.0
40.0
32.0
7.0
8.0
13.0
15.0
12.0
18.0
36.0
47.0
23.0
17.0
3.0
-5.0
17.0
26.0
14.0
-2.0
-13.0
14.0
0.0
-32.0
-27.0
-35.0
-63.0
-80.0
-61.0
-76.0
-88.0
-58.0
-65.0
-61.0
-72.0
-58.0
-35.0
-24.0
-13.0
7.0
7.0
10.0
10.0
-8.0
34.0
49.0
27.0
28.0
21.0
5.0
-6.0
-10.0
10.0
-19.0
-29.0
-5.0
8.0
4.0
2.0
-4.0
-21.0
-39.0
-59.0
-12.0
-2.0
-16.0
-5.0
3.0
-17.0
-18.0
-17.0
-12.0
17.0
3.0
-25.0
-23.0
-27.0
-36.0
-48.0
-34.0
-6.0
-18.0
-32.0
-33.0
-78.0
-90.0
-78.0
-66.0
-55.0
-34.0
-44.0
-63.0
-23.0
-21.0
-14.0
2.0
-8.0
7.0
40.0
30.0
23.0
10.0
7.0
24.0
20.0
5.0
10.0
-3.0
-21.0
-23.0
-34.0
-29.0
-50.0
-39.0
-5.0
-29.0
-25.0
3.0
-14.0
5.0
29.0
33.0
22.0
1.0
-22.0
-52.0
-42.0
-5.0
-21.0
-43.0
-46.0
-69.0
-58.0
-67.0
-70.0
-65.0
-73.0
-62.0
-51.0
-84.0
-76.0
-65.0
-53.0
-68.0
-49.0
-46.0
-61.0
-57.0
-49.0
-48.0
-59.0
-42.0
-46.0
-40.0
-20.0
-38.0
-40.0
-37.0
-38.0
-20.0
-1.0
0.0
1.0
4.0
43.0
36.0
14.0
26.0
14.0
-5.0
-31.0
-32.0
-43.0
-73.0
-78.0
-56.0
-85.0
-91.0
-65.0
-81.0
-75.0
-60.0
-54.0
-34.0
-48.0
-50.0
-36.0
-33.0
-25.0
-37.0
-43.0
-31.0
-15.0
-12.0
-14.0
-34.0
11.0
6.0
-20.0
-8.0
-21.0
-41.0
-45.0
-61.0
-52.0
-57.0
-51.0
-43.0
-24.0
-52.0
-50.0
-42.0
-32.0
-31.0
-62.0
-51.0
-57.0
-70.0
-37.0
-33.0
-42.0
-35.0
-23.0
-24.0
-31.0
-18.0
-16.0
-30.0
-33.0
-22.0
-15.0
-13.0
-20.0
3.0
12.0
-20.0
-16.0
-4.0
-17.0
-6.0
-11.0
-16.0
-3.0
-19.0
-2.0
1.0
-1.0
1.0
-18.0
-3.0
12.0
13.0
24.0
26.0
13.0
5.0
-18.0
3.0
7.0
-18.0
6.0
32.0
9.0
-17.0
-6.0
-18.0
-8.0
8.0
11.0
14.0
-25.0
-19.0
23.0
52.0
54.0
42.0
36.0
37.0
77.0
116.0
101.0
69.0
45.0
41.0
23.0
25.0
1.0
-8.0
29.0
26.0
12.0
-1.0
-16.0
-6.0
7.0
-1.0
-25.0
-70.0
-20.0
0.0
27.0
17.0
-1.0
33.0
19.0
-1.0
-15.0
5.0
31.0
39.0
11.0
14.0
-15.0
-1.0
18.0
-19.0
-15.0
21.0
37.0
26.0
23.0
12.0
32.0
51.0
36.0
18.0
-1.0
15.0
38.0
23.0
18.0
19.0
-1.0
16.0
14.0
11.0
-6.0
17.0
31.0
7.0
14.0
18.0
30.0
10.0
3.0
2.0
27.0
45.0
55.0
58.0
34.0
18.0
35.0
19.0
15.0
1.0
7.0
19.0
14.0
18.0
1.0
-5.0
29.0
30.0
28.0
25.0
16.0
29.0
35.0
42.0
42.0
33.0
38.0
54.0
45.0
38.0
29.0
10.0
21.0
39.0
27.0
-2.0
3.0
37.0
31.0
26.0
53.0
52.0
27.0
5.0
11.0
38.0
21.0
8.0
25.0
24.0
2.0
5.0
-1.0
-30.0
-31.0
-20.0
-10.0
-21.0
-26.0
11.0
12.0
-17.0
-53.0
-59.0
-49.0
-65.0
-46.0
-17.0
-33.0
-24.0
-30.0
-26.0
-4.0
-18.0
-22.0
8.0
13.0
19.0
23.0
45.0
72.0
50.0
25.0
23.0
-2.0
0.0
12.0
-7.0
-20.0
-8.0
-16.0
-14.0
-5.0
6.0
13.0
6.0
41.0
23.0
-2.0
21.0
3.0
23.0
35.0
25.0
12.0
1.0
23.0
43.0
27.0
41.0
57.0
64.0
68.0
43.0
21.0
14.0
-4.0
18.0
18.0
1.0
3.0
-33.0
-56.0
-39.0
-7.0
24.0
37.0
27.0
30.0
5.0
-12.0
2.0
-10.0
-13.0
-32.0
-39.0
-43.0
-50.0
-31.0
-32.0
-24.0
-26.0
-34.0
-11.0
2.0
4.0
9.0
12.0
8.0
-2.0
-34.0
-23.0
-3.0
-52.0
-88.0
-83.0
-68.0
-45.0
-21.0
-22.0
24.0
43.0
29.0
12.0
-9.0
-29.0
3.0
2.0
-34.0
-58.0
-37.0
-52.0
-63.0
-28.0
-13.0
-36.0
-36.0
-26.0
-20.0
-44.0
-46.0
-53.0
-36.0
-17.0
-18.0
-35.0
-26.0
-36.0
-51.0
-22.0
-36.0
-16.0
7.0
8.0
-4.0
1.0
-25.0
-28.0
-43.0
-62.0
-42.0
2.0
-5.0
10.0
15.0
2.0
6.0
-3.0
-25.0
-27.0
-4.0
-12.0
-26.0
8.0
26.0
9.0
34.0
25.0
15.0
49.0
63.0
88.0
106.0
119.0
141.0
166.0
114.0
56.0
48.0
49.0
53.0
69.0
80.0
60.0
80.0
104.0
76.0
56.0
62.0
80.0
64.0
38.0
11.0
18.0
21.0
49.0
45.0
25.0
20.0
16.0
72.0
89.0
63.0
64.0
45.0
38.0
16.0
5.0
39.0
43.0
17.0
8.0
5.0
27.0
66.0
101.0
133.0
148.0
161.0
121.0
92.0
107.0
116.0
98.0
70.0
46.0
68.0
112.0
130.0
111.0
105.0
128.0
123.0
99.0
79.0
70.0
66.0
61.0
31.0
-11.0
12.0
21.0
10.0
43.0
47.0
48.0
83.0
86.0
76.0
60.0
54.0
71.0
88.0
122.0
148.0
138.0
129.0
137.0
130.0
133.0
150.0
125.0
107.0
76.0
67.0
61.0
50.0
71.0
71.0
57.0
57.0
90.0
111.0
96.0
81.0
90.0
97.0
92.0
81.0
70.0
61.0
55.0
63.0
20.0
17.0
41.0
45.0
63.0
64.0
83.0
68.0
83.0
69.0
56.0
56.0
23.0
-5.0
-16.0
-13.0
-5.0
16.0
36.0
20.0
2.0
55.0
121.0
89.0
80.0
86.0
31.0
-68.0
-24.0
-70.0
0.0
44.0
30.0
28.0
34.0
49.0
45.0
61.0
90.0
119.0
154.0
171.0
161.0
137.0
102.0
31.0
15.0
-36.0
-52.0
-15.0
22.0
49.0
45.0
51.0
27.0
35.0
64.0
64.0
34.0
13.0
-32.0
-32.0
2.0
6.0
-3.0
23.0
27.0
41.0
36.0
58.0
99.0
86.0
32.0
13.0
24.0
-1.0
30.0
51.0
18.0
0.0
47.0
29.0
27.0
55.0
89.0
146.0
129.0
78.0
68.0
87.0
51.0
12.0
-12.0
-4.0
-5.0
30.0
41.0
32.0
37.0
56.0
36.0
4.0
-8.0
-28.0
7.0
18.0
15.0
13.0
-7.0
23.0
76.0
59.0
31.0
27.0
61.0
61.0
15.0
8.0
6.0
-11.0
-3.0
3.0
18.0
33.0
45.0
17.0
1.0
18.0
19.0
-25.0
-63.0
-78.0
-96.0
-95.0
-80.0
-68.0
-51.0
-44.0
-54.0
-72.0
-77.0
-21.0
-22.0
-41.0
-11.0
-22.0
-28.0
-18.0
-27.0
-41.0
-50.0
-44.0
-45.0
-31.0
-8.0
-1.0
15.0
40.0
42.0
-15.0
-23.0
-32.0
-51.0
-31.0
-35.0
-29.0
-33.0
-40.0
3.0
27.0
27.0
-18.0
-25.0
39.0
27.0
-45.0
-37.0
-44.0
-52.0
-23.0
-45.0
-22.0
-13.0
22.0
44.0
44.0
74.0
49.0
49.0
76.0
43.0
20.0
36.0
36.0
36.0
67.0
81.0
34.0
19.0
59.0
69.0
79.0
75.0
27.0
-13.0
-16.0
-51.0
-63.0
-41.0
-34.0
-19.0
-30.0
-19.0
5.0
2.0
2.0
10.0
4.0
2.0
-18.0
-41.0
-52.0
-64.0
-86.0
-65.0
-21.0
-6.0
-7.0
-11.0
8.0
34.0
22.0
21.0
0.0
3.0
1.0
-37.0
-34.0
-17.0
-37.0
-54.0
-48.0
-32.0
-19.0
-4.0
-15.0
-34.0
-21.0
-13.0
-16.0
-25.0
-42.0
-67.0
-42.0
-41.0
-62.0
-57.0
-52.0
-47.0
-6.0
4.0
1.0
-19.0
-33.0
-23.0
-35.0
-34.0
5.0
10.0
21.0
21.0
4.0
17.0
22.0
10.0
29.0
66.0
47.0
41.0
47.0
48.0
14.0
-3.0
-11.0
-6.0
-11.0
-7.0
14.0
47.0
19.0
-13.0
21.0
12.0
16.0
6.0
-15.0
1.0
0.0
-48.0
-64.0
-64.0
-50.0
-32.0
-46.0
-32.0
-16.0
-23.0
-5.0
3.0
-9.0
-23.0
-53.0
-44.0
-30.0
-46.0
-65.0
-63.0
-42.0
-33.0
-33.0
-43.0
-29.0
-27.0
-21.0
1.0
-6.0
-27.0
-19.0
-45.0
-88.0
-76.0
-65.0
-52.0
-6.0
1.0
6.0
37.0
30.0
10.0
2.0
6.0
-4.0
-18.0
-74.0
-91.0
-118.0
-129.0
-122.0
-143.0
-142.0
-103.0
-42.0
23.0
46.0
43.0
5.0
-56.0
-96.0
-130.0
-113.0
-104.0
-101.0
-99.0
-74.0
-52.0
-53.0
-67.0
-72.0
-69.0
-75.0
-90.0
-87.0
-80.0
-112.0
-143.0
-139.0
-115.0
-99.0
-98.0
-84.0
-41.0
-26.0
-42.0
-23.0
-10.0
1.0
25.0
0.0
-29.0
-19.0
-22.0
-29.0
-19.0
3.0
49.0
76.0
88.0
88.0
120.0
122.0
125.0
105.0
74.0
77.0
54.0
23.0
3.0
-39.0
-48.0
-26.0
-15.0
-4.0
-18.0
20.0
54.0
29.0
7.0
-8.0
-3.0
-14.0
-16.0
1.0
11.0
6.0
8.0
-17.0
-35.0
-35.0
-33.0
-12.0
-22.0
-31.0
-12.0
-7.0
-25.0
-30.0
-42.0
-34.0
-19.0
10.0
-4.0
-1.0
8.0
25.0
30.0
6.0
-1.0
13.0
7.0
-34.0
-33.0
-7.0
-23.0
-46.0
-56.0
-69.0
-56.0
-26.0
-38.0
-14.0
10.0
1.0
-5.0
-10.0
-3.0
-6.0
-7.0
-36.0
-67.0
-49.0
-35.0
-49.0
-46.0
-52.0
-46.0
-35.0
-41.0
-35.0
-39.0
-43.0
7.0
-25.0
-46.0
-56.0
-93.0
-80.0
-31.0
-49.0
-57.0
-43.0
-39.0
-44.0
-29.0
-6.0
-22.0
-24.0
-29.0
-56.0
-86.0
-76.0
-65.0
-72.0
-53.0
-66.0
-54.0
-10.0
4.0
1.0
-12.0
20.0
44.0
29.0
26.0
27.0
-13.0
-41.0
-70.0
-88.0
-95.0
-63.0
-40.0
-30.0
-40.0
-14.0
-13.0
-20.0
-16.0
-32.0
-51.0
-96.0
-110.0
-94.0
-128.0
-115.0
-70.0
-62.0
-56.0
-31.0
-22.0
16.0
36.0
52.0
59.0
55.0
20.0
-26.0
-44.0
-69.0
-70.0
-60.0
-48.0
-52.0
-40.0
-33.0
-17.0
-11.0
-7.0
-16.0
-29.0
-26.0
-21.0
-35.0
-47.0
-31.0
-40.0
-67.0
-65.0
-65.0
-57.0
-64.0
-59.0
-40.0
-46.0
-13.0
-2.0
-32.0
-47.0
-43.0
-41.0
-23.0
-40.0
-29.0
-38.0
-70.0
-74.0
-76.0
-87.0
-91.0
-91.0
-60.0
-55.0
-63.0
-36.0
-33.0
-55.0
-49.0
-68.0
-102.0
-112.0
-106.0
-91.0
-108.0
-125.0
-101.0
-93.0
-83.0
-82.0
-49.0
12.0
17.0
-13.0
-20.0
-58.0
-68.0
-58.0
-77.0
-74.0
-80.0
-72.0
-76.0
-70.0
-55.0
-31.0
-18.0
-12.0
-26.0
2.0
2.0
-10.0
-15.0
-37.0
-71.0
-56.0
-69.0
-60.0
-37.0
-59.0
-38.0
-21.0
-8.0
-4.0
1.0
-5.0
-26.0
-6.0
-13.0
-18.0
-44.0
-38.0
-33.0
-37.0
-30.0
-61.0
-33.0
-60.0
-69.0
-24.0
-6.0
-29.0
-33.0
-33.0
-38.0
-2.0
56.0
35.0
-11.0
-10.0
4.0
-36.0
-25.0
-38.0
-72.0
-36.0
-38.0
-65.0
-55.0
-51.0
-66.0
-37.0
-34.0
-39.0
-26.0
-36.0
-43.0
-39.0
-33.0
-8.0
-32.0
-27.0
15.0
25.0
-21.0
-49.0
-67.0
-76.0
-64.0
-85.0
-80.0
-49.0
-45.0
-49.0
-36.0
7.0
8.0
23.0
46.0
3.0
-27.0
-22.0
-19.0
-43.0
-31.0
-34.0
-31.0
-27.0
-10.0
4.0
6.0
-2.0
29.0
37.0
26.0
-2.0
-16.0
-33.0
-29.0
-7.0
-14.0
-11.0
5.0
-6.0
17.0
17.0
3.0
6.0
-18.0
7.0
24.0
15.0
7.0
24.0
29.0
8.0
-17.0
-5.0
17.0
38.0
29.0
16.0
19.0
54.0
50.0
79.0
79.0
71.0
92.0
95.0
79.0
40.0
30.0
59.0
37.0
12.0
16.0
18.0
19.0
24.0
38.0
28.0
15.0
6.0
26.0
54.0
73.0
65.0
64.0
42.0
16.0
50.0
60.0
52.0
61.0
97.0
82.0
60.0
39.0
42.0
44.0
40.0
69.0
71.0
34.0
49.0
71.0
76.0
64.0
11.0
5.0
27.0
33.0
48.0
44.0
31.0
40.0
68.0
59.0
69.0
87.0
81.0
69.0
53.0
35.0
5.0
-13.0
-2.0
-10.0
-50.0
-67.0
-43.0
-19.0
-45.0
-35.0
-24.0
-31.0
-18.0
-37.0
-37.0
-25.0
-37.0
-43.0
-23.0
-21.0
-36.0
-42.0
-22.0
-4.0
-30.0
-30.0
-9.0
-31.0
-13.0
-22.0
-61.0
-40.0
-44.0
-57.0
-43.0
-38.0
-31.0
-61.0
-48.0
-47.0
-54.0
-61.0
-63.0
-70.0
-65.0
-56.0
-51.0
-59.0
-64.0
-56.0
-74.0
-70.0
-24.0
-33.0
-44.0
-24.0
-53.0
-61.0
-37.0
-32.0
-47.0
-55.0
-67.0
-59.0
-61.0
-39.0
-40.0
-51.0
-57.0
-60.0
-45.0
-55.0
-55.0
-23.0
-5.0
-2.0
-26.0
-58.0
-56.0
-33.0
-42.0
-48.0
-44.0
-55.0
-63.0
-57.0
-47.0
-24.0
-32.0
-26.0
-30.0
-40.0
-35.0
-32.0
-43.0
-46.0
-40.0
-32.0
-33.0
-34.0
-33.0
-46.0
-52.0
-32.0
-52.0
-48.0
-3.0
-19.0
-35.0
-48.0
-59.0
-39.0
-36.0
-46.0
-42.0
-22.0
-11.0
-17.0
-14.0
-1.0
14.0
-31.0
-40.0
-20.0
-27.0
-29.0
-27.0
-17.0
-7.0
-1.0
2.0
-6.0
-9.0
20.0
16.0
5.0
-15.0
-10.0
-16.0
-37.0
-34.0
-18.0
-36.0
-32.0
-7.0
13.0
49.0
76.0
58.0
10.0
5.0
27.0
-13.0
-12.0
-18.0
-32.0
-15.0
-33.0
-50.0
-26.0
-20.0
-18.0
-25.0
-40.0
-45.0
-41.0
-45.0
-8.0
1.0
-38.0
-54.0
-56.0
-37.0
-4.0
-7.0
19.0
39.0
42.0
50.0
40.0
21.0
30.0
38.0
16.0
-31.0
-32.0
20.0
27.0
2.0
21.0
41.0
53.0
43.0
53.0
49.0
54.0
51.0
46.0
35.0
36.0
49.0
59.0
51.0
46.0
71.0
50.0
61.0
107.0
92.0
65.0
107.0
103.0
45.0
62.0
69.0
80.0
76.0
58.0
96.0
118.0
126.0
84.0
105.0
141.0
129.0
117.0
96.0
80.0
70.0
48.0
60.0
82.0
68.0
54.0
27.0
17.0
50.0
42.0
1.0
-7.0
14.0
27.0
29.0
-20.0
6.0
3.0
-12.0
12.0
2.0
11.0
25.0
15.0
16.0
3.0
-7.0
18.0
21.0
24.0
29.0
14.0
14.0
5.0
31.0
33.0
27.0
27.0
37.0
62.0
86.0
104.0
100.0
76.0
68.0
83.0
69.0
42.0
41.0
23.0
1.0
39.0
4.0
-12.0
16.0
41.0
61.0
36.0
9.0
27.0
2.0
1.0
21.0
35.0
16.0
-5.0
33.0
65.0
78.0
81.0
87.0
110.0
108.0
101.0
136.0
136.0
137.0
95.0
98.0
98.0
80.0
76.0
51.0
51.0
36.0
15.0
4.0
-44.0
-56.0
-55.0
-4.0
51.0
29.0
6.0
-12.0
-18.0
12.0
21.0
30.0
38.0
44.0
21.0
-7.0
23.0
47.0
58.0
48.0
25.0
-10.0
-2.0
51.0
39.0
53.0
43.0
31.0
33.0
-15.0
-29.0
-31.0
-42.0
-58.0
-48.0
-43.0
-29.0
-40.0
-29.0
34.0
23.0
32.0
44.0
37.0
56.0
21.0
-35.0
-23.0
-6.0
-7.0
-7.0
8.0
-20.0
-9.0
60.0
49.0
23.0
24.0
2.0
-29.0
-13.0
-28.0
-14.0
3.0
-14.0
4.0
6.0
5.0
15.0
30.0
81.0
59.0
13.0
18.0
9.0
2.0
9.0
7.0
12.0
17.0
-9.0
-6.0
15.0
7.0
14.0
23.0
24.0
25.0
26.0
30.0
29.0
38.0
47.0
32.0
24.0
25.0
25.0
43.0
33.0
-5.0
7.0
0.0
-4.0
30.0
20.0
22.0
19.0
4.0
6.0
-10.0
-37.0
-20.0
-20.0
-30.0
-10.0
7.0
-4.0
-16.0
-40.0
-40.0
2.0
44.0
35.0
9.0
11.0
8.0
23.0
23.0
13.0
36.0
34.0
26.0
33.0
7.0
5.0
25.0
31.0
54.0
72.0
61.0
71.0
79.0
58.0
22.0
45.0
111.0
108.0
114.0
151.0
107.0
71.0
52.0
18.0
17.0
62.0
41.0
16.0
5.0
5.0
14.0
26.0
32.0
48.0
52.0
34.0
-4.0
6.0
-6.0
4.0
44.0
23.0
-10.0
-4.0
-15.0
-18.0
17.0
20.0
32.0
87.0
105.0
84.0
100.0
119.0
114.0
109.0
97.0
63.0
45.0
89.0
57.0
29.0
5.0
-7.0
26.0
7.0
8.0
78.0
49.0
25.0
62.0
46.0
30.0
46.0
40.0
21.0
24.0
31.0
34.0
51.0
54.0
55.0
84.0
120.0
105.0
84.0
48.0
27.0
26.0
46.0
53.0
17.0
1.0
-14.0
-59.0
-64.0
-55.0
-54.0
-22.0
4.0
-20.0
-35.0
-37.0
-46.0
-19.0
-22.0
3.0
15.0
-6.0
6.0
-10.0
-26.0
-34.0
-38.0
-34.0
-33.0
-58.0
-53.0
-21.0
-32.0
-12.0
31.0
22.0
15.0
16.0
29.0
17.0
-2.0
22.0
-5.0
-49.0
-35.0
-21.0
-27.0
-14.0
-16.0
1.0
26.0
55.0
57.0
23.0
7.0
21.0
17.0
18.0
31.0
20.0
-10.0
-21.0
-8.0
-18.0
6.0
52.0
67.0
71.0
70.0
87.0
60.0
43.0
59.0
49.0
15.0
30.0
77.0
30.0
22.0
34.0
35.0
44.0
32.0
26.0
64.0
61.0
28.0
27.0
12.0
41.0
45.0
21.0
30.0
20.0
32.0
44.0
42.0
74.0
87.0
100.0
109.0
72.0
42.0
29.0
21.0
3.0
11.0
9.0
35.0
31.0
13.0
41.0
23.0
6.0
7.0
3.0
6.0
-31.0
-66.0
-70.0
-52.0
-36.0
-37.0
-36.0
-28.0
-10.0
-10.0
-14.0
-6.0
30.0
6.0
-29.0
-55.0
-45.0
-6.0
-37.0
-89.0
-67.0
-35.0
-29.0
-40.0
-40.0
7.0
18.0
8.0
22.0
7.0
-19.0
-10.0
-26.0
-41.0
-55.0
-82.0
-70.0
-91.0
-85.0
-51.0
-47.0
-8.0
-7.0
15.0
44.0
-4.0
-25.0
9.0
17.0
30.0
27.0
8.0
34.0
45.0
42.0
54.0
64.0
56.0
50.0
49.0
49.0
36.0
20.0
34.0
44.0
13.0
4.0
7.0
21.0
14.0
40.0
78.0
61.0
38.0
58.0
76.0
79.0
80.0
39.0
14.0
26.0
83.0
78.0
42.0
30.0
-1.0
-21.0
16.0
13.0
16.0
55.0
52.0
33.0
44.0
42.0
59.0
51.0
22.0
6.0
-1.0
-9.0
-11.0
-15.0
-3.0
-16.0
-4.0
24.0
-2.0
9.0
35.0
26.0
2.0
10.0
6.0
1.0
16.0
-4.0
-8.0
-17.0
-8.0
-23.0
-11.0
-7.0
-1.0
11.0
-12.0
-30.0
-2.0
7.0
26.0
46.0
13.0
-11.0
-12.0
-11.0
-22.0
-26.0
-25.0
-39.0
-13.0
-14.0
-13.0
-8.0
-18.0
-42.0
-29.0
-7.0
-30.0
-20.0
-43.0
-76.0
-56.0
-61.0
-70.0
-45.0
-27.0
-1.0
25.0
-20.0
-21.0
-35.0
-42.0
-32.0
-49.0
-64.0
-53.0
-36.0
-54.0
-73.0
-66.0
-76.0
-62.0
-30.0
-14.0
-55.0
-77.0
-73.0
-50.0
-52.0
-81.0
-61.0
-71.0
-88.0
-79.0
-82.0
-83.0
-63.0
-51.0
-50.0
-78.0
-106.0
-98.0
-133.0
-138.0
-96.0
-85.0
-83.0
-70.0
-77.0
-55.0
-50.0
-64.0
-63.0
-84.0
-54.0
-14.0
-24.0
-43.0
-42.0
-25.0
-15.0
-23.0
-15.0
-16.0
-24.0
-2.0
9.0
10.0
-6.0
17.0
33.0
16.0
-6.0
4.0
5.0
-7.0
36.0
41.0
52.0
52.0
62.0
84.0
84.0
97.0
80.0
77.0
102.0
90.0
40.0
9.0
8.0
25.0
47.0
44.0
37.0
88.0
66.0
55.0
89.0
110.0
111.0
87.0
59.0
53.0
1.0
-8.0
-21.0
-24.0
-7.0
10.0
32.0
45.0
27.0
18.0
-2.0
-18.0
-11.0
8.0
33.0
-5.0
-54.0
-53.0
-22.0
-4.0
3.0
-25.0
-30.0
-10.0
13.0
53.0
59.0
58.0
31.0
13.0
25.0
-5.0
-23.0
-25.0
-46.0
-68.0
-36.0
-49.0
-56.0
-44.0
-43.0
-37.0
-10.0
-13.0
-32.0
-33.0
-7.0
-15.0
-18.0
-15.0
-24.0
-17.0
-3.0
10.0
7.0
13.0
23.0
40.0
21.0
31.0
34.0
7.0
11.0
32.0
28.0
8.0
-2.0
20.0
16.0
-13.0
-6.0
8.0
-4.0
-26.0
-32.0
26.0
21.0
-5.0
-15.0
-28.0
-33.0
-24.0
-33.0
-17.0
8.0
0.0
22.0
36.0
34.0
2.0
-30.0
-49.0
-69.0
-71.0
-54.0
-62.0
-68.0
-37.0
-33.0
-31.0
2.0
21.0
31.0
27.0
32.0
54.0
49.0
17.0
14.0
-5.0
-27.0
-46.0
-51.0
-12.0
-29.0
-11.0
10.0
-7.0
8.0
-10.0
10.0
45.0
21.0
14.0
11.0
-1.0
-17.0
-23.0
2.0
10.0
-7.0
1.0
10.0
-3.0
5.0
39.0
48.0
36.0
28.0
35.0
51.0
17.0
-9.0
-5.0
18.0
-8.0
-62.0
-26.0
-4.0
-22.0
-21.0
-31.0
-16.0
13.0
2.0
-36.0
-38.0
-43.0
-11.0
-23.0
-35.0
-10.0
-4.0
-19.0
-35.0
-23.0
23.0
-6.0
-27.0
-4.0
-40.0
-30.0
-35.0
-50.0
-52.0
-31.0
-45.0
-68.0
-73.0
-73.0
-51.0
-72.0
-87.0
-91.0
-72.0
-53.0
-57.0
-31.0
-33.0
-58.0
-77.0
-105.0
-92.0
-53.0
-77.0
-75.0
-86.0
-107.0
-82.0
-63.0
-53.0
-40.0
-59.0
-70.0
-54.0
-80.0
-91.0
-80.0
-88.0
-89.0
-98.0
-116.0
-119.0
-117.0
-96.0
-115.0
-120.0
-71.0
-76.0
-107.0
-102.0
-59.0
-35.0
-65.0
-107.0
-73.0
-47.0
-75.0
-63.0
-49.0
-34.0
-54.0
-49.0
-23.0
-29.0
-32.0
-19.0
-14.0
2.0
-20.0
-55.0
-40.0
-83.0
-82.0
-56.0
-65.0
-73.0
-87.0
-56.0
-44.0
-42.0
6.0
13.0
-20.0
-8.0
-5.0
-5.0
7.0
-16.0
-28.0
-11.0
-24.0
-37.0
-26.0
-29.0
-35.0
-43.0
-40.0
-17.0
-22.0
-54.0
-44.0
-52.0
-64.0
-90.0
-77.0
-50.0
-59.0
-58.0
-32.0
-27.0
-8.0
-8.0
-4.0
-13.0
-20.0
6.0
-1.0
-4.0
11.0
-24.0
-23.0
-22.0
-47.0
-41.0
-36.0
-23.0
-31.0
-36.0
-16.0
3.0
34.0
36.0
50.0
69.0
61.0
20.0
34.0
24.0
23.0
33.0
27.0
16.0
41.0
13.0
-17.0
-3.0
-33.0
-1.0
12.0
-1.0
29.0
7.0
-4.0
-22.0
-29.0
-9.0
21.0
20.0
11.0
5.0
16.0
42.0
41.0
52.0
87.0
53.0
24.0
15.0
29.0
16.0
-15.0
29.0
24.0
0.0
37.0
49.0
76.0
102.0
91.0
77.0
80.0
67.0
84.0
93.0
79.0
42.0
18.0
46.0
39.0
29.0
27.0
0.0
-31.0
2.0
35.0
40.0
54.0
43.0
28.0
48.0
40.0
30.0
17.0
4.0
2.0
8.0
5.0
-13.0
7.0
17.0
-1.0
-6.0
-9.0
-23.0
-15.0
-5.0
-12.0
-40.0
-58.0
-1.0
-1.0
6.0
37.0
16.0
1.0
0.0
-17.0
-9.0
-23.0
-27.0
-2.0
-2.0
-27.0
-29.0
-39.0
-31.0
-24.0
-73.0
-90.0
-86.0
-81.0
-63.0
-62.0
-71.0
-42.0
-39.0
-39.0
-59.0
-67.0
-41.0
-54.0
-43.0
-30.0
-46.0
-45.0
-40.0
-18.0
-21.0
-62.0
-37.0
-13.0
6.0
11.0
-3.0
1.0
-22.0
-26.0
4.0
10.0
-14.0
8.0
5.0
27.0
23.0
25.0
33.0
58.0
61.0
59.0
54.0
77.0
31.0
-4.0
22.0
46.0
72.0
118.0
145.0
164.0
119.0
64.0
48.0
57.0
67.0
68.0
42.0
16.0
29.0
21.0
46.0
46.0
46.0
63.0
20.0
-10.0
6.0
19.0
27.0
25.0
-3.0
-5.0
-1.0
1.0
0.0
-14.0
-5.0
12.0
0.0
-7.0
6.0
14.0
3.0
-14.0
-7.0
-20.0
-41.0
-21.0
-37.0
-12.0
14.0
-12.0
-24.0
-19.0
2.0
-4.0
6.0
5.0
7.0
6.0
-17.0
-20.0
-46.0
-12.0
-23.0
-22.0
3.0
-8.0
7.0
16.0
1.0
9.0
16.0
-1.0
10.0
3.0
1.0
3.0
-29.0
-35.0
-30.0
-53.0
-49.0
-34.0
-17.0
32.0
29.0
21.0
22.0
36.0
20.0
31.0
39.0
20.0
-11.0
-3.0
-10.0
-6.0
0.0
-16.0
-26.0
-6.0
-6.0
-21.0
-8.0
9.0
-14.0
-18.0
-13.0
-2.0
5.0
21.0
14.0
-6.0
15.0
18.0
24.0
36.0
40.0
41.0
40.0
36.0
32.0
21.0
34.0
39.0
5.0
10.0
5.0
-7.0
13.0
9.0
-8.0
-12.0
8.0
35.0
5.0
-17.0
-12.0
-17.0
1.0
-13.0
-65.0
-67.0
-73.0
-50.0
-83.0
-111.0
-64.0
-79.0
-82.0
-97.0
-120.0
-95.0
-88.0
-85.0
-89.0
-105.0
-74.0
-46.0
-58.0
-55.0
-35.0
-54.0
-76.0
-85.0
-102.0
-95.0
-84.0
-67.0
-69.0
-50.0
-8.0
-60.0
-103.0
-89.0
-95.0
-100.0
-97.0
-127.0
-117.0
-74.0
-100.0
-123.0
-129.0
-126.0
-122.0
-91.0
-39.0
-69.0
-65.0
-61.0
-86.0
-65.0
-73.0
-89.0
-61.0
-52.0
-34.0
-16.0
-41.0
-32.0
-32.0
-48.0
-65.0
-74.0
-31.0
-18.0
-52.0
-43.0
-20.0
-12.0
-13.0
-44.0
-66.0
-8.0
-3.0
-62.0
-29.0
-3.0
-43.0
-55.0
-72.0
-49.0
-8.0
-16.0
-33.0
-54.0
-34.0
-42.0
-69.0
-24.0
-24.0
-33.0
-35.0
-52.0
-29.0
-39.0
-49.0
-51.0
-47.0
-52.0
-61.0
-73.0
-52.0
-28.0
-40.0
-80.0
-40.0
7.0
-23.0
-44.0
-26.0
-2.0
-16.0
-30.0
-32.0
-24.0
-14.0
26.0
30.0
-17.0
-2.0
13.0
2.0
2.0
33.0
95.0
96.0
68.0
59.0
71.0
136.0
135.0
138.0
153.0
167.0
174.0
187.0
204.0
205.0
199.0
196.0
191.0
203.0
191.0
181.0
172.0
186.0
155.0
148.0
154.0
191.0
189.0
168.0
150.0
147.0
137.0
103.0
111.0
119.0
59.0
65.0
114.0
74.0
86.0
122.0
98.0
76.0
73.0
99.0
98.0
74.0
43.0
12.0
12.0
16.0
11.0
-5.0
-17.0
-12.0
-16.0
-27.0
-41.0
-33.0
-15.0
-41.0
-44.0
-33.0
-30.0
-20.0
-2.0
-3.0
50.0
52.0
45.0
22.0
-11.0
-8.0
-32.0
-6.0
8.0
-2.0
-11.0
-18.0
-32.0
-50.0
-45.0
-49.0
-23.0
-31.0
-41.0
-43.0
-27.0
-45.0
-75.0
-45.0
-37.0
-64.0
-68.0
-86.0
-93.0
-66.0
-51.0
-83.0
-120.0
-119.0
-116.0
-115.0
-116.0
-137.0
-155.0
-126.0
-120.0
-139.0
-175.0
-203.0
-192.0
-163.0
-188.0
-183.0
-150.0
-168.0
-166.0
-142.0
-154.0
-161.0
-168.0
-135.0
-145.0
-157.0
-134.0
-121.0
-143.0
-162.0
-155.0
-134.0
-157.0
-177.0
-176.0
-171.0
-161.0
-149.0
-162.0
-164.0
-173.0
-156.0
-130.0
-145.0
-155.0
-156.0
-144.0
-134.0
-150.0
-144.0
-108.0
-133.0
-143.0
-136.0
-146.0
-143.0
-141.0
-138.0
-145.0
-174.0
-186.0
-197.0
-201.0
-203.0
-200.0
-211.0
-240.0
-260.0
-256.0
-238.0
-231.0
-233.0
-221.0
-216.0
-217.0
-229.0
-209.0
-200.0
-208.0
-212.0
-215.0
-237.0
-230.0
-245.0
-230.0
-203.0
-225.0
-205.0
-202.0
-197.0
-161.0
-169.0
-204.0
-191.0
-196.0
-209.0
-191.0
-180.0
-175.0
-197.0
-210.0
-205.0
-175.0
-180.0
-191.0
-194.0
-175.0
-186.0
-220.0
-201.0
-172.0
-202.0
-200.0
-200.0
-199.0
-184.0
-188.0
-195.0
-200.0
-169.0
-140.0
-154.0
-149.0
-171.0
-179.0
-176.0
-207.0
-162.0
-106.0
-95.0
-89.0
-119.0
-142.0
-131.0
-126.0
-125.0
-145.0
-150.0
-134.0
-154.0
-188.0
-165.0
-153.0
-140.0
-126.0
-115.0
-125.0
-144.0
-117.0
-120.0
-139.0
-122.0
-119.0
-101.0
-72.0
-98.0
-116.0
-84.0
-96.0
-100.0
-100.0
-100.0
-82.0
-83.0
-95.0
-65.0
-70.0
-68.0
-56.0
-24.0
4.0
-33.0
-57.0
-30.0
-49.0
-23.0
-25.0
-30.0
-41.0
-51.0
-39.0
-30.0
-66.0
-97.0
-99.0
-80.0
-46.0
-68.0
-79.0
-60.0
-51.0
-45.0
-27.0
-45.0
-57.0
-50.0
-34.0
-43.0
-57.0
-82.0
-45.0
-12.0
-58.0
-69.0
-45.0
-24.0
-22.0
-23.0
-36.0
-33.0
-15.0
4.0
-5.0
-18.0
-14.0
-11.0
2.0
-1.0
1.0
-26.0
-18.0
6.0
-27.0
-19.0
-27.0
-2.0
33.0
-14.0
-28.0
8.0
2.0
-51.0
-53.0
-35.0
-31.0
-53.0
-37.0
-10.0
-16.0
10.0
15.0
12.0
57.0
57.0
69.0
96.0
78.0
40.0
49.0
51.0
17.0
37.0
97.0
69.0
36.0
83.0
112.0
68.0
70.0
102.0
132.0
148.0
131.0
108.0
120.0
102.0
122.0
120.0
99.0
92.0
123.0
117.0
78.0
80.0
77.0
81.0
144.0
161.0
157.0
199.0
177.0
154.0
158.0
148.0
137.0
145.0
116.0
91.0
82.0
93.0
117.0
106.0
84.0
80.0
74.0
74.0
81.0
86.0
84.0
98.0
84.0
50.0
38.0
65.0
34.0
2.0
-13.0
-21.0
-22.0
16.0
27.0
2.0
-18.0
-49.0
-48.0
-18.0
-11.0
-8.0
-4.0
0.0
-11.0
-2.0
36.0
23.0
24.0
31.0
12.0
3.0
-1.0
31.0
7.0
-11.0
14.0
14.0
2.0
-7.0
-19.0
-18.0
-26.0
-5.0
53.0
34.0
24.0
38.0
60.0
28.0
22.0
50.0
35.0
20.0
-2.0
27.0
24.0
17.0
29.0
17.0
-15.0
-24.0
21.0
52.0
54.0
41.0
27.0
13.0
32.0
16.0
7.0
35.0
46.0
41.0
31.0
62.0
41.0
37.0
23.0
13.0
30.0
85.0
94.0
102.0
118.0
106.0
91.0
116.0
97.0
67.0
93.0
96.0
61.0
70.0
80.0
104.0
114.0
105.0
108.0
83.0
75.0
97.0
94.0
101.0
102.0
101.0
99.0
85.0
95.0
99.0
79.0
68.0
64.0
115.0
149.0
105.0
100.0
100.0
80.0
87.0
107.0
122.0
148.0
166.0
168.0
153.0
140.0
186.0
215.0
233.0
219.0
203.0
201.0
172.0
168.0
193.0
191.0
184.0
169.0
162.0
148.0
155.0
126.0
115.0
92.0
81.0
131.0
127.0
129.0
153.0
151.0
154.0
153.0
156.0
171.0
163.0
154.0
128.0
133.0
146.0
137.0
158.0
167.0
137.0
138.0
140.0
116.0
115.0
115.0
101.0
87.0
106.0
108.0
113.0
106.0
111.0
98.0
115.0
150.0
131.0
168.0
178.0
141.0
183.0
204.0
206.0
224.0
201.0
222.0
237.0
240.0
249.0
225.0
213.0
247.0
226.0
247.0
271.0
222.0
230.0
243.0
229.0
235.0
237.0
238.0
241.0
210.0
217.0
212.0
199.0
202.0
187.0
201.0
225.0
214.0
217.0
222.0
200.0
162.0
154.0
166.0
162.0
155.0
148.0
130.0
127.0
150.0
142.0
167.0
171.0
175.0
161.0
143.0
166.0
174.0
154.0
172.0
192.0
167.0
169.0
195.0
200.0
196.0
185.0
170.0
144.0
132.0
144.0
159.0
181.0
189.0
182.0
160.0
170.0
185.0
198.0
186.0
153.0
128.0
118.0
115.0
111.0
139.0
128.0
101.0
121.0
157.0
118.0
97.0
92.0
109.0
111.0
88.0
129.0
140.0
133.0
142.0
128.0
97.0
106.0
83.0
88.0
101.0
83.0
97.0
133.0
116.0
99.0
87.0
78.0
76.0
76.0
91.0
80.0
42.0
89.0
109.0
96.0
89.0
73.0
92.0
120.0
108.0
89.0
96.0
109.0
131.0
121.0
112.0
121.0
121.0
157.0
155.0
110.0
114.0
102.0
115.0
119.0
101.0
108.0
87.0
60.0
109.0
129.0
100.0
90.0
91.0
73.0
62.0
84.0
81.0
72.0
45.0
54.0
60.0
63.0
74.0
65.0
67.0
53.0
69.0
76.0
45.0
42.0
83.0
79.0
64.0
55.0
73.0
81.0
36.0
33.0
32.0
26.0
20.0
1.0
-1.0
13.0
-2.0
-2.0
-26.0
-2.0
3.0
-16.0
-16.0
-3.0
27.0
7.0
15.0
6.0
4.0
-7.0
-46.0
-20.0
27.0
26.0
2.0
20.0
64.0
36.0
6.0
15.0
12.0
-1.0
-17.0
-18.0
16.0
3.0
-15.0
-3.0
-29.0
-27.0
-8.0
-19.0
10.0
20.0
-6.0
5.0
0.0
-11.0
-28.0
-53.0
-56.0
-45.0
-31.0
-14.0
-32.0
-43.0
-48.0
-63.0
-73.0
-79.0
-74.0
-101.0
-87.0
-67.0
-49.0
-44.0
-55.0
-71.0
-69.0
-49.0
-52.0
-32.0
-4.0
32.0
48.0
-2.0
-16.0
-5.0
-42.0
-35.0
-20.0
-21.0
-16.0
-40.0
-42.0
-26.0
-24.0
-23.0
-1.0
9.0
-15.0
-21.0
-13.0
-23.0
-27.0
9.0
8.0
-11.0
-21.0
-37.0
-10.0
24.0
-9.0
-22.0
4.0
21.0
18.0
32.0
84.0
68.0
41.0
53.0
59.0
65.0
86.0
77.0
55.0
24.0
18.0
16.0
8.0
-4.0
-6.0
-3.0
5.0
2.0
3.0
13.0
1.0
15.0
47.0
49.0
69.0
95.0
40.0
53.0
77.0
89.0
73.0
52.0
90.0
76.0
78.0
77.0
40.0
69.0
114.0
95.0
88.0
91.0
62.0
79.0
102.0
94.0
79.0
85.0
99.0
80.0
85.0
88.0
63.0
73.0
67.0
62.0
50.0
43.0
37.0
47.0
62.0
61.0
58.0
33.0
25.0
21.0
13.0
52.0
37.0
26.0
58.0
80.0
65.0
68.0
35.0
42.0
53.0
40.0
28.0
43.0
34.0
41.0
46.0
11.0
17.0
37.0
60.0
59.0
46.0
83.0
73.0
53.0
28.0
40.0
80.0
89.0
79.0
32.0
42.0
113.0
109.0
53.0
48.0
71.0
71.0
42.0
6.0
14.0
24.0
52.0
17.0
21.0
44.0
54.0
74.0
87.0
90.0
64.0
43.0
54.0
91.0
114.0
83.0
50.0
16.0
42.0
68.0
61.0
69.0
53.0
31.0
54.0
35.0
-14.0
13.0
3.0
-8.0
2.0
14.0
54.0
33.0
29.0
32.0
-8.0
13.0
22.0
12.0
0.0
-1.0
-8.0
-1.0
36.0
36.0
19.0
21.0
18.0
8.0
15.0
25.0
24.0
44.0
40.0
43.0
49.0
21.0
11.0
15.0
-7.0
11.0
15.0
-5.0
0.0
-12.0
23.0
23.0
13.0
54.0
55.0
42.0
30.0
17.0
4.0
1.0
-5.0
-26.0
-47.0
-43.0
-56.0
-74.0
-76.0
-72.0
-66.0
-25.0
-20.0
-2.0
16.0
-16.0
-38.0
-6.0
-1.0
3.0
4.0
-41.0
-24.0
-23.0
-13.0
2.0
17.0
14.0
28.0
12.0
-1.0
15.0
39.0
45.0
36.0
19.0
3.0
4.0
33.0
26.0
56.0
68.0
70.0
53.0
40.0
44.0
99.0
83.0
81.0
81.0
72.0
48.0
83.0
79.0
36.0
40.0
96.0
88.0
82.0
105.0
104.0
82.0
103.0
121.0
138.0
119.0
93.0
117.0
147.0
133.0
142.0
116.0
85.0
116.0
116.0
83.0
87.0
78.0
98.0
90.0
70.0
83.0
64.0
53.0
58.0
31.0
48.0
44.0
26.0
56.0
86.0
125.0
125.0
82.0
72.0
89.0
66.0
76.0
53.0
1.0
-8.0
-18.0
-37.0
-37.0
-24.0
-11.0
25.0
-1.0
-5.0
2.0
19.0
-1.0
16.0
-2.0
-31.0
-51.0
-78.0
-71.0
-21.0
-1.0
-35.0
-11.0
-33.0
-26.0
8.0
-3.0
-24.0
-6.0
2.0
16.0
8.0
4.0
-22.0
-30.0
-12.0
32.0
6.0
-12.0
34.0
33.0
27.0
-18.0
-46.0
-30.0
-47.0
-45.0
-71.0
-67.0
-67.0
-93.0
-58.0
-60.0
-63.0
-33.0
-47.0
-77.0
-32.0
-35.0
-23.0
-12.0
-35.0
-69.0
-97.0
-93.0
-83.0
-52.0
-34.0
-74.0
-52.0
29.0
10.0
-39.0
10.0
5.0
-8.0
-20.0
-50.0
-24.0
-35.0
-47.0
-44.0
-81.0
-77.0
-65.0
-77.0
-37.0
-33.0
-43.0
-12.0
10.0
-6.0
-32.0
-47.0
-25.0
4.0
10.0
-29.0
-54.0
-48.0
-10.0
13.0
-7.0
-14.0
24.0
41.0
31.0
15.0
-6.0
-18.0
-7.0
-21.0
-25.0
-14.0
-38.0
-43.0
-51.0
-63.0
-53.0
-15.0
19.0
14.0
-2.0
12.0
0.0
10.0
33.0
-8.0
-18.0
-24.0
-36.0
-15.0
-32.0
-46.0
-11.0
-25.0
-40.0
-18.0
-3.0
16.0
36.0
37.0
33.0
18.0
-32.0
-48.0
-41.0
-73.0
-95.0
-74.0
-38.0
-40.0
-26.0
5.0
36.0
49.0
25.0
-33.0
-63.0
-86.0
-90.0
-82.0
-97.0
-67.0
-63.0
-76.0
-27.0
-8.0
-13.0
-18.0
-48.0
-29.0
10.0
0.0
-26.0
-16.0
-5.0
-67.0
-59.0
10.0
14.0
1.0
35.0
69.0
35.0
29.0
-21.0
-55.0
-56.0
-53.0
-32.0
-50.0
-45.0
-3.0
-24.0
-32.0
-27.0
-28.0
-16.0
1.0
-3.0
-23.0
-61.0
-59.0
-42.0
-30.0
-27.0
-37.0
-31.0
-15.0
-29.0
-2.0
-11.0
-56.0
-60.0
-81.0
-95.0
-82.0
-77.0
-77.0
-81.0
-92.0
-60.0
-45.0
-50.0
-35.0
-64.0
-79.0
-71.0
-98.0
-94.0
-86.0
-101.0
-94.0
-78.0
-64.0
-53.0
-50.0
-35.0
-45.0
-51.0
-62.0
-80.0
-71.0
-63.0
-63.0
-68.0
-76.0
-62.0
-33.0
-43.0
-4.0
32.0
-18.0
-41.0
-34.0
-32.0
-22.0
-39.0
-64.0
-70.0
-46.0
-23.0
-35.0
-34.0
-24.0
-6.0
27.0
28.0
-10.0
-12.0
-28.0
-58.0
-52.0
-50.0
-62.0
-61.0
-55.0
-52.0
-32.0
6.0
8.0
16.0
23.0
20.0
-6.0
-45.0
-72.0
-66.0
-62.0
-86.0
-79.0
-64.0
-63.0
-61.0
-50.0
-35.0
-50.0
-84.0
-57.0
-36.0
-84.0
-77.0
-27.0
2.0
14.0
-36.0
-45.0
-35.0
-50.0
-10.0
-1.0
-17.0
-50.0
-56.0
-28.0
-16.0
-45.0
-62.0
-67.0
-68.0
-52.0
-86.0
-90.0
-68.0
-37.0
-45.0
-69.0
-68.0
-30.0
-42.0
-72.0
-62.0
-41.0
-39.0
-51.0
-44.0
-26.0
-20.0
16.0
7.0
-31.0
-17.0
-17.0
-13.0
-15.0
-16.0
14.0
-10.0
-16.0
-26.0
-30.0
-18.0
-16.0
-44.0
-48.0
-47.0
-73.0
-62.0
-22.0
-21.0
-2.0
4.0
21.0
18.0
-7.0
14.0
20.0
-10.0
-4.0
0.0
-40.0
-37.0
-23.0
-30.0
-20.0
-5.0
18.0
-2.0
20.0
22.0
11.0
32.0
36.0
4.0
-5.0
-18.0
-36.0
-37.0
7.0
46.0
67.0
50.0
48.0
46.0
36.0
49.0
25.0
-1.0
-11.0
-5.0
-2.0
-53.0
-63.0
-72.0
-73.0
-24.0
0.0
2.0
36.0
34.0
20.0
18.0
-6.0
-20.0
-23.0
-3.0
-5.0
-29.0
2.0
17.0
16.0
27.0
41.0
61.0
101.0
64.0
12.0
6.0
-22.0
-62.0
-35.0
-17.0
-41.0
-33.0
-17.0
-12.0
10.0
50.0
63.0
83.0
81.0
35.0
45.0
30.0
-25.0
-50.0
-32.0
-15.0
-17.0
-20.0
49.0
69.0
14.0
35.0
51.0
39.0
0.0
-11.0
-54.0
-49.0
-59.0
-55.0
-39.0
-50.0
-35.0
11.0
54.0
51.0
46.0
95.0
110.0
78.0
34.0
7.0
-12.0
-46.0
-52.0
-26.0
-29.0
-1.0
7.0
-3.0
-5.0
-12.0
-16.0
17.0
-21.0
-18.0
-5.0
-49.0
-64.0
-52.0
-62.0
-51.0
-11.0
30.0
31.0
32.0
7.0
-2.0
-6.0
11.0
12.0
-5.0
2.0
-16.0
-19.0
-17.0
7.0
44.0
35.0
10.0
34.0
29.0
6.0
10.0
-36.0
-37.0
-37.0
-24.0
-16.0
-11.0
-4.0
2.0
46.0
52.0
11.0
28.0
39.0
5.0
-17.0
11.0
-12.0
-27.0
-43.0
-33.0
-23.0
-23.0
17.0
37.0
20.0
18.0
41.0
37.0
36.0
39.0
27.0
35.0
-1.0
-6.0
13.0
12.0
44.0
17.0
12.0
5.0
8.0
18.0
-14.0
-7.0
34.0
31.0
4.0
-20.0
-26.0
8.0
25.0
35.0
29.0
12.0
64.0
83.0
78.0
77.0
71.0
67.0
81.0
46.0
44.0
48.0
63.0
56.0
41.0
39.0
78.0
90.0
98.0
116.0
110.0
65.0
42.0
35.0
33.0
46.0
28.0
30.0
78.0
83.0
74.0
82.0
93.0
84.0
111.0
100.0
41.0
22.0
24.0
17.0
55.0
46.0
34.0
26.0
12.0
52.0
37.0
44.0
55.0
43.0
39.0
25.0
3.0
4.0
8.0
18.0
34.0
3.0
31.0
88.0
81.0
107.0
112.0
108.0
116.0
94.0
96.0
106.0
57.0
19.0
-12.0
21.0
18.0
-14.0
1.0
-18.0
-56.0
-45.0
-8.0
-6.0
-49.0
-54.0
-60.0
-46.0
-4.0
20.0
13.0
-10.0
-3.0
-6.0
17.0
48.0
29.0
29.0
5.0
-23.0
-62.0
-91.0
-41.0
-43.0
-88.0
-85.0
-59.0
-72.0
-63.0
-60.0
-14.0
25.0
13.0
-11.0
-40.0
-25.0
10.0
-6.0
11.0
7.0
-21.0
-2.0
44.0
52.0
43.0
45.0
69.0
42.0
-19.0
-49.0
-81.0
-87.0
-109.0
-109.0
-91.0
-76.0
-59.0
-37.0
-25.0
-8.0
45.0
43.0
35.0
15.0
-36.0
-65.0
-44.0
-51.0
-36.0
-18.0
-17.0
-25.0
-46.0
-46.0
-19.0
3.0
-17.0
-42.0
-61.0
-59.0
-49.0
-13.0
-35.0
-50.0
-46.0
-43.0
-64.0
-29.0
-12.0
1.0
-20.0
-52.0
-25.0
-33.0
-43.0
-31.0
-38.0
-58.0
-88.0
-97.0
-95.0
-103.0
-70.0
-50.0
-57.0
-67.0
-54.0
-55.0
-65.0
-27.0
-6.0
-18.0
-47.0
-36.0
-21.0
-52.0
-32.0
-32.0
-7.0
-32.0
-72.0
-52.0
-59.0
-83.0
-93.0
-71.0
-41.0
-72.0
-63.0
-19.0
-31.0
-13.0
2.0
1.0
-4.0
-4.0
-5.0
-20.0
-57.0
-48.0
-27.0
-54.0
-56.0
-98.0
-100.0
-88.0
-93.0
-92.0
-68.0
-61.0
-52.0
-38.0
-25.0
-2.0
-51.0
-95.0
-98.0
-89.0
-109.0
-144.0
-106.0
-78.0
-78.0
-69.0
-81.0
-86.0
-78.0
-61.0
-74.0
-80.0
-59.0
-69.0
-72.0
-75.0
-94.0
-94.0
-96.0
-95.0
-77.0
-84.0
-96.0
-54.0
-34.0
-44.0
-77.0
-86.0
-42.0
-3.0
-23.0
-63.0
-93.0
-124.0
-74.0
-34.0
-67.0
-72.0
-47.0
-63.0
-73.0
-76.0
-57.0
-38.0
-58.0
-77.0
-46.0
-37.0
-61.0
-87.0
-87.0
-30.0
-22.0
-64.0
-81.0
-79.0
-55.0
-53.0
-25.0
-63.0
-101.0
-102.0
-81.0
-83.0
-90.0
-84.0
-67.0
-50.0
-47.0
-82.0
-71.0
-60.0
-47.0
-15.0
-42.0
-64.0
-80.0
-101.0
-116.0
-83.0
-81.0
-76.0
-45.0
-45.0
-63.0
-44.0
-53.0
-77.0
-51.0
-56.0
-62.0
-62.0
-91.0
-91.0
-60.0
-81.0
-41.0
2.0
-55.0
-63.0
-40.0
-43.0
-19.0
-44.0
-60.0
-59.0
-63.0
-42.0
-55.0
-51.0
-36.0
-18.0
-11.0
-30.0
-24.0
-2.0
-32.0
-55.0
-51.0
-70.0
-60.0
-59.0
-83.0
-64.0
-68.0
-72.0
-60.0
-30.0
-30.0
-52.0
-54.0
-61.0
-92.0
-102.0
-67.0
-76.0
-106.0
-78.0
-82.0
-92.0
-98.0
-86.0
-63.0
-71.0
-120.0
-125.0
-81.0
-39.0
-59.0
-64.0
-79.0
-111.0
-139.0
-157.0
-117.0
-112.0
-118.0
-116.0
-83.0
-91.0
-111.0
-74.0
-76.0
-61.0
-49.0
-41.0
-45.0
-53.0
-52.0
-45.0
-64.0
-86.0
-62.0
-78.0
-121.0
-120.0
-124.0
-98.0
-54.0
-64.0
-69.0
-12.0
-4.0
-42.0
-59.0
-80.0
-92.0
-32.0
-36.0
-68.0
-73.0
-83.0
-75.0
-80.0
-71.0
-62.0
-41.0
-39.0
-39.0
-34.0
-64.0
-47.0
-44.0
-49.0
-64.0
-102.0
-71.0
-49.0
-65.0
-64.0
-51.0
-54.0
-89.0
-67.0
-45.0
-32.0
-31.0
-42.0
-54.0
-37.0
-50.0
-69.0
-99.0
-121.0
-92.0
-65.0
-60.0
-52.0
-27.0
-8.0
6.0
-4.0
27.0
23.0
9.0
6.0
-22.0
-3.0
-4.0
-24.0
-29.0
-21.0
-29.0
-56.0
-56.0
-26.0
-21.0
-45.0
-89.0
-91.0
-98.0
-111.0
-127.0
-73.0
-55.0
-82.0
-45.0
-20.0
-30.0
-34.0
-39.0
-16.0
11.0
5.0
-2.0
-31.0
-52.0
-78.0
-74.0
-90.0
-99.0
-94.0
-98.0
-105.0
-90.0
-47.0
-66.0
-69.0
-48.0
-66.0
-63.0
-72.0
-109.0
-97.0
-87.0
-79.0
-97.0
-72.0
-44.0
-22.0
0.0
26.0
37.0
26.0
-15.0
-82.0
-61.0
-67.0
-74.0
-82.0
-116.0
-157.0
-129.0
-103.0
-95.0
-81.0
-92.0
-72.0
-41.0
-66.0
-91.0
-131.0
-102.0
-51.0
-51.0
-64.0
-93.0
-74.0
-39.0
-10.0
-6.0
13.0
15.0
-7.0
-30.0
-30.0
-50.0
-78.0
-68.0
-72.0
-106.0
-81.0
-79.0
-72.0
-79.0
-93.0
-42.0
-4.0
-33.0
-30.0
-61.0
-87.0
-65.0
-53.0
-35.0
-30.0
-82.0
-70.0
-64.0
-79.0
-34.0
-25.0
-36.0
-42.0
-72.0
-58.0
-45.0
-63.0
-44.0
-29.0
-22.0
-25.0
-15.0
18.0
23.0
24.0
24.0
15.0
-2.0
2.0
-29.0
-39.0
-58.0
-70.0
-64.0
-73.0
-78.0
-60.0
-54.0
-76.0
-105.0
-65.0
-49.0
-71.0
-87.0
-86.0
-76.0
-81.0
-106.0
-81.0
-32.0
-7.0
-3.0
1.0
-6.0
32.0
17.0
-1.0
16.0
-8.0
-31.0
-58.0
-65.0
-54.0
-27.0
-10.0
2.0
1.0
20.0
18.0
13.0
29.0
-1.0
-4.0
-14.0
-23.0
-5.0
5.0
5.0
15.0
16.0
47.0
54.0
31.0
28.0
38.0
21.0
-1.0
3.0
7.0
0.0
-33.0
-44.0
-31.0
-19.0
28.0
59.0
63.0
62.0
30.0
16.0
35.0
52.0
37.0
-6.0
-35.0
-7.0
1.0
-20.0
-27.0
-11.0
13.0
-18.0
-21.0
-11.0
-21.0
6.0
20.0
-2.0
1.0
-2.0
-29.0
-25.0
-41.0
-29.0
7.0
24.0
25.0
16.0
-12.0
-15.0
-2.0
36.0
39.0
-6.0
-29.0
-8.0
-3.0
17.0
5.0
24.0
32.0
17.0
11.0
20.0
15.0
41.0
49.0
45.0
24.0
-20.0
-13.0
-4.0
-25.0
-25.0
-17.0
-21.0
12.0
53.0
58.0
42.0
49.0
78.0
55.0
5.0
35.0
42.0
10.0
2.0
-4.0
32.0
34.0
31.0
90.0
98.0
83.0
107.0
116.0
116.0
114.0
145.0
121.0
101.0
90.0
48.0
27.0
34.0
50.0
76.0
77.0
70.0
76.0
81.0
98.0
111.0
73.0
60.0
108.0
134.0
110.0
95.0
106.0
137.0
125.0
121.0
121.0
95.0
66.0
64.0
65.0
36.0
20.0
23.0
29.0
25.0
41.0
43.0
63.0
78.0
84.0
130.0
140.0
116.0
96.0
59.0
51.0
50.0
57.0
72.0
63.0
46.0
55.0
70.0
99.0
132.0
115.0
94.0
82.0
100.0
119.0
91.0
91.0
103.0
87.0
87.0
73.0
68.0
68.0
77.0
56.0
55.0
65.0
98.0
103.0
85.0
93.0
74.0
56.0
80.0
95.0
110.0
105.0
102.0
100.0
91.0
76.0
81.0
49.0
25.0
18.0
25.0
49.0
59.0
37.0
32.0
16.0
22.0
42.0
36.0
30.0
25.0
25.0
33.0
19.0
28.0
29.0
18.0
17.0
25.0
37.0
25.0
36.0
41.0
40.0
41.0
65.0
41.0
26.0
36.0
24.0
22.0
5.0
-3.0
35.0
35.0
27.0
58.0
67.0
97.0
111.0
50.0
83.0
81.0
66.0
79.0
67.0
33.0
62.0
83.0
90.0
102.0
117.0
137.0
114.0
127.0
128.0
109.0
90.0
79.0
73.0
55.0
24.0
16.0
75.0
121.0
122.0
111.0
122.0
138.0
109.0
142.0
161.0
130.0
116.0
69.0
4.0
15.0
72.0
69.0
63.0
86.0
87.0
107.0
148.0
150.0
124.0
124.0
152.0
125.0
94.0
68.0
60.0
61.0
55.0
63.0
60.0
38.0
63.0
36.0
-7.0
1.0
-15.0
-9.0
-12.0
-18.0
-6.0
2.0
37.0
62.0
73.0
87.0
92.0
56.0
48.0
71.0
37.0
33.0
42.0
32.0
68.0
92.0
89.0
86.0
81.0
86.0
55.0
52.0
52.0
30.0
5.0
-13.0
-3.0
18.0
35.0
52.0
37.0
8.0
36.0
42.0
25.0
27.0
32.0
33.0
26.0
11.0
11.0
13.0
-8.0
-20.0
-6.0
48.0
91.0
90.0
65.0
20.0
-14.0
-1.0
-25.0
-51.0
-30.0
-5.0
40.0
36.0
19.0
1.0
-5.0
22.0
16.0
-8.0
6.0
-7.0
-26.0
-11.0
-10.0
-15.0
-12.0
15.0
27.0
17.0
5.0
10.0
-27.0
-14.0
17.0
27.0
14.0
-16.0
-45.0
-46.0
-56.0
-33.0
3.0
-15.0
-22.0
-22.0
-3.0
23.0
17.0
51.0
14.0
-59.0
-70.0
-26.0
-47.0
-17.0
24.0
17.0
14.0
23.0
30.0
52.0
59.0
45.0
54.0
52.0
20.0
11.0
3.0
18.0
-2.0
-23.0
-23.0
-15.0
-6.0
-1.0
4.0
-1.0
-15.0
-29.0
-29.0
-10.0
-21.0
-16.0
-10.0
-30.0
7.0
22.0
3.0
21.0
40.0
11.0
23.0
-18.0
-50.0
-23.0
-10.0
-30.0
-20.0
8.0
10.0
-22.0
-43.0
6.0
33.0
6.0
-26.0
-42.0
-26.0
-20.0
-26.0
-37.0
-29.0
-8.0
-13.0
-7.0
8.0
29.0
31.0
18.0
-12.0
-10.0
-18.0
-27.0
6.0
18.0
20.0
20.0
-5.0
-10.0
-27.0
-11.0
8.0
-11.0
-23.0
-46.0
-63.0
-34.0
-48.0
-65.0
-30.0
-24.0
-18.0
-37.0
-51.0
-45.0
-16.0
-1.0
15.0
4.0
-6.0
2.0
0.0
-16.0
-12.0
-1.0
17.0
8.0
-2.0
20.0
24.0
26.0
16.0
31.0
52.0
71.0
70.0
82.0
92.0
81.0
41.0
6.0
3.0
39.0
66.0
26.0
-2.0
-14.0
-46.0
-69.0
-77.0
-68.0
-82.0
-63.0
-26.0
17.0
7.0
1.0
22.0
-4.0
6.0
8.0
-18.0
-3.0
-24.0
-47.0
-62.0
-37.0
-20.0
-15.0
-62.0
-61.0
-37.0
-54.0
-81.0
-65.0
-53.0
-43.0
-33.0
-33.0
-35.0
-23.0
-1.0
-36.0
-67.0
-62.0
-56.0
-69.0
-65.0
-70.0
-72.0
-53.0
-12.0
-13.0
-40.0
8.0
-1.0
-9.0
10.0
-2.0
-12.0
-11.0
-43.0
-32.0
10.0
-6.0
-25.0
4.0
24.0
51.0
60.0
25.0
-14.0
-31.0
-20.0
-11.0
-23.0
-26.0
-19.0
1.0
3.0
-15.0
25.0
-9.0
-36.0
-31.0
0.0
0.0
0.0
0.0
0.0
0.0
0.0
0.0
0.0
0.0
0.0
0.0
0.0
0.0
0.0
0.0
0.0
0.0
0.0
0.0
0.0
0.0
0.0
0.0
0.0
0.0
0.0
0.0
0.0
0.0
0.0
0.0
0.0
0.0
0.0
0.0
0.0
0.0
0.0
0.0
0.0
0.0
0.0
0.0
0.0
0.0
0.0
0.0
0.0
0.0
0.0
0.0
0.0
0.0
0.0
0.0
0.0
0.0
0.0
0.0
0.0
0.0
0.0
0.0
0.0
0.0
0.0
0.0
0.0
0.0
0.0
0.0
0.0
0.0
0.0
0.0
0.0
0.0
0.0
0.0
0.0
0.0
0.0
0.0
0.0
0.0
0.0
0.0
0.0
0.0
0.0
0.0
0.0
0.0
0.0
0.0
0.0
0.0
0.0
0.0
0.0
0.0
0.0
0.0
0.0
0.0
0.0
0.0
0.0
0.0
0.0
0.0
0.0
0.0
0.0
0.0
0.0
0.0
0.0
0.0
0.0
0.0
0.0
0.0
0.0
0.0
0.0
0.0
