-211.0
-240.0
-290.0
-314.0
-305.0
-307.0
-314.0
-316.0
-320.0
-323.0
-279.0
-265.0
-281.0
-298.0
-297.0
-295.0
-286.0
-284.0
-291.0
-294.0
-282.0
-274.0
-287.0
-276.0
-272.0
-278.0
-274.0
-274.0
-275.0
-251.0
-258.0
-267.0
-278.0
-271.0
-250.0
-257.0
-275.0
-268.0
-218.0
-210.0
-253.0
-250.0
-234.0
-242.0
-232.0
-252.0
-271.0
-269.0
-268.0
-253.0
-240.0
-230.0
-249.0
-213.0
-203.0
-237.0
-240.0
-220.0
-234.0
-214.0
-201.0
-237.0
-219.0
-199.0
-195.0
-157.0
-181.0
-215.0
-194.0
-198.0
-206.0
-180.0
-175.0
-172.0
-177.0
-184.0
-158.0
-142.0
-163.0
-139.0
-129.0
-132.0
-136.0
-130.0
-156.0
-187.0
-198.0
-181.0
-101.0
-137.0
-176.0
-187.0
-143.0
-130.0
-159.0
-169.0
-190.0
-175.0
-150.0
-157.0
-144.0
-142.0
-165.0
-148.0
-97.0
-92.0
-116.0
-122.0
-138.0
-168.0
-152.0
-119.0
-180.0
-173.0
-126.0
-133.0
-136.0
-151.0
-159.0
-136.0
-144.0
-166.0
-152.0
-150.0
-127.0
-106.0
-121.0
-131.0
-125.0
-91.0
-91.0
-103.0
-103.0
-137.0
-140.0
-40.0
-40.0
-67.0
-89.0
-81.0
-69.0
-115.0
-70.0
-84.0
-150.0
-109.0
-84.0
-106.0
-107.0
-95.0
-89.0
-76.0
-86.0
-98.0
-54.0
-49.0
-39.0
12.0
33.0
-11.0
-44.0
-50.0
-40.0
-53.0
-57.0
-67.0
-67.0
-65.0
-44.0
-34.0
-47.0
-71.0
-45.0
-48.0
-60.0
-28.0
8.0
-5.0
-46.0
7.0
34.0
-6.0
-19.0
-20.0
-50.0
-44.0
-49.0
-48.0
-59.0
-76.0
-47.0
-37.0
-41.0
-2.0
-18.0
-52.0
-37.0
-10.0
-30.0
-30.0
-40.0
-38.0
-14.0
-35.0
-24.0
-12.0
-47.0
-39.0
-37.0
-48.0
-76.0
-59.0
-25.0
-19.0
-28.0
-60.0
-76.0
-30.0
-53.0
-88.0
-59.0
-75.0
-46.0
5.0
17.0
13.0
3.0
-16.0
-8.0
14.0
4.0
-1.0
-4.0
-23.0
1.0
12.0
-6.0
-42.0
-25.0
-17.0
-65.0
-54.0
-40.0
-60.0
-2.0
-16.0
-33.0
-31.0
-41.0
-15.0
10.0
12.0
32.0
20.0
-13.0
54.0
54.0
23.0
21.0
10.0
11.0
-10.0
-16.0
-2.0
-43.0
-60.0
-40.0
-15.0
-14.0
-20.0
-3.0
14.0
7.0
13.0
9.0
4.0
6.0
-26.0
-36.0
-17.0
5.0
12.0
-20.0
-36.0
3.0
53.0
67.0
164.0
228.0
354.0
548.0
598.0
583.0
584.0
585.0
545.0
459.0
371.0
289.0
209.0
115.0
49.0
-9.0
-56.0
-99.0
-143.0
-165.0
-192.0
-233.0
-266.0
-290.0
-304.0
-327.0
-351.0
-353.0
-324.0
-312.0
-309.0
-275.0
-321.0
-381.0
-400.0
-405.0
-374.0
-369.0
-384.0
-383.0
-359.0
-372.0
-386.0
-374.0
-318.0
-305.0
-317.0
-318.0
-294.0
-305.0
-277.0
-272.0
-289.0
-301.0
-324.0
-285.0
-282.0
-279.0
-287.0
-300.0
-297.0
-281.0
-263.0
-239.0
-227.0
-221.0
-198.0
-208.0
-223.0
-220.0
-243.0
-255.0
-265.0
-263.0
-241.0
-275.0
-285.0
-281.0
-278.0
-286.0
-310.0
-266.0
-251.0
-267.0
-267.0
-254.0
-272.0
-257.0
-218.0
-206.0
-225.0
-225.0
-234.0
-228.0
-222.0
-221.0
-247.0
-245.0
-254.0
-245.0
-228.0
-226.0
-232.0
-235.0
-227.0
-263.0
-261.0
-220.0
-219.0
-216.0
-221.0
-219.0
-210.0
-216.0
-223.0
-244.0
-250.0
-255.0
-225.0
-169.0
-188.0
-206.0
-219.0
-225.0
-208.0
-168.0
-195.0
-233.0
-230.0
-216.0
-222.0
-237.0
-203.0
-185.0
-220.0
-202.0
-192.0
-173.0
-147.0
-150.0
-170.0
-174.0
-165.0
-162.0
-123.0
-158.0
-177.0
-161.0
-152.0
-165.0
-149.0
-112.0
-135.0
-174.0
-174.0
-187.0
-191.0
-105.0
-77.0
-102.0
-99.0
-131.0
-145.0
-128.0
-130.0
-136.0
-109.0
-117.0
-138.0
-156.0
-130.0
-121.0
-144.0
-162.0
-159.0
-141.0
-158.0
-140.0
-126.0
-138.0
-137.0
-112.0
-83.0
-68.0
-55.0
-55.0
-39.0
-81.0
-119.0
-116.0
-124.0
-103.0
-70.0
-110.0
-109.0
-63.0
-87.0
-107.0
-96.0
-99.0
-105.0
-109.0
-97.0
-114.0
-107.0
-74.0
-67.0
-103.0
-108.0
-73.0
-26.0
-40.0
-74.0
-95.0
-68.0
-75.0
-114.0
-118.0
-83.0
-62.0
-70.0
-91.0
-109.0
-62.0
-59.0
-99.0
-101.0
-64.0
-52.0
-34.0
-53.0
-56.0
-46.0
-75.0
-71.0
-60.0
-80.0
-85.0
-71.0
-66.0
-91.0
-82.0
-84.0
-83.0
-93.0
-61.0
-43.0
-36.0
-32.0
-63.0
-54.0
-37.0
-60.0
-58.0
-44.0
-14.0
-60.0
-99.0
-86.0
-76.0
-66.0
-54.0
-56.0
-44.0
-31.0
-69.0
-82.0
-87.0
-77.0
-63.0
-93.0
-130.0
-84.0
-74.0
-82.0
-66.0
-36.0
-27.0
-26.0
-23.0
-19.0
8.0
-8.0
-35.0
-29.0
13.0
-18.0
-41.0
-10.0
-20.0
-23.0
-3.0
-29.0
-46.0
-31.0
-16.0
-16.0
-22.0
-8.0
-13.0
-4.0
4.0
-9.0
-16.0
-5.0
8.0
-25.0
-35.0
25.0
55.0
22.0
4.0
-4.0
-42.0
-42.0
-37.0
-31.0
0.0
-37.0
-51.0
-32.0
-6.0
35.0
68.0
31.0
23.0
25.0
14.0
15.0
18.0
26.0
30.0
22.0
-12.0
-26.0
-4.0
-19.0
-89.0
-67.0
-25.0
-14.0
-4.0
-17.0
-12.0
-12.0
-18.0
-32.0
-26.0
0.0
25.0
4.0
-26.0
10.0
41.0
7.0
-11.0
-26.0
-37.0
8.0
-30.0
-11.0
-36.0
-61.0
-44.0
-55.0
-65.0
-74.0
6.0
-32.0
-77.0
-69.0
-22.0
-16.0
-11.0
-20.0
-34.0
-31.0
-20.0
3.0
15.0
8.0
6.0
-13.0
11.0
33.0
46.0
56.0
9.0
15.0
-37.0
-36.0
-2.0
-36.0
-84.0
-74.0
-64.0
-82.0
-60.0
-34.0
-36.0
-34.0
-23.0
6.0
-13.0
-29.0
9.0
25.0
-7.0
1.0
-16.0
-21.0
-11.0
9.0
-7.0
-39.0
-55.0
-54.0
-70.0
-24.0
-10.0
-60.0
-43.0
-43.0
-61.0
-59.0
-95.0
-88.0
-49.0
-59.0
-74.0
-82.0
-109.0
-92.0
-107.0
-55.0
-52.0
-102.0
-87.0
-95.0
-129.0
-101.0
-66.0
-61.0
-85.0
-82.0
-69.0
-39.0
-50.0
-36.0
-30.0
-53.0
-69.0
-20.0
-34.0
-73.0
-72.0
-21.0
-36.0
-68.0
-54.0
-70.0
-62.0
-61.0
-74.0
-66.0
-69.0
-78.0
-69.0
-70.0
-102.0
-80.0
-21.0
-20.0
-47.0
-35.0
-19.0
-46.0
-50.0
-58.0
-88.0
-64.0
-15.0
-51.0
-68.0
-103.0
-105.0
-67.0
-35.0
-51.0
-65.0
-93.0
-80.0
-68.0
-65.0
-68.0
-55.0
-70.0
-88.0
-53.0
-9.0
42.0
78.0
1.0
-43.0
-24.0
-27.0
-41.0
-50.0
-79.0
-94.0
-114.0
-106.0
-89.0
-108.0
-116.0
-104.0
-96.0
-109.0
-121.0
-138.0
-104.0
-99.0
-105.0
-80.0
-57.0
-73.0
-68.0
-76.0
-81.0
-96.0
-94.0
-83.0
-76.0
-49.0
-64.0
-78.0
-64.0
-80.0
-87.0
-43.0
-20.0
-64.0
-100.0
-86.0
-32.0
-52.0
-96.0
-97.0
-99.0
-117.0
-85.0
-90.0
-100.0
-87.0
-103.0
-119.0
-89.0
-59.0
-74.0
-98.0
-88.0
-97.0
-98.0
-108.0
-126.0
-107.0
-88.0
-124.0
-138.0
-150.0
-128.0
-114.0
-131.0
-104.0
-110.0
-88.0
-83.0
-54.0
16.0
99.0
158.0
309.0
486.0
604.0
588.0
584.0
588.0
587.0
571.0
499.0
415.0
294.0
221.0
112.0
52.0
17.0
-71.0
-118.0
-141.0
-175.0
-165.0
-208.0
-252.0
-278.0
-283.0
-279.0
-338.0
-350.0
-317.0
-355.0
-403.0
-382.0
-387.0
-416.0
-436.0
-389.0
-352.0
-380.0
-403.0
-355.0
-343.0
-360.0
-345.0
-309.0
-332.0
-351.0
-333.0
-304.0
-291.0
-327.0
-333.0
-322.0
-303.0
-329.0
-300.0
-290.0
-307.0
-321.0
-317.0
-314.0
-296.0
-296.0
-284.0
-257.0
-268.0
-288.0
-299.0
-305.0
-269.0
-233.0
-244.0
-271.0
-284.0
-263.0
-277.0
-252.0
-209.0
-239.0
-221.0
-204.0
-223.0
-223.0
-243.0
-279.0
-286.0
-250.0
-258.0
-232.0
-207.0
-202.0
-224.0
-219.0
-223.0
-195.0
-164.0
-183.0
-211.0
-205.0
-202.0
-220.0
-224.0
-239.0
-214.0
-202.0
-195.0
-196.0
-220.0
-209.0
-184.0
-184.0
-173.0
-204.0
-223.0
-234.0
-204.0
-166.0
-169.0
-164.0
-169.0
-193.0
-164.0
-183.0
-210.0
-230.0
-203.0
-192.0
-205.0
-217.0
-186.0
-190.0
-183.0
-162.0
-161.0
-172.0
-139.0
-146.0
-156.0
-151.0
-179.0
-195.0
-172.0
-174.0
-177.0
-182.0
-159.0
-144.0
-143.0
-147.0
-131.0
-136.0
-121.0
-136.0
-139.0
-130.0
-113.0
-126.0
-93.0
-120.0
-144.0
-124.0
-116.0
-106.0
-99.0
-100.0
-125.0
-156.0
-124.0
-115.0
-127.0
-105.0
-119.0
-162.0
-128.0
-150.0
-198.0
-191.0
-214.0
-231.0
-216.0
-221.0
-215.0
-222.0
-208.0
-191.0
-181.0
-177.0
-168.0
-177.0
-178.0
-211.0
-187.0
-156.0
-184.0
-196.0
-192.0
-178.0
-162.0
-166.0
-165.0
-152.0
-154.0
-142.0
-166.0
-197.0
-185.0
-181.0
-172.0
-175.0
-169.0
-186.0
-195.0
-190.0
-185.0
-166.0
-148.0
-145.0
-193.0
-146.0
-145.0
-200.0
-184.0
-192.0
-211.0
-210.0
-186.0
-185.0
-211.0
-205.0
-205.0
-199.0
-174.0
-159.0
-153.0
-131.0
-91.0
-70.0
-105.0
-152.0
-158.0
-139.0
-119.0
-133.0
-159.0
-136.0
-117.0
-152.0
-147.0
-99.0
-82.0
-96.0
-114.0
-107.0
-98.0
-109.0
-109.0
-108.0
-128.0
-123.0
-92.0
-100.0
-118.0
-74.0
-103.0
-137.0
-130.0
-126.0
-143.0
-163.0
-176.0
-150.0
-141.0
-185.0
-171.0
-102.0
-128.0
-137.0
-89.0
-92.0
-83.0
-88.0
-125.0
-99.0
-80.0
-101.0
-111.0
-126.0
-119.0
-127.0
-117.0
-97.0
-130.0
-151.0
-99.0
-72.0
-131.0
-67.0
-56.0
-61.0
-50.0
-61.0
-49.0
-62.0
-57.0
-46.0
-77.0
-89.0
-88.0
-93.0
-77.0
-99.0
-108.0
-119.0
-109.0
-122.0
-136.0
-115.0
-95.0
-107.0
-123.0
-86.0
-87.0
-83.0
-83.0
-109.0
-90.0
-96.0
-104.0
-92.0
-103.0
-119.0
-83.0
-68.0
-82.0
-79.0
-105.0
-78.0
-65.0
37.0
126.0
196.0
320.0
494.0
603.0
588.0
566.0
498.0
447.0
327.0
290.0
258.0
225.0
158.0
102.0
59.0
35.0
20.0
-41.0
-62.0
-75.0
-87.0
-109.0
-128.0
-159.0
-162.0
-169.0
-194.0
-223.0
-165.0
-206.0
-234.0
-220.0
-249.0
-251.0
-244.0
-241.0
-262.0
-266.0
-260.0
-274.0
-287.0
-269.0
-291.0
-279.0
-253.0
-287.0
-314.0
-324.0
-327.0
-284.0
-274.0
-284.0
-227.0
-186.0
-155.0
-187.0
-231.0
-230.0
-232.0
-214.0
-233.0
-247.0
-219.0
-214.0
-259.0
-252.0
-250.0
-208.0
-194.0
-213.0
-215.0
-222.0
-202.0
-209.0
-225.0
-223.0
-192.0
-208.0
-209.0
-178.0
-212.0
-229.0
-203.0
-195.0
-221.0
-232.0
-244.0
-242.0
-214.0
-231.0
-253.0
-202.0
-163.0
-151.0
-139.0
-144.0
-154.0
-158.0
-171.0
-169.0
-162.0
-144.0
-137.0
-181.0
-181.0
-152.0
-157.0
-190.0
-195.0
-184.0
-167.0
-178.0
-201.0
-168.0
-176.0
-170.0
-140.0
-140.0
-159.0
-174.0
-162.0
-128.0
-182.0
-207.0
-162.0
-151.0
-172.0
-171.0
-166.0
-179.0
-205.0
-168.0
-126.0
-125.0
-163.0
-192.0
-188.0
-138.0
-159.0
-187.0
-203.0
-228.0
-175.0
-149.0
-169.0
-171.0
-199.0
-205.0
-135.0
-124.0
-155.0
-166.0
-156.0
-133.0
-134.0
-108.0
-82.0
-76.0
-100.0
-83.0
-107.0
-93.0
-54.0
-82.0
-107.0
-124.0
-74.0
-38.0
-49.0
-79.0
-95.0
-110.0
-48.0
-31.0
-53.0
-41.0
-59.0
-100.0
-77.0
-42.0
-84.0
-93.0
-51.0
-52.0
-60.0
-42.0
-46.0
-42.0
-35.0
-59.0
-35.0
-8.0
7.0
1.0
-2.0
32.0
8.0
-15.0
-18.0
-35.0
-33.0
-18.0
-11.0
-21.0
-10.0
-24.0
-49.0
-31.0
-40.0
-16.0
0.0
38.0
66.0
23.0
-51.0
-23.0
-25.0
-11.0
-11.0
-35.0
-33.0
-20.0
-19.0
-1.0
-13.0
-26.0
-33.0
21.0
92.0
143.0
259.0
385.0
483.0
598.0
592.0
585.0
585.0
581.0
509.0
395.0
310.0
235.0
155.0
97.0
62.0
-4.0
-52.0
1.0
-15.0
-106.0
-150.0
-158.0
-147.0
-199.0
-172.0
-175.0
-233.0
-239.0
-225.0
-242.0
-258.0
-288.0
-337.0
-339.0
-305.0
-323.0
-348.0
-352.0
-361.0
-371.0
-342.0
-326.0
-322.0
-317.0
-328.0
-345.0
-335.0
-326.0
-317.0
-293.0
-307.0
-303.0
-270.0
-307.0
-317.0
-304.0
-285.0
-275.0
-248.0
-222.0
-236.0
-242.0
-228.0
-232.0
-237.0
-240.0
-240.0
-208.0
-208.0
-192.0
-196.0
-252.0
-256.0
-228.0
-227.0
-221.0
-201.0
-199.0
-205.0
-214.0
-220.0
-193.0
-187.0
-202.0
-204.0
-180.0
-144.0
-168.0
-188.0
-183.0
-167.0
-166.0
-161.0
-159.0
-180.0
-184.0
-155.0
-141.0
-161.0
-146.0
-164.0
-185.0
-167.0
-125.0
-132.0
-140.0
-136.0
-93.0
-113.0
-139.0
-98.0
-123.0
-109.0
-114.0
-114.0
-110.0
-119.0
-123.0
-135.0
-118.0
-85.0
-87.0
-89.0
-71.0
-115.0
-121.0
-85.0
-100.0
-118.0
-101.0
-118.0
-117.0
-106.0
-83.0
-78.0
-56.0
-35.0
-27.0
1.0
-25.0
-76.0
-102.0
-71.0
-64.0
-71.0
-72.0
-106.0
-86.0
-68.0
-81.0
-77.0
-82.0
-63.0
-61.0
-80.0
-79.0
-62.0
-67.0
-62.0
-52.0
-48.0
-37.0
-52.0
-30.0
3.0
-20.0
-6.0
38.0
45.0
-1.0
-17.0
52.0
88.0
55.0
63.0
58.0
81.0
56.0
49.0
80.0
63.0
70.0
59.0
5.0
25.0
25.0
-16.0
-30.0
10.0
23.0
26.0
17.0
14.0
-4.0
3.0
28.0
18.0
-44.0
-45.0
50.0
42.0
3.0
-34.0
-23.0
12.0
32.0
-3.0
4.0
45.0
36.0
18.0
60.0
21.0
-23.0
10.0
44.0
51.0
35.0
-11.0
-31.0
-26.0
-9.0
19.0
5.0
14.0
35.0
-4.0
8.0
5.0
-5.0
-4.0
-39.0
-49.0
16.0
29.0
13.0
18.0
70.0
59.0
27.0
32.0
33.0
43.0
-1.0
-54.0
-52.0
-18.0
-12.0
-11.0
-8.0
-30.0
-13.0
-12.0
-53.0
-59.0
-40.0
-12.0
-3.0
-10.0
29.0
25.0
-8.0
-10.0
10.0
33.0
27.0
-10.0
-32.0
-25.0
17.0
28.0
14.0
10.0
9.0
4.0
-24.0
-17.0
-27.0
1.0
49.0
46.0
-4.0
-18.0
15.0
-2.0
-1.0
45.0
54.0
58.0
104.0
118.0
70.0
23.0
28.0
24.0
5.0
15.0
0.0
-24.0
-11.0
-14.0
-1.0
-2.0
-34.0
-7.0
9.0
-27.0
-36.0
-1.0
-26.0
-48.0
-6.0
16.0
56.0
147.0
262.0
346.0
517.0
621.0
584.0
589.0
569.0
463.0
407.0
402.0
360.0
271.0
193.0
167.0
138.0
81.0
72.0
34.0
-3.0
-14.0
-45.0
-73.0
-94.0
-131.0
-152.0
-186.0
-203.0
-236.0
-234.0
-268.0
-305.0
-266.0
-246.0
-293.0
-276.0
-271.0
-307.0
-290.0
-284.0
-300.0
-266.0
-281.0
-299.0
-249.0
-244.0
-270.0
-266.0
-289.0
-287.0
-274.0
-288.0
-303.0
-310.0
-317.0
-324.0
-275.0
-217.0
-253.0
-284.0
-250.0
-250.0
-242.0
-236.0
-222.0
-224.0
-230.0
-250.0
-188.0
-175.0
-201.0
-212.0
-221.0
-224.0
-233.0
-249.0
-241.0
-223.0
-209.0
-187.0
-163.0
-138.0
-136.0
-119.0
-115.0
-147.0
-145.0
-146.0
-186.0
-156.0
-122.0
-157.0
-214.0
-196.0
-159.0
-165.0
-203.0
-199.0
-179.0
-205.0
-213.0
-196.0
-202.0
-209.0
-196.0
-205.0
-202.0
-167.0
-155.0
-167.0
-138.0
-131.0
-151.0
-148.0
-140.0
-138.0
-141.0
-153.0
-154.0
-146.0
-165.0
-182.0
-179.0
-204.0
-178.0
-144.0
-154.0
-129.0
-126.0
-80.0
-12.0
-6.0
-68.0
-82.0
-105.0
-164.0
-196.0
-195.0
-186.0
-156.0
-147.0
-160.0
-155.0
-124.0
-99.0
-110.0
-137.0
-164.0
-158.0
-156.0
-173.0
-182.0
-213.0
-242.0
-222.0
-173.0
-163.0
-213.0
-184.0
-148.0
-157.0
-134.0
-145.0
-159.0
-107.0
-116.0
-150.0
-151.0
-115.0
-89.0
-99.0
-120.0
-140.0
-159.0
-129.0
-119.0
-134.0
-126.0
-168.0
-156.0
-144.0
-167.0
-168.0
-176.0
-166.0
-150.0
-157.0
-133.0
-80.0
-96.0
-92.0
-110.0
-130.0
-107.0
-120.0
-128.0
-108.0
-111.0
-113.0
-127.0
-166.0
-134.0
-108.0
-121.0
-119.0
-146.0
-136.0
-116.0
-105.0
-52.0
-63.0
-112.0
-78.0
-58.0
-87.0
-87.0
-64.0
-59.0
-65.0
-39.0
-9.0
-25.0
-41.0
-20.0
-20.0
-30.0
-42.0
-34.0
-12.0
-22.0
-28.0
-11.0
-21.0
3.0
-15.0
-45.0
-48.0
-25.0
12.0
24.0
2.0
-4.0
-26.0
-22.0
-35.0
-50.0
-51.0
-42.0
-24.0
-26.0
-44.0
-25.0
-14.0
-22.0
1.0
-12.0
-30.0
-34.0
-54.0
-58.0
-30.0
-45.0
-42.0
-17.0
-36.0
-40.0
-24.0
-3.0
12.0
12.0
30.0
29.0
-21.0
-59.0
-52.0
-1.0
-1.0
-76.0
-81.0
-60.0
-71.0
-48.0
-43.0
-42.0
-34.0
-14.0
51.0
42.0
-38.0
-52.0
-65.0
-64.0
-26.0
-49.0
-59.0
-89.0
-78.0
-31.0
-30.0
-38.0
-25.0
-31.0
-43.0
-67.0
-72.0
-52.0
-69.0
-73.0
-65.0
-68.0
-84.0
-82.0
-65.0
-42.0
-21.0
-26.0
-48.0
-89.0
-56.0
-34.0
-56.0
-61.0
-60.0
-28.0
-22.0
-34.0
-49.0
-69.0
-112.0
-86.0
-33.0
-87.0
-88.0
-100.0
-77.0
-69.0
-94.0
-96.0
-90.0
-88.0
-88.0
-83.0
-56.0
-69.0
-97.0
-54.0
-23.0
43.0
211.0
374.0
486.0
608.0
590.0
580.0
588.0
567.0
511.0
406.0
327.0
298.0
222.0
138.0
111.0
57.0
1.0
-59.0
-118.0
-128.0
-155.0
-214.0
-241.0
-286.0
-304.0
-349.0
-328.0
-345.0
-372.0
-387.0
-367.0
-347.0
-370.0
-379.0
-374.0
-385.0
-378.0
-375.0
-347.0
-329.0
-355.0
-387.0
-354.0
-342.0
-346.0
-327.0
-316.0
-323.0
-334.0
-326.0
-307.0
-320.0
-354.0
-333.0
-326.0
-319.0
-308.0
-318.0
-343.0
-338.0
-306.0
-285.0
-318.0
-343.0
-315.0
-280.0
-300.0
-316.0
-291.0
-268.0
-274.0
-274.0
-220.0
-195.0
-240.0
-256.0
-239.0
-234.0
-247.0
-253.0
-259.0
-289.0
-290.0
-268.0
-227.0
-223.0
-269.0
-286.0
-246.0
-263.0
-265.0
-259.0
-231.0
-194.0
-162.0
-146.0
-208.0
-224.0
-179.0
-173.0
-203.0
-204.0
-210.0
-226.0
-193.0
-215.0
-224.0
-234.0
-248.0
-206.0
-172.0
-201.0
-213.0
-206.0
-180.0
-211.0
-237.0
-210.0
-230.0
-234.0
-173.0
-156.0
-138.0
-165.0
-195.0
-194.0
-174.0
-194.0
-192.0
-187.0
-162.0
-163.0
-190.0
-166.0
-149.0
-142.0
-138.0
-146.0
-124.0
-127.0
-145.0
-133.0
-129.0
-150.0
-143.0
-122.0
-142.0
-157.0
-154.0
-147.0
-117.0
-133.0
-141.0
-157.0
-168.0
-172.0
-167.0
-170.0
-158.0
-152.0
-152.0
-139.0
-151.0
-169.0
-162.0
-118.0
-102.0
-108.0
-79.0
-71.0
-83.0
-90.0
-110.0
-107.0
-117.0
-109.0
-108.0
-132.0
-115.0
-107.0
-98.0
-80.0
-126.0
-154.0
-51.0
-20.0
37.0
118.0
234.0
354.0
564.0
615.0
577.0
586.0
587.0
586.0
567.0
491.0
370.0
292.0
222.0
142.0
43.0
-17.0
-65.0
-116.0
-201.0
-262.0
-275.0
-293.0
-293.0
-316.0
-371.0
-378.0
-407.0
-433.0
-362.0
-374.0
-400.0
-416.0
-440.0
-464.0
-459.0
-438.0
-441.0
-453.0
-444.0
-433.0
-440.0
-456.0
-427.0
-367.0
-380.0
-402.0
-364.0
-364.0
-377.0
-352.0
-338.0
-353.0
-341.0
-360.0
-345.0
-326.0
-316.0
-315.0
-320.0
-288.0
-234.0
-266.0
-305.0
-311.0
-291.0
-291.0
-294.0
-303.0
-309.0
-318.0
-322.0
-281.0
-296.0
-277.0
-282.0
-324.0
-300.0
-282.0
-280.0
-288.0
-310.0
-297.0
-255.0
-233.0
-247.0
-229.0
-220.0
-203.0
-202.0
-215.0
-204.0
-220.0
-242.0
-260.0
-183.0
-173.0
-193.0
-190.0
-202.0
-231.0
-206.0
-182.0
-209.0
-222.0
-215.0
-181.0
-163.0
-202.0
-233.0
-216.0
-213.0
-203.0
-188.0
-176.0
-138.0
-169.0
-187.0
-176.0
-193.0
-142.0
-117.0
-131.0
-150.0
-171.0
-152.0
-133.0
-165.0
-195.0
-201.0
-193.0
-192.0
-213.0
-201.0
-191.0
-196.0
-197.0
-176.0
-175.0
-175.0
-162.0
-148.0
-157.0
-150.0
-112.0
-109.0
-144.0
-145.0
-107.0
-135.0
-158.0
-172.0
-177.0
-210.0
-203.0
-205.0
-250.0
-252.0
-194.0
-181.0
-164.0
-143.0
-129.0
-161.0
-172.0
-123.0
-111.0
-127.0
-133.0
-107.0
-92.0
-100.0
-90.0
-67.0
-50.0
-68.0
-77.0
-48.0
-55.0
-40.0
-8.0
-25.0
-76.0
-64.0
-29.0
-71.0
-107.0
-93.0
-76.0
-48.0
-64.0
-77.0
-59.0
-56.0
-42.0
-22.0
-45.0
-62.0
-54.0
-32.0
-22.0
-56.0
-84.0
-100.0
-68.0
-42.0
-87.0
-119.0
-90.0
-73.0
-29.0
-29.0
-13.0
-14.0
-72.0
-7.0
-14.0
-91.0
-96.0
-22.0
-21.0
-77.0
-113.0
-88.0
-78.0
-105.0
-96.0
-90.0
-136.0
-127.0
-87.0
-87.0
-94.0
-70.0
-53.0
-80.0
-81.0
-65.0
-108.0
-63.0
-30.0
-62.0
-61.0
-60.0
-63.0
-58.0
-47.0
-7.0
-41.0
-77.0
-84.0
-72.0
-52.0
-60.0
-44.0
-40.0
-22.0
-38.0
-56.0
-51.0
-47.0
-53.0
-46.0
-56.0
-57.0
-63.0
-44.0
-68.0
-131.0
-129.0
-108.0
-61.0
81.0
160.0
293.0
441.0
561.0
600.0
586.0
589.0
589.0
538.0
478.0
442.0
345.0
252.0
186.0
108.0
83.0
15.0
-63.0
-93.0
-126.0
-159.0
-208.0
-239.0
-233.0
-288.0
-309.0
-307.0
-375.0
-375.0
-345.0
-346.0
-348.0
-348.0
-399.0
-395.0
-354.0
-342.0
-371.0
-369.0
-360.0
-385.0
-372.0
-352.0
-398.0
-430.0
-409.0
-331.0
-365.0
-400.0
-385.0
-375.0
-345.0
-318.0
-301.0
-291.0
-288.0
-306.0
-297.0
-314.0
-354.0
-350.0
-372.0
-399.0
-395.0
-384.0
-401.0
-388.0
-391.0
-373.0
-327.0
-325.0
-301.0
-318.0
-297.0
-285.0
-290.0
-277.0
-252.0
-283.0
-281.0
-299.0
-260.0
-298.0
-331.0
-303.0
-297.0
-315.0
-319.0
-319.0
-289.0
-260.0
-220.0
-175.0
-190.0
-227.0
-242.0
-247.0
-224.0
-238.0
-260.0
-218.0
-194.0
-215.0
-243.0
-223.0
-238.0
-232.0
-233.0
-242.0
-262.0
-242.0
-209.0
-219.0
-227.0
-217.0
-233.0
-209.0
-211.0
-215.0
-186.0
-167.0
-155.0
-172.0
-199.0
-212.0
-232.0
-225.0
-108.0
-39.0
31.0
89.0
77.0
62.0
43.0
34.0
65.0
49.0
45.0
31.0
5.0
22.0
14.0
-25.0
-33.0
-24.0
-39.0
-53.0
-51.0
-80.0
-93.0
-58.0
-71.0
-103.0
-65.0
-35.0
-41.0
-48.0
-56.0
-79.0
-101.0
-76.0
-36.0
-31.0
-80.0
-80.0
-53.0
-11.0
-27.0
-42.0
-25.0
-23.0
-15.0
11.0
-17.0
-23.0
-14.0
-21.0
-27.0
-14.0
-42.0
-62.0
-36.0
-64.0
-21.0
11.0
-8.0
-50.0
-43.0
-25.0
-6.0
-2.0
-55.0
-22.0
1.0
18.0
10.0
5.0
-10.0
-37.0
-35.0
1.0
-7.0
-48.0
-48.0
-43.0
-44.0
-46.0
-35.0
-30.0
-19.0
-29.0
-43.0
-22.0
-33.0
-50.0
-27.0
-43.0
-37.0
-33.0
-56.0
-52.0
-37.0
-42.0
-27.0
-27.0
-63.0
-73.0
-65.0
-16.0
9.0
-27.0
-34.0
-9.0
-1.0
-12.0
-25.0
-3.0
5.0
24.0
32.0
10.0
-30.0
-36.0
-16.0
16.0
18.0
20.0
10.0
-42.0
-68.0
-50.0
-88.0
-72.0
-62.0
-97.0
-78.0
-48.0
10.0
11.0
-21.0
-16.0
-6.0
22.0
10.0
-32.0
-14.0
4.0
-27.0
-39.0
-5.0
-8.0
-16.0
-13.0
-16.0
-10.0
-9.0
9.0
4.0
-36.0
-41.0
-25.0
15.0
27.0
-14.0
-11.0
1.0
-13.0
-17.0
-4.0
-18.0
-26.0
-36.0
5.0
37.0
20.0
-5.0
-10.0
10.0
8.0
-38.0
-34.0
5.0
9.0
15.0
-24.0
-37.0
-4.0
-17.0
5.0
-1.0
-22.0
-12.0
-30.0
26.0
94.0
172.0
283.0
474.0
633.0
575.0
580.0
588.0
576.0
504.0
455.0
382.0
305.0
203.0
133.0
37.0
3.0
-50.0
-65.0
-121.0
-199.0
-238.0
-265.0
-321.0
-309.0
-329.0
-360.0
-338.0
-379.0
-391.0
-394.0
-389.0
-391.0
-411.0
-413.0
-423.0
-399.0
-369.0
-400.0
-428.0
-435.0
-428.0
-430.0
-415.0
-421.0
-387.0
-370.0
-330.0
-324.0
-347.0
-323.0
-327.0
-346.0
-329.0
-325.0
-323.0
-288.0
-299.0
-315.0
-291.0
-266.0
-275.0
-279.0
-291.0
-298.0
-301.0
-263.0
-253.0
-295.0
-292.0
-254.0
-296.0
-287.0
-290.0
-273.0
-287.0
-312.0
-285.0
-253.0
-269.0
-251.0
-268.0
-259.0
-244.0
-247.0
-182.0
-159.0
-224.0
-277.0
-247.0
-212.0
-235.0
-214.0
-204.0
-230.0
-233.0
-221.0
-250.0
-257.0
-239.0
-211.0
-195.0
-230.0
-258.0
-183.0
-175.0
-193.0
-186.0
-176.0
-201.0
-233.0
-196.0
-150.0
-193.0
-208.0
-205.0
-215.0
-203.0
-206.0
-191.0
-201.0
-210.0
-173.0
-146.0
-159.0
-141.0
-146.0
-126.0
-119.0
-156.0
-152.0
-137.0
-150.0
-141.0
-159.0
-164.0
-134.0
-158.0
-150.0
-166.0
-180.0
-157.0
-163.0
-143.0
-107.0
-186.0
-171.0
-114.0
-197.0
-166.0
-146.0
-230.0
-250.0
-217.0
-233.0
-256.0
-250.0
-227.0
-244.0
-235.0
-225.0
-234.0
-265.0
-250.0
-268.0
-282.0
-279.0
-274.0
-247.0
-253.0
-228.0
-220.0
-209.0
-241.0
-250.0
-202.0
-180.0
-192.0
-166.0
-144.0
-147.0
-126.0
-107.0
-116.0
-109.0
-139.0
-172.0
-133.0
-159.0
-230.0
-229.0
-238.0
-259.0
-260.0
-229.0
-225.0
-243.0
-263.0
-239.0
-208.0
-215.0
-230.0
-201.0
-184.0
-178.0
-193.0
-198.0
-168.0
-147.0
-182.0
-208.0
-207.0
-178.0
-178.0
-224.0
-181.0
-174.0
-188.0
-157.0
-137.0
-163.0
-167.0
-141.0
-103.0
-120.0
-193.0
-187.0
-157.0
-190.0
-187.0
-149.0
-142.0
-128.0
-137.0
-155.0
-205.0
-216.0
-182.0
-210.0
-227.0
-218.0
-153.0
-114.0
-129.0
-125.0
-124.0
-143.0
-112.0
-124.0
-140.0
-119.0
-138.0
-148.0
-131.0
-122.0
-127.0
-91.0
-119.0
-160.0
-119.0
-128.0
-133.0
-119.0
-115.0
-127.0
-111.0
-86.0
-110.0
-132.0
-100.0
-108.0
-94.0
-94.0
-109.0
-87.0
-89.0
-115.0
-105.0
-100.0
-135.0
-177.0
-62.0
47.0
81.0
168.0
223.0
216.0
204.0
219.0
187.0
152.0
153.0
138.0
157.0
153.0
153.0
120.0
129.0
142.0
124.0
87.0
84.0
50.0
54.0
119.0
130.0
109.0
91.0
55.0
91.0
80.0
65.0
89.0
96.0
88.0
87.0
44.0
64.0
50.0
76.0
94.0
69.0
65.0
58.0
46.0
44.0
54.0
100.0
95.0
82.0
125.0
102.0
48.0
59.0
67.0
50.0
55.0
51.0
40.0
18.0
34.0
41.0
19.0
4.0
19.0
22.0
50.0
44.0
23.0
6.0
5.0
16.0
49.0
55.0
71.0
53.0
21.0
83.0
73.0
25.0
36.0
16.0
1.0
-3.0
5.0
26.0
32.0
6.0
-10.0
-1.0
34.0
48.0
44.0
36.0
68.0
80.0
97.0
115.0
105.0
102.0
79.0
24.0
-10.0
-34.0
-53.0
-34.0
-12.0
-17.0
-1.0
-8.0
-22.0
-41.0
-37.0
-11.0
-5.0
-22.0
18.0
8.0
-11.0
44.0
23.0
-17.0
1.0
-1.0
0.0
51.0
32.0
24.0
19.0
-18.0
-26.0
-8.0
7.0
22.0
4.0
-18.0
-18.0
-24.0
30.0
21.0
-27.0
-3.0
-17.0
-26.0
3.0
-5.0
-26.0
-22.0
-48.0
-96.0
-107.0
-74.0
-89.0
-99.0
-56.0
-43.0
-55.0
-62.0
-73.0
-70.0
-74.0
-67.0
-68.0
-40.0
-59.0
-76.0
-63.0
-32.0
-15.0
-8.0
-10.0
-30.0
-26.0
-3.0
8.0
-22.0
-4.0
0.0
-6.0
11.0
-13.0
-34.0
-40.0
-39.0
-39.0
-42.0
-17.0
-2.0
-43.0
-48.0
-50.0
-37.0
-17.0
-19.0
-46.0
-33.0
-13.0
4.0
10.0
-16.0
-21.0
6.0
1.0
11.0
-4.0
10.0
-24.0
-22.0
-11.0
-17.0
-14.0
-14.0
0.0
-5.0
-41.0
-21.0
11.0
20.0
-2.0
-1.0
80.0
143.0
191.0
296.0
432.0
587.0
596.0
579.0
587.0
589.0
504.0
407.0
379.0
296.0
168.0
57.0
32.0
43.0
-65.0
-125.0
-135.0
-112.0
-143.0
-202.0
-185.0
-191.0
-223.0
-282.0
-342.0
-352.0
-393.0
-416.0
-409.0
-411.0
-439.0
-423.0
-438.0
-447.0
-414.0
-383.0
-403.0
-395.0
-429.0
-419.0
-369.0
-318.0
-346.0
-343.0
-351.0
-327.0
-305.0
-296.0
-300.0
-305.0
-284.0
-289.0
-328.0
-313.0
-292.0
-314.0
-319.0
-324.0
-359.0
-364.0
-324.0
-300.0
-314.0
-310.0
-289.0
-282.0
-242.0
-238.0
-239.0
-211.0
-228.0
-208.0
-200.0
-223.0
-219.0
-226.0
-212.0
-229.0
-235.0
-219.0
-213.0
-226.0
-227.0
-238.0
-231.0
-212.0
-193.0
-174.0
-176.0
-165.0
-148.0
-108.0
-100.0
-107.0
-98.0
-96.0
-87.0
-61.0
-39.0
-81.0
-106.0
-110.0
-115.0
-115.0
-91.0
-117.0
-109.0
-99.0
-101.0
-121.0
-137.0
-112.0
-108.0
-99.0
-93.0
-93.0
-96.0
-107.0
-98.0
-98.0
-111.0
-110.0
-108.0
-112.0
-47.0
-43.0
-93.0
-95.0
-48.0
-83.0
-101.0
-47.0
-56.0
-69.0
-51.0
-37.0
-27.0
-21.0
-34.0
-44.0
-58.0
-38.0
-39.0
-50.0
-60.0
-58.0
-43.0
-45.0
-4.0
20.0
-2.0
-10.0
8.0
-2.0
-13.0
-37.0
-42.0
-49.0
-12.0
20.0
-39.0
-50.0
-34.0
-33.0
-33.0
-13.0
7.0
-17.0
-50.0
-30.0
-2.0
-13.0
6.0
10.0
14.0
44.0
25.0
-14.0
-12.0
-33.0
-59.0
-25.0
9.0
-2.0
-28.0
-22.0
1.0
11.0
-4.0
9.0
1.0
3.0
4.0
2.0
-2.0
-29.0
-29.0
-4.0
7.0
-8.0
-22.0
-27.0
-18.0
-1.0
20.0
35.0
22.0
17.0
-2.0
10.0
1.0
-35.0
-42.0
-14.0
-17.0
-36.0
-35.0
-20.0
-49.0
-33.0
-32.0
-46.0
-40.0
-40.0
-54.0
-52.0
-50.0
-69.0
-76.0
-48.0
-58.0
-90.0
-97.0
-100.0
-95.0
-96.0
-85.0
-67.0
-63.0
-53.0
-36.0
-39.0
-55.0
-56.0
-46.0
-36.0
-34.0
-45.0
-63.0
-62.0
-33.0
-4.0
-27.0
-34.0
-17.0
-41.0
-46.0
-56.0
-44.0
-69.0
-68.0
-61.0
-61.0
-69.0
-71.0
-90.0
-76.0
-33.0
-31.0
-45.0
-61.0
-74.0
-51.0
-40.0
-49.0
-21.0
-31.0
-48.0
-56.0
-57.0
-37.0
-35.0
-23.0
-26.0
-32.0
-3.0
22.0
-4.0
-9.0
5.0
6.0
8.0
1.0
-5.0
-3.0
11.0
-7.0
-21.0
13.0
15.0
-36.0
-53.0
-56.0
-40.0
-26.0
-45.0
-48.0
-73.0
-88.0
-48.0
-32.0
-34.0
-24.0
-46.0
-36.0
-3.0
-21.0
-30.0
-34.0
-1.0
54.0
32.0
11.0
-16.0
-12.0
-11.0
-18.0
-2.0
-22.0
-55.0
-55.0
-57.0
-54.0
-47.0
-54.0
-38.0
-23.0
-52.0
-21.0
6.0
-7.0
15.0
8.0
-20.0
-6.0
-8.0
-15.0
-53.0
-87.0
-35.0
-21.0
-10.0
1.0
-9.0
-29.0
-20.0
-12.0
-20.0
-15.0
-30.0
-58.0
-65.0
-9.0
-4.0
-50.0
-5.0
8.0
-9.0
-27.0
-47.0
-31.0
-44.0
-78.0
-78.0
-99.0
-55.0
-43.0
-79.0
-72.0
-43.0
-65.0
-63.0
-40.0
-65.0
-84.0
-77.0
-43.0
-39.0
-35.0
-16.0
-49.0
-75.0
-77.0
-90.0
-37.0
-46.0
-90.0
-80.0
-64.0
-52.0
-49.0
-69.0
-67.0
-46.0
-60.0
-53.0
-40.0
-35.0
-23.0
-60.0
-59.0
-59.0
-77.0
-88.0
-107.0
-89.0
-97.0
-133.0
-123.0
-67.0
-66.0
-51.0
-16.0
-16.0
-14.0
-13.0
-15.0
-16.0
-45.0
-58.0
-92.0
-61.0
-35.0
-56.0
-76.0
-66.0
-77.0
-48.0
-16.0
-45.0
-47.0
-48.0
-68.0
-77.0
-65.0
-48.0
-76.0
-79.0
-50.0
-95.0
-101.0
-102.0
-129.0
-81.0
-42.0
-67.0
-74.0
-92.0
-86.0
-93.0
-99.0
-80.0
-89.0
-73.0
-118.0
-122.0
-66.0
-14.0
-40.0
-56.0
-26.0
-30.0
-42.0
-46.0
-57.0
-75.0
-96.0
-43.0
-41.0
-83.0
-80.0
-84.0
-88.0
-107.0
-72.0
-83.0
-145.0
-125.0
-69.0
-101.0
-130.0
-134.0
-136.0
-154.0
-168.0
-122.0
-118.0
-154.0
-178.0
-153.0
-103.0
-100.0
-88.0
-78.0
-90.0
-133.0
-141.0
-88.0
-84.0
-92.0
-122.0
-162.0
-135.0
-110.0
-115.0
-98.0
-124.0
-152.0
-130.0
-96.0
-70.0
-61.0
-87.0
-86.0
-68.0
-28.0
-28.0
48.0
174.0
297.0
385.0
563.0
609.0
581.0
588.0
590.0
576.0
488.0
406.0
319.0
247.0
176.0
87.0
55.0
22.0
-54.0
-107.0
-133.0
-195.0
-246.0
-271.0
-307.0
-304.0
-335.0
-383.0
-396.0
-394.0
-359.0
-372.0
-397.0
-429.0
-425.0
-407.0
-408.0
-406.0
-375.0
-398.0
-424.0
-373.0
-336.0
-323.0
-313.0
-338.0
-346.0
-352.0
-343.0
-364.0
-417.0
-366.0
-285.0
-318.0
-329.0
-345.0
-365.0
-357.0
-357.0
-331.0
-327.0
-322.0
-330.0
-338.0
-283.0
-282.0
-299.0
-288.0
-289.0
-285.0
-268.0
-268.0
-273.0
-270.0
-250.0
-240.0
-262.0
-258.0
-232.0
-261.0
-271.0
-244.0
-278.0
-287.0
-243.0
-240.0
-185.0
-210.0
-238.0
-249.0
-209.0
-146.0
-167.0
-212.0
-231.0
-235.0
-263.0
-192.0
-172.0
-195.0
-206.0
-190.0
-159.0
-153.0
-202.0
-206.0
-191.0
-188.0
-177.0
-189.0
-183.0
-203.0
-221.0
-188.0
-194.0
-201.0
-185.0
-212.0
-184.0
-149.0
-211.0
-212.0
-163.0
-121.0
-151.0
-165.0
-171.0
-166.0
-142.0
-152.0
-158.0
-139.0
-112.0
-131.0
-145.0
-110.0
-102.0
-100.0
-109.0
-116.0
-121.0
-156.0
-145.0
-157.0
-186.0
-158.0
-131.0
-157.0
-176.0
-184.0
-167.0
-154.0
-163.0
-153.0
-142.0
-138.0
-89.0
-104.0
-122.0
-120.0
-119.0
-98.0
-99.0
-114.0
-136.0
-155.0
-118.0
-88.0
-117.0
-113.0
-122.0
-101.0
-104.0
-109.0
-84.0
-44.0
-72.0
-90.0
-54.0
-61.0
-97.0
-134.0
-79.0
-73.0
-124.0
-136.0
-113.0
-111.0
-133.0
-185.0
-137.0
-118.0
-119.0
-118.0
-152.0
-120.0
-95.0
-110.0
-136.0
-138.0
-119.0
-100.0
-77.0
-96.0
-117.0
-98.0
-91.0
-83.0
-77.0
-72.0
-99.0
-95.0
-84.0
-103.0
-103.0
-100.0
-101.0
-57.0
-64.0
-75.0
-67.0
-95.0
-41.0
1.0
-44.0
-52.0
-39.0
-32.0
-13.0
13.0
-17.0
-63.0
-82.0
-101.0
-79.0
-76.0
-79.0
-64.0
-77.0
-112.0
-182.0
-155.0
-119.0
-92.0
-51.0
-48.0
-72.0
-138.0
-150.0
-96.0
-97.0
-93.0
-109.0
-142.0
-116.0
-103.0
-114.0
-105.0
-105.0
-107.0
-105.0
-83.0
-67.0
-31.0
-63.0
-89.0
-100.0
-108.0
-114.0
-103.0
-60.0
-32.0
-71.0
-71.0
-51.0
-54.0
-59.0
-74.0
-96.0
-114.0
-105.0
-115.0
-115.0
-109.0
-122.0
-144.0
-96.0
-63.0
-66.0
-52.0
-62.0
-89.0
-49.0
-60.0
-80.0
-87.0
-111.0
-114.0
-112.0
-102.0
-115.0
-99.0
-84.0
-120.0
-134.0
-105.0
-87.0
-67.0
-51.0
-91.0
-116.0
-119.0
-92.0
-88.0
-69.0
-41.0
-43.0
-56.0
-55.0
-62.0
-63.0
-63.0
-39.0
-29.0
-48.0
-58.0
-71.0
-81.0
-35.0
8.0
-26.0
-27.0
-28.0
-48.0
-70.0
-76.0
-61.0
-15.0
-5.0
-7.0
-19.0
-37.0
-52.0
-54.0
-53.0
-62.0
-80.0
-100.0
-68.0
-41.0
-38.0
-69.0
-66.0
-37.0
-7.0
-33.0
-37.0
-18.0
-29.0
-42.0
-61.0
-74.0
-38.0
32.0
15.0
-21.0
1.0
-9.0
-23.0
-1.0
-21.0
-42.0
-48.0
-26.0
5.0
23.0
-4.0
-21.0
-32.0
8.0
38.0
18.0
12.0
-8.0
-14.0
24.0
17.0
42.0
40.0
7.0
-11.0
-18.0
22.0
110.0
112.0
101.0
61.0
0.0
4.0
3.0
-1.0
-3.0
4.0
7.0
-11.0
-12.0
17.0
41.0
37.0
30.0
34.0
63.0
58.0
34.0
24.0
9.0
14.0
15.0
-1.0
-22.0
12.0
39.0
13.0
1.0
-36.0
-38.0
-4.0
-6.0
-44.0
-48.0
2.0
37.0
49.0
32.0
20.0
20.0
9.0
5.0
5.0
-3.0
14.0
13.0
-8.0
-13.0
-34.0
-23.0
27.0
14.0
-18.0
-9.0
1.0
-23.0
14.0
4.0
-11.0
-7.0
-30.0
16.0
22.0
34.0
67.0
31.0
17.0
0.0
17.0
79.0
58.0
45.0
35.0
43.0
54.0
33.0
39.0
56.0
56.0
48.0
41.0
27.0
53.0
76.0
85.0
79.0
74.0
79.0
84.0
69.0
67.0
105.0
100.0
93.0
121.0
122.0
109.0
73.0
77.0
86.0
88.0
99.0
87.0
80.0
78.0
42.0
46.0
50.0
41.0
67.0
78.0
73.0
79.0
59.0
41.0
29.0
37.0
36.0
4.0
22.0
83.0
68.0
68.0
69.0
52.0
39.0
40.0
40.0
46.0
55.0
52.0
50.0
13.0
10.0
21.0
19.0
17.0
10.0
19.0
10.0
4.0
4.0
6.0
-13.0
-19.0
-17.0
14.0
-17.0
6.0
53.0
81.0
41.0
-9.0
6.0
26.0
20.0
45.0
61.0
65.0
70.0
35.0
11.0
175.0
220.0
252.0
299.0
308.0
308.0
324.0
307.0
274.0
251.0
237.0
251.0
244.0
229.0
212.0
170.0
156.0
164.0
187.0
180.0
148.0
188.0
190.0
161.0
180.0
179.0
133.0
158.0
240.0
200.0
229.0
204.0
192.0
143.0
149.0
196.0
168.0
141.0
133.0
107.0
100.0
107.0
112.0
100.0
76.0
89.0
81.0
71.0
125.0
133.0
124.0
145.0
140.0
138.0
125.0
105.0
130.0
156.0
123.0
122.0
132.0
163.0
158.0
128.0
136.0
137.0
113.0
101.0
110.0
154.0
126.0
97.0
83.0
82.0
94.0
97.0
80.0
91.0
112.0
106.0
125.0
153.0
134.0
130.0
89.0
74.0
92.0
87.0
73.0
90.0
83.0
84.0
96.0
80.0
65.0
29.0
25.0
86.0
65.0
58.0
95.0
108.0
95.0
81.0
83.0
71.0
96.0
107.0
59.0
65.0
99.0
99.0
67.0
59.0
81.0
90.0
59.0
32.0
48.0
67.0
58.0
69.0
67.0
71.0
87.0
82.0
60.0
54.0
86.0
59.0
16.0
-3.0
-25.0
-7.0
-15.0
-39.0
-22.0
-26.0
-2.0
-17.0
-40.0
-5.0
23.0
44.0
77.0
56.0
3.0
-5.0
-2.0
-4.0
-43.0
-46.0
24.0
62.0
20.0
10.0
24.0
31.0
29.0
10.0
7.0
3.0
1.0
-10.0
11.0
28.0
2.0
33.0
67.0
69.0
67.0
76.0
68.0
52.0
71.0
78.0
102.0
88.0
55.0
54.0
49.0
43.0
22.0
-51.0
-45.0
-30.0
-106.0
-76.0
-54.0
-43.0
-36.0
-39.0
-12.0
-39.0
-61.0
-44.0
-47.0
-31.0
-34.0
-67.0
-97.0
-131.0
-121.0
-114.0
-134.0
-170.0
-161.0
-142.0
-106.0
-87.0
-98.0
-114.0
-110.0
-71.0
-56.0
-77.0
-82.0
-80.0
-85.0
-64.0
-44.0
-68.0
-106.0
-88.0
-89.0
-97.0
-99.0
-112.0
-153.0
-132.0
-59.0
-85.0
-96.0
-88.0
-84.0
-89.0
-75.0
-72.0
-72.0
-84.0
-88.0
-93.0
-112.0
-102.0
-95.0
-92.0
-77.0
-86.0
-67.0
-37.0
-61.0
-62.0
-72.0
-83.0
-57.0
-61.0
-82.0
-67.0
-91.0
-69.0
-59.0
-85.0
-116.0
-139.0
-99.0
-91.0
-112.0
-115.0
-116.0
-116.0
-105.0
-51.0
-37.0
-45.0
-37.0
-57.0
-69.0
-63.0
-36.0
-26.0
-45.0
-53.0
-57.0
-49.0
-35.0
-32.0
-27.0
-59.0
-66.0
-74.0
-71.0
-42.0
-86.0
-109.0
-64.0
-64.0
-62.0
-39.0
-24.0
20.0
67.0
60.0
10.0
-44.0
-31.0
-28.0
-85.0
-118.0
-50.0
-22.0
36.0
80.0
147.0
254.0
382.0
571.0
600.0
583.0
579.0
479.0
391.0
360.0
318.0
270.0
209.0
144.0
101.0
105.0
72.0
12.0
-11.0
-32.0
-30.0
-71.0
-117.0
-97.0
-109.0
-162.0
-181.0
-200.0
-211.0
-210.0
-213.0
-244.0
-229.0
-228.0
-254.0
-261.0
-256.0
-268.0
-269.0
-240.0
-236.0
-253.0
-252.0
-260.0
-270.0
-278.0
-281.0
-244.0
-231.0
-246.0
-267.0
-244.0
-217.0
-234.0
-250.0
-267.0
-221.0
-223.0
-223.0
-202.0
-210.0
-235.0
-237.0
-225.0
-235.0
-240.0
-249.0
-239.0
-247.0
-252.0
-213.0
-192.0
-188.0
-205.0
-206.0
-202.0
-206.0
-195.0
-184.0
-193.0
-185.0
-198.0
-203.0
-189.0
-214.0
-206.0
-190.0
-219.0
-231.0
-218.0
-233.0
-209.0
-253.0
-243.0
-197.0
-222.0
-206.0
-182.0
-181.0
-174.0
-185.0
-146.0
-95.0
-135.0
-154.0
-140.0
-182.0
-183.0
-124.0
-118.0
-142.0
-159.0
-145.0
-159.0
-192.0
-154.0
-138.0
-106.0
-102.0
-130.0
-115.0
-117.0
-149.0
-134.0
-133.0
-128.0
-124.0
-80.0
-38.0
-69.0
-66.0
-50.0
-60.0
-67.0
-36.0
-68.0
-106.0
-135.0
-104.0
-41.0
-55.0
-95.0
-103.0
-94.0
-105.0
-117.0
-133.0
-138.0
-130.0
-115.0
-73.0
-59.0
-77.0
-111.0
-82.0
-56.0
-79.0
-105.0
-108.0
-114.0
-129.0
-103.0
-71.0
-99.0
-119.0
-95.0
-76.0
-94.0
-109.0
-118.0
-101.0
-83.0
-77.0
-56.0
-60.0
-86.0
-73.0
-68.0
-73.0
-62.0
-83.0
-102.0
-87.0
-97.0
-108.0
-82.0
-79.0
-53.0
-66.0
-74.0
-89.0
-129.0
-128.0
-105.0
-80.0
-85.0
-91.0
-90.0
-88.0
-95.0
-84.0
-100.0
-93.0
-82.0
-92.0
-95.0
-111.0
-117.0
-112.0
-162.0
-167.0
-62.0
-49.0
-90.0
-50.0
-34.0
-29.0
-43.0
-91.0
-92.0
-48.0
-12.0
-34.0
-43.0
-29.0
-40.0
-29.0
-26.0
-52.0
-65.0
-56.0
-59.0
-63.0
-50.0
-58.0
-46.0
-86.0
-83.0
-64.0
-90.0
-84.0
-54.0
-80.0
-64.0
-84.0
-72.0
-42.0
-68.0
-80.0
-67.0
-73.0
-67.0
-98.0
-108.0
-47.0
-66.0
-87.0
-48.0
-77.0
-81.0
-67.0
-103.0
-122.0
-58.0
-64.0
-101.0
-99.0
-112.0
-119.0
-98.0
-108.0
-102.0
-94.0
-75.0
-81.0
-56.0
-22.0
-18.0
-61.0
-71.0
-23.0
-17.0
-41.0
-39.0
-48.0
-54.0
-41.0
-65.0
-59.0
-40.0
-44.0
-25.0
-7.0
-2.0
-26.0
-63.0
-84.0
-65.0
-100.0
-124.0
-76.0
-58.0
-56.0
-52.0
-43.0
-37.0
-69.0
-76.0
-53.0
-30.0
-25.0
24.0
23.0
14.0
2.0
22.0
-13.0
-9.0
4.0
-17.0
-33.0
17.0
48.0
40.0
15.0
21.0
19.0
2.0
27.0
45.0
13.0
18.0
-7.0
-19.0
39.0
31.0
14.0
10.0
-16.0
-14.0
12.0
30.0
5.0
14.0
6.0
-38.0
-57.0
-6.0
-36.0
-74.0
-79.0
-48.0
-37.0
-25.0
-36.0
-33.0
-37.0
-27.0
-4.0
-23.0
-64.0
-32.0
29.0
67.0
33.0
-21.0
-33.0
-51.0
-44.0
-17.0
0.0
-11.0
-11.0
14.0
7.0
-8.0
-34.0
-35.0
-33.0
-41.0
-42.0
-45.0
-67.0
-28.0
47.0
28.0
-3.0
2.0
19.0
17.0
6.0
7.0
42.0
39.0
18.0
5.0
-24.0
4.0
21.0
2.0
-17.0
-16.0
-12.0
-20.0
-29.0
-40.0
-37.0
-29.0
-31.0
-4.0
-18.0
-16.0
4.0
2.0
-15.0
-29.0
-14.0
-27.0
-38.0
14.0
6.0
-44.0
-67.0
-78.0
-57.0
-44.0
-4.0
-2.0
-47.0
-79.0
-68.0
-33.0
-37.0
-76.0
-68.0
-58.0
-71.0
-45.0
-2.0
-26.0
-45.0
-18.0
-12.0
-17.0
-16.0
7.0
-7.0
-22.0
-54.0
-46.0
-26.0
-10.0
-8.0
-14.0
4.0
-22.0
-22.0
3.0
-41.0
-57.0
-34.0
-44.0
-50.0
-64.0
-39.0
-38.0
-69.0
-39.0
-32.0
-17.0
-51.0
-81.0
-96.0
-100.0
-109.0
-132.0
-120.0
-107.0
-76.0
-51.0
-52.0
-82.0
-84.0
-52.0
-58.0
-67.0
-61.0
-73.0
-44.0
-11.0
-59.0
-49.0
-9.0
-33.0
-48.0
-55.0
-64.0
-60.0
-76.0
-87.0
-97.0
-121.0
-85.0
-66.0
-85.0
-100.0
-92.0
-60.0
-55.0
-64.0
-60.0
-52.0
-50.0
-64.0
-84.0
-59.0
-22.0
5.0
8.0
-16.0
-28.0
-41.0
-46.0
-15.0
-5.0
-10.0
12.0
1.0
-30.0
-3.0
10.0
18.0
-3.0
-20.0
-26.0
-31.0
-5.0
-12.0
-22.0
-35.0
8.0
1.0
8.0
6.0
-2.0
11.0
7.0
11.0
22.0
1.0
-2.0
15.0
12.0
-21.0
-40.0
-18.0
-31.0
-62.0
-61.0
-62.0
-72.0
-58.0
-38.0
-34.0
-40.0
-36.0
-32.0
-32.0
-22.0
-27.0
-23.0
-39.0
-60.0
-53.0
-26.0
-1.0
-59.0
-63.0
-48.0
-20.0
74.0
156.0
274.0
388.0
553.0
612.0
581.0
590.0
584.0
517.0
468.0
365.0
292.0
203.0
154.0
116.0
65.0
29.0
-17.0
-94.0
-153.0
-179.0
-188.0
-200.0
-248.0
-286.0
-315.0
-318.0
-327.0
-344.0
-338.0
-363.0
-387.0
-355.0
-304.0
-318.0
-332.0
-303.0
-279.0
-280.0
-251.0
-267.0
-300.0
-337.0
-336.0
-329.0
-346.0
-291.0
-309.0
-317.0
-309.0
-313.0
-296.0
-295.0
-299.0
-306.0
-306.0
-319.0
-328.0
-320.0
-295.0
-279.0
-311.0
-300.0
-256.0
-274.0
-288.0
-284.0
-266.0
-257.0
-268.0
-270.0
-263.0
-266.0
-248.0
-228.0
-237.0
-233.0
-208.0
-197.0
-196.0
-192.0
-169.0
-143.0
-163.0
-158.0
-185.0
-167.0
-190.0
-230.0
-208.0
-195.0
-207.0
-186.0
-176.0
-173.0
-176.0
-176.0
-182.0
-206.0
-157.0
-127.0
-132.0
-151.0
-144.0
-143.0
-125.0
-125.0
-121.0
-128.0
-160.0
-129.0
-120.0
-113.0
-133.0
-162.0
-167.0
-163.0
-161.0
-173.0
-165.0
-165.0
-161.0
-190.0
-211.0
-161.0
-156.0
-173.0
-173.0
-152.0
-117.0
-134.0
-134.0
-136.0
-142.0
-127.0
-125.0
-102.0
-69.0
-100.0
-86.0
-73.0
-79.0
-36.0
-76.0
-131.0
-127.0
-107.0
-135.0
-166.0
-141.0
-127.0
-153.0
-161.0
-167.0
-164.0
-177.0
-156.0
-151.0
-116.0
-79.0
-101.0
-107.0
-100.0
-93.0
-68.0
-72.0
-57.0
-61.0
-91.0
-96.0
-81.0
-60.0
-53.0
-55.0
-58.0
-33.0
-30.0
-43.0
-63.0
-74.0
-81.0
-94.0
-82.0
-83.0
-90.0
-78.0
-107.0
-121.0
-135.0
-160.0
-100.0
-87.0
-118.0
-71.0
-49.0
-64.0
-44.0
-41.0
-43.0
-76.0
-68.0
-77.0
-96.0
-81.0
-87.0
-112.0
-68.0
-51.0
-103.0
-92.0
-36.0
-12.0
-46.0
-63.0
-48.0
-51.0
-65.0
-79.0
-62.0
-43.0
-45.0
-49.0
-47.0
-15.0
-21.0
-34.0
-23.0
-39.0
-65.0
-73.0
-34.0
-30.0
-75.0
-78.0
-100.0
-81.0
-38.0
-49.0
-53.0
-64.0
-71.0
-22.0
-34.0
-50.0
-19.0
-46.0
-27.0
-14.0
-57.0
-74.0
-62.0
-21.0
-10.0
-37.0
-27.0
-32.0
-44.0
-14.0
-21.0
-29.0
-42.0
-78.0
-59.0
-50.0
-82.0
-60.0
-33.0
-63.0
-50.0
-50.0
-60.0
-29.0
-25.0
-1.0
1.0
-16.0
1.0
13.0
13.0
18.0
14.0
29.0
-2.0
2.0
26.0
10.0
8.0
15.0
-16.0
1.0
5.0
-7.0
25.0
22.0
24.0
26.0
8.0
33.0
16.0
-3.0
26.0
24.0
37.0
23.0
33.0
39.0
8.0
3.0
1.0
2.0
13.0
39.0
27.0
20.0
29.0
43.0
35.0
18.0
25.0
18.0
8.0
15.0
4.0
-3.0
-3.0
-13.0
-5.0
-12.0
-7.0
4.0
24.0
31.0
7.0
-15.0
-8.0
3.0
-22.0
-1.0
16.0
-18.0
-21.0
-16.0
11.0
1.0
-1.0
22.0
-30.0
-38.0
30.0
25.0
61.0
88.0
88.0
58.0
8.0
-7.0
-3.0
-23.0
-4.0
-4.0
-24.0
5.0
29.0
-7.0
-31.0
-22.0
-12.0
-22.0
-32.0
-24.0
-16.0
2.0
10.0
0.0
-5.0
7.0
20.0
0.0
-5.0
4.0
12.0
29.0
21.0
-7.0
-3.0
-6.0
-29.0
-16.0
15.0
13.0
-5.0
-11.0
5.0
13.0
2.0
-1.0
31.0
15.0
33.0
25.0
-18.0
-10.0
-3.0
-18.0
-26.0
-46.0
-34.0
-18.0
-14.0
-27.0
-22.0
3.0
-18.0
-29.0
3.0
24.0
-2.0
-4.0
-10.0
-9.0
-6.0
15.0
51.0
50.0
43.0
48.0
24.0
5.0
0.0
-13.0
-21.0
-15.0
5.0
-9.0
-62.0
-41.0
-26.0
-28.0
-43.0
-35.0
-22.0
-16.0
-16.0
-32.0
-33.0
-21.0
8.0
7.0
-4.0
15.0
-3.0
-6.0
8.0
14.0
29.0
34.0
31.0
35.0
16.0
1.0
8.0
-25.0
-35.0
-4.0
11.0
-4.0
-35.0
-19.0
79.0
127.0
166.0
311.0
476.0
601.0
592.0
585.0
592.0
569.0
497.0
445.0
380.0
309.0
239.0
203.0
126.0
81.0
70.0
40.0
5.0
-35.0
-58.0
-65.0
-79.0
-90.0
-125.0
-143.0
-191.0
-228.0
-250.0
-280.0
-288.0
-306.0
-353.0
-370.0
-382.0
-360.0
-350.0
-344.0
-310.0
-291.0
-270.0
-254.0
-278.0
-303.0
-313.0
-338.0
-352.0
-353.0
-296.0
-273.0
-326.0
-377.0
-382.0
-355.0
-342.0
-347.0
-343.0
-350.0
-350.0
-315.0
-319.0
-328.0
-329.0
-334.0
-315.0
-314.0
-290.0
-296.0
-325.0
-329.0
-317.0
-293.0
-257.0
-234.0
-286.0
-322.0
-310.0
-261.0
-265.0
-284.0
-275.0
-240.0
-255.0
-254.0
-237.0
-237.0
-242.0
-256.0
-224.0
-222.0
-210.0
-177.0
-206.0
-259.0
-238.0
-189.0
-194.0
-229.0
-227.0
-198.0
-211.0
-211.0
-193.0
-223.0
-231.0
-211.0
-219.0
-202.0
-209.0
-202.0
-176.0
-193.0
-193.0
-179.0
-192.0
-213.0
-236.0
-228.0
-186.0
-204.0
-243.0
-174.0
-185.0
-207.0
-171.0
-171.0
-150.0
-168.0
-176.0
-180.0
-196.0
-167.0
-136.0
-117.0
-149.0
-177.0
-156.0
-166.0
-183.0
-143.0
-110.0
-114.0
-117.0
-146.0
-173.0
-183.0
-159.0
-129.0
-135.0
-148.0
-133.0
-134.0
-118.0
-128.0
-142.0
-122.0
-98.0
-107.0
-98.0
-73.0
-102.0
-118.0
-89.0
-95.0
-108.0
-118.0
-133.0
-145.0
-126.0
-149.0
-152.0
-105.0
-115.0
-102.0
-76.0
-88.0
-92.0
-89.0
-76.0
-70.0
-84.0
-70.0
-64.0
-62.0
-26.0
-27.0
-32.0
-32.0
-57.0
-81.0
-43.0
-29.0
-62.0
-78.0
-93.0
-81.0
-79.0
-88.0
-88.0
-95.0
-33.0
-25.0
-47.0
-34.0
-51.0
-70.0
-64.0
-47.0
-45.0
-70.0
-54.0
-32.0
-48.0
-60.0
-46.0
-53.0
-85.0
-79.0
-49.0
-32.0
-29.0
-21.0
-39.0
-83.0
-94.0
-92.0
-82.0
-99.0
-91.0
-87.0
-80.0
-59.0
-40.0
-68.0
-90.0
-77.0
-50.0
-56.0
-63.0
-68.0
-34.0
-32.0
-30.0
-20.0
-28.0
-33.0
-28.0
-29.0
-58.0
-71.0
-29.0
-16.0
-55.0
-84.0
-61.0
-70.0
-63.0
-49.0
-73.0
-30.0
-19.0
-26.0
5.0
24.0
1.0
-17.0
26.0
-14.0
-31.0
-3.0
-36.0
-46.0
-35.0
-45.0
-39.0
-34.0
-37.0
-19.0
29.0
27.0
11.0
-2.0
-28.0
12.0
25.0
-9.0
-3.0
14.0
-26.0
-13.0
12.0
32.0
1.0
-11.0
-37.0
-46.0
2.0
15.0
-23.0
-22.0
10.0
29.0
45.0
26.0
52.0
84.0
49.0
49.0
77.0
49.0
30.0
5.0
-24.0
7.0
21.0
10.0
2.0
12.0
11.0
11.0
65.0
66.0
20.0
-3.0
11.0
3.0
1.0
-22.0
-17.0
-27.0
-16.0
-1.0
-25.0
-20.0
5.0
-15.0
-11.0
-5.0
-10.0
23.0
24.0
11.0
-14.0
-4.0
-11.0
-40.0
-16.0
53.0
30.0
-13.0
-4.0
7.0
37.0
38.0
10.0
47.0
73.0
28.0
11.0
-9.0
2.0
-6.0
-31.0
-8.0
5.0
-1.0
-11.0
13.0
25.0
10.0
39.0
39.0
14.0
21.0
29.0
30.0
46.0
69.0
59.0
31.0
11.0
7.0
27.0
17.0
20.0
10.0
-34.0
-50.0
-12.0
14.0
30.0
-14.0
-52.0
-72.0
-87.0
-75.0
-70.0
-87.0
-47.0
4.0
-28.0
-51.0
-46.0
-56.0
-69.0
-71.0
-67.0
-39.0
-74.0
-73.0
-41.0
-33.0
-31.0
-55.0
-62.0
-74.0
-59.0
-48.0
-33.0
-63.0
-54.0
-8.0
15.0
-36.0
-22.0
-21.0
-78.0
-31.0
2.0
-45.0
-58.0
-75.0
-49.0
-17.0
-17.0
-30.0
-48.0
-31.0
-34.0
-49.0
-52.0
-58.0
-38.0
-56.0
-68.0
-57.0
-22.0
-4.0
-29.0
-34.0
-48.0
-40.0
-26.0
-4.0
12.0
6.0
-3.0
29.0
-2.0
-52.0
-22.0
-7.0
-20.0
-41.0
-30.0
-25.0
-48.0
-43.0
1.0
11.0
-8.0
-18.0
-22.0
-16.0
1.0
13.0
-18.0
-38.0
-25.0
-45.0
-45.0
-22.0
-38.0
-46.0
-27.0
-19.0
-26.0
-16.0
70.0
148.0
173.0
312.0
416.0
554.0
608.0
584.0
590.0
563.0
448.0
375.0
344.0
258.0
196.0
174.0
166.0
118.0
88.0
91.0
82.0
35.0
-36.0
-72.0
-71.0
-93.0
-127.0
-115.0
-149.0
-204.0
-201.0
-202.0
-194.0
-224.0
-235.0
-276.0
-332.0
-304.0
-270.0
-313.0
-339.0
-318.0
-326.0
-338.0
-309.0
-306.0
-323.0
-328.0
-334.0
-303.0
-282.0
-258.0
-281.0
-300.0
-249.0
-210.0
-252.0
-306.0
-255.0
-181.0
-186.0
-215.0
-214.0
-217.0
-213.0
-222.0
-237.0
-254.0
-250.0
-269.0
-257.0
-247.0
-235.0
-234.0
-257.0
-257.0
-276.0
-290.0
-270.0
-243.0
-234.0
-237.0
-232.0
-213.0
-193.0
-194.0
-212.0
-223.0
-195.0
-183.0
-206.0
-208.0
-222.0
-206.0
-184.0
-202.0
-215.0
-193.0
-167.0
-165.0
-162.0
-174.0
-176.0
-175.0
-180.0
-153.0
-163.0
-148.0
-156.0
-154.0
-111.0
-129.0
-94.0
-81.0
-115.0
-136.0
-133.0
-101.0
-87.0
-121.0
-120.0
-78.0
-97.0
-61.0
-61.0
-87.0
-58.0
-71.0
-49.0
-37.0
-88.0
-89.0
-62.0
-69.0
-74.0
-124.0
-135.0
-117.0
-154.0
-150.0
-143.0
-124.0
-82.0
-113.0
-125.0
-149.0
-158.0
-126.0
-133.0
-144.0
-125.0
-119.0
-115.0
-124.0
-142.0
-118.0
-139.0
-164.0
-172.0
-162.0
-151.0
-176.0
-169.0
-110.0
-98.0
-110.0
-147.0
-117.0
-93.0
-118.0
-127.0
-88.0
-91.0
-130.0
-96.0
-65.0
-58.0
-33.0
-29.0
-38.0
-63.0
-48.0
-22.0
-88.0
-95.0
-74.0
-84.0
-68.0
-37.0
-93.0
-111.0
-116.0
-106.0
-60.0
-55.0
-85.0
-81.0
-100.0
-77.0
-81.0
-96.0
-99.0
-120.0
-91.0
-54.0
-84.0
-112.0
-77.0
-32.0
-19.0
-54.0
-75.0
-60.0
-56.0
-35.0
-28.0
-22.0
-21.0
-15.0
-11.0
10.0
4.0
7.0
-6.0
-42.0
-12.0
21.0
21.0
-25.0
-43.0
-34.0
-29.0
-45.0
-74.0
-84.0
-70.0
-54.0
-84.0
-105.0
-107.0
-101.0
-90.0
-106.0
-80.0
-61.0
-88.0
-89.0
-60.0
-70.0
-59.0
-31.0
-4.0
-51.0
-68.0
-42.0
-41.0
-35.0
-32.0
-24.0
-11.0
-20.0
-23.0
0.0
-27.0
-35.0
-36.0
-77.0
-67.0
-39.0
-12.0
-16.0
-32.0
-34.0
-40.0
-43.0
-50.0
-65.0
-50.0
-2.0
-16.0
-39.0
-36.0
-72.0
-51.0
-13.0
-25.0
3.0
-37.0
-99.0
-67.0
-50.0
-55.0
-51.0
-73.0
-25.0
4.0
-41.0
-60.0
-88.0
-102.0
-83.0
-58.0
-61.0
-74.0
-34.0
-35.0
-81.0
-64.0
-10.0
-24.0
-12.0
12.0
-16.0
-41.0
-37.0
-10.0
-29.0
-43.0
5.0
-20.0
-20.0
22.0
51.0
52.0
47.0
49.0
37.0
-22.0
-4.0
43.0
18.0
-32.0
-101.0
-74.0
19.0
41.0
34.0
27.0
-4.0
6.0
2.0
-6.0
15.0
3.0
-2.0
-11.0
-46.0
-66.0
-67.0
-71.0
-90.0
-62.0
-67.0
-59.0
-53.0
-7.0
3.0
-17.0
6.0
2.0
-16.0
-18.0
-12.0
16.0
-20.0
-41.0
6.0
-20.0
-13.0
2.0
-32.0
-42.0
17.0
5.0
-14.0
-34.0
-48.0
-33.0
-5.0
-12.0
10.0
30.0
20.0
37.0
45.0
34.0
18.0
37.0
71.0
87.0
84.0
59.0
53.0
42.0
11.0
13.0
17.0
4.0
21.0
23.0
12.0
-7.0
33.0
53.0
61.0
68.0
107.0
116.0
81.0
48.0
75.0
84.0
80.0
64.0
67.0
55.0
35.0
32.0
66.0
95.0
93.0
87.0
86.0
66.0
41.0
39.0
39.0
38.0
25.0
-8.0
-12.0
-3.0
-6.0
32.0
41.0
46.0
64.0
70.0
84.0
74.0
70.0
68.0
54.0
60.0
48.0
33.0
11.0
-9.0
-8.0
2.0
-19.0
-11.0
-8.0
3.0
4.0
-21.0
-42.0
-41.0
-24.0
7.0
12.0
16.0
22.0
7.0
7.0
65.0
35.0
26.0
43.0
37.0
15.0
18.0
-8.0
-44.0
21.0
32.0
-26.0
-11.0
-1.0
-56.0
-49.0
-51.0
-34.0
-25.0
-14.0
7.0
30.0
42.0
37.0
-1.0
-31.0
-15.0
-28.0
-20.0
20.0
-15.0
-51.0
-45.0
-51.0
-43.0
-26.0
-29.0
-35.0
1.0
18.0
-5.0
-16.0
27.0
51.0
19.0
21.0
1.0
2.0
43.0
13.0
-40.0
-49.0
-1.0
22.0
-30.0
-35.0
-41.0
-58.0
-44.0
-28.0
-22.0
-24.0
-36.0
-34.0
-5.0
6.0
-11.0
-43.0
-43.0
-34.0
-28.0
-6.0
-20.0
-17.0
-4.0
-23.0
-44.0
-30.0
-33.0
-51.0
-29.0
-36.0
-40.0
-42.0
-52.0
-32.0
-21.0
-67.0
-26.0
40.0
35.0
8.0
3.0
6.0
-26.0
-35.0
-60.0
-110.0
-107.0
-139.0
-169.0
-157.0
-152.0
-168.0
-146.0
-143.0
-150.0
-148.0
-150.0
-176.0
-190.0
-184.0
-141.0
-130.0
-144.0
-164.0
-154.0
-117.0
-137.0
-150.0
-123.0
-120.0
-140.0
-152.0
-149.0
-105.0
-110.0
-142.0
-90.0
-66.0
-56.0
-34.0
-48.0
-46.0
-4.0
7.0
-36.0
-43.0
-33.0
-27.0
-54.0
-59.0
-99.0
-91.0
-76.0
-103.0
-100.0
-112.0
-104.0
-79.0
-50.0
4.0
-8.0
-24.0
2.0
-14.0
-32.0
5.0
37.0
-2.0
-28.0
-46.0
-46.0
-51.0
-41.0
-54.0
-58.0
-87.0
-106.0
-134.0
-130.0
-112.0
-92.0
-41.0
-21.0
-30.0
-30.0
-41.0
-46.0
-49.0
-50.0
-63.0
-70.0
-83.0
-73.0
-75.0
-69.0
-67.0
-69.0
-63.0
-80.0
-65.0
-52.0
-59.0
-49.0
-45.0
-49.0
-48.0
-45.0
-27.0
-19.0
-44.0
-1.0
14.0
9.0
48.0
68.0
76.0
209.0
267.0
318.0
406.0
449.0
494.0
519.0
521.0
514.0
489.0
462.0
399.0
359.0
309.0
276.0
253.0
208.0
129.0
127.0
137.0
84.0
55.0
36.0
8.0
-15.0
-45.0
-66.0
-74.0
-97.0
-116.0
-142.0
-158.0
-166.0
-195.0
-191.0
-202.0
-237.0
-233.0
-223.0
-222.0
-215.0
-210.0
-204.0
-193.0
-200.0
-224.0
-225.0
-219.0
-217.0
-215.0
-186.0
-186.0
-216.0
-212.0
-211.0
-209.0
-202.0
-224.0
-227.0
-210.0
-203.0
-200.0
-190.0
-213.0
-212.0
-197.0
-189.0
-205.0
-195.0
-174.0
-176.0
-168.0
-143.0
-142.0
-147.0
-158.0
-169.0
-173.0
-176.0
-193.0
-191.0
-192.0
-183.0
-194.0
-201.0
-206.0
-186.0
-167.0
-199.0
-202.0
-209.0
-223.0
-248.0
-232.0
-223.0
-243.0
-237.0
-220.0
-196.0
-205.0
-203.0
-184.0
-197.0
-184.0
-164.0
-166.0
-163.0
-158.0
-167.0
-161.0
-179.0
-193.0
-175.0
-172.0
-161.0
-140.0
-159.0
-163.0
-168.0
-165.0
-158.0
-172.0
-161.0
-138.0
-132.0
-93.0
-82.0
-110.0
-150.0
-173.0
-193.0
-196.0
-203.0
-171.0
-108.0
-138.0
-142.0
-143.0
-148.0
-179.0
-211.0
-188.0
-128.0
-120.0
-119.0
-142.0
-161.0
-138.0
-143.0
-178.0
-179.0
-130.0
-145.0
-171.0
-127.0
-114.0
-133.0
-127.0
-125.0
-119.0
-108.0
-109.0
-127.0
-143.0
-125.0
-88.0
-84.0
-99.0
-90.0
-104.0
-107.0
-69.0
-90.0
-93.0
-111.0
-130.0
-124.0
-147.0
-157.0
-121.0
-133.0
-126.0
-139.0
-154.0
-143.0
-132.0
-116.0
-109.0
-91.0
-79.0
-69.0
-67.0
-51.0
-36.0
-29.0
-37.0
-39.0
-57.0
-97.0
-100.0
-76.0
-52.0
-63.0
-93.0
-93.0
-57.0
-50.0
-46.0
-54.0
-74.0
-69.0
-20.0
12.0
22.0
-1.0
-12.0
3.0
-38.0
-16.0
39.0
18.0
-10.0
-45.0
-58.0
-59.0
-65.0
-72.0
-52.0
-47.0
-53.0
-86.0
-96.0
-69.0
-83.0
-89.0
-109.0
-114.0
-53.0
-33.0
-48.0
-22.0
-16.0
-7.0
-16.0
-24.0
-24.0
-69.0
-81.0
-65.0
-29.0
-39.0
-49.0
-39.0
-15.0
-42.0
-46.0
-18.0
-28.0
-33.0
-29.0
-16.0
23.0
23.0
-22.0
-29.0
-45.0
-16.0
-38.0
-85.0
-66.0
-33.0
-47.0
-28.0
-35.0
-36.0
8.0
17.0
19.0
5.0
0.0
20.0
12.0
25.0
11.0
-42.0
-49.0
-17.0
6.0
13.0
-19.0
-23.0
21.0
-4.0
-28.0
-33.0
-25.0
-22.0
-52.0
-42.0
-1.0
37.0
7.0
23.0
18.0
13.0
43.0
71.0
67.0
59.0
56.0
76.0
79.0
103.0
98.0
107.0
70.0
45.0
91.0
72.0
60.0
63.0
34.0
32.0
44.0
-15.0
7.0
55.0
41.0
42.0
33.0
58.0
116.0
90.0
61.0
101.0
110.0
76.0
94.0
76.0
68.0
71.0
58.0
58.0
45.0
29.0
50.0
63.0
26.0
18.0
29.0
35.0
44.0
43.0
33.0
43.0
31.0
6.0
49.0
112.0
116.0
95.0
80.0
75.0
78.0
74.0
74.0
79.0
72.0
80.0
43.0
41.0
43.0
-6.0
42.0
49.0
46.0
63.0
30.0
39.0
50.0
33.0
57.0
85.0
63.0
42.0
51.0
58.0
36.0
22.0
16.0
5.0
21.0
35.0
19.0
52.0
48.0
16.0
-3.0
-16.0
7.0
56.0
30.0
3.0
32.0
36.0
34.0
21.0
10.0
4.0
3.0
31.0
33.0
12.0
24.0
38.0
2.0
-10.0
40.0
86.0
96.0
99.0
151.0
206.0
307.0
381.0
484.0
591.0
587.0
573.0
567.0
512.0
450.0
394.0
332.0
286.0
259.0
228.0
185.0
143.0
109.0
107.0
88.0
53.0
18.0
-24.0
-40.0
-34.0
-55.0
-37.0
-78.0
-112.0
-122.0
-120.0
-110.0
-129.0
-150.0
-141.0
-164.0
-195.0
-200.0
-193.0
-177.0
-186.0
-205.0
-219.0
-219.0
-229.0
-217.0
-214.0
-182.0
-180.0
-216.0
-239.0
-219.0
-203.0
-191.0
-188.0
-197.0
-193.0
-191.0
-204.0
-203.0
-168.0
-178.0
-190.0
-189.0
-227.0
-243.0
-211.0
-196.0
-205.0
-212.0
-233.0
-227.0
-199.0
-162.0
-159.0
-161.0
-168.0
-183.0
-204.0
-177.0
-197.0
-234.0
-219.0
-221.0
-199.0
-199.0
-212.0
-204.0
-192.0
-174.0
-174.0
-179.0
-165.0
-133.0
-145.0
-184.0
-185.0
-185.0
-177.0
-187.0
-167.0
-158.0
-201.0
-196.0
-193.0
-201.0
-173.0
-188.0
-214.0
-167.0
-164.0
-174.0
-174.0
-188.0
-159.0
-166.0
-174.0
-160.0
-157.0
-164.0
-166.0
-157.0
-115.0
-90.0
-99.0
-89.0
-85.0
-67.0
-83.0
-100.0
-100.0
-89.0
-97.0
-107.0
-137.0
-136.0
-136.0
-142.0
-117.0
-132.0
-102.0
-92.0
-109.0
-110.0
-108.0
-98.0
-83.0
-82.0
-68.0
-51.0
-86.0
-89.0
-99.0
-135.0
-119.0
-103.0
-111.0
-111.0
-105.0
-79.0
-84.0
-84.0
-78.0
-64.0
-76.0
-66.0
-63.0
-63.0
-96.0
-81.0
-91.0
-112.0
-118.0
-95.0
-83.0
-89.0
-63.0
-85.0
-90.0
-96.0
-81.0
-56.0
-79.0
-85.0
-73.0
-82.0
-39.0
-25.0
-83.0
-73.0
-82.0
-83.0
-55.0
-80.0
-81.0
-83.0
-89.0
-89.0
-117.0
-126.0
-109.0
-92.0
-74.0
-108.0
-117.0
-97.0
-97.0
-81.0
-101.0
-118.0
-92.0
-79.0
-76.0
-76.0
-85.0
-63.0
-80.0
-114.0
-108.0
-103.0
-97.0
-96.0
-98.0
-83.0
-84.0
-91.0
-85.0
-112.0
-121.0
-108.0
-82.0
-63.0
-44.0
-44.0
-32.0
-46.0
-62.0
-51.0
-60.0
-52.0
-45.0
-46.0
-29.0
-39.0
-56.0
-72.0
-78.0
-29.0
-52.0
-93.0
-71.0
-70.0
-81.0
-88.0
-98.0
-80.0
-74.0
-82.0
-70.0
-60.0
-46.0
-55.0
-75.0
-86.0
-87.0
-99.0
-60.0
-64.0
-83.0
-81.0
-73.0
-56.0
-98.0
-128.0
-96.0
-56.0
-55.0
-56.0
-61.0
-63.0
-64.0
-71.0
-80.0
-84.0
-81.0
-65.0
-69.0
-50.0
-43.0
-56.0
-46.0
-58.0
-76.0
-78.0
-110.0
-115.0
-109.0
-89.0
-69.0
-61.0
-71.0
-74.0
-52.0
-50.0
-68.0
-77.0
-54.0
-43.0
-17.0
2.0
-8.0
6.0
-18.0
-12.0
-15.0
-53.0
-59.0
-45.0
-55.0
-54.0
-63.0
-62.0
-49.0
-58.0
-49.0
-15.0
15.0
3.0
-14.0
-27.0
-25.0
-22.0
-36.0
-45.0
-54.0
-42.0
-1.0
-35.0
-35.0
-33.0
-44.0
-35.0
-34.0
-40.0
-33.0
-37.0
-36.0
-23.0
-35.0
-46.0
-25.0
-25.0
-28.0
-13.0
-9.0
-16.0
-25.0
-3.0
-31.0
-60.0
-70.0
-82.0
-79.0
-80.0
-93.0
-100.0
-82.0
-63.0
-42.0
-45.0
-58.0
-84.0
-79.0
-65.0
-35.0
12.0
15.0
3.0
30.0
18.0
1.0
16.0
25.0
27.0
29.0
29.0
-6.0
-48.0
-27.0
-2.0
8.0
35.0
33.0
9.0
3.0
-14.0
-16.0
-4.0
-14.0
-14.0
-52.0
-69.0
-23.0
-9.0
-34.0
-50.0
-32.0
5.0
-2.0
-10.0
-7.0
-16.0
-2.0
31.0
25.0
12.0
30.0
34.0
58.0
85.0
59.0
27.0
20.0
-10.0
-23.0
1.0
-4.0
-32.0
-13.0
4.0
-10.0
-5.0
13.0
4.0
-1.0
30.0
70.0
48.0
7.0
13.0
8.0
21.0
7.0
6.0
-3.0
14.0
3.0
24.0
21.0
18.0
34.0
39.0
43.0
33.0
20.0
42.0
27.0
5.0
13.0
1.0
-31.0
-29.0
-46.0
-23.0
-25.0
-46.0
-26.0
-20.0
-13.0
27.0
70.0
77.0
73.0
24.0
1.0
-20.0
-40.0
-27.0
-60.0
-67.0
-37.0
-26.0
-14.0
3.0
-18.0
-23.0
-23.0
-26.0
-33.0
-50.0
-23.0
-20.0
-27.0
12.0
12.0
4.0
1.0
-19.0
-20.0
2.0
10.0
11.0
4.0
-15.0
-4.0
-2.0
21.0
21.0
11.0
30.0
12.0
6.0
50.0
55.0
49.0
64.0
47.0
32.0
26.0
45.0
40.0
25.0
24.0
-4.0
-15.0
-13.0
-6.0
1.0
-43.0
-34.0
1.0
27.0
74.0
151.0
209.0
279.0
360.0
416.0
448.0
453.0
476.0
433.0
368.0
351.0
331.0
261.0
235.0
222.0
196.0
185.0
157.0
125.0
116.0
125.0
115.0
90.0
61.0
41.0
25.0
33.0
-2.0
-40.0
-49.0
-62.0
-85.0
-112.0
-136.0
-144.0
-137.0
-148.0
-163.0
-156.0
-168.0
-190.0
-204.0
-212.0
-216.0
-190.0
-168.0
-174.0
-190.0
-188.0
-221.0
-216.0
-175.0
-177.0
-176.0
-202.0
-219.0
-235.0
-247.0
-231.0
-203.0
-194.0
-197.0
-210.0
-201.0
-165.0
-204.0
-209.0
-193.0
-188.0
-164.0
-163.0
-177.0
-181.0
-165.0
-142.0
-147.0
-167.0
-152.0
-165.0
-185.0
-148.0
-151.0
-148.0
-126.0
-92.0
-80.0
-97.0
-97.0
-91.0
-117.0
-79.0
-77.0
-110.0
-116.0
-126.0
-104.0
-80.0
-95.0
-67.0
-33.0
-62.0
-76.0
-129.0
-139.0
-112.0
-118.0
-139.0
-127.0
-121.0
-98.0
-72.0
-73.0
-51.0
-56.0
-11.0
9.0
-28.0
-20.0
-48.0
-61.0
-41.0
-57.0
-51.0
-71.0
-79.0
-68.0
-74.0
-75.0
-86.0
-124.0
-80.0
-21.0
-52.0
-70.0
-80.0
-43.0
-17.0
-44.0
-2.0
21.0
-15.0
-6.0
22.0
31.0
-6.0
-39.0
-71.0
-83.0
-76.0
-20.0
1.0
-13.0
-4.0
-21.0
-20.0
16.0
5.0
-24.0
-19.0
-17.0
8.0
159.0
250.0
359.0
453.0
548.0
604.0
586.0
587.0
592.0
580.0
557.0
461.0
411.0
303.0
209.0
178.0
83.0
60.0
73.0
3.0
-43.0
-67.0
-126.0
-138.0
-178.0
-219.0
-251.0
-264.0
-275.0
-269.0
-292.0
-325.0
-363.0
-361.0
-361.0
-380.0
-389.0
-374.0
-393.0
-401.0
-408.0
-401.0
-381.0
-401.0
-354.0
-334.0
-347.0
-333.0
-324.0
-322.0
-315.0
-310.0
-301.0
-335.0
-356.0
-344.0
-335.0
-326.0
-335.0
-325.0
-276.0
-291.0
-325.0
-331.0
-303.0
-308.0
-310.0
-321.0
-337.0
-312.0
-280.0
-252.0
-276.0
-243.0
-239.0
-235.0
-251.0
-249.0
-244.0
-238.0
-225.0
-230.0
-250.0
-271.0
-249.0
-233.0
-216.0
-204.0
-238.0
-224.0
-179.0
-167.0
-161.0
-174.0
-206.0
-177.0
-211.0
-246.0
-208.0
-207.0
-221.0
-207.0
-189.0
-194.0
-238.0
-197.0
-139.0
-171.0
-184.0
-200.0
-200.0
-170.0
-183.0
-165.0
-171.0
-190.0
-183.0
-187.0
-178.0
-184.0
-146.0
-123.0
-155.0
-167.0
-114.0
-139.0
-160.0
-107.0
-93.0
-127.0
-122.0
-133.0
-136.0
-124.0
-124.0
-84.0
-92.0
-112.0
-122.0
-117.0
-98.0
-120.0
-134.0
-106.0
-132.0
-137.0
-137.0
-154.0
-143.0
-137.0
-142.0
-127.0
-138.0
-171.0
-158.0
-134.0
-107.0
-105.0
-131.0
-129.0
-92.0
-82.0
-99.0
-83.0
-68.0
-99.0
-122.0
-127.0
-120.0
-89.0
-114.0
-102.0
-117.0
-120.0
-97.0
-108.0
-114.0
-86.0
-76.0
-76.0
-92.0
-105.0
-133.0
-124.0
-110.0
-100.0
-108.0
-128.0
-112.0
-84.0
-91.0
-85.0
-87.0
-100.0
-78.0
-76.0
-102.0
-80.0
-52.0
-88.0
-123.0
-85.0
-83.0
-98.0
-84.0
-119.0
-134.0
-100.0
-107.0
-106.0
-74.0
-77.0
-68.0
-67.0
-91.0
-68.0
-72.0
-87.0
-90.0
-90.0
-68.0
-68.0
-93.0
-70.0
-92.0
-67.0
-68.0
-96.0
-103.0
-115.0
-109.0
-96.0
-84.0
-101.0
-84.0
-25.0
-1.0
11.0
-2.0
-13.0
-22.0
-46.0
-53.0
-77.0
-96.0
-78.0
-74.0
-82.0
-66.0
-81.0
-54.0
-44.0
-23.0
-43.0
-80.0
-62.0
-39.0
-41.0
-69.0
-59.0
-51.0
-49.0
-42.0
-69.0
-50.0
-27.0
-49.0
-60.0
-67.0
-61.0
-50.0
-62.0
-63.0
-61.0
-58.0
-74.0
-49.0
-4.0
-16.0
-8.0
1.0
-29.0
-52.0
-37.0
-22.0
-44.0
-66.0
-20.0
-56.0
-83.0
-72.0
-76.0
-61.0
-60.0
-65.0
-33.0
-39.0
-48.0
-29.0
-25.0
-23.0
-13.0
-24.0
-21.0
-33.0
-49.0
-24.0
12.0
24.0
-10.0
-44.0
-52.0
-63.0
-41.0
48.0
53.0
172.0
367.0
445.0
572.0
607.0
583.0
592.0
583.0
525.0
468.0
395.0
290.0
230.0
191.0
125.0
31.0
3.0
-25.0
-92.0
-150.0
-175.0
-200.0
-234.0
-274.0
-302.0
-345.0
-361.0
-333.0
-361.0
-361.0
-352.0
-384.0
-376.0
-371.0
-373.0
-371.0
-369.0
-372.0
-372.0
-374.0
-372.0
-357.0
-320.0
-333.0
-364.0
-334.0
-291.0
-301.0
-327.0
-340.0
-319.0
-300.0
-338.0
-341.0
-307.0
-326.0
-313.0
-319.0
-325.0
-303.0
-310.0
-287.0
-271.0
-302.0
-263.0
-238.0
-243.0
-212.0
-232.0
-256.0
-256.0
-285.0
-269.0
-265.0
-286.0
-279.0
-274.0
-273.0
-263.0
-274.0
-244.0
-214.0
-221.0
-246.0
-252.0
-207.0
-186.0
-209.0
-203.0
-183.0
-184.0
-182.0
-179.0
-191.0
-206.0
-236.0
-214.0
-200.0
-203.0
-186.0
-211.0
-218.0
-161.0
-162.0
-177.0
-179.0
-139.0
-168.0
-187.0
-157.0
-119.0
-120.0
-130.0
-141.0
-144.0
-140.0
-152.0
-164.0
-154.0
-160.0
-156.0
-155.0
-149.0
-155.0
-151.0
-161.0
-159.0
-157.0
-173.0
-187.0
-174.0
-134.0
-127.0
-103.0
-96.0
-87.0
-83.0
-95.0
-111.0
-137.0
-128.0
-78.0
-49.0
-83.0
-93.0
-102.0
-110.0
-89.0
-90.0
-95.0
-110.0
-105.0
-91.0
-81.0
-79.0
-81.0
-100.0
-86.0
-73.0
-105.0
-84.0
-67.0
-62.0
-58.0
-58.0
-57.0
-45.0
-60.0
-76.0
-73.0
-70.0
-68.0
-68.0
-103.0
-83.0
-79.0
-84.0
-82.0
-86.0
-81.0
-78.0
-83.0
-79.0
-71.0
-68.0
-78.0
-68.0
-71.0
-69.0
-58.0
-70.0
-81.0
-62.0
-41.0
-40.0
-28.0
-37.0
-56.0
-19.0
-11.0
-43.0
-45.0
-81.0
-93.0
-71.0
-82.0
-89.0
-96.0
-88.0
-94.0
-109.0
-90.0
-71.0
-37.0
6.0
24.0
22.0
20.0
1.0
-15.0
-37.0
-30.0
-39.0
-91.0
-65.0
-5.0
-14.0
-63.0
-75.0
-79.0
-44.0
-38.0
-24.0
6.0
-26.0
-53.0
-68.0
-62.0
-63.0
-70.0
-65.0
-73.0
-68.0
-56.0
-56.0
-56.0
10.0
-7.0
-15.0
-8.0
-4.0
11.0
-18.0
-21.0
-33.0
-72.0
-70.0
-64.0
-58.0
-53.0
-54.0
-43.0
-52.0
-73.0
-51.0
-55.0
-40.0
-43.0
-58.0
-37.0
-33.0
-46.0
-51.0
-71.0
-105.0
-122.0
-125.0
-113.0
-70.0
-85.0
-87.0
-77.0
-92.0
-64.0
-68.0
-91.0
-52.0
-62.0
-61.0
-42.0
-74.0
-78.0
-61.0
-12.0
-6.0
-48.0
-47.0
-16.0
-8.0
-16.0
-18.0
-33.0
-45.0
-46.0
-37.0
-21.0
-24.0
-17.0
-10.0
-36.0
-46.0
-40.0
-49.0
-45.0
-55.0
-29.0
-66.0
-43.0
-48.0
-58.0
-26.0
-21.0
-36.0
-20.0
-18.0
-29.0
-4.0
-25.0
-17.0
-5.0
5.0
2.0
8.0
-3.0
-25.0
-37.0
-55.0
-41.0
-20.0
-19.0
-40.0
-50.0
-24.0
-26.0
-46.0
-37.0
-29.0
-38.0
-1.0
1.0
-33.0
-46.0
-50.0
-32.0
-32.0
-46.0
-55.0
-48.0
-39.0
-61.0
-55.0
-44.0
-64.0
-81.0
-86.0
-80.0
-56.0
-81.0
-79.0
-72.0
-99.0
-75.0
-32.0
-24.0
-68.0
-92.0
-95.0
-106.0
-111.0
-110.0
-120.0
-119.0
-122.0
-144.0
-96.0
-82.0
-103.0
-94.0
-104.0
-113.0
-103.0
-122.0
-117.0
-109.0
-131.0
-91.0
-65.0
-77.0
-88.0
-125.0
-128.0
-97.0
-101.0
-103.0
-119.0
-109.0
-80.0
-75.0
-70.0
-70.0
-79.0
-90.0
-108.0
-77.0
-44.0
-19.0
1.0
-11.0
-36.0
-41.0
-63.0
-79.0
-84.0
-100.0
-117.0
-126.0
-158.0
-156.0
-143.0
-120.0
-105.0
-124.0
-124.0
-130.0
-121.0
-84.0
-99.0
-116.0
-116.0
-103.0
-81.0
-95.0
-99.0
-69.0
-44.0
-47.0
-32.0
-34.0
-58.0
-74.0
-94.0
-70.0
-51.0
-36.0
-51.0
-68.0
-43.0
-31.0
-27.0
6.0
24.0
9.0
6.0
-8.0
25.0
5.0
7.0
27.0
34.0
31.0
44.0
36.0
-6.0
-4.0
-7.0
-1.0
-2.0
-28.0
-27.0
-39.0
-31.0
-10.0
-10.0
-10.0
-18.0
-24.0
-13.0
-24.0
-9.0
-2.0
-5.0
-11.0
1.0
37.0
25.0
-13.0
-12.0
12.0
5.0
23.0
6.0
11.0
6.0
-3.0
6.0
3.0
-21.0
-7.0
27.0
31.0
37.0
12.0
7.0
43.0
39.0
50.0
42.0
43.0
76.0
70.0
71.0
80.0
60.0
70.0
53.0
8.0
26.0
50.0
61.0
95.0
92.0
56.0
17.0
-14.0
-7.0
-11.0
-10.0
-10.0
-46.0
-34.0
-18.0
-1.0
2.0
-14.0
26.0
43.0
8.0
-18.0
-16.0
-8.0
-27.0
-56.0
-62.0
-62.0
-65.0
-47.0
15.0
-7.0
4.0
49.0
55.0
50.0
54.0
63.0
44.0
53.0
61.0
41.0
41.0
9.0
-15.0
-13.0
-28.0
-6.0
-15.0
-43.0
-18.0
-45.0
-67.0
-44.0
3.0
21.0
23.0
24.0
4.0
14.0
5.0
44.0
50.0
21.0
11.0
1.0
-2.0
-12.0
-35.0
-41.0
-74.0
-68.0
-59.0
-65.0
-67.0
-57.0
-68.0
-35.0
-31.0
-15.0
30.0
17.0
44.0
33.0
22.0
12.0
-12.0
-7.0
10.0
7.0
-10.0
-17.0
-35.0
-42.0
-30.0
-9.0
-13.0
-15.0
-11.0
4.0
-11.0
-23.0
3.0
8.0
2.0
2.0
-2.0
20.0
55.0
64.0
56.0
55.0
55.0
19.0
35.0
31.0
43.0
37.0
-1.0
-4.0
16.0
27.0
20.0
25.0
23.0
44.0
45.0
25.0
35.0
53.0
51.0
40.0
41.0
63.0
49.0
52.0
37.0
13.0
10.0
36.0
26.0
46.0
48.0
39.0
36.0
15.0
25.0
44.0
30.0
4.0
6.0
21.0
23.0
8.0
34.0
63.0
61.0
47.0
-9.0
-21.0
35.0
39.0
37.0
42.0
34.0
29.0
44.0
43.0
23.0
18.0
32.0
21.0
22.0
23.0
9.0
1.0
14.0
0.0
3.0
33.0
21.0
31.0
32.0
18.0
26.0
49.0
58.0
68.0
64.0
78.0
80.0
83.0
99.0
68.0
65.0
63.0
61.0
55.0
41.0
37.0
62.0
82.0
98.0
105.0
76.0
54.0
34.0
20.0
29.0
11.0
-2.0
31.0
56.0
66.0
41.0
62.0
64.0
55.0
22.0
-1.0
25.0
45.0
15.0
2.0
-7.0
-23.0
2.0
17.0
29.0
49.0
26.0
-11.0
-19.0
48.0
59.0
24.0
24.0
44.0
42.0
84.0
154.0
240.0
315.0
399.0
470.0
600.0
597.0
584.0
590.0
544.0
498.0
444.0
347.0
290.0
249.0
201.0
163.0
90.0
59.0
59.0
24.0
-33.0
-26.0
4.0
-17.0
-49.0
-65.0
-88.0
-121.0
-129.0
-171.0
-187.0
-178.0
-200.0
-236.0
-254.0
-229.0
-224.0
-266.0
-250.0
-253.0
-275.0
-294.0
-279.0
-288.0
-301.0
-296.0
-293.0
-291.0
-322.0
-351.0
-346.0
-357.0
-345.0
-306.0
-278.0
-253.0
-272.0
-274.0
-269.0
-276.0
-265.0
-308.0
-313.0
-259.0
-258.0
-298.0
-256.0
-204.0
-221.0
-245.0
-225.0
-202.0
-221.0
-234.0
-226.0
-242.0
-224.0
-215.0
-221.0
-235.0
-257.0
-237.0
-224.0
-192.0
-197.0
-212.0
-202.0
-192.0
-184.0
-167.0
-203.0
-202.0
-181.0
-195.0
-202.0
-174.0
-192.0
-208.0
-199.0
-188.0
-162.0
-180.0
-196.0
-152.0
-157.0
-175.0
-178.0
-197.0
-185.0
-165.0
-147.0
-158.0
-184.0
-172.0
-169.0
-184.0
-180.0
-202.0
-218.0
-196.0
-218.0
-193.0
-169.0
-183.0
-203.0
-194.0
-149.0
-143.0
-144.0
-122.0
-120.0
-140.0
-128.0
-103.0
-117.0
-127.0
-132.0
-106.0
-95.0
-115.0
-107.0
-100.0
-90.0
-77.0
-109.0
-104.0
-103.0
-119.0
-131.0
-137.0
-127.0
-128.0
-164.0
-180.0
-175.0
-160.0
-154.0
-161.0
-113.0
-89.0
-135.0
-145.0
-154.0
-146.0
-139.0
-135.0
-133.0
-143.0
-144.0
-125.0
-110.0
-114.0
-128.0
-115.0
-99.0
-101.0
-82.0
-87.0
-91.0
-110.0
-53.0
-43.0
-82.0
-86.0
-93.0
-71.0
-99.0
-117.0
-105.0
-98.0
-91.0
-111.0
-103.0
-102.0
-136.0
-166.0
-139.0
-128.0
-92.0
-44.0
-69.0
-64.0
-94.0
-110.0
-119.0
-101.0
-96.0
-110.0
-125.0
-134.0
-129.0
-132.0
-102.0
-116.0
-119.0
-88.0
-72.0
-46.0
-70.0
-81.0
-51.0
-54.0
-74.0
-65.0
-37.0
-47.0
-59.0
-63.0
-65.0
-68.0
-26.0
20.0
-41.0
-61.0
-48.0
-74.0
-52.0
-53.0
-52.0
-32.0
-49.0
-74.0
-22.0
6.0
-5.0
11.0
-1.0
-32.0
-71.0
-2.0
-3.0
-79.0
-67.0
-21.0
-39.0
-29.0
-39.0
-38.0
-16.0
-8.0
-8.0
-10.0
-31.0
-28.0
-59.0
-61.0
-27.0
-22.0
-43.0
-45.0
-11.0
-37.0
-55.0
-45.0
-47.0
-65.0
-65.0
-57.0
-72.0
-79.0
-91.0
-77.0
-58.0
-69.0
-78.0
-92.0
-99.0
-104.0
-93.0
-83.0
-66.0
-83.0
-75.0
-67.0
-59.0
-22.0
-50.0
-71.0
-42.0
-53.0
-54.0
-59.0
-93.0
-91.0
-87.0
-114.0
-89.0
-76.0
-97.0
-103.0
-119.0
-101.0
-131.0
-124.0
-142.0
-154.0
-110.0
-80.0
-92.0
-83.0
-80.0
-102.0
-79.0
-62.0
-52.0
-77.0
-92.0
-66.0
-48.0
-40.0
-72.0
-86.0
-66.0
-69.0
-76.0
-49.0
-73.0
-111.0
-125.0
-122.0
-77.0
-85.0
-98.0
-98.0
-117.0
-96.0
-92.0
-90.0
-47.0
-24.0
-14.0
22.0
-14.0
-37.0
-53.0
-29.0
-6.0
-20.0
-28.0
-11.0
-24.0
-31.0
-27.0
-48.0
-25.0
-7.0
-33.0
-56.0
-64.0
-49.0
-32.0
-42.0
-60.0
-72.0
-68.0
-49.0
-54.0
-67.0
-57.0
-54.0
-39.0
-54.0
-55.0
-51.0
-29.0
-43.0
-48.0
-37.0
-8.0
-11.0
-27.0
8.0
25.0
-10.0
3.0
-1.0
-10.0
-37.0
-43.0
-32.0
-47.0
-61.0
-54.0
-53.0
-42.0
-42.0
-41.0
5.0
10.0
3.0
17.0
14.0
40.0
14.0
-17.0
31.0
34.0
2.0
-8.0
-31.0
-33.0
-24.0
-20.0
-11.0
-9.0
-12.0
-3.0
-9.0
1.0
12.0
0.0
5.0
-3.0
-29.0
-30.0
-31.0
-6.0
8.0
11.0
-2.0
-18.0
4.0
-12.0
-30.0
-7.0
4.0
-18.0
-4.0
0.0
0.0
0.0
0.0
0.0
0.0
0.0
0.0
0.0
0.0
0.0
0.0
0.0
0.0
0.0
0.0
0.0
0.0
0.0
0.0
0.0
0.0
0.0
0.0
0.0
0.0
0.0
0.0
0.0
0.0
0.0
0.0
0.0
0.0
0.0
0.0
0.0
0.0
0.0
0.0
0.0
0.0
0.0
0.0
0.0
0.0
0.0
0.0
0.0
0.0
0.0
0.0
0.0
0.0
0.0
0.0
0.0
0.0
0.0
0.0
0.0
0.0
0.0
0.0
0.0
0.0
0.0
0.0
0.0
0.0
0.0
0.0
0.0
0.0
0.0
0.0
0.0
0.0
0.0
0.0
0.0
0.0
0.0
0.0
0.0
0.0
0.0
0.0
0.0
0.0
0.0
0.0
0.0
0.0
0.0
0.0
0.0
0.0
0.0
0.0
0.0
0.0
0.0
0.0
0.0
0.0
0.0
0.0
0.0
0.0
0.0
0.0
0.0
0.0
0.0
0.0
0.0
0.0
0.0
0.0
0.0
0.0
0.0
0.0
0.0
0.0
0.0
0.0
