-63.0
-71.0
-77.0
-49.0
-72.0
-58.0
-44.0
-56.0
-64.0
-59.0
-42.0
-51.0
-59.0
-49.0
-54.0
-71.0
-60.0
-63.0
-72.0
-56.0
-59.0
-65.0
-74.0
-72.0
-80.0
-94.0
-78.0
-81.0
-96.0
-81.0
-79.0
-89.0
-86.0
-84.0
-68.0
-59.0
-76.0
-44.0
-62.0
-62.0
-42.0
-53.0
-61.0
-60.0
-77.0
-65.0
-48.0
-64.0
-57.0
-53.0
-65.0
-63.0
-73.0
-57.0
-48.0
-49.0
-33.0
-28.0
-22.0
0.0
-14.0
-23.0
-34.0
-52.0
-37.0
-41.0
-31.0
-23.0
-40.0
-26.0
-29.0
-21.0
-10.0
-36.0
-37.0
-17.0
-32.0
-18.0
-13.0
-17.0
-9.0
-29.0
-37.0
-39.0
-41.0
-21.0
-29.0
-36.0
-17.0
-36.0
-43.0
-23.0
5.0
16.0
-15.0
-24.0
-16.0
-21.0
1.0
27.0
6.0
-4.0
-5.0
-9.0
13.0
12.0
-8.0
-26.0
-32.0
-23.0
-20.0
-15.0
3.0
-16.0
-14.0
-18.0
-24.0
-6.0
-2.0
-6.0
-26.0
-34.0
-17.0
-15.0
-24.0
-14.0
-24.0
-26.0
-11.0
-14.0
-1.0
22.0
5.0
13.0
44.0
48.0
73.0
60.0
53.0
42.0
26.0
49.0
22.0
9.0
39.0
24.0
10.0
5.0
-12.0
7.0
7.0
-3.0
20.0
6.0
9.0
5.0
-12.0
4.0
11.0
8.0
26.0
19.0
1.0
21.0
-1.0
-4.0
-5.0
-20.0
5.0
-4.0
-3.0
12.0
5.0
6.0
8.0
16.0
9.0
-12.0
4.0
14.0
-10.0
5.0
-2.0
-20.0
8.0
2.0
11.0
14.0
-7.0
-13.0
-12.0
-16.0
-18.0
-24.0
-24.0
-18.0
-15.0
-21.0
-11.0
-11.0
7.0
1.0
1.0
3.0
-1.0
4.0
-3.0
-10.0
7.0
1.0
-16.0
-9.0
-14.0
-2.0
3.0
-22.0
-24.0
-20.0
-24.0
-39.0
-62.0
-45.0
-33.0
-49.0
-37.0
-45.0
-64.0
-40.0
-48.0
-39.0
-55.0
-62.0
-66.0
-83.0
-71.0
-59.0
-74.0
-58.0
-60.0
-82.0
-65.0
-64.0
-83.0
-71.0
-67.0
-53.0
-34.0
-34.0
-37.0
-48.0
-46.0
-33.0
-44.0
-48.0
-37.0
-57.0
-53.0
-53.0
-54.0
-45.0
-47.0
-29.0
-44.0
-48.0
-18.0
-18.0
-31.0
-45.0
-55.0
-50.0
-58.0
-59.0
-41.0
-55.0
-64.0
-51.0
-63.0
-57.0
-65.0
-92.0
-68.0
-67.0
-77.0
-59.0
-68.0
-71.0
-69.0
-69.0
-57.0
-52.0
-52.0
-48.0
-55.0
-53.0
-58.0
-62.0
-44.0
-58.0
-55.0
-64.0
-76.0
-74.0
-68.0
-69.0
-71.0
-83.0
-92.0
-83.0
-96.0
-86.0
-81.0
-79.0
-60.0
-60.0
-61.0
-53.0
-62.0
-41.0
-39.0
-46.0
-45.0
-62.0
-68.0
-69.0
-74.0
-59.0
-63.0
-61.0
-38.0
-55.0
-66.0
-57.0
-63.0
-56.0
-68.0
-87.0
-84.0
-89.0
-78.0
-75.0
-88.0
-69.0
-76.0
-74.0
-49.0
-43.0
-44.0
-46.0
-61.0
-72.0
-76.0
-70.0
-32.0
-29.0
-34.0
-27.0
-57.0
-47.0
-42.0
-44.0
-33.0
-48.0
-40.0
-49.0
-70.0
-47.0
-47.0
-64.0
-57.0
-61.0
-62.0
-46.0
-52.0
-60.0
-51.0
-52.0
-44.0
-53.0
-50.0
-33.0
-49.0
-47.0
-49.0
-43.0
-48.0
-58.0
-46.0
-32.0
-47.0
-35.0
-56.0
-68.0
-53.0
-67.0
-49.0
-44.0
-69.0
-49.0
-65.0
-73.0
-67.0
-61.0
-81.0
-68.0
-67.0
-56.0
-69.0
-91.0
-61.0
-71.0
-91.0
-93.0
-86.0
-65.0
-87.0
-83.0
-59.0
-83.0
-87.0
-70.0
-83.0
-72.0
-62.0
-71.0
-64.0
-71.0
-82.0
-81.0
-72.0
-64.0
-68.0
-71.0
-57.0
-59.0
-68.0
-55.0
-83.0
-69.0
-53.0
-56.0
-50.0
-57.0
-38.0
-24.0
-51.0
-37.0
-39.0
-60.0
-41.0
-63.0
-67.0
-58.0
-74.0
-53.0
-50.0
-53.0
-27.0
-41.0
-32.0
-26.0
-55.0
-41.0
-45.0
-60.0
-46.0
-48.0
-56.0
-49.0
-51.0
-37.0
-44.0
-41.0
-36.0
-60.0
-50.0
-41.0
-60.0
-42.0
-33.0
-45.0
-51.0
-57.0
-34.0
-17.0
-34.0
-21.0
-23.0
-14.0
-3.0
-23.0
-36.0
-21.0
-24.0
-8.0
-17.0
-40.0
-30.0
-41.0
-37.0
-20.0
-32.0
-29.0
-35.0
-45.0
-22.0
-20.0
-18.0
-34.0
-22.0
-8.0
-23.0
-35.0
-17.0
-26.0
-23.0
-23.0
-52.0
-28.0
-18.0
-40.0
-37.0
-32.0
-29.0
-23.0
-35.0
-22.0
-26.0
-14.0
-8.0
-44.0
-44.0
-25.0
-27.0
-18.0
-16.0
-30.0
-31.0
-50.0
-53.0
-43.0
-43.0
-36.0
-37.0
-34.0
-5.0
-12.0
-15.0
-10.0
-31.0
-24.0
-25.0
-31.0
-20.0
-20.0
-10.0
-25.0
-33.0
-16.0
-18.0
-17.0
-4.0
-5.0
-6.0
-4.0
-7.0
6.0
2.0
-12.0
1.0
-15.0
-9.0
12.0
-8.0
7.0
16.0
17.0
25.0
-2.0
9.0
25.0
6.0
16.0
32.0
14.0
5.0
2.0
5.0
1.0
-6.0
-1.0
-9.0
-27.0
-29.0
-23.0
-34.0
-31.0
-34.0
-25.0
-33.0
-28.0
-5.0
-30.0
-41.0
-27.0
-16.0
10.0
1.0
9.0
6.0
-12.0
-10.0
-12.0
-6.0
13.0
-11.0
-34.0
-22.0
-21.0
-29.0
-13.0
-30.0
-20.0
-16.0
-22.0
-11.0
-33.0
-28.0
-22.0
-38.0
-32.0
-35.0
-45.0
-24.0
-36.0
-31.0
-6.0
-34.0
-33.0
-35.0
-33.0
-24.0
-49.0
-46.0
-25.0
-31.0
-29.0
-20.0
-27.0
-25.0
-36.0
-32.0
-22.0
-36.0
-25.0
-26.0
-56.0
-8.0
-13.0
-11.0
-9.0
-15.0
-8.0
-33.0
-40.0
-13.0
-11.0
0.0
-3.0
-24.0
-16.0
-25.0
-19.0
-8.0
-21.0
-30.0
-36.0
-25.0
-4.0
-21.0
-24.0
-14.0
-3.0
14.0
-2.0
-13.0
1.0
-10.0
-20.0
-5.0
-27.0
-27.0
-9.0
-4.0
-1.0
-21.0
-41.0
-35.0
-35.0
-27.0
-23.0
-33.0
-21.0
-28.0
-49.0
-15.0
-17.0
-12.0
-11.0
-26.0
-10.0
-4.0
-10.0
-6.0
-20.0
-6.0
7.0
-13.0
10.0
15.0
17.0
33.0
26.0
8.0
17.0
10.0
22.0
12.0
7.0
17.0
8.0
2.0
3.0
11.0
14.0
0.0
-11.0
6.0
-6.0
16.0
19.0
-3.0
-6.0
-7.0
5.0
14.0
-6.0
-3.0
-5.0
-27.0
-12.0
-10.0
-12.0
-10.0
-21.0
-22.0
-13.0
-14.0
-4.0
-10.0
-16.0
-10.0
-36.0
-30.0
-11.0
-26.0
-33.0
-15.0
-28.0
-23.0
-9.0
-15.0
-20.0
-32.0
-32.0
-30.0
-36.0
-41.0
-46.0
-39.0
-23.0
-37.0
-34.0
-23.0
-36.0
-32.0
-40.0
-33.0
-24.0
-30.0
-11.0
-29.0
-42.0
-30.0
-38.0
-29.0
-12.0
-39.0
-27.0
-10.0
-18.0
-9.0
-14.0
-18.0
-22.0
-22.0
1.0
1.0
-6.0
11.0
-6.0
4.0
29.0
10.0
1.0
1.0
4.0
16.0
2.0
-1.0
10.0
-4.0
7.0
-11.0
-29.0
-5.0
1.0
11.0
8.0
-12.0
-4.0
-5.0
-12.0
-5.0
-9.0
-8.0
-11.0
-36.0
-20.0
-17.0
-20.0
-1.0
-18.0
-27.0
-10.0
-14.0
-12.0
-5.0
-27.0
-17.0
-23.0
-22.0
12.0
10.0
8.0
6.0
-4.0
12.0
2.0
-1.0
-4.0
-21.0
0.0
17.0
2.0
8.0
-13.0
0.0
13.0
-22.0
-6.0
6.0
-8.0
12.0
5.0
4.0
1.0
-11.0
10.0
1.0
-14.0
-2.0
-23.0
1.0
32.0
5.0
21.0
20.0
6.0
28.0
20.0
15.0
34.0
18.0
33.0
30.0
17.0
23.0
17.0
-5.0
11.0
16.0
9.0
1.0
-6.0
3.0
-8.0
-5.0
6.0
7.0
20.0
22.0
1.0
2.0
-7.0
-1.0
4.0
-33.0
-20.0
-32.0
-29.0
-10.0
-16.0
-10.0
-23.0
-23.0
-26.0
-23.0
-13.0
6.0
-20.0
-27.0
-10.0
-9.0
8.0
-3.0
-15.0
-3.0
-27.0
-22.0
-11.0
-23.0
-8.0
-20.0
-48.0
-25.0
-19.0
-26.0
-21.0
-24.0
-24.0
-29.0
-35.0
-20.0
-23.0
-26.0
-29.0
-35.0
-21.0
-22.0
-29.0
-11.0
-23.0
-44.0
-30.0
-34.0
-17.0
-18.0
-30.0
1.0
-20.0
-24.0
-7.0
-16.0
-5.0
-6.0
-11.0
-1.0
-9.0
-5.0
-5.0
-18.0
12.0
14.0
11.0
19.0
0.0
3.0
16.0
-6.0
7.0
24.0
-6.0
4.0
-4.0
-13.0
-11.0
-16.0
5.0
10.0
-7.0
7.0
-11.0
-13.0
-11.0
-18.0
-1.0
-5.0
-18.0
-21.0
-22.0
-16.0
-18.0
-35.0
-23.0
-18.0
-26.0
-22.0
-14.0
-4.0
16.0
8.0
8.0
-7.0
-20.0
-9.0
-25.0
-12.0
-2.0
-6.0
5.0
8.0
2.0
16.0
-3.0
2.0
-1.0
2.0
2.0
-11.0
-5.0
17.0
14.0
18.0
10.0
-1.0
14.0
6.0
7.0
22.0
27.0
24.0
17.0
-4.0
12.0
20.0
16.0
12.0
-10.0
-3.0
-1.0
-4.0
22.0
10.0
11.0
32.0
17.0
11.0
-4.0
-6.0
23.0
14.0
11.0
26.0
21.0
21.0
17.0
5.0
32.0
21.0
2.0
14.0
4.0
16.0
22.0
5.0
1.0
14.0
8.0
8.0
14.0
16.0
2.0
-13.0
3.0
2.0
11.0
31.0
16.0
5.0
-7.0
-10.0
3.0
-5.0
-12.0
9.0
-13.0
-8.0
1.0
-9.0
0.0
1.0
-14.0
-6.0
-17.0
-18.0
2.0
3.0
10.0
-14.0
-16.0
26.0
33.0
33.0
40.0
15.0
5.0
17.0
17.0
14.0
14.0
5.0
6.0
-7.0
4.0
6.0
0.0
14.0
8.0
-5.0
-1.0
-4.0
14.0
-1.0
-11.0
-7.0
-26.0
-39.0
-37.0
-43.0
-31.0
-21.0
-28.0
-12.0
-10.0
-21.0
-17.0
-14.0
10.0
8.0
-7.0
8.0
-6.0
-16.0
-10.0
-9.0
-4.0
1.0
-13.0
-6.0
-1.0
-4.0
-14.0
-5.0
13.0
14.0
20.0
33.0
21.0
-1.0
14.0
9.0
-3.0
-2.0
18.0
37.0
23.0
20.0
22.0
13.0
26.0
14.0
2.0
25.0
7.0
-5.0
13.0
-1.0
-4.0
1.0
-1.0
4.0
-11.0
-6.0
-3.0
-18.0
7.0
14.0
2.0
8.0
-10.0
-11.0
-7.0
-16.0
3.0
6.0
-5.0
-3.0
3.0
16.0
12.0
3.0
14.0
-7.0
-7.0
25.0
7.0
6.0
31.0
14.0
17.0
11.0
4.0
11.0
-4.0
2.0
-2.0
-18.0
-6.0
-5.0
-1.0
20.0
19.0
13.0
6.0
7.0
22.0
9.0
-1.0
24.0
9.0
1.0
18.0
13.0
30.0
16.0
6.0
7.0
-1.0
8.0
18.0
8.0
30.0
23.0
9.0
17.0
9.0
3.0
14.0
7.0
17.0
11.0
14.0
25.0
19.0
22.0
27.0
34.0
40.0
36.0
38.0
55.0
27.0
27.0
41.0
21.0
38.0
29.0
16.0
25.0
24.0
30.0
21.0
5.0
10.0
24.0
9.0
1.0
-9.0
7.0
9.0
5.0
20.0
8.0
1.0
7.0
11.0
4.0
15.0
8.0
34.0
47.0
52.0
55.0
32.0
18.0
33.0
32.0
38.0
15.0
6.0
26.0
7.0
21.0
42.0
21.0
25.0
37.0
32.0
35.0
13.0
20.0
36.0
26.0
47.0
36.0
27.0
30.0
32.0
37.0
34.0
32.0
42.0
32.0
13.0
36.0
39.0
32.0
39.0
22.0
28.0
32.0
27.0
46.0
31.0
21.0
18.0
26.0
32.0
21.0
25.0
35.0
18.0
13.0
26.0
16.0
15.0
29.0
24.0
22.0
18.0
20.0
25.0
12.0
22.0
25.0
23.0
51.0
45.0
34.0
45.0
40.0
37.0
31.0
37.0
60.0
36.0
35.0
36.0
16.0
32.0
32.0
14.0
27.0
25.0
26.0
14.0
3.0
12.0
4.0
-12.0
6.0
18.0
15.0
12.0
-19.0
-1.0
29.0
22.0
23.0
3.0
-1.0
7.0
-10.0
-11.0
1.0
-1.0
25.0
23.0
13.0
12.0
1.0
22.0
27.0
34.0
56.0
26.0
33.0
50.0
30.0
31.0
34.0
36.0
49.0
37.0
30.0
23.0
15.0
45.0
46.0
28.0
36.0
33.0
37.0
29.0
26.0
46.0
56.0
48.0
40.0
29.0
31.0
3.0
1.0
25.0
31.0
39.0
62.0
24.0
11.0
13.0
6.0
4.0
-10.0
1.0
44.0
27.0
30.0
23.0
-2.0
13.0
5.0
-2.0
29.0
32.0
20.0
-4.0
-14.0
0.0
8.0
6.0
4.0
-6.0
12.0
29.0
8.0
13.0
7.0
-4.0
4.0
-10.0
-1.0
13.0
-3.0
10.0
11.0
5.0
10.0
-5.0
-20.0
-18.0
-12.0
19.0
13.0
3.0
7.0
2.0
17.0
15.0
11.0
12.0
-18.0
-8.0
13.0
5.0
10.0
-3.0
-26.0
-11.0
0.0
-5.0
-7.0
-16.0
-1.0
20.0
22.0
27.0
21.0
6.0
19.0
13.0
6.0
25.0
14.0
14.0
-2.0
3.0
34.0
-2.0
-22.0
-16.0
-11.0
4.0
10.0
3.0
20.0
-2.0
-10.0
-4.0
-13.0
3.0
18.0
17.0
31.0
9.0
-5.0
6.0
-1.0
6.0
-10.0
-19.0
-10.0
-7.0
1.0
1.0
-15.0
-16.0
-30.0
-37.0
-19.0
-36.0
-34.0
-22.0
-26.0
-12.0
-2.0
-6.0
10.0
5.0
-10.0
-6.0
1.0
13.0
12.0
-3.0
-3.0
-18.0
-5.0
6.0
-8.0
-5.0
-4.0
-11.0
15.0
12.0
29.0
20.0
-7.0
15.0
24.0
13.0
18.0
3.0
3.0
11.0
1.0
10.0
14.0
4.0
5.0
3.0
16.0
-1.0
-6.0
13.0
13.0
4.0
19.0
2.0
-1.0
22.0
16.0
33.0
49.0
27.0
27.0
39.0
45.0
44.0
39.0
44.0
40.0
19.0
26.0
13.0
12.0
18.0
1.0
7.0
1.0
-18.0
-1.0
-6.0
18.0
29.0
-6.0
4.0
-3.0
-7.0
6.0
-3.0
4.0
14.0
2.0
13.0
-3.0
-12.0
11.0
2.0
-1.0
18.0
13.0
29.0
6.0
-11.0
5.0
10.0
11.0
8.0
14.0
31.0
16.0
5.0
18.0
15.0
4.0
-5.0
-12.0
6.0
1.0
-13.0
18.0
5.0
5.0
22.0
4.0
8.0
6.0
14.0
33.0
25.0
15.0
13.0
-6.0
6.0
0.0
2.0
8.0
-3.0
-7.0
-4.0
-14.0
-2.0
-7.0
-7.0
5.0
5.0
5.0
4.0
-5.0
27.0
35.0
9.0
10.0
0.0
11.0
50.0
29.0
34.0
30.0
29.0
33.0
20.0
18.0
21.0
17.0
11.0
20.0
12.0
25.0
28.0
40.0
35.0
20.0
16.0
-1.0
-3.0
11.0
7.0
14.0
22.0
6.0
2.0
2.0
6.0
22.0
18.0
26.0
42.0
22.0
24.0
15.0
11.0
29.0
31.0
32.0
23.0
13.0
22.0
39.0
43.0
37.0
11.0
-10.0
12.0
12.0
25.0
26.0
16.0
11.0
7.0
6.0
18.0
25.0
26.0
11.0
-2.0
25.0
16.0
13.0
23.0
-3.0
5.0
2.0
15.0
35.0
19.0
25.0
31.0
11.0
25.0
37.0
31.0
39.0
29.0
20.0
23.0
13.0
24.0
26.0
20.0
17.0
4.0
26.0
24.0
11.0
33.0
16.0
12.0
29.0
1.0
12.0
14.0
2.0
10.0
23.0
15.0
21.0
5.0
2.0
16.0
11.0
25.0
27.0
18.0
9.0
-8.0
-15.0
-37.0
-27.0
5.0
0.0
-1.0
-2.0
-26.0
-27.0
-1.0
3.0
-5.0
-11.0
-13.0
-14.0
-30.0
-11.0
-5.0
-20.0
-7.0
-8.0
-12.0
-18.0
-21.0
13.0
21.0
5.0
11.0
12.0
8.0
-5.0
-5.0
10.0
13.0
-4.0
6.0
1.0
-9.0
13.0
18.0
6.0
5.0
0.0
11.0
3.0
-16.0
-2.0
-6.0
1.0
-12.0
-13.0
4.0
-15.0
-16.0
17.0
-9.0
-22.0
-2.0
12.0
14.0
-13.0
-26.0
-4.0
-6.0
-15.0
-14.0
-13.0
21.0
16.0
-7.0
-17.0
-32.0
-29.0
-16.0
-12.0
-16.0
-30.0
-24.0
-12.0
-23.0
-30.0
-26.0
-23.0
-17.0
-29.0
-36.0
-33.0
-51.0
-53.0
-36.0
-42.0
-45.0
-35.0
-29.0
-19.0
-31.0
-26.0
-20.0
-23.0
-28.0
-26.0
-18.0
-1.0
-34.0
-23.0
-6.0
-37.0
-25.0
-21.0
-43.0
-32.0
-16.0
-17.0
-4.0
-22.0
2.0
-1.0
-8.0
5.0
-6.0
-5.0
-22.0
-34.0
-9.0
-15.0
-41.0
-14.0
-30.0
-27.0
-12.0
-6.0
-2.0
1.0
-28.0
-13.0
3.0
-9.0
-22.0
-33.0
-24.0
-18.0
-26.0
-7.0
-15.0
-12.0
-2.0
-23.0
-21.0
-23.0
-36.0
-14.0
-22.0
-11.0
-12.0
-35.0
-21.0
-26.0
-38.0
-29.0
-49.0
-42.0
-35.0
-38.0
-33.0
-17.0
-21.0
-1.0
-10.0
-2.0
-17.0
-33.0
4.0
10.0
-1.0
5.0
-19.0
-18.0
15.0
-22.0
-7.0
-11.0
-25.0
-20.0
-35.0
-30.0
-22.0
-44.0
-23.0
-34.0
-48.0
-13.0
-22.0
-22.0
-16.0
-24.0
-25.0
-34.0
-25.0
10.0
-7.0
-14.0
-13.0
-25.0
-14.0
-4.0
-10.0
3.0
-19.0
-46.0
-29.0
-29.0
-3.0
-6.0
11.0
6.0
-5.0
-3.0
14.0
-7.0
-10.0
-4.0
6.0
17.0
-10.0
-2.0
5.0
-5.0
-1.0
7.0
-26.0
-16.0
-23.0
-14.0
-6.0
-20.0
-7.0
-40.0
-55.0
-22.0
-25.0
-27.0
-27.0
-33.0
-25.0
-21.0
-24.0
-19.0
-20.0
-22.0
-26.0
-27.0
-17.0
-19.0
-20.0
-7.0
-23.0
-32.0
-23.0
-29.0
-13.0
0.0
-2.0
-1.0
-24.0
-16.0
-4.0
-10.0
-2.0
-1.0
-11.0
-7.0
-11.0
-25.0
-20.0
-28.0
-19.0
-21.0
-21.0
-2.0
-37.0
-30.0
-14.0
-24.0
-31.0
-35.0
-28.0
-30.0
-31.0
-17.0
-26.0
-40.0
-21.0
-17.0
-37.0
-44.0
-30.0
-12.0
-15.0
-22.0
-11.0
8.0
-3.0
1.0
-3.0
-1.0
17.0
10.0
14.0
-6.0
-28.0
-3.0
-12.0
2.0
11.0
-12.0
-6.0
-1.0
-5.0
-4.0
-18.0
-22.0
-27.0
-31.0
-24.0
-24.0
-22.0
-24.0
-36.0
-33.0
-18.0
-19.0
4.0
-7.0
-23.0
-16.0
-27.0
-25.0
-5.0
-16.0
-22.0
-8.0
-8.0
4.0
-7.0
3.0
8.0
-7.0
7.0
11.0
3.0
1.0
-15.0
-15.0
-16.0
-18.0
-16.0
-20.0
-30.0
-22.0
-33.0
-30.0
-35.0
-42.0
-24.0
-25.0
-37.0
-28.0
-43.0
-44.0
-31.0
-39.0
-31.0
-22.0
-20.0
4.0
9.0
-4.0
15.0
-11.0
1.0
-3.0
-2.0
11.0
-4.0
4.0
10.0
-9.0
14.0
22.0
3.0
12.0
26.0
16.0
4.0
4.0
15.0
-2.0
-17.0
-1.0
-14.0
-24.0
-34.0
-46.0
-23.0
-11.0
1.0
1.0
-14.0
-15.0
-6.0
-5.0
-2.0
11.0
-21.0
-11.0
-13.0
-18.0
-1.0
-24.0
-10.0
13.0
6.0
12.0
17.0
11.0
24.0
15.0
14.0
0.0
-13.0
1.0
6.0
1.0
30.0
22.0
21.0
3.0
6.0
26.0
-5.0
3.0
16.0
-1.0
15.0
38.0
26.0
35.0
34.0
15.0
16.0
6.0
24.0
25.0
7.0
20.0
8.0
9.0
2.0
-2.0
26.0
-4.0
1.0
16.0
-11.0
17.0
40.0
22.0
44.0
29.0
1.0
6.0
15.0
11.0
16.0
-4.0
1.0
31.0
24.0
39.0
40.0
29.0
21.0
8.0
26.0
11.0
13.0
42.0
18.0
8.0
29.0
18.0
17.0
20.0
12.0
16.0
17.0
26.0
24.0
11.0
24.0
8.0
8.0
23.0
6.0
23.0
25.0
2.0
12.0
3.0
16.0
23.0
-1.0
10.0
13.0
-9.0
32.0
33.0
2.0
7.0
3.0
-1.0
-2.0
-5.0
13.0
-6.0
-13.0
-4.0
-8.0
-13.0
-1.0
7.0
-1.0
6.0
8.0
6.0
16.0
20.0
17.0
13.0
22.0
17.0
11.0
4.0
-1.0
5.0
-9.0
-30.0
-22.0
-5.0
-10.0
1.0
-10.0
-11.0
-13.0
-12.0
-7.0
4.0
13.0
10.0
-8.0
14.0
36.0
1.0
-1.0
7.0
-3.0
-5.0
-10.0
1.0
-2.0
-21.0
10.0
4.0
-9.0
4.0
-6.0
13.0
31.0
21.0
39.0
24.0
4.0
20.0
4.0
35.0
55.0
19.0
31.0
42.0
56.0
72.0
60.0
53.0
35.0
33.0
52.0
59.0
45.0
25.0
23.0
29.0
24.0
19.0
24.0
5.0
-2.0
10.0
-7.0
-18.0
4.0
16.0
13.0
6.0
8.0
36.0
23.0
18.0
25.0
18.0
31.0
24.0
21.0
49.0
34.0
13.0
27.0
23.0
39.0
44.0
27.0
51.0
42.0
43.0
36.0
18.0
36.0
62.0
71.0
66.0
41.0
43.0
45.0
24.0
40.0
54.0
42.0
57.0
53.0
58.0
55.0
33.0
30.0
15.0
13.0
28.0
34.0
40.0
33.0
10.0
32.0
28.0
5.0
20.0
13.0
21.0
37.0
1.0
14.0
24.0
15.0
17.0
16.0
-8.0
4.0
5.0
33.0
18.0
-8.0
-7.0
8.0
30.0
26.0
1.0
-12.0
-17.0
-29.0
-12.0
-17.0
-10.0
-1.0
2.0
27.0
25.0
23.0
37.0
-9.0
-24.0
-18.0
-22.0
9.0
-3.0
-5.0
0.0
-26.0
-14.0
-8.0
-14.0
6.0
-1.0
-17.0
0.0
7.0
-16.0
-8.0
-6.0
4.0
13.0
21.0
39.0
24.0
26.0
42.0
27.0
26.0
26.0
23.0
34.0
17.0
43.0
42.0
23.0
40.0
20.0
7.0
34.0
25.0
29.0
23.0
-5.0
9.0
24.0
26.0
46.0
42.0
42.0
33.0
21.0
36.0
44.0
31.0
35.0
22.0
17.0
25.0
18.0
11.0
14.0
13.0
31.0
24.0
41.0
44.0
18.0
23.0
29.0
25.0
31.0
26.0
34.0
39.0
34.0
48.0
41.0
27.0
31.0
23.0
35.0
39.0
36.0
38.0
21.0
15.0
24.0
39.0
59.0
45.0
20.0
14.0
33.0
39.0
41.0
20.0
36.0
55.0
30.0
44.0
50.0
55.0
71.0
47.0
41.0
46.0
35.0
36.0
40.0
28.0
37.0
12.0
18.0
27.0
18.0
18.0
34.0
25.0
40.0
30.0
24.0
54.0
49.0
36.0
4.0
5.0
3.0
-2.0
-3.0
5.0
10.0
45.0
18.0
-5.0
29.0
29.0
22.0
25.0
13.0
25.0
25.0
16.0
33.0
29.0
16.0
12.0
-3.0
12.0
7.0
1.0
4.0
-1.0
4.0
16.0
-5.0
7.0
10.0
-2.0
12.0
12.0
11.0
29.0
16.0
12.0
13.0
-2.0
4.0
4.0
-8.0
-1.0
1.0
-4.0
15.0
19.0
18.0
2.0
11.0
0.0
-15.0
-8.0
0.0
19.0
16.0
-10.0
-4.0
10.0
16.0
32.0
7.0
6.0
18.0
11.0
13.0
5.0
-5.0
-6.0
-12.0
2.0
14.0
3.0
16.0
1.0
-23.0
-7.0
-19.0
-30.0
-17.0
-10.0
-6.0
-23.0
-26.0
-11.0
-15.0
-1.0
4.0
-7.0
7.0
7.0
4.0
4.0
-13.0
-17.0
14.0
2.0
-4.0
5.0
-32.0
-17.0
-18.0
-21.0
-23.0
-39.0
-34.0
-24.0
-32.0
-25.0
-20.0
-35.0
-27.0
-22.0
-32.0
-21.0
-30.0
-24.0
-25.0
-25.0
-24.0
-25.0
-35.0
-44.0
-54.0
-35.0
-30.0
-30.0
-13.0
-42.0
-30.0
-24.0
-54.0
-30.0
-40.0
-50.0
-35.0
-38.0
-42.0
-43.0
-40.0
-17.0
-17.0
-24.0
-13.0
-37.0
-23.0
-18.0
-33.0
-24.0
-34.0
-21.0
-14.0
-36.0
-30.0
-21.0
-35.0
-12.0
-21.0
-38.0
-9.0
-33.0
-44.0
-20.0
-17.0
-13.0
-33.0
-49.0
-11.0
-33.0
-39.0
-16.0
-11.0
-12.0
-34.0
-43.0
-21.0
-39.0
-43.0
-26.0
-50.0
-50.0
-50.0
-48.0
-49.0
-42.0
-47.0
-46.0
-62.0
-53.0
-44.0
-54.0
-42.0
-43.0
-45.0
-53.0
-51.0
-29.0
-33.0
-45.0
-30.0
-46.0
-51.0
-43.0
-39.0
-14.0
-22.0
-28.0
-15.0
-14.0
-8.0
-9.0
-17.0
-4.0
-10.0
-16.0
17.0
-24.0
-49.0
-14.0
-24.0
-19.0
-5.0
-16.0
-2.0
-1.0
-23.0
-14.0
-21.0
-16.0
-18.0
-29.0
-18.0
-24.0
-16.0
-7.0
4.0
8.0
13.0
13.0
29.0
17.0
15.0
29.0
11.0
11.0
-8.0
-20.0
-3.0
-7.0
-7.0
-5.0
-4.0
-3.0
-22.0
-19.0
-3.0
-22.0
-15.0
8.0
-8.0
-3.0
-2.0
7.0
11.0
-13.0
0.0
-1.0
-13.0
13.0
-4.0
-17.0
14.0
-7.0
-20.0
-7.0
-14.0
-24.0
-21.0
-22.0
-4.0
-1.0
-2.0
-12.0
-28.0
-18.0
-23.0
-27.0
-13.0
-13.0
-33.0
-32.0
-16.0
-4.0
-12.0
-17.0
-12.0
-38.0
-43.0
-24.0
-21.0
-32.0
-28.0
-35.0
-30.0
-40.0
-17.0
-21.0
-33.0
-18.0
-24.0
-44.0
-38.0
-63.0
-65.0
-52.0
-55.0
-39.0
-22.0
-17.0
-15.0
-11.0
-4.0
6.0
-18.0
-18.0
-8.0
-10.0
-2.0
-6.0
-12.0
-15.0
-13.0
-16.0
-13.0
-11.0
-13.0
-20.0
-24.0
-6.0
-21.0
-22.0
-23.0
-40.0
-21.0
-19.0
-9.0
20.0
5.0
-7.0
-5.0
-3.0
1.0
-8.0
-8.0
1.0
-14.0
-26.0
-33.0
-3.0
20.0
-3.0
3.0
-2.0
-27.0
-13.0
1.0
-9.0
-7.0
-16.0
1.0
-4.0
-25.0
-20.0
-13.0
-22.0
-16.0
-25.0
-20.0
-10.0
-31.0
-11.0
-13.0
-11.0
-13.0
-15.0
-24.0
-26.0
-31.0
-17.0
-35.0
-48.0
-24.0
-33.0
-40.0
-25.0
-45.0
-37.0
-28.0
-35.0
-37.0
-44.0
-23.0
-15.0
-24.0
-27.0
-27.0
-29.0
-21.0
-16.0
-11.0
-24.0
-37.0
-23.0
-39.0
-62.0
-44.0
-62.0
-59.0
-49.0
-72.0
-39.0
-36.0
-56.0
-43.0
-52.0
-49.0
-39.0
-51.0
-53.0
-42.0
-43.0
-43.0
-52.0
-43.0
-30.0
-44.0
-26.0
-39.0
-57.0
-40.0
-42.0
-26.0
-15.0
-56.0
-45.0
-33.0
-32.0
-24.0
-22.0
-24.0
-32.0
-36.0
-40.0
-31.0
-40.0
-29.0
-33.0
-27.0
-13.0
-31.0
-17.0
-18.0
-31.0
-33.0
-31.0
-24.0
-13.0
-33.0
-31.0
-35.0
-32.0
-26.0
-27.0
-26.0
-22.0
-40.0
-34.0
-44.0
-48.0
-43.0
-53.0
-49.0
-27.0
-37.0
-33.0
-37.0
-51.0
-46.0
-50.0
-43.0
-43.0
-42.0
-35.0
-40.0
-37.0
-24.0
-29.0
-32.0
-22.0
-34.0
-11.0
-2.0
-20.0
-24.0
-34.0
-50.0
-12.0
-18.0
-34.0
-27.0
-24.0
6.0
5.0
4.0
17.0
-6.0
-21.0
-4.0
4.0
0.0
-4.0
-7.0
0.0
-1.0
16.0
15.0
-1.0
-2.0
7.0
5.0
16.0
10.0
18.0
12.0
4.0
18.0
-1.0
5.0
18.0
29.0
46.0
46.0
28.0
16.0
1.0
4.0
11.0
-17.0
-4.0
2.0
-19.0
-3.0
1.0
-4.0
-7.0
-7.0
10.0
2.0
-8.0
22.0
-3.0
-17.0
5.0
-3.0
-4.0
-8.0
-22.0
4.0
1.0
7.0
39.0
12.0
12.0
11.0
8.0
30.0
13.0
12.0
6.0
-5.0
-2.0
4.0
-14.0
-12.0
-18.0
-5.0
8.0
-20.0
-17.0
-10.0
-7.0
8.0
-9.0
-20.0
8.0
3.0
2.0
12.0
32.0
25.0
14.0
31.0
35.0
15.0
13.0
17.0
23.0
23.0
-6.0
15.0
22.0
11.0
26.0
5.0
-7.0
31.0
26.0
25.0
13.0
-2.0
25.0
29.0
30.0
25.0
10.0
14.0
16.0
27.0
45.0
33.0
32.0
42.0
14.0
11.0
8.0
11.0
22.0
8.0
-8.0
7.0
12.0
20.0
14.0
15.0
17.0
19.0
14.0
36.0
20.0
12.0
17.0
12.0
12.0
21.0
24.0
25.0
25.0
32.0
35.0
17.0
26.0
32.0
31.0
50.0
37.0
38.0
35.0
30.0
39.0
48.0
37.0
57.0
55.0
49.0
53.0
47.0
53.0
50.0
42.0
65.0
51.0
39.0
60.0
44.0
58.0
47.0
34.0
52.0
42.0
39.0
39.0
33.0
37.0
18.0
26.0
31.0
42.0
50.0
48.0
30.0
37.0
32.0
26.0
31.0
18.0
21.0
34.0
33.0
30.0
25.0
28.0
40.0
13.0
15.0
23.0
-4.0
15.0
26.0
11.0
26.0
20.0
21.0
29.0
28.0
33.0
20.0
4.0
16.0
8.0
21.0
14.0
-3.0
-11.0
-17.0
-20.0
-9.0
2.0
12.0
15.0
-4.0
24.0
23.0
3.0
26.0
6.0
8.0
12.0
14.0
30.0
30.0
21.0
15.0
-5.0
-6.0
13.0
13.0
8.0
-11.0
-4.0
20.0
-2.0
10.0
20.0
-16.0
-12.0
3.0
4.0
20.0
11.0
12.0
31.0
18.0
23.0
18.0
5.0
16.0
15.0
-2.0
36.0
34.0
26.0
27.0
29.0
43.0
26.0
26.0
18.0
-4.0
6.0
10.0
17.0
16.0
-4.0
2.0
27.0
12.0
17.0
22.0
8.0
4.0
11.0
23.0
26.0
7.0
2.0
7.0
18.0
20.0
7.0
10.0
22.0
12.0
29.0
4.0
5.0
18.0
-3.0
15.0
24.0
3.0
19.0
18.0
6.0
2.0
-10.0
4.0
-11.0
-13.0
1.0
-19.0
-28.0
-3.0
0.0
-15.0
-8.0
-17.0
-6.0
-4.0
-4.0
10.0
7.0
-21.0
-2.0
-10.0
-6.0
-6.0
-2.0
9.0
8.0
18.0
24.0
2.0
7.0
-11.0
-24.0
-9.0
-7.0
2.0
-9.0
-23.0
-18.0
-14.0
-16.0
-13.0
-28.0
-29.0
-16.0
-21.0
1.0
4.0
-21.0
2.0
-7.0
-12.0
-12.0
-18.0
-28.0
-36.0
-26.0
-6.0
-12.0
-11.0
-12.0
-17.0
-12.0
-20.0
-31.0
-18.0
-33.0
-34.0
-22.0
-35.0
-43.0
-27.0
-26.0
-22.0
-18.0
-10.0
2.0
-12.0
4.0
-16.0
-31.0
-8.0
-19.0
-13.0
12.0
-16.0
-5.0
-3.0
0.0
4.0
-11.0
1.0
14.0
-13.0
-3.0
-7.0
0.0
-2.0
-18.0
-15.0
-16.0
-32.0
-10.0
-11.0
-20.0
-17.0
-53.0
-30.0
-21.0
-23.0
-15.0
-21.0
-30.0
-36.0
-47.0
-35.0
-28.0
-39.0
-26.0
-21.0
-32.0
-16.0
-23.0
-12.0
-11.0
-33.0
-27.0
-29.0
-42.0
-31.0
-36.0
-24.0
-30.0
-32.0
-34.0
-34.0
-36.0
-25.0
-41.0
-37.0
-39.0
-46.0
-27.0
-36.0
-60.0
-46.0
-50.0
-41.0
-23.0
-36.0
-38.0
-44.0
-51.0
-29.0
-13.0
-8.0
-5.0
-16.0
-31.0
-46.0
-44.0
-24.0
-45.0
-52.0
-46.0
-63.0
-53.0
-43.0
-58.0
-33.0
-49.0
-60.0
-32.0
-38.0
-35.0
-35.0
-43.0
-29.0
-47.0
-39.0
-23.0
-33.0
-40.0
-54.0
-32.0
-15.0
-37.0
-43.0
-24.0
-30.0
-29.0
-39.0
-30.0
-20.0
-30.0
-28.0
-13.0
-33.0
-31.0
-24.0
-38.0
-36.0
-40.0
-40.0
-23.0
-39.0
-15.0
-13.0
-37.0
-6.0
-19.0
-36.0
-25.0
-45.0
-44.0
-20.0
-26.0
-26.0
-28.0
-18.0
5.0
-6.0
-18.0
-18.0
-22.0
-11.0
-8.0
-5.0
-15.0
-33.0
-6.0
-2.0
-4.0
8.0
12.0
20.0
3.0
-23.0
-16.0
-23.0
-21.0
-13.0
-2.0
14.0
-2.0
-34.0
-22.0
-45.0
-43.0
-16.0
-41.0
-36.0
-15.0
-14.0
-6.0
5.0
10.0
1.0
5.0
7.0
-2.0
-5.0
29.0
31.0
16.0
45.0
42.0
24.0
31.0
13.0
15.0
31.0
38.0
53.0
49.0
35.0
21.0
16.0
21.0
17.0
24.0
53.0
35.0
36.0
31.0
7.0
29.0
28.0
6.0
31.0
43.0
26.0
12.0
1.0
-2.0
-4.0
3.0
12.0
-1.0
12.0
24.0
42.0
97.0
156.0
197.0
242.0
266.0
270.0
267.0
266.0
266.0
268.0
268.0
268.0
263.0
263.0
241.0
198.0
170.0
137.0
102.0
82.0
30.0
-8.0
-37.0
-73.0
-87.0
-110.0
-147.0
-168.0
-182.0
-187.0
-211.0
-223.0
-214.0
-228.0
-239.0
-225.0
-243.0
-240.0
-224.0
-237.0
-219.0
-208.0
-235.0
-228.0
-225.0
-228.0
-226.0
-230.0
-220.0
-206.0
-216.0
-196.0
-195.0
-203.0
-198.0
-191.0
-152.0
-132.0
-154.0
-145.0
-174.0
-182.0
-152.0
-168.0
-140.0
-134.0
-137.0
-130.0
-157.0
-172.0
-171.0
-171.0
-163.0
-158.0
-164.0
-168.0
-186.0
-159.0
-147.0
-161.0
-147.0
-151.0
-167.0
-160.0
-171.0
-185.0
-169.0
-165.0
-141.0
-146.0
-156.0
-139.0
-135.0
-131.0
-133.0
-150.0
-153.0
-158.0
-154.0
-143.0
-133.0
-138.0
-147.0
-156.0
-149.0
-140.0
-138.0
-121.0
-136.0
-127.0
-118.0
-131.0
-121.0
-122.0
-131.0
-114.0
-121.0
-117.0
-83.0
-83.0
-87.0
-101.0
-126.0
-110.0
-114.0
-95.0
-83.0
-117.0
-100.0
-93.0
-109.0
-105.0
-123.0
-123.0
-111.0
-106.0
-81.0
-86.0
-108.0
-108.0
-116.0
-109.0
-99.0
-119.0
-102.0
-109.0
-110.0
-98.0
-111.0
-98.0
-102.0
-107.0
-92.0
-92.0
-112.0
-102.0
-101.0
-99.0
-100.0
-119.0
-111.0
-118.0
-99.0
-68.0
-77.0
-83.0
-73.0
-89.0
-76.0
-89.0
-84.0
-52.0
-88.0
-102.0
-84.0
-88.0
-78.0
-81.0
-117.0
-97.0
-100.0
-98.0
-84.0
-102.0
-98.0
-117.0
-117.0
-84.0
-98.0
-106.0
-98.0
-125.0
-106.0
-108.0
-115.0
-103.0
-135.0
-146.0
-123.0
-123.0
-111.0
-117.0
-103.0
-81.0
-95.0
-104.0
-99.0
-112.0
-91.0
-91.0
-108.0
-99.0
-105.0
-110.0
-97.0
-111.0
-91.0
-88.0
-101.0
-84.0
-75.0
-88.0
-89.0
-76.0
-68.0
-80.0
-78.0
-71.0
-71.0
-61.0
-43.0
-53.0
-67.0
-83.0
-95.0
-76.0
-87.0
-65.0
-41.0
-60.0
-64.0
-63.0
-79.0
-74.0
-86.0
-80.0
-66.0
-78.0
-62.0
-54.0
-66.0
-48.0
-60.0
-55.0
-25.0
-29.0
-26.0
-37.0
-54.0
-50.0
-60.0
-53.0
-59.0
-75.0
-70.0
-46.0
-50.0
-58.0
-63.0
-55.0
-69.0
-69.0
-53.0
-65.0
-55.0
-42.0
-46.0
-68.0
-60.0
-65.0
-39.0
-30.0
-40.0
-37.0
-50.0
-40.0
-21.0
-12.0
-18.0
-25.0
-20.0
-20.0
-41.0
-44.0
-43.0
-59.0
-43.0
-39.0
-54.0
-39.0
-33.0
-34.0
-43.0
-39.0
-37.0
-45.0
-45.0
-21.0
-32.0
-21.0
-16.0
-16.0
-17.0
-16.0
-29.0
-27.0
-43.0
-29.0
-8.0
-37.0
-21.0
-37.0
-42.0
-21.0
-48.0
-44.0
-32.0
-46.0
-53.0
-36.0
-27.0
-38.0
-38.0
-36.0
-39.0
-39.0
-22.0
-16.0
-14.0
1.0
-10.0
-9.0
-3.0
-2.0
1.0
-4.0
-12.0
-1.0
-9.0
-3.0
5.0
-4.0
-4.0
-13.0
-29.0
-13.0
-13.0
-16.0
-8.0
-14.0
-8.0
-10.0
-7.0
8.0
-1.0
6.0
8.0
-14.0
-15.0
-12.0
-11.0
4.0
27.0
15.0
1.0
-11.0
0.0
6.0
1.0
3.0
2.0
-13.0
-14.0
-10.0
4.0
-12.0
-27.0
-14.0
-4.0
-15.0
-26.0
-49.0
-30.0
-22.0
-26.0
-13.0
-34.0
-26.0
-5.0
-25.0
-16.0
-16.0
-28.0
-23.0
-23.0
-5.0
-14.0
-37.0
-47.0
-47.0
-42.0
-30.0
-35.0
-29.0
-11.0
-30.0
-9.0
-11.0
-30.0
-16.0
-23.0
-16.0
-31.0
-50.0
-33.0
-28.0
-44.0
-29.0
-35.0
-47.0
-35.0
-34.0
-22.0
-19.0
-17.0
-26.0
-45.0
-49.0
-51.0
-45.0
-28.0
-24.0
-31.0
-10.0
-25.0
-10.0
5.0
-15.0
-1.0
12.0
-1.0
10.0
-4.0
-23.0
-21.0
-14.0
14.0
-4.0
-24.0
-2.0
4.0
10.0
0.0
-16.0
1.0
2.0
-1.0
24.0
9.0
-11.0
-11.0
-31.0
-35.0
-25.0
-30.0
-33.0
-27.0
-14.0
-28.0
-33.0
-14.0
10.0
-5.0
-4.0
-23.0
-29.0
-5.0
-25.0
-21.0
-17.0
-41.0
-23.0
-12.0
-26.0
-11.0
3.0
0.0
-10.0
-13.0
11.0
0.0
-19.0
-2.0
-10.0
-23.0
-23.0
-32.0
-26.0
-20.0
-6.0
-22.0
-22.0
-11.0
-29.0
-10.0
-6.0
-33.0
-39.0
-37.0
-38.0
-24.0
-33.0
-41.0
-32.0
-31.0
-32.0
-15.0
-32.0
-39.0
-57.0
-64.0
-52.0
-56.0
-42.0
-25.0
-33.0
-25.0
-37.0
-43.0
-6.0
-12.0
-2.0
-4.0
-24.0
-11.0
-15.0
-34.0
-13.0
3.0
-10.0
5.0
6.0
-1.0
3.0
-10.0
4.0
16.0
14.0
12.0
-8.0
1.0
-7.0
12.0
28.0
-1.0
12.0
16.0
-3.0
26.0
22.0
3.0
41.0
50.0
43.0
50.0
46.0
48.0
49.0
45.0
62.0
60.0
42.0
51.0
27.0
21.0
46.0
51.0
37.0
17.0
36.0
61.0
37.0
48.0
49.0
22.0
22.0
31.0
50.0
51.0
29.0
21.0
2.0
-4.0
12.0
22.0
14.0
30.0
34.0
30.0
14.0
3.0
14.0
4.0
11.0
20.0
13.0
14.0
23.0
7.0
12.0
6.0
3.0
7.0
-16.0
-3.0
1.0
2.0
14.0
-23.0
-4.0
21.0
2.0
8.0
4.0
-5.0
1.0
1.0
-5.0
-7.0
-28.0
-8.0
-5.0
-30.0
-18.0
-44.0
-37.0
-16.0
-21.0
-18.0
-13.0
-13.0
-14.0
-8.0
-7.0
4.0
2.0
4.0
-9.0
-54.0
-32.0
-20.0
-15.0
-2.0
-16.0
-31.0
-39.0
-51.0
-33.0
-33.0
-36.0
-25.0
-29.0
-24.0
-36.0
-25.0
1.0
-6.0
5.0
29.0
-10.0
-1.0
-10.0
-39.0
-6.0
-13.0
-16.0
-4.0
-19.0
-24.0
-33.0
-41.0
-1.0
4.0
-18.0
-9.0
-22.0
-25.0
-29.0
-33.0
-24.0
-40.0
-45.0
-38.0
-58.0
-36.0
-25.0
-59.0
-42.0
-56.0
-66.0
-48.0
-59.0
-64.0
-62.0
-66.0
-55.0
-60.0
-40.0
-67.0
-69.0
-52.0
-62.0
-64.0
-44.0
-51.0
-50.0
-38.0
-57.0
-48.0
-15.0
-24.0
-9.0
-17.0
-25.0
-43.0
-32.0
-13.0
2.0
9.0
-1.0
-3.0
-5.0
-4.0
-5.0
4.0
13.0
13.0
17.0
20.0
13.0
15.0
4.0
3.0
-4.0
-8.0
12.0
-10.0
-8.0
8.0
-10.0
-12.0
1.0
-5.0
-1.0
-3.0
-5.0
-6.0
-15.0
0.0
-5.0
-16.0
-2.0
-14.0
-14.0
-5.0
6.0
7.0
3.0
5.0
12.0
-6.0
3.0
6.0
-26.0
-8.0
22.0
4.0
15.0
-7.0
-15.0
12.0
10.0
12.0
3.0
3.0
6.0
8.0
12.0
25.0
3.0
7.0
10.0
-12.0
16.0
19.0
7.0
29.0
37.0
48.0
38.0
16.0
29.0
38.0
27.0
31.0
33.0
39.0
29.0
39.0
61.0
35.0
24.0
40.0
31.0
25.0
26.0
16.0
18.0
-12.0
5.0
30.0
11.0
7.0
-5.0
-10.0
16.0
18.0
17.0
14.0
7.0
29.0
22.0
18.0
26.0
4.0
-3.0
6.0
-3.0
20.0
28.0
-17.0
-26.0
-15.0
2.0
13.0
6.0
14.0
3.0
-8.0
16.0
6.0
13.0
18.0
-18.0
-7.0
0.0
4.0
29.0
22.0
18.0
27.0
-8.0
5.0
31.0
29.0
39.0
30.0
20.0
31.0
13.0
21.0
25.0
9.0
14.0
25.0
21.0
14.0
4.0
17.0
35.0
28.0
34.0
5.0
-6.0
-1.0
-10.0
1.0
5.0
21.0
13.0
15.0
18.0
9.0
-14.0
19.0
13.0
3.0
11.0
6.0
6.0
10.0
-6.0
10.0
9.0
-7.0
-3.0
-14.0
-18.0
-3.0
-16.0
-2.0
1.0
-17.0
8.0
-2.0
5.0
11.0
3.0
10.0
14.0
-3.0
11.0
8.0
6.0
5.0
-14.0
-11.0
-8.0
-13.0
2.0
-18.0
-13.0
-9.0
-11.0
-7.0
-14.0
-14.0
7.0
4.0
12.0
26.0
13.0
39.0
49.0
17.0
28.0
18.0
14.0
14.0
-7.0
18.0
15.0
2.0
38.0
20.0
0.0
7.0
-3.0
15.0
13.0
4.0
15.0
7.0
22.0
24.0
22.0
25.0
36.0
20.0
24.0
20.0
29.0
30.0
11.0
39.0
22.0
2.0
24.0
20.0
11.0
17.0
10.0
-10.0
-4.0
-3.0
4.0
-13.0
-24.0
-18.0
-39.0
-11.0
-8.0
-25.0
-22.0
-23.0
-29.0
-19.0
-30.0
-36.0
-26.0
-32.0
-9.0
-19.0
-41.0
-35.0
-40.0
-27.0
-17.0
-31.0
-31.0
-39.0
-44.0
-26.0
-37.0
-21.0
-24.0
-17.0
33.0
68.0
127.0
192.0
216.0
263.0
274.0
267.0
269.0
269.0
268.0
269.0
269.0
269.0
251.0
226.0
208.0
178.0
134.0
114.0
93.0
87.0
50.0
-1.0
-4.0
-35.0
-74.0
-82.0
-93.0
-97.0
-122.0
-136.0
-130.0
-165.0
-185.0
-187.0
-202.0
-176.0
-168.0
-188.0
-184.0
-195.0
-210.0
-192.0
-196.0
-197.0
-208.0
-220.0
-197.0
-200.0
-208.0
-183.0
-177.0
-165.0
-165.0
-187.0
-182.0
-171.0
-147.0
-150.0
-169.0
-151.0
-152.0
-156.0
-137.0
-148.0
-162.0
-129.0
-143.0
-157.0
-148.0
-167.0
-153.0
-129.0
-117.0
-109.0
-125.0
-136.0
-149.0
-164.0
-146.0
-154.0
-150.0
-140.0
-154.0
-150.0
-144.0
-137.0
-116.0
-129.0
-135.0
-128.0
-131.0
-133.0
-116.0
-126.0
-127.0
-146.0
-163.0
-129.0
-102.0
-105.0
-107.0
-120.0
-99.0
-94.0
-104.0
-106.0
-108.0
-98.0
-100.0
-114.0
-99.0
-120.0
-129.0
-118.0
-121.0
-114.0
-117.0
-123.0
-102.0
-110.0
-100.0
-91.0
-103.0
-79.0
-69.0
-72.0
-67.0
-72.0
-90.0
-80.0
-97.0
-92.0
-81.0
-83.0
-72.0
-83.0
-87.0
-74.0
-88.0
-93.0
-81.0
-90.0
-96.0
-104.0
-105.0
-93.0
-114.0
-103.0
-105.0
-101.0
-88.0
-92.0
-95.0
-75.0
-92.0
-90.0
-79.0
-87.0
-63.0
-68.0
-79.0
-71.0
-87.0
-70.0
-63.0
-60.0
-44.0
-69.0
-68.0
-40.0
-67.0
-64.0
-57.0
-80.0
-69.0
-73.0
-80.0
-61.0
-79.0
-70.0
-79.0
-87.0
-74.0
-54.0
-56.0
-58.0
-61.0
-70.0
-55.0
-52.0
-48.0
-30.0
-63.0
-57.0
-57.0
-47.0
-54.0
-46.0
-28.0
-62.0
-59.0
-33.0
-58.0
-54.0
-49.0
-59.0
-54.0
-66.0
-65.0
-58.0
-71.0
-66.0
-71.0
-81.0
-54.0
-75.0
-79.0
-55.0
-58.0
-63.0
-68.0
-86.0
-85.0
-84.0
-79.0
-66.0
-64.0
-47.0
-43.0
-44.0
-36.0
-60.0
-61.0
-39.0
-56.0
-63.0
-50.0
-49.0
-46.0
-48.0
-50.0
-40.0
-67.0
-62.0
-49.0
-54.0
-55.0
-61.0
-62.0
-57.0
-68.0
-58.0
-61.0
-78.0
-54.0
-45.0
-48.0
-37.0
-60.0
-59.0
-46.0
-54.0
-45.0
-51.0
-59.0
-63.0
-66.0
-54.0
-44.0
-61.0
-50.0
-55.0
-51.0
-60.0
-84.0
-70.0
-64.0
-73.0
-66.0
-65.0
-71.0
-70.0
-83.0
-77.0
-73.0
-76.0
-53.0
-64.0
-79.0
-76.0
-83.0
-60.0
-65.0
-86.0
-64.0
-65.0
-65.0
-34.0
-42.0
-48.0
-43.0
-49.0
-42.0
-55.0
-70.0
-60.0
-45.0
-33.0
-24.0
-26.0
-29.0
-46.0
-53.0
-31.0
-25.0
-16.0
-16.0
-44.0
-40.0
-37.0
-40.0
-51.0
-42.0
-41.0
-54.0
-65.0
-24.0
-28.0
-38.0
-11.0
-35.0
-41.0
-29.0
-39.0
-39.0
-41.0
-39.0
-40.0
-39.0
-36.0
-34.0
-39.0
-29.0
-39.0
-31.0
-20.0
-41.0
-45.0
-41.0
-45.0
-3.0
-13.0
-30.0
-12.0
-17.0
-25.0
-31.0
-33.0
-16.0
-31.0
-24.0
-2.0
-26.0
-8.0
-11.0
-46.0
-33.0
-38.0
-49.0
-43.0
-43.0
-28.0
-28.0
-50.0
-42.0
-39.0
-23.0
-12.0
-36.0
-25.0
-33.0
-35.0
-12.0
-20.0
-22.0
-8.0
-9.0
1.0
7.0
-4.0
-7.0
7.0
29.0
25.0
10.0
6.0
7.0
-1.0
18.0
1.0
-10.0
3.0
-18.0
3.0
8.0
-15.0
10.0
-9.0
-15.0
13.0
-5.0
11.0
2.0
-21.0
7.0
-8.0
-20.0
15.0
5.0
3.0
19.0
5.0
22.0
12.0
-8.0
8.0
3.0
8.0
22.0
-2.0
-7.0
-10.0
-13.0
-8.0
-12.0
-4.0
-18.0
-13.0
-4.0
-29.0
-23.0
2.0
-8.0
-13.0
-20.0
-31.0
-7.0
-3.0
-2.0
13.0
-4.0
-8.0
-1.0
-13.0
11.0
-2.0
-9.0
1.0
-4.0
1.0
4.0
16.0
13.0
2.0
10.0
6.0
7.0
27.0
16.0
20.0
45.0
31.0
19.0
32.0
22.0
33.0
31.0
25.0
31.0
25.0
43.0
35.0
22.0
25.0
36.0
52.0
39.0
6.0
8.0
27.0
23.0
51.0
54.0
44.0
43.0
34.0
44.0
71.0
74.0
78.0
71.0
45.0
50.0
40.0
34.0
51.0
43.0
48.0
48.0
52.0
61.0
44.0
48.0
44.0
38.0
50.0
39.0
30.0
32.0
26.0
28.0
35.0
17.0
20.0
18.0
24.0
49.0
44.0
16.0
17.0
25.0
42.0
50.0
39.0
27.0
26.0
26.0
26.0
7.0
-1.0
-13.0
-3.0
6.0
-5.0
-6.0
15.0
-3.0
-7.0
10.0
11.0
5.0
1.0
-3.0
1.0
6.0
12.0
7.0
14.0
46.0
21.0
5.0
10.0
-1.0
11.0
17.0
14.0
31.0
4.0
-12.0
16.0
18.0
17.0
24.0
-6.0
-7.0
2.0
11.0
18.0
20.0
10.0
11.0
2.0
3.0
-10.0
2.0
3.0
-15.0
16.0
21.0
15.0
31.0
8.0
-4.0
7.0
-1.0
5.0
16.0
-1.0
2.0
11.0
14.0
17.0
4.0
15.0
7.0
7.0
19.0
8.0
15.0
23.0
21.0
31.0
35.0
21.0
42.0
14.0
15.0
54.0
58.0
81.0
92.0
54.0
70.0
77.0
79.0
83.0
54.0
49.0
65.0
63.0
74.0
69.0
47.0
31.0
43.0
66.0
61.0
64.0
72.0
45.0
34.0
55.0
42.0
31.0
34.0
20.0
25.0
30.0
31.0
29.0
9.0
26.0
28.0
13.0
19.0
17.0
12.0
15.0
17.0
23.0
23.0
22.0
13.0
23.0
37.0
44.0
33.0
29.0
20.0
13.0
21.0
11.0
9.0
5.0
-7.0
-7.0
-1.0
-1.0
7.0
-5.0
-8.0
2.0
-16.0
0.0
-6.0
-16.0
-13.0
-25.0
-16.0
16.0
-11.0
-7.0
6.0
-25.0
-12.0
-11.0
-29.0
-17.0
-9.0
-10.0
-18.0
-8.0
4.0
4.0
14.0
19.0
5.0
3.0
16.0
7.0
11.0
12.0
16.0
33.0
29.0
23.0
20.0
8.0
24.0
12.0
21.0
26.0
15.0
6.0
7.0
-1.0
14.0
15.0
-5.0
-2.0
-4.0
-13.0
1.0
-12.0
9.0
4.0
-5.0
4.0
-17.0
-14.0
-1.0
-13.0
25.0
15.0
7.0
19.0
-3.0
11.0
5.0
-7.0
11.0
-4.0
6.0
6.0
-3.0
-6.0
-1.0
5.0
4.0
10.0
15.0
3.0
-16.0
-13.0
-11.0
-27.0
-26.0
-33.0
-15.0
2.0
-5.0
-18.0
-17.0
-21.0
-12.0
-4.0
2.0
-16.0
-17.0
11.0
33.0
12.0
5.0
-13.0
-18.0
-8.0
-11.0
1.0
-6.0
-6.0
7.0
-3.0
-4.0
-3.0
-17.0
12.0
24.0
-18.0
-7.0
-11.0
-3.0
5.0
-10.0
7.0
-1.0
-16.0
6.0
10.0
-1.0
23.0
26.0
4.0
20.0
12.0
15.0
14.0
11.0
26.0
8.0
3.0
17.0
22.0
12.0
8.0
22.0
36.0
21.0
30.0
22.0
16.0
31.0
20.0
22.0
32.0
39.0
70.0
99.0
133.0
188.0
225.0
269.0
272.0
267.0
268.0
268.0
268.0
268.0
269.0
269.0
266.0
228.0
183.0
162.0
118.0
110.0
97.0
52.0
26.0
-10.0
-33.0
-33.0
-62.0
-86.0
-125.0
-140.0
-131.0
-157.0
-167.0
-168.0
-194.0
-188.0
-179.0
-174.0
-191.0
-197.0
-194.0
-206.0
-200.0
-183.0
-211.0
-200.0
-183.0
-203.0
-197.0
-186.0
-203.0
-186.0
-196.0
-199.0
-174.0
-190.0
-177.0
-169.0
-183.0
-166.0
-167.0
-164.0
-150.0
-154.0
-145.0
-131.0
-136.0
-120.0
-134.0
-154.0
-157.0
-172.0
-154.0
-144.0
-149.0
-134.0
-156.0
-162.0
-133.0
-142.0
-161.0
-157.0
-153.0
-150.0
-138.0
-128.0
-127.0
-133.0
-134.0
-136.0
-155.0
-128.0
-133.0
-136.0
-118.0
-128.0
-141.0
-131.0
-135.0
-117.0
-129.0
-135.0
-114.0
-135.0
-130.0
-131.0
-144.0
-120.0
-126.0
-146.0
-130.0
-128.0
-130.0
-122.0
-137.0
-135.0
-135.0
-120.0
-120.0
-135.0
-131.0
-131.0
-130.0
-121.0
-130.0
-124.0
-125.0
-121.0
-137.0
-136.0
-149.0
-131.0
-134.0
-142.0
-131.0
-142.0
-142.0
-147.0
-139.0
-118.0
-143.0
-137.0
-112.0
-125.0
-114.0
-110.0
-117.0
-116.0
-128.0
-115.0
-108.0
-141.0
-131.0
-119.0
-147.0
-140.0
-143.0
-142.0
-133.0
-146.0
-139.0
-156.0
-154.0
-122.0
-136.0
-134.0
-111.0
-120.0
-125.0
-131.0
-143.0
-133.0
-150.0
-140.0
-135.0
-146.0
-150.0
-137.0
-145.0
-133.0
-129.0
-142.0
-134.0
-150.0
-134.0
-112.0
-108.0
-101.0
-94.0
-107.0
-116.0
-111.0
-117.0
-128.0
-135.0
-120.0
-139.0
-117.0
-98.0
-123.0
-117.0
-96.0
-110.0
-88.0
-83.0
-100.0
-71.0
-73.0
-97.0
-100.0
-96.0
-102.0
-103.0
-94.0
-78.0
-83.0
-91.0
-86.0
-91.0
-76.0
-79.0
-72.0
-52.0
-76.0
-78.0
-70.0
-73.0
-40.0
-37.0
-71.0
-60.0
-70.0
-71.0
-51.0
-62.0
-84.0
-111.0
-97.0
-62.0
-67.0
-81.0
-83.0
-74.0
-71.0
-93.0
-88.0
-73.0
-90.0
-59.0
-52.0
-76.0
-62.0
-62.0
-84.0
-60.0
-65.0
-61.0
-61.0
-53.0
-59.0
-81.0
-63.0
-52.0
-71.0
-54.0
-56.0
-64.0
-56.0
-57.0
-61.0
-53.0
-67.0
-90.0
-92.0
-82.0
-62.0
-66.0
-62.0
-55.0
-76.0
-66.0
-61.0
-59.0
-30.0
-23.0
-46.0
-49.0
-49.0
-42.0
-23.0
-40.0
-41.0
-39.0
-32.0
-22.0
-34.0
-46.0
-39.0
-39.0
-33.0
-30.0
-22.0
-29.0
-51.0
-36.0
-34.0
-47.0
-29.0
-26.0
-24.0
-28.0
-38.0
-35.0
-17.0
-9.0
-9.0
-14.0
-23.0
-31.0
-52.0
-34.0
-35.0
-62.0
-25.0
-22.0
-39.0
-31.0
-44.0
-40.0
-39.0
-29.0
-30.0
-43.0
-52.0
-42.0
-43.0
-36.0
-20.0
-12.0
-9.0
-13.0
-21.0
-10.0
1.0
15.0
10.0
-2.0
0.0
12.0
6.0
17.0
4.0
14.0
14.0
6.0
16.0
3.0
-15.0
23.0
29.0
17.0
11.0
-4.0
12.0
6.0
13.0
24.0
-12.0
-5.0
7.0
-3.0
8.0
-15.0
-23.0
-3.0
-5.0
7.0
7.0
-14.0
7.0
-3.0
-5.0
16.0
5.0
-8.0
-10.0
-11.0
-9.0
5.0
-1.0
14.0
15.0
10.0
2.0
-7.0
8.0
8.0
-4.0
25.0
30.0
13.0
20.0
1.0
7.0
5.0
8.0
4.0
-7.0
-13.0
-25.0
-32.0
-14.0
-28.0
-38.0
-25.0
-32.0
-21.0
-12.0
-27.0
-8.0
-23.0
-34.0
-31.0
-37.0
-22.0
-6.0
-32.0
-21.0
-16.0
-36.0
-14.0
-20.0
-23.0
-16.0
-25.0
-25.0
-38.0
-39.0
-2.0
-13.0
-21.0
-32.0
-50.0
-29.0
-33.0
-33.0
-19.0
-10.0
-5.0
9.0
-32.0
-21.0
-29.0
-30.0
-21.0
-43.0
-49.0
-42.0
-58.0
-24.0
-20.0
-33.0
-6.0
-33.0
-37.0
-23.0
-35.0
-21.0
-15.0
-28.0
-22.0
-23.0
-12.0
-10.0
-17.0
13.0
-6.0
-20.0
-22.0
-10.0
27.0
15.0
-7.0
-4.0
-15.0
-13.0
-3.0
-3.0
-9.0
-24.0
-24.0
-21.0
-37.0
-27.0
-4.0
-35.0
-35.0
-27.0
-47.0
-26.0
-21.0
-24.0
-16.0
-23.0
-15.0
-13.0
-14.0
-18.0
-39.0
-25.0
2.0
0.0
7.0
-1.0
-35.0
-10.0
9.0
19.0
30.0
13.0
-9.0
-10.0
20.0
27.0
35.0
49.0
43.0
13.0
26.0
37.0
14.0
23.0
10.0
9.0
23.0
2.0
0.0
-2.0
1.0
10.0
19.0
27.0
20.0
-3.0
6.0
13.0
11.0
13.0
3.0
-6.0
14.0
19.0
29.0
14.0
-8.0
-24.0
-14.0
7.0
18.0
13.0
22.0
20.0
27.0
27.0
11.0
-7.0
16.0
11.0
19.0
27.0
14.0
33.0
47.0
29.0
43.0
38.0
17.0
16.0
15.0
15.0
-13.0
1.0
31.0
24.0
17.0
17.0
11.0
31.0
16.0
15.0
32.0
14.0
6.0
4.0
-5.0
16.0
25.0
14.0
11.0
16.0
26.0
18.0
8.0
29.0
18.0
16.0
33.0
12.0
8.0
14.0
1.0
8.0
27.0
26.0
25.0
22.0
7.0
13.0
10.0
14.0
1.0
6.0
25.0
11.0
15.0
21.0
11.0
15.0
3.0
-17.0
1.0
17.0
-1.0
-16.0
-15.0
-6.0
-17.0
10.0
31.0
22.0
22.0
22.0
-10.0
7.0
7.0
-15.0
-2.0
-7.0
24.0
48.0
46.0
91.0
127.0
158.0
224.0
263.0
271.0
268.0
267.0
267.0
268.0
268.0
268.0
262.0
247.0
207.0
161.0
148.0
130.0
83.0
27.0
-17.0
-32.0
-46.0
-87.0
-92.0
-116.0
-150.0
-155.0
-178.0
-210.0
-204.0
-215.0
-213.0
-231.0
-235.0
-234.0
-224.0
-214.0
-199.0
-212.0
-223.0
-220.0
-212.0
-204.0
-199.0
-214.0
-223.0
-212.0
-210.0
-214.0
-215.0
-180.0
-184.0
-176.0
-177.0
-184.0
-162.0
-171.0
-165.0
-157.0
-169.0
-167.0
-172.0
-164.0
-158.0
-184.0
-180.0
-171.0
-179.0
-178.0
-160.0
-150.0
-139.0
-158.0
-185.0
-161.0
-167.0
-169.0
-139.0
-140.0
-134.0
-153.0
-157.0
-147.0
-152.0
-137.0
-147.0
-168.0
-157.0
-127.0
-130.0
-124.0
-137.0
-136.0
-141.0
-137.0
-117.0
-129.0
-128.0
-129.0
-145.0
-129.0
-125.0
-139.0
-126.0
-129.0
-137.0
-110.0
-121.0
-117.0
-105.0
-108.0
-115.0
-116.0
-111.0
-92.0
-96.0
-118.0
-115.0
-117.0
-104.0
-107.0
-100.0
-97.0
-116.0
-124.0
-126.0
-120.0
-99.0
-112.0
-121.0
-93.0
-92.0
-82.0
-55.0
-61.0
-67.0
-84.0
-78.0
-69.0
-78.0
-69.0
-67.0
-84.0
-62.0
-54.0
-58.0
-60.0
-61.0
-54.0
-60.0
-55.0
-44.0
-62.0
-65.0
-39.0
-39.0
-37.0
-33.0
-54.0
-43.0
-39.0
-36.0
-29.0
-53.0
-52.0
-56.0
-77.0
-72.0
-46.0
-50.0
-29.0
-45.0
-68.0
-62.0
-78.0
-53.0
-63.0
-78.0
-62.0
-78.0
-75.0
-62.0
-79.0
-79.0
-65.0
-61.0
-59.0
-59.0
-63.0
-85.0
-101.0
-73.0
-77.0
-80.0
-64.0
-76.0
-73.0
-72.0
-89.0
-81.0
-80.0
-68.0
-51.0
-77.0
-75.0
-90.0
-117.0
-92.0
-93.0
-97.0
-68.0
-84.0
-84.0
-62.0
-91.0
-77.0
-71.0
-72.0
-76.0
-71.0
-46.0
-57.0
-78.0
-59.0
-71.0
-64.0
-43.0
-61.0
-58.0
-50.0
-55.0
-50.0
-56.0
-64.0
-58.0
-69.0
-44.0
-47.0
-77.0
-53.0
-68.0
-70.0
-26.0
-31.0
-26.0
-18.0
-35.0
-31.0
-17.0
-14.0
-16.0
-39.0
-34.0
-23.0
-11.0
-1.0
-25.0
-39.0
-34.0
-43.0
-28.0
-6.0
-4.0
-21.0
-41.0
-43.0
-23.0
-32.0
-20.0
-34.0
-43.0
-29.0
-39.0
-21.0
-6.0
-26.0
-31.0
-19.0
-42.0
-30.0
-4.0
-25.0
-30.0
-36.0
-41.0
-37.0
-54.0
-48.0
-37.0
-59.0
-51.0
-59.0
-64.0
-45.0
-45.0
-44.0
-44.0
-44.0
-14.0
-25.0
-45.0
-48.0
-58.0
-43.0
-58.0
-67.0
-57.0
-66.0
-53.0
-53.0
-73.0
-59.0
-58.0
-48.0
-39.0
-58.0
-43.0
-21.0
-49.0
-41.0
-11.0
-6.0
-6.0
-22.0
-17.0
-29.0
-23.0
-12.0
-21.0
-10.0
-10.0
-30.0
-24.0
-16.0
-24.0
-28.0
-35.0
-21.0
-25.0
-46.0
-50.0
-47.0
-46.0
-40.0
-52.0
-54.0
-32.0
-39.0
-43.0
-35.0
-49.0
-36.0
-38.0
-54.0
-37.0
-36.0
-40.0
-42.0
-59.0
-30.0
-47.0
-45.0
-27.0
-47.0
-31.0
-3.0
-3.0
3.0
-15.0
-43.0
-33.0
-28.0
-27.0
-2.0
-6.0
-9.0
-3.0
0.0
4.0
17.0
3.0
-15.0
-6.0
10.0
6.0
-16.0
-14.0
-18.0
-21.0
5.0
2.0
29.0
8.0
-5.0
3.0
0.0
-18.0
-6.0
-5.0
-2.0
11.0
6.0
2.0
5.0
2.0
-8.0
-16.0
-4.0
-22.0
-23.0
8.0
-3.0
14.0
14.0
-8.0
11.0
12.0
-14.0
-7.0
-5.0
-15.0
-1.0
4.0
1.0
-7.0
-15.0
-16.0
-52.0
-35.0
-29.0
-33.0
-22.0
-25.0
-27.0
-9.0
-32.0
-30.0
-11.0
-21.0
-7.0
-20.0
-35.0
-14.0
-38.0
-37.0
-24.0
-32.0
-34.0
-26.0
-36.0
-34.0
-24.0
-41.0
-40.0
-39.0
-42.0
-18.0
-9.0
-10.0
-21.0
-34.0
-32.0
-41.0
-14.0
-39.0
-45.0
-32.0
-40.0
-36.0
-18.0
-42.0
-37.0
-20.0
-15.0
-20.0
-17.0
-13.0
-27.0
-39.0
-17.0
-18.0
-21.0
-21.0
-58.0
-48.0
-48.0
-49.0
-22.0
-44.0
-51.0
-20.0
-48.0
-35.0
-38.0
-53.0
-43.0
-46.0
-44.0
-26.0
-31.0
-28.0
-24.0
-40.0
-9.0
-11.0
-19.0
-21.0
-42.0
-31.0
-17.0
-38.0
-12.0
-29.0
-51.0
-23.0
-24.0
-25.0
13.0
-7.0
-7.0
-8.0
-5.0
25.0
-6.0
-25.0
-23.0
-36.0
-22.0
-7.0
-16.0
-28.0
-55.0
-45.0
-34.0
-36.0
-14.0
-12.0
-20.0
-22.0
-36.0
-35.0
-40.0
-33.0
-15.0
-44.0
-54.0
-38.0
-34.0
-21.0
3.0
-15.0
-7.0
3.0
-11.0
-12.0
-36.0
-36.0
-14.0
-32.0
-14.0
-24.0
-36.0
-24.0
-29.0
-5.0
10.0
-35.0
-4.0
12.0
5.0
-5.0
-44.0
-11.0
-7.0
-6.0
6.0
-4.0
-5.0
-1.0
-31.0
-10.0
-8.0
-28.0
-3.0
-13.0
-20.0
-7.0
-10.0
-7.0
4.0
-13.0
6.0
-13.0
-33.0
-15.0
-24.0
-24.0
-18.0
-42.0
-32.0
-18.0
-30.0
-2.0
-10.0
-22.0
-21.0
-39.0
-7.0
1.0
-6.0
7.0
-24.0
-21.0
-1.0
-30.0
-12.0
-1.0
-23.0
-12.0
-16.0
-1.0
15.0
-3.0
-24.0
-34.0
-26.0
-29.0
-43.0
-16.0
-7.0
-15.0
-4.0
-31.0
-47.0
-29.0
-33.0
-25.0
-23.0
-34.0
-37.0
-27.0
-26.0
-14.0
-10.0
-3.0
-3.0
-5.0
-6.0
-25.0
-20.0
-9.0
-5.0
-11.0
-16.0
-25.0
-15.0
-12.0
-8.0
6.0
-7.0
-16.0
-18.0
-34.0
-22.0
-20.0
-21.0
-22.0
-35.0
-17.0
-16.0
-37.0
-15.0
-4.0
-19.0
-1.0
-4.0
-5.0
-5.0
-20.0
-3.0
-5.0
-7.0
-1.0
-6.0
10.0
33.0
35.0
83.0
124.0
162.0
220.0
263.0
271.0
267.0
267.0
267.0
268.0
269.0
269.0
265.0
247.0
193.0
155.0
150.0
117.0
72.0
67.0
36.0
-9.0
-58.0
-83.0
-52.0
-86.0
-114.0
-135.0
-175.0
-166.0
-175.0
-198.0
-186.0
-197.0
-229.0
-220.0
-220.0
-229.0
-220.0
-222.0
-221.0
-217.0
-218.0
-219.0
-231.0
-219.0
-203.0
-216.0
-218.0
-209.0
-220.0
-210.0
-195.0
-181.0
-166.0
-175.0
-178.0
-169.0
-168.0
-158.0
-165.0
-156.0
-181.0
-194.0
-182.0
-195.0
-193.0
-164.0
-186.0
-195.0
-185.0
-177.0
-158.0
-156.0
-151.0
-149.0
-163.0
-147.0
-131.0
-137.0
-117.0
-120.0
-144.0
-129.0
-127.0
-115.0
-119.0
-143.0
-138.0
-137.0
-125.0
-114.0
-139.0
-127.0
-125.0
-130.0
-128.0
-126.0
-113.0
-109.0
-107.0
-101.0
-119.0
-122.0
-107.0
-119.0
-115.0
-105.0
-109.0
-115.0
-117.0
-114.0
-91.0
-98.0
-105.0
-98.0
-116.0
-123.0
-115.0
-111.0
-109.0
-103.0
-96.0
-89.0
-105.0
-100.0
-91.0
-103.0
-118.0
-126.0
-88.0
-85.0
-97.0
-91.0
-70.0
-77.0
-86.0
-96.0
-114.0
-92.0
-102.0
-102.0
-87.0
-95.0
-90.0
-93.0
-101.0
-97.0
-112.0
-115.0
-102.0
-89.0
-76.0
-93.0
-98.0
-83.0
-67.0
-73.0
-67.0
-76.0
-91.0
-108.0
-100.0
-89.0
-73.0
-65.0
-58.0
-69.0
-63.0
-80.0
-76.0
-56.0
-45.0
-35.0
-50.0
-55.0
-35.0
-30.0
-44.0
-29.0
-31.0
-31.0
-36.0
-36.0
-32.0
-25.0
-26.0
-35.0
-33.0
-19.0
-34.0
-64.0
-22.0
-35.0
-60.0
-62.0
-75.0
-60.0
-62.0
-80.0
-63.0
-70.0
-73.0
-62.0
-91.0
-73.0
-55.0
-54.0
-48.0
-56.0
-73.0
-63.0
-68.0
-61.0
-72.0
-88.0
-82.0
-90.0
-73.0
-56.0
-65.0
-75.0
-88.0
-96.0
-70.0
-53.0
-61.0
-70.0
-79.0
-62.0
-69.0
-74.0
-36.0
-52.0
-64.0
-25.0
-47.0
-53.0
-48.0
-55.0
-50.0
-44.0
-51.0
-25.0
-32.0
-36.0
-30.0
-35.0
-33.0
-31.0
-45.0
-25.0
-44.0
-59.0
-44.0
-46.0
-41.0
-51.0
-65.0
-48.0
-65.0
-67.0
-49.0
-63.0
-53.0
-65.0
-51.0
-38.0
-59.0
-55.0
-35.0
-62.0
-36.0
-35.0
-54.0
-36.0
-42.0
-39.0
-28.0
-42.0
-62.0
-61.0
-58.0
-41.0
-54.0
-57.0
-42.0
-52.0
-13.0
-23.0
-61.0
-36.0
-40.0
-74.0
-50.0
-50.0
-50.0
-53.0
-59.0
-53.0
-53.0
-42.0
-48.0
-60.0
-54.0
-54.0
-60.0
-50.0
-54.0
-49.0
-40.0
-53.0
-44.0
-37.0
-55.0
-45.0
-31.0
-14.0
-5.0
-17.0
-22.0
-26.0
-25.0
-30.0
-40.0
-30.0
-13.0
-32.0
-25.0
-18.0
-29.0
-26.0
-39.0
-46.0
-28.0
-35.0
-22.0
-17.0
-18.0
-3.0
-8.0
-17.0
-23.0
-37.0
-47.0
-33.0
-41.0
-40.0
-64.0
-72.0
-42.0
-44.0
-27.0
-36.0
-44.0
-36.0
-49.0
-36.0
-26.0
-34.0
-34.0
-33.0
-30.0
-13.0
-28.0
-22.0
-35.0
-34.0
-27.0
-34.0
-32.0
-32.0
-47.0
-24.0
-19.0
-20.0
-10.0
-12.0
-9.0
-9.0
-26.0
-12.0
-3.0
-18.0
-15.0
-32.0
-19.0
-5.0
-14.0
-15.0
-1.0
4.0
-4.0
-27.0
-6.0
11.0
-17.0
-29.0
-27.0
-38.0
-27.0
-29.0
-41.0
-38.0
-50.0
-30.0
-15.0
-40.0
-35.0
-52.0
-68.0
-50.0
-39.0
-34.0
-50.0
-58.0
-39.0
-33.0
-31.0
-24.0
-36.0
-26.0
-23.0
-43.0
-34.0
-16.0
-54.0
-67.0
-62.0
-42.0
-33.0
-37.0
-20.0
-22.0
-29.0
-1.0
-23.0
-31.0
-37.0
-49.0
-26.0
-16.0
-29.0
-13.0
-7.0
-17.0
-14.0
-7.0
-3.0
2.0
-7.0
-15.0
-31.0
-26.0
-18.0
-15.0
-8.0
-28.0
-41.0
-1.0
7.0
13.0
34.0
29.0
9.0
14.0
23.0
9.0
-13.0
1.0
14.0
-8.0
-8.0
-11.0
-12.0
5.0
3.0
6.0
-5.0
-24.0
2.0
-4.0
-11.0
3.0
-8.0
-6.0
1.0
-20.0
-24.0
-33.0
-12.0
26.0
17.0
24.0
22.0
-2.0
18.0
26.0
23.0
15.0
10.0
2.0
14.0
26.0
33.0
17.0
3.0
16.0
14.0
25.0
32.0
37.0
52.0
43.0
32.0
67.0
54.0
57.0
78.0
62.0
69.0
73.0
62.0
50.0
34.0
33.0
42.0
37.0
41.0
34.0
41.0
43.0
45.0
55.0
71.0
47.0
56.0
47.0
28.0
47.0
46.0
44.0
51.0
26.0
42.0
55.0
45.0
64.0
59.0
51.0
62.0
24.0
40.0
65.0
61.0
78.0
69.0
63.0
81.0
58.0
58.0
68.0
73.0
70.0
59.0
67.0
64.0
61.0
58.0
57.0
62.0
74.0
59.0
54.0
45.0
36.0
33.0
32.0
36.0
42.0
40.0
56.0
48.0
44.0
45.0
25.0
39.0
60.0
53.0
60.0
54.0
42.0
44.0
42.0
36.0
37.0
38.0
36.0
33.0
23.0
41.0
35.0
23.0
53.0
35.0
26.0
43.0
39.0
22.0
21.0
10.0
26.0
18.0
27.0
32.0
-2.0
5.0
7.0
-1.0
25.0
20.0
27.0
41.0
26.0
31.0
15.0
10.0
32.0
27.0
27.0
18.0
2.0
11.0
16.0
9.0
22.0
31.0
18.0
7.0
17.0
14.0
-3.0
-20.0
-4.0
13.0
33.0
31.0
-4.0
-5.0
2.0
9.0
27.0
30.0
34.0
41.0
30.0
24.0
6.0
12.0
15.0
4.0
8.0
21.0
24.0
46.0
39.0
16.0
28.0
27.0
40.0
32.0
24.0
47.0
28.0
23.0
48.0
7.0
5.0
23.0
-8.0
2.0
3.0
7.0
21.0
20.0
21.0
8.0
-5.0
6.0
1.0
-4.0
13.0
30.0
18.0
24.0
28.0
42.0
43.0
45.0
59.0
37.0
27.0
37.0
10.0
31.0
39.0
20.0
27.0
16.0
29.0
51.0
57.0
108.0
164.0
228.0
278.0
269.0
266.0
268.0
268.0
267.0
268.0
267.0
260.0
234.0
171.0
163.0
123.0
58.0
20.0
-27.0
-53.0
-99.0
-117.0
-128.0
-167.0
-187.0
-196.0
-213.0
-229.0
-227.0
-218.0
-223.0
-227.0
-221.0
-233.0
-225.0
-195.0
-213.0
-226.0
-217.0
-219.0
-216.0
-219.0
-213.0
-191.0
-191.0
-170.0
-165.0
-189.0
-176.0
-186.0
-196.0
-177.0
-177.0
-176.0
-182.0
-187.0
-174.0
-182.0
-172.0
-171.0
-172.0
-164.0
-151.0
-153.0
-140.0
-146.0
-160.0
-153.0
-167.0
-154.0
-142.0
-172.0
-166.0
-168.0
-166.0
-159.0
-170.0
-151.0
-154.0
-169.0
-139.0
-138.0
-137.0
-138.0
-141.0
-134.0
-138.0
-135.0
-131.0
-138.0
-124.0
-113.0
-124.0
-120.0
-112.0
-129.0
-127.0
-135.0
-144.0
-127.0
-119.0
-117.0
-112.0
-117.0
-112.0
-125.0
-124.0
-114.0
-142.0
-138.0
-105.0
-107.0
-84.0
-93.0
-130.0
-110.0
-120.0
-137.0
-136.0
-136.0
-119.0
-121.0
-133.0
-125.0
-128.0
-128.0
-129.0
-143.0
-128.0
-126.0
-136.0
-115.0
-111.0
-117.0
-116.0
-119.0
-93.0
-104.0
-83.0
-58.0
-97.0
-124.0
-118.0
-128.0
-115.0
-119.0
-127.0
-124.0
-130.0
-108.0
-93.0
-132.0
-119.0
-100.0
-99.0
-90.0
-89.0
-88.0
-82.0
-98.0
-83.0
-89.0
-95.0
-77.0
-88.0
-81.0
-73.0
-90.0
-62.0
-54.0
-74.0
-53.0
-70.0
-69.0
-68.0
-85.0
-67.0
-76.0
-83.0
-83.0
-90.0
-92.0
-101.0
-99.0
-81.0
-80.0
-98.0
-95.0
-90.0
-83.0
-76.0
-90.0
-100.0
-94.0
-82.0
-88.0
-87.0
-70.0
-79.0
-99.0
-79.0
-69.0
-66.0
-65.0
-78.0
-71.0
-68.0
-71.0
-59.0
-56.0
-69.0
-84.0
-78.0
-68.0
-54.0
-56.0
-65.0
-30.0
-46.0
-53.0
-59.0
-63.0
-56.0
-63.0
-52.0
-74.0
-84.0
-68.0
-63.0
-64.0
-59.0
-60.0
-67.0
-66.0
-56.0
-40.0
-53.0
-58.0
-57.0
-75.0
-46.0
-40.0
-68.0
-44.0
-56.0
-61.0
-39.0
-46.0
-54.0
-57.0
-68.0
-69.0
-67.0
-36.0
-34.0
-53.0
-32.0
-39.0
-64.0
-36.0
-43.0
-53.0
-40.0
-66.0
-65.0
-65.0
-74.0
-74.0
-74.0
-83.0
-89.0
-93.0
-79.0
-95.0
-110.0
-96.0
-120.0
-101.0
-79.0
-94.0
-89.0
-83.0
-85.0
-77.0
-76.0
-70.0
-69.0
-87.0
-74.0
-51.0
-71.0
-54.0
-51.0
-76.0
-73.0
-63.0
-57.0
-67.0
-69.0
-59.0
-69.0
-59.0
-40.0
-60.0
-72.0
-58.0
-56.0
-50.0
-58.0
-51.0
-24.0
-65.0
-56.0
-53.0
-63.0
-67.0
-88.0
-71.0
-59.0
-69.0
-65.0
-71.0
-77.0
-59.0
-63.0
-69.0
-50.0
-70.0
-71.0
-70.0
-76.0
-42.0
-44.0
-55.0
-33.0
-53.0
-48.0
-38.0
-60.0
-46.0
-44.0
-35.0
-41.0
-49.0
-21.0
-26.0
-54.0
-51.0
-53.0
-41.0
-29.0
-59.0
-38.0
-42.0
-63.0
-35.0
-51.0
-56.0
-54.0
-60.0
-39.0
-37.0
-44.0
-43.0
-42.0
-30.0
-14.0
-20.0
-26.0
-32.0
-41.0
-58.0
-60.0
-51.0
-55.0
-42.0
-37.0
-57.0
-56.0
-39.0
-46.0
-37.0
-48.0
-63.0
-43.0
-44.0
-65.0
-58.0
-69.0
-74.0
-57.0
-59.0
-72.0
-70.0
-65.0
-60.0
-71.0
-66.0
-68.0
-67.0
-62.0
-81.0
-79.0
-68.0
-81.0
-83.0
-82.0
-97.0
-83.0
-81.0
-80.0
-74.0
-86.0
-77.0
-59.0
-56.0
-50.0
-27.0
-56.0
-54.0
-60.0
-53.0
-45.0
-62.0
-55.0
-55.0
-59.0
-53.0
-59.0
-43.0
-33.0
-64.0
-66.0
-70.0
-68.0
-30.0
-33.0
-27.0
-20.0
-36.0
-24.0
-19.0
-53.0
-48.0
-48.0
-37.0
-35.0
-32.0
-36.0
-42.0
-45.0
-61.0
-61.0
-39.0
-31.0
-46.0
-35.0
-16.0
-29.0
-38.0
-46.0
-45.0
-34.0
-39.0
-33.0
-45.0
-55.0
-57.0
-63.0
-58.0
-48.0
-56.0
-48.0
-50.0
-51.0
-25.0
-54.0
-56.0
-16.0
-40.0
-52.0
-41.0
-50.0
-32.0
-49.0
-64.0
-29.0
-51.0
-55.0
-42.0
-47.0
-49.0
-46.0
-28.0
-12.0
-22.0
-23.0
-24.0
-43.0
-36.0
-32.0
-25.0
-24.0
-25.0
-27.0
-21.0
-25.0
-16.0
-36.0
-32.0
-33.0
-27.0
-19.0
-11.0
-27.0
-20.0
-52.0
-72.0
-48.0
-60.0
-63.0
-65.0
-77.0
-38.0
-46.0
-47.0
-54.0
-68.0
-40.0
-22.0
-40.0
-45.0
-43.0
-27.0
-27.0
-55.0
-37.0
-43.0
-49.0
-8.0
-14.0
-14.0
-16.0
-50.0
-35.0
-24.0
-29.0
-36.0
-32.0
-11.0
-15.0
-44.0
-35.0
-26.0
-40.0
-45.0
-53.0
-43.0
-36.0
-42.0
-26.0
-42.0
-39.0
-41.0
-32.0
-25.0
-24.0
-40.0
-47.0
-53.0
-35.0
1.0
-17.0
-33.0
-23.0
-20.0
-17.0
-29.0
-45.0
-20.0
-23.0
-37.0
-31.0
-66.0
-44.0
-37.0
-52.0
-15.0
-30.0
-45.0
-45.0
-50.0
-54.0
-32.0
-44.0
-48.0
-50.0
-46.0
-30.0
-43.0
-36.0
-17.0
-18.0
-27.0
-22.0
-27.0
-25.0
-32.0
-22.0
-22.0
-36.0
-19.0
-26.0
-14.0
-4.0
-27.0
-18.0
-20.0
-42.0
-32.0
-39.0
-26.0
-21.0
-23.0
-14.0
-39.0
-45.0
-26.0
-45.0
-45.0
-35.0
-34.0
-17.0
-27.0
-35.0
-20.0
-29.0
-20.0
-17.0
-24.0
3.0
-3.0
-13.0
-13.0
-11.0
-22.0
9.0
-3.0
-3.0
1.0
-5.0
3.0
-23.0
-18.0
-13.0
-22.0
-20.0
-1.0
-15.0
-2.0
1.0
-5.0
-11.0
-15.0
-3.0
-14.0
-36.0
-12.0
-10.0
-26.0
-12.0
-30.0
-39.0
-3.0
-11.0
-27.0
-58.0
-49.0
-17.0
-32.0
-35.0
-44.0
-59.0
-43.0
-39.0
-23.0
-25.0
-50.0
-34.0
-25.0
-30.0
-13.0
-17.0
-43.0
-45.0
-42.0
-35.0
-26.0
-22.0
-12.0
-27.0
-19.0
-12.0
-34.0
-12.0
-13.0
-27.0
-6.0
-29.0
-29.0
-22.0
-39.0
-28.0
-11.0
-40.0
-27.0
-23.0
-42.0
-47.0
-40.0
-1.0
-12.0
-43.0
-41.0
-40.0
-33.0
-16.0
-28.0
-24.0
-20.0
-25.0
2.0
-1.0
-2.0
2.0
-24.0
-17.0
-11.0
-33.0
11.0
-10.0
-45.0
-30.0
-18.0
-4.0
-18.0
-2.0
-13.0
-36.0
-39.0
-5.0
-13.0
-20.0
-29.0
-17.0
-15.0
-19.0
-9.0
-3.0
-20.0
-26.0
-33.0
-36.0
-7.0
-8.0
-13.0
-3.0
-10.0
7.0
-3.0
-6.0
32.0
13.0
-6.0
11.0
-12.0
-5.0
-12.0
-33.0
0.0
7.0
9.0
-7.0
-22.0
-8.0
-12.0
-8.0
-13.0
-30.0
-35.0
-22.0
-32.0
-10.0
-14.0
-13.0
10.0
-8.0
-20.0
-27.0
-41.0
-25.0
-20.0
-34.0
-17.0
-12.0
-18.0
-10.0
-33.0
-29.0
-11.0
-5.0
-10.0
-27.0
-18.0
5.0
-3.0
-13.0
3.0
1.0
19.0
15.0
6.0
5.0
15.0
12.0
-3.0
-11.0
-4.0
0.0
29.0
77.0
53.0
80.0
80.0
74.0
60.0
49.0
53.0
52.0
50.0
61.0
50.0
28.0
55.0
54.0
17.0
25.0
14.0
44.0
44.0
30.0
17.0
8.0
34.0
27.0
6.0
18.0
4.0
-2.0
15.0
10.0
10.0
44.0
36.0
17.0
4.0
-11.0
17.0
7.0
-12.0
-8.0
-10.0
-6.0
-8.0
-27.0
-17.0
-15.0
-14.0
-25.0
-35.0
-25.0
-14.0
-35.0
-27.0
-23.0
-26.0
-18.0
-26.0
-7.0
4.0
-26.0
-30.0
-27.0
-10.0
-6.0
-40.0
-22.0
12.0
6.0
5.0
4.0
6.0
-6.0
-30.0
-17.0
3.0
-20.0
-7.0
-2.0
-8.0
-10.0
-13.0
-16.0
-26.0
-14.0
-6.0
-5.0
1.0
10.0
3.0
3.0
-22.0
-16.0
-1.0
-7.0
-12.0
-5.0
-21.0
-27.0
1.0
6.0
9.0
1.0
3.0
23.0
30.0
53.0
77.0
119.0
186.0
250.0
272.0
268.0
268.0
268.0
269.0
269.0
269.0
244.0
230.0
224.0
192.0
201.0
171.0
91.0
66.0
37.0
18.0
-3.0
-41.0
-63.0
-80.0
-91.0
-97.0
-130.0
-146.0
-145.0
-162.0
-152.0
-159.0
-194.0
-182.0
-189.0
-186.0
-180.0
-202.0
-211.0
-204.0
-175.0
-159.0
-171.0
-178.0
-172.0
-180.0
-144.0
-138.0
-156.0
-153.0
-171.0
-159.0
-143.0
-173.0
-183.0
-184.0
-183.0
-161.0
-160.0
-168.0
-173.0
-172.0
-148.0
-135.0
-152.0
-149.0
-154.0
-154.0
-131.0
-133.0
-117.0
-125.0
-139.0
-119.0
-130.0
-140.0
-142.0
-131.0
-140.0
-149.0
-137.0
-114.0
-128.0
-130.0
-133.0
-143.0
-119.0
-103.0
-100.0
-114.0
-107.0
-120.0
-106.0
-84.0
-86.0
-119.0
-121.0
-90.0
-100.0
-86.0
-89.0
-120.0
-114.0
-90.0
-96.0
-80.0
-100.0
-97.0
-63.0
-74.0
-83.0
-65.0
-75.0
-79.0
-100.0
-87.0
-32.0
-64.0
-80.0
-70.0
-89.0
-61.0
-56.0
-69.0
-59.0
-68.0
-62.0
-74.0
-77.0
-76.0
-70.0
-65.0
-69.0
-96.0
-82.0
-61.0
-74.0
-79.0
-88.0
-85.0
-56.0
-94.0
-81.0
-67.0
-82.0
-83.0
-71.0
-81.0
-52.0
-54.0
-87.0
-90.0
-85.0
-72.0
-80.0
-72.0
-73.0
-100.0
-91.0
-92.0
-96.0
-108.0
-107.0
-99.0
-89.0
-90.0
-104.0
-121.0
-98.0
-61.0
-65.0
-68.0
-83.0
-105.0
-99.0
-105.0
-122.0
-122.0
-154.0
-128.0
-128.0
-127.0
-121.0
-126.0
-125.0
-106.0
-136.0
-109.0
-102.0
-119.0
-105.0
-117.0
-107.0
-86.0
-105.0
-105.0
-80.0
-90.0
-84.0
-73.0
-84.0
-88.0
-101.0
-71.0
-69.0
-87.0
-60.0
-40.0
-64.0
-33.0
-60.0
-87.0
-52.0
-78.0
-74.0
-59.0
-69.0
-56.0
-72.0
-51.0
-26.0
-71.0
-69.0
-33.0
-60.0
-46.0
-62.0
-68.0
-49.0
-65.0
-67.0
-35.0
-41.0
-45.0
-51.0
-35.0
-24.0
-41.0
-51.0
-44.0
-40.0
-43.0
-60.0
-69.0
-46.0
-58.0
-44.0
-60.0
-64.0
-45.0
-59.0
-64.0
-48.0
-67.0
-81.0
-61.0
-55.0
-36.0
-44.0
-44.0
-51.0
-32.0
-17.0
-2.0
-6.0
5.0
-6.0
-13.0
-25.0
-29.0
-29.0
-27.0
-39.0
-25.0
-24.0
-10.0
-21.0
-49.0
-35.0
-41.0
-42.0
-37.0
-46.0
-38.0
-12.0
-10.0
-20.0
-19.0
-35.0
-25.0
-19.0
-28.0
-29.0
-51.0
-51.0
-37.0
-26.0
-30.0
-55.0
-67.0
-25.0
-27.0
-27.0
-13.0
-31.0
-43.0
-38.0
-40.0
-26.0
-34.0
-45.0
-22.0
-25.0
-24.0
-34.0
-34.0
-23.0
-37.0
-38.0
-24.0
-17.0
3.0
0.0
-9.0
-12.0
-27.0
-20.0
-11.0
-22.0
-30.0
-15.0
4.0
-3.0
-26.0
-24.0
-5.0
-7.0
-7.0
-29.0
-14.0
0.0
-6.0
1.0
-10.0
-30.0
-16.0
-26.0
-28.0
-12.0
-25.0
-26.0
-26.0
-31.0
2.0
-40.0
-44.0
-28.0
-39.0
-17.0
-17.0
-26.0
-22.0
-25.0
-17.0
-12.0
-28.0
-15.0
-12.0
-26.0
-11.0
-11.0
-32.0
-30.0
-43.0
-27.0
-11.0
-30.0
-24.0
-23.0
-25.0
-8.0
-15.0
-12.0
-14.0
-38.0
-39.0
-48.0
-36.0
-37.0
-49.0
-37.0
-36.0
-41.0
-22.0
-24.0
-25.0
-12.0
-13.0
-14.0
-39.0
-53.0
-32.0
-43.0
-44.0
-38.0
-41.0
-27.0
-31.0
-37.0
-41.0
-32.0
-40.0
-42.0
-50.0
-51.0
-39.0
-35.0
-51.0
-55.0
-55.0
-49.0
-43.0
-20.0
-32.0
-31.0
-29.0
-53.0
-48.0
-30.0
-26.0
-27.0
-45.0
-61.0
-38.0
-32.0
-50.0
-30.0
-39.0
-46.0
-21.0
-35.0
-38.0
-41.0
-39.0
-37.0
-55.0
-48.0
-44.0
-60.0
-37.0
-57.0
-63.0
-33.0
-61.0
-50.0
-53.0
-63.0
-42.0
-48.0
-54.0
-44.0
-55.0
-46.0
-42.0
-67.0
-54.0
-48.0
-33.0
-30.0
-47.0
-39.0
-36.0
-48.0
-23.0
-37.0
-59.0
-43.0
-39.0
-49.0
-46.0
-54.0
-33.0
-34.0
-58.0
-35.0
-51.0
-56.0
-31.0
-50.0
-60.0
-41.0
-45.0
-35.0
-32.0
-24.0
-30.0
-37.0
-25.0
-9.0
-12.0
-33.0
-39.0
-23.0
-26.0
-34.0
-23.0
-39.0
-43.0
-22.0
-34.0
-41.0
-21.0
-26.0
-29.0
-49.0
-41.0
-30.0
-23.0
-18.0
-29.0
-45.0
-37.0
-40.0
-37.0
-26.0
-22.0
-16.0
-12.0
-29.0
-16.0
-20.0
-22.0
-11.0
-5.0
14.0
-5.0
-20.0
2.0
-10.0
-21.0
-2.0
-18.0
-5.0
-7.0
-11.0
13.0
1.0
-25.0
-12.0
-29.0
-10.0
15.0
-20.0
-17.0
-1.0
-7.0
-4.0
-12.0
-9.0
-12.0
-12.0
3.0
-13.0
-11.0
11.0
3.0
5.0
-1.0
-17.0
3.0
1.0
2.0
-13.0
-26.0
4.0
22.0
17.0
24.0
18.0
4.0
17.0
14.0
24.0
39.0
36.0
39.0
41.0
45.0
33.0
-2.0
3.0
10.0
7.0
24.0
23.0
18.0
14.0
18.0
42.0
25.0
11.0
3.0
-4.0
-11.0
12.0
21.0
14.0
5.0
-15.0
-2.0
-11.0
10.0
34.0
10.0
14.0
23.0
18.0
14.0
15.0
27.0
15.0
5.0
31.0
25.0
46.0
53.0
26.0
15.0
41.0
24.0
36.0
41.0
22.0
30.0
20.0
21.0
50.0
35.0
36.0
40.0
17.0
23.0
21.0
10.0
24.0
12.0
3.0
12.0
-3.0
7.0
14.0
6.0
13.0
5.0
19.0
25.0
25.0
29.0
21.0
6.0
12.0
32.0
29.0
17.0
31.0
29.0
16.0
24.0
24.0
6.0
18.0
30.0
34.0
56.0
37.0
41.0
49.0
33.0
41.0
36.0
14.0
32.0
12.0
22.0
61.0
19.0
19.0
31.0
20.0
30.0
39.0
45.0
29.0
17.0
34.0
21.0
6.0
45.0
43.0
28.0
31.0
33.0
40.0
55.0
38.0
46.0
50.0
54.0
60.0
47.0
46.0
50.0
39.0
69.0
60.0
49.0
52.0
76.0
86.0
84.0
62.0
63.0
64.0
65.0
86.0
71.0
70.0
64.0
55.0
71.0
76.0
67.0
62.0
47.0
69.0
71.0
55.0
56.0
50.0
51.0
62.0
48.0
45.0
53.0
54.0
59.0
74.0
52.0
39.0
60.0
65.0
60.0
50.0
36.0
31.0
53.0
67.0
35.0
43.0
49.0
45.0
39.0
41.0
39.0
48.0
53.0
55.0
52.0
49.0
69.0
50.0
48.0
68.0
65.0
55.0
64.0
54.0
67.0
53.0
45.0
56.0
52.0
49.0
51.0
40.0
51.0
55.0
70.0
60.0
24.0
36.0
41.0
23.0
25.0
-1.0
15.0
39.0
14.0
16.0
8.0
18.0
37.0
1.0
-15.0
8.0
-11.0
14.0
18.0
-18.0
11.0
-7.0
-20.0
15.0
-23.0
-19.0
24.0
17.0
24.0
-3.0
-6.0
5.0
-4.0
23.0
11.0
-8.0
6.0
-5.0
-10.0
2.0
-16.0
-12.0
6.0
-9.0
-1.0
-38.0
-19.0
7.0
-17.0
-16.0
-24.0
-27.0
8.0
1.0
-2.0
-15.0
-27.0
-11.0
-4.0
-21.0
3.0
2.0
8.0
6.0
-15.0
-21.0
-5.0
-25.0
-17.0
-25.0
-41.0
-7.0
-11.0
-27.0
-15.0
-14.0
-7.0
-18.0
-17.0
-10.0
-37.0
-15.0
4.0
-16.0
-5.0
-30.0
-18.0
-5.0
-19.0
-16.0
-1.0
-3.0
4.0
-4.0
-8.0
6.0
1.0
-3.0
-2.0
-3.0
10.0
-1.0
6.0
-2.0
-21.0
-13.0
-7.0
-21.0
8.0
2.0
-1.0
5.0
3.0
12.0
12.0
18.0
9.0
-20.0
-4.0
-1.0
-16.0
-11.0
-32.0
-36.0
-11.0
-35.0
-43.0
-28.0
-32.0
-12.0
-43.0
-44.0
-24.0
-31.0
-37.0
-39.0
-68.0
-65.0
-60.0
-53.0
-41.0
-32.0
-36.0
-15.0
-35.0
-29.0
-42.0
-30.0
-32.0
-36.0
-36.0
-29.0
-39.0
-40.0
-39.0
-43.0
-42.0
-54.0
-56.0
-41.0
-33.0
-27.0
-48.0
-52.0
-44.0
-61.0
-26.0
-25.0
-57.0
-54.0
-35.0
-54.0
-36.0
-44.0
-38.0
-24.0
-61.0
-50.0
-29.0
-33.0
-28.0
-36.0
-52.0
-50.0
-37.0
-46.0
-32.0
-7.0
-6.0
-14.0
-11.0
-6.0
8.0
34.0
23.0
14.0
33.0
-2.0
-11.0
-5.0
-26.0
-18.0
-16.0
-14.0
-24.0
-33.0
-24.0
-19.0
-18.0
-2.0
-5.0
-19.0
0.0
-15.0
-27.0
-14.0
-16.0
0.0
0.0
0.0
0.0
0.0
0.0
0.0
0.0
0.0
0.0
0.0
0.0
0.0
0.0
0.0
0.0
0.0
0.0
0.0
0.0
0.0
0.0
0.0
0.0
0.0
0.0
0.0
0.0
0.0
0.0
0.0
0.0
0.0
0.0
0.0
0.0
0.0
0.0
0.0
0.0
0.0
0.0
0.0
0.0
0.0
0.0
0.0
0.0
0.0
0.0
0.0
0.0
0.0
0.0
0.0
0.0
0.0
0.0
0.0
0.0
0.0
0.0
0.0
0.0
0.0
0.0
0.0
0.0
0.0
0.0
0.0
0.0
0.0
0.0
0.0
0.0
0.0
0.0
0.0
0.0
0.0
0.0
0.0
0.0
0.0
0.0
0.0
0.0
0.0
0.0
0.0
0.0
0.0
0.0
0.0
0.0
0.0
0.0
0.0
0.0
0.0
0.0
0.0
0.0
0.0
0.0
0.0
0.0
0.0
0.0
0.0
0.0
0.0
0.0
0.0
0.0
0.0
0.0
0.0
0.0
0.0
0.0
0.0
0.0
0.0
0.0
0.0
0.0
