-53.0
-104.0
-22.0
-83.0
-79.0
-35.0
-106.0
-36.0
-42.0
-105.0
-42.0
-84.0
-83.0
-45.0
-118.0
-55.0
-68.0
-120.0
-47.0
-103.0
-87.0
-39.0
-137.0
-64.0
-36.0
-89.0
-33.0
-93.0
-71.0
-21.0
-103.0
-64.0
-90.0
-133.0
-21.0
-88.0
-84.0
-46.0
-124.0
-43.0
-68.0
-126.0
-29.0
-98.0
-74.0
-14.0
-108.0
-63.0
-78.0
-126.0
-32.0
-101.0
-109.0
-60.0
-117.0
-33.0
-55.0
-126.0
-41.0
-95.0
-97.0
-54.0
-124.0
-51.0
-58.0
-115.0
-33.0
-95.0
-91.0
-46.0
-125.0
-60.0
-67.0
-124.0
-22.0
-77.0
-84.0
-43.0
-127.0
-68.0
-75.0
-127.0
-46.0
-105.0
-93.0
-33.0
-128.0
-79.0
-86.0
-149.0
-68.0
-112.0
-117.0
-62.0
-131.0
-59.0
-79.0
-142.0
-46.0
-108.0
-117.0
-60.0
-143.0
-93.0
-93.0
-144.0
-42.0
-80.0
-84.0
-49.0
-120.0
-46.0
-50.0
-123.0
-46.0
-95.0
-73.0
-10.0
-102.0
-54.0
-61.0
-112.0
-20.0
-75.0
-55.0
-13.0
-109.0
-46.0
-35.0
-86.0
-15.0
-84.0
-100.0
-41.0
-96.0
-33.0
-34.0
-107.0
-26.0
-77.0
-64.0
-18.0
-89.0
-51.0
-67.0
-111.0
-31.0
-71.0
-52.0
11.0
-65.0
15.0
61.0
84.0
230.0
238.0
258.0
309.0
300.0
298.0
288.0
272.0
272.0
130.0
73.0
79.0
-73.0
-54.0
-74.0
-156.0
-115.0
-186.0
-193.0
-145.0
-240.0
-203.0
-205.0
-256.0
-196.0
-244.0
-245.0
-195.0
-261.0
-210.0
-202.0
-253.0
-191.0
-233.0
-231.0
-188.0
-262.0
-235.0
-235.0
-262.0
-182.0
-228.0
-229.0
-169.0
-236.0
-172.0
-159.0
-217.0
-140.0
-190.0
-185.0
-140.0
-233.0
-186.0
-180.0
-215.0
-124.0
-185.0
-173.0
-84.0
-183.0
-165.0
-146.0
-184.0
-111.0
-172.0
-165.0
-112.0
-201.0
-139.0
-136.0
-192.0
-109.0
-159.0
-155.0
-84.0
-160.0
-113.0
-114.0
-168.0
-106.0
-145.0
-138.0
-97.0
-178.0
-119.0
-134.0
-186.0
-91.0
-141.0
-140.0
-81.0
-168.0
-104.0
-114.0
-183.0
-104.0
-148.0
-159.0
-96.0
-174.0
-117.0
-100.0
-147.0
-69.0
-137.0
-140.0
-89.0
-160.0
-101.0
-95.0
-146.0
-61.0
-127.0
-142.0
-79.0
-161.0
-102.0
-81.0
-158.0
-86.0
-126.0
-130.0
-79.0
-156.0
-84.0
-80.0
-150.0
-54.0
-102.0
-112.0
-50.0
-146.0
-117.0
-109.0
-164.0
-82.0
-114.0
-102.0
-62.0
-145.0
-91.0
-81.0
-140.0
-67.0
-146.0
-159.0
-67.0
-141.0
-99.0
-77.0
-147.0
-70.0
-111.0
-105.0
-63.0
-150.0
-101.0
-95.0
-152.0
-89.0
-154.0
-137.0
-31.0
-106.0
-71.0
-74.0
-119.0
-27.0
-106.0
-119.0
-61.0
-146.0
-73.0
-64.0
-155.0
-64.0
-84.0
-111.0
-73.0
-151.0
-78.0
-74.0
-145.0
-89.0
-107.0
-76.0
-26.0
-136.0
-95.0
-87.0
-151.0
-87.0
-147.0
-150.0
-89.0
-166.0
-105.0
-93.0
-150.0
-81.0
-115.0
-101.0
-61.0
-167.0
-95.0
-75.0
-149.0
-74.0
-125.0
-127.0
-70.0
-158.0
-103.0
-98.0
-150.0
-46.0
-103.0
-123.0
-61.0
-131.0
-74.0
-87.0
-163.0
-82.0
-122.0
-136.0
-73.0
-141.0
-89.0
-88.0
-140.0
-62.0
-118.0
-133.0
-71.0
-140.0
-65.0
-45.0
-120.0
-34.0
-100.0
-143.0
-82.0
-166.0
-112.0
-84.0
-143.0
-60.0
-114.0
-142.0
-89.0
-159.0
-102.0
-91.0
-148.0
-59.0
-116.0
-140.0
-92.0
-173.0
-82.0
-74.0
-151.0
-56.0
-98.0
-111.0
-65.0
-145.0
-66.0
-76.0
-126.0
-22.0
-74.0
-101.0
-52.0
-132.0
-88.0
-72.0
-124.0
-64.0
-124.0
-105.0
-29.0
-116.0
-80.0
-79.0
-133.0
-41.0
-107.0
-147.0
-83.0
-144.0
-93.0
-71.0
-124.0
-59.0
-106.0
-126.0
-64.0
-119.0
-77.0
-63.0
-117.0
-44.0
-77.0
-76.0
-21.0
-118.0
-68.0
-53.0
-123.0
-51.0
-93.0
-96.0
-31.0
-122.0
-66.0
-36.0
-103.0
-37.0
-95.0
-101.0
-29.0
-97.0
-44.0
-40.0
-96.0
5.0
-43.0
-39.0
69.0
18.0
103.0
162.0
135.0
245.0
243.0
243.0
303.0
295.0
293.0
297.0
288.0
299.0
255.0
251.0
272.0
176.0
199.0
154.0
25.0
54.0
-29.0
-73.0
-34.0
-160.0
-160.0
-166.0
-239.0
-157.0
-201.0
-230.0
-193.0
-266.0
-246.0
-237.0
-281.0
-244.0
-265.0
-274.0
-242.0
-274.0
-223.0
-219.0
-270.0
-212.0
-247.0
-270.0
-235.0
-272.0
-242.0
-223.0
-268.0
-214.0
-246.0
-249.0
-174.0
-237.0
-199.0
-187.0
-233.0
-139.0
-183.0
-209.0
-146.0
-214.0
-200.0
-187.0
-240.0
-182.0
-224.0
-239.0
-169.0
-232.0
-197.0
-170.0
-215.0
-133.0
-173.0
-174.0
-86.0
-162.0
-121.0
-113.0
-208.0
-129.0
-144.0
-158.0
-98.0
-165.0
-129.0
-113.0
-178.0
-111.0
-136.0
-146.0
-79.0
-161.0
-125.0
-92.0
-154.0
-96.0
-128.0
-138.0
-85.0
-164.0
-116.0
-84.0
-156.0
-87.0
-129.0
-133.0
-44.0
-135.0
-102.0
-74.0
-136.0
-58.0
-95.0
-117.0
-44.0
-137.0
-124.0
-94.0
-146.0
-80.0
-117.0
-127.0
-50.0
-130.0
-107.0
-84.0
-142.0
-49.0
-83.0
-106.0
-35.0
-114.0
-71.0
-44.0
-117.0
-56.0
-112.0
-122.0
-30.0
-111.0
-59.0
-38.0
-108.0
-19.0
-77.0
-117.0
-39.0
-114.0
-89.0
-66.0
-120.0
-53.0
-112.0
-134.0
-63.0
-127.0
-89.0
-70.0
-128.0
-33.0
-66.0
-110.0
-40.0
-106.0
-62.0
-51.0
-133.0
-54.0
-93.0
-105.0
-20.0
-112.0
-92.0
-83.0
-147.0
-67.0
-103.0
-97.0
-27.0
-100.0
-56.0
-44.0
-124.0
-44.0
-88.0
-108.0
-30.0
-119.0
-82.0
-48.0
-118.0
-45.0
-72.0
-76.0
-14.0
-115.0
-83.0
-52.0
-120.0
-44.0
-92.0
-107.0
-45.0
-139.0
-87.0
-52.0
-123.0
-40.0
-78.0
-112.0
-46.0
-112.0
-71.0
-48.0
-116.0
-55.0
-95.0
-111.0
-39.0
-116.0
-78.0
-43.0
-118.0
-46.0
-81.0
-97.0
-23.0
-97.0
-49.0
-18.0
-97.0
-31.0
-79.0
-105.0
-41.0
-127.0
-77.0
-53.0
-125.0
-58.0
-86.0
-101.0
-40.0
-121.0
-79.0
-55.0
-121.0
-42.0
-87.0
-117.0
-37.0
-99.0
-59.0
-27.0
-103.0
-35.0
-77.0
-110.0
-53.0
-118.0
-65.0
-37.0
-116.0
-34.0
-63.0
-73.0
7.0
-73.0
-41.0
-16.0
-91.0
-34.0
-82.0
-110.0
-27.0
-99.0
-82.0
-56.0
-91.0
-15.0
-74.0
-113.0
-27.0
-89.0
-51.0
-31.0
-120.0
-55.0
-89.0
-88.0
-8.0
-93.0
-59.0
-30.0
-108.0
-33.0
-73.0
-116.0
-41.0
-100.0
-63.0
-43.0
-123.0
-42.0
-68.0
-98.0
-31.0
-109.0
-65.0
-31.0
-103.0
-44.0
-89.0
-111.0
-32.0
-98.0
-63.0
-41.0
-127.0
-53.0
-80.0
-101.0
-19.0
-92.0
-59.0
-31.0
-105.0
-42.0
-68.0
-80.0
-14.0
-99.0
-61.0
-33.0
-119.0
-58.0
-81.0
-88.0
-16.0
-111.0
-74.0
-15.0
-72.0
-3.0
-40.0
-70.0
-1.0
-102.0
-73.0
-10.0
-83.0
7.0
-19.0
-62.0
21.0
-60.0
-44.0
-23.0
-88.0
-10.0
-55.0
-84.0
-1.0
-69.0
-47.0
-36.0
-106.0
-22.0
-56.0
-102.0
-33.0
-92.0
-75.0
-69.0
-134.0
-61.0
-97.0
-109.0
-41.0
-118.0
-68.0
-48.0
-115.0
-33.0
-80.0
-107.0
-27.0
-128.0
-87.0
-45.0
-113.0
-52.0
-98.0
-127.0
-41.0
-112.0
-87.0
-52.0
-100.0
-20.0
-68.0
-110.0
-31.0
-111.0
-73.0
-51.0
-118.0
-29.0
-68.0
-121.0
-46.0
-106.0
-78.0
-51.0
-105.0
-21.0
-60.0
-90.0
-32.0
-121.0
-69.0
-36.0
-128.0
-62.0
-93.0
-123.0
-50.0
-129.0
-86.0
-53.0
-134.0
-58.0
-81.0
-126.0
-59.0
-128.0
-84.0
-34.0
-111.0
-51.0
-91.0
-112.0
-20.0
-110.0
-96.0
-67.0
-146.0
-54.0
-71.0
-104.0
-27.0
-100.0
-84.0
-61.0
-129.0
-52.0
-74.0
-96.0
-23.0
-102.0
-72.0
-32.0
-112.0
-44.0
-61.0
-64.0
12.0
-86.0
-62.0
-6.0
-64.0
-14.0
-48.0
-92.0
-24.0
-88.0
-63.0
-58.0
-130.0
-54.0
-77.0
-100.0
-21.0
-103.0
-75.0
-43.0
-125.0
-44.0
-69.0
-81.0
4.0
-71.0
-50.0
-10.0
-76.0
-26.0
-76.0
-99.0
-14.0
-74.0
-45.0
-34.0
-120.0
-44.0
-66.0
-80.0
4.0
-77.0
-50.0
-16.0
-111.0
-41.0
-68.0
-107.0
-24.0
-74.0
-33.0
-10.0
-95.0
-36.0
-67.0
-112.0
-42.0
-118.0
-84.0
-55.0
-142.0
-52.0
-61.0
-96.0
-27.0
-104.0
-59.0
-27.0
-108.0
-28.0
-51.0
-95.0
-20.0
-82.0
-43.0
-12.0
-87.0
-29.0
-60.0
-90.0
-6.0
-50.0
-20.0
11.0
-71.0
-7.0
-30.0
-73.0
-3.0
-55.0
-31.0
-22.0
-96.0
-14.0
-22.0
-74.0
-22.0
-92.0
-58.0
-22.0
-109.0
-41.0
-72.0
-90.0
3.0
-64.0
-33.0
0.0
-74.0
20.0
25.0
12.0
117.0
99.0
164.0
258.0
234.0
282.0
302.0
286.0
295.0
246.0
258.0
234.0
122.0
180.0
124.0
55.0
111.0
4.0
4.0
28.0
-79.0
-33.0
-90.0
-148.0
-62.0
-125.0
-109.0
-79.0
-148.0
-79.0
-98.0
-154.0
-121.0
-210.0
-192.0
-159.0
-239.0
-166.0
-178.0
-207.0
-128.0
-195.0
-175.0
-135.0
-213.0
-158.0
-182.0
-188.0
-92.0
-183.0
-171.0
-131.0
-202.0
-137.0
-172.0
-208.0
-143.0
-218.0
-192.0
-138.0
-208.0
-133.0
-133.0
-169.0
-105.0
-157.0
-122.0
-88.0
-166.0
-109.0
-127.0
-148.0
-72.0
-150.0
-135.0
-96.0
-160.0
-83.0
-111.0
-151.0
-55.0
-113.0
-103.0
-70.0
-147.0
-85.0
-105.0
-148.0
-69.0
-141.0
-108.0
-56.0
-150.0
-99.0
-108.0
-135.0
-69.0
-159.0
-140.0
-89.0
-176.0
-117.0
-134.0
-158.0
-56.0
-109.0
-96.0
-65.0
-127.0
-44.0
-71.0
-129.0
-40.0
-114.0
-103.0
-65.0
-155.0
-95.0
-103.0
-143.0
-68.0
-136.0
-103.0
-49.0
-137.0
-55.0
-61.0
-98.0
-12.0
-84.0
-70.0
-36.0
-121.0
-57.0
-78.0
-117.0
-30.0
-94.0
-68.0
-19.0
-101.0
-43.0
-54.0
-102.0
-38.0
-94.0
-73.0
-35.0
-121.0
-60.0
-66.0
-106.0
-36.0
-103.0
-79.0
-32.0
-109.0
-42.0
-59.0
-115.0
-33.0
-99.0
-86.0
-52.0
-139.0
-72.0
-84.0
-115.0
-27.0
-96.0
-72.0
-27.0
-103.0
-47.0
-64.0
-93.0
-10.0
-91.0
-69.0
-12.0
-104.0
-57.0
-55.0
-91.0
-24.0
-92.0
-77.0
-25.0
-103.0
-43.0
-69.0
-101.0
-6.0
-91.0
-78.0
-33.0
-129.0
-64.0
-72.0
-102.0
-28.0
-110.0
-90.0
-43.0
-134.0
-73.0
-78.0
-107.0
-25.0
-87.0
-71.0
-26.0
-111.0
-32.0
-50.0
-109.0
-20.0
-88.0
-83.0
-40.0
-105.0
-22.0
-22.0
-83.0
-33.0
-115.0
-99.0
-39.0
-96.0
-34.0
-58.0
-98.0
-8.0
-76.0
-65.0
-12.0
-90.0
-33.0
-52.0
-80.0
-5.0
-91.0
-98.0
-48.0
-121.0
-50.0
-60.0
-100.0
-34.0
-91.0
-65.0
-29.0
-111.0
-39.0
-56.0
-101.0
-12.0
-69.0
-68.0
-27.0
-92.0
-21.0
-49.0
-99.0
-22.0
-82.0
-68.0
-37.0
-116.0
-44.0
-44.0
-93.0
-16.0
-91.0
-91.0
-34.0
-103.0
-39.0
-63.0
-110.0
-9.0
-65.0
-49.0
-6.0
-95.0
-39.0
-56.0
-92.0
3.0
-68.0
-76.0
-32.0
-99.0
-25.0
-47.0
-104.0
-16.0
-70.0
-71.0
-29.0
-107.0
-42.0
-64.0
-122.0
-19.0
-86.0
-100.0
-49.0
-136.0
-40.0
-17.0
-87.0
-16.0
-78.0
-64.0
-16.0
-121.0
-70.0
-67.0
-101.0
-26.0
-88.0
-69.0
-24.0
-105.0
-45.0
-63.0
-78.0
-9.0
-85.0
-71.0
-25.0
-115.0
-60.0
-63.0
-110.0
-22.0
-65.0
-38.0
2.0
-81.0
-16.0
-43.0
-97.0
-10.0
-65.0
-53.0
-17.0
-106.0
-36.0
-48.0
-127.0
-64.0
-103.0
-71.0
-33.0
-112.0
-17.0
-22.0
-103.0
-30.0
-77.0
-49.0
4.0
-88.0
-46.0
-54.0
-93.0
-26.0
-101.0
-83.0
-31.0
-123.0
-69.0
-67.0
-91.0
2.0
-72.0
-111.0
-74.0
-100.0
-22.0
-31.0
-71.0
-10.0
-86.0
-77.0
-26.0
-114.0
-42.0
-44.0
-126.0
-49.0
-114.0
-112.0
-27.0
-92.0
-43.0
-42.0
-82.0
-17.0
-91.0
-73.0
-18.0
-110.0
-46.0
-35.0
-89.0
-10.0
-65.0
-62.0
-27.0
-105.0
-46.0
-54.0
-108.0
-31.0
-78.0
-67.0
-22.0
-114.0
-61.0
-68.0
-99.0
12.0
-78.0
-63.0
-2.0
-87.0
-26.0
-43.0
-102.0
-10.0
-53.0
-56.0
-7.0
-96.0
-31.0
-27.0
-83.0
-28.0
-91.0
-60.0
-3.0
-88.0
-32.0
-30.0
-78.0
-11.0
-74.0
-61.0
-6.0
-86.0
-26.0
-31.0
-83.0
-17.0
-68.0
-69.0
-18.0
-89.0
-17.0
-30.0
-81.0
4.0
-65.0
-72.0
-12.0
-69.0
-15.0
-35.0
-86.0
1.0
-57.0
-60.0
-15.0
-88.0
-40.0
-50.0
-94.0
-17.0
-79.0
-61.0
8.0
-69.0
-8.0
-5.0
-61.0
5.0
-62.0
-70.0
-20.0
-95.0
-52.0
-49.0
-105.0
-45.0
-115.0
-98.0
10.0
-62.0
-26.0
-30.0
-87.0
-5.0
-54.0
-51.0
-5.0
-87.0
-33.0
-27.0
-64.0
15.0
-45.0
-49.0
-17.0
-116.0
-55.0
-51.0
-111.0
-22.0
-56.0
-40.0
20.0
-57.0
11.0
12.0
-26.0
103.0
95.0
138.0
255.0
227.0
270.0
310.0
301.0
299.0
247.0
250.0
250.0
134.0
148.0
96.0
12.0
77.0
-5.0
-51.0
-13.0
-107.0
-76.0
-92.0
-163.0
-107.0
-177.0
-192.0
-163.0
-233.0
-168.0
-184.0
-240.0
-156.0
-213.0
-221.0
-166.0
-238.0
-201.0
-210.0
-253.0
-176.0
-224.0
-213.0
-145.0
-210.0
-156.0
-159.0
-220.0
-149.0
-206.0
-201.0
-142.0
-222.0
-178.0
-175.0
-212.0
-136.0
-193.0
-180.0
-133.0
-211.0
-143.0
-133.0
-183.0
-90.0
-144.0
-162.0
-113.0
-204.0
-160.0
-148.0
-191.0
-108.0
-165.0
-167.0
-112.0
-199.0
-134.0
-118.0
-178.0
-115.0
-171.0
-146.0
-77.0
-163.0
-102.0
-116.0
-171.0
-62.0
-100.0
-100.0
-39.0
-126.0
-97.0
-92.0
-148.0
-65.0
-110.0
-114.0
-58.0
-143.0
-76.0
-69.0
-126.0
-48.0
-92.0
-60.0
3.0
-101.0
-56.0
-50.0
-114.0
-29.0
-75.0
-68.0
-26.0
-113.0
-55.0
-61.0
-135.0
-39.0
-69.0
-75.0
-23.0
-110.0
-79.0
-73.0
-120.0
-42.0
-98.0
-108.0
-40.0
-106.0
-55.0
-78.0
-144.0
-49.0
-97.0
-88.0
-41.0
-125.0
-59.0
-52.0
-128.0
-54.0
-97.0
-98.0
-41.0
-115.0
-65.0
-70.0
-126.0
-25.0
-68.0
-73.0
-43.0
-137.0
-25.0
-21.0
-83.0
18.0
-30.0
-56.0
-12.0
-86.0
-49.0
-44.0
-95.0
-27.0
-94.0
-102.0
-34.0
-114.0
-69.0
-54.0
-116.0
-22.0
-74.0
-103.0
-53.0
-127.0
-63.0
-54.0
-113.0
-31.0
-88.0
-88.0
-28.0
-130.0
-80.0
-58.0
-104.0
-24.0
-71.0
-76.0
-20.0
-96.0
-31.0
-43.0
-124.0
-29.0
-69.0
-78.0
-12.0
-100.0
-48.0
-49.0
-107.0
-14.0
-58.0
-59.0
-8.0
-102.0
-46.0
-37.0
-88.0
11.0
-41.0
-53.0
10.0
-70.0
-15.0
-15.0
-77.0
-5.0
-63.0
-70.0
-1.0
-74.0
-12.0
-16.0
-82.0
10.0
-34.0
-43.0
22.0
-80.0
-31.0
-14.0
-100.0
-34.0
-61.0
-50.0
14.0
-53.0
4.0
14.0
-61.0
-7.0
-68.0
-78.0
-25.0
-100.0
-56.0
-46.0
-112.0
-27.0
-55.0
-66.0
-5.0
-80.0
-37.0
-31.0
-92.0
-34.0
-105.0
-117.0
-46.0
-120.0
-62.0
-49.0
-118.0
-35.0
-88.0
-83.0
-8.0
-100.0
-55.0
-15.0
-74.0
-11.0
-73.0
-98.0
-34.0
-108.0
-50.0
-50.0
-122.0
-40.0
-83.0
-78.0
-11.0
-90.0
-34.0
-24.0
-103.0
-36.0
-96.0
-104.0
-37.0
-111.0
-70.0
-69.0
-153.0
-82.0
-123.0
-119.0
-51.0
-125.0
-89.0
-80.0
-125.0
-48.0
-107.0
-112.0
-38.0
-125.0
-64.0
-36.0
-103.0
-35.0
-82.0
-83.0
-21.0
-126.0
-86.0
-82.0
-126.0
-28.0
-76.0
-68.0
-1.0
-95.0
-49.0
-39.0
-112.0
-41.0
-88.0
-89.0
-24.0
-106.0
-65.0
-29.0
-92.0
-42.0
-77.0
-65.0
6.0
-95.0
-56.0
-41.0
-107.0
-28.0
-74.0
-90.0
-4.0
-78.0
-32.0
-29.0
-105.0
-17.0
-59.0
-76.0
-29.0
-109.0
-64.0
-30.0
-95.0
-33.0
-101.0
-95.0
-1.0
-93.0
-69.0
-51.0
-107.0
-3.0
-55.0
-85.0
-17.0
-99.0
-54.0
-24.0
-73.0
12.0
-15.0
-19.0
35.0
-46.0
46.0
118.0
89.0
216.0
216.0
221.0
291.0
261.0
280.0
295.0
276.0
291.0
209.0
186.0
221.0
93.0
110.0
98.0
-3.0
41.0
-39.0
-84.0
-33.0
-130.0
-109.0
-103.0
-180.0
-126.0
-190.0
-208.0
-134.0
-217.0
-176.0
-164.0
-239.0
-168.0
-200.0
-230.0
-183.0
-245.0
-195.0
-188.0
-240.0
-139.0
-184.0
-216.0
-153.0
-217.0
-163.0
-154.0
-214.0
-155.0
-203.0
-197.0
-129.0
-218.0
-173.0
-148.0
-211.0
-124.0
-156.0
-178.0
-120.0
-177.0
-134.0
-135.0
-190.0
-104.0
-136.0
-156.0
-96.0
-156.0
-108.0
-109.0
-159.0
-64.0
-106.0
-132.0
-68.0
-168.0
-134.0
-115.0
-186.0
-98.0
-133.0
-142.0
-57.0
-130.0
-84.0
-70.0
-139.0
-63.0
-118.0
-133.0
-68.0
-147.0
-104.0
-82.0
-149.0
-76.0
-133.0
-144.0
-64.0
-143.0
-116.0
-100.0
-154.0
-73.0
-109.0
-134.0
-62.0
-130.0
-97.0
-74.0
-148.0
-62.0
-120.0
-138.0
-29.0
-113.0
-83.0
-62.0
-131.0
-34.0
-65.0
-99.0
-49.0
-151.0
-122.0
-98.0
-156.0
-74.0
-122.0
-130.0
-58.0
-139.0
-89.0
-52.0
-106.0
-37.0
-75.0
-95.0
-49.0
-145.0
-89.0
-71.0
-148.0
-62.0
-113.0
-153.0
-82.0
-143.0
-102.0
-78.0
-150.0
-86.0
-116.0
-112.0
-39.0
-123.0
-91.0
-88.0
-138.0
-28.0
-59.0
-87.0
-54.0
-138.0
-86.0
-76.0
-159.0
-70.0
-117.0
-146.0
-61.0
-121.0
-70.0
-45.0
-105.0
-26.0
-62.0
-90.0
-50.0
-110.0
-56.0
-38.0
-108.0
-23.0
-55.0
-85.0
-25.0
-100.0
-65.0
-53.0
-123.0
-58.0
-97.0
-109.0
-39.0
-115.0
-96.0
-74.0
-137.0
-48.0
-86.0
-115.0
-32.0
-104.0
-77.0
-59.0
-138.0
-70.0
-108.0
-121.0
-53.0
-140.0
-90.0
-53.0
-116.0
-35.0
-73.0
-108.0
-45.0
-120.0
-82.0
-53.0
-116.0
-41.0
-69.0
-88.0
-29.0
-97.0
-56.0
-55.0
-137.0
-46.0
-92.0
-129.0
-50.0
-118.0
-74.0
-56.0
-135.0
-58.0
-92.0
-100.0
-24.0
-99.0
-70.0
-41.0
-114.0
-34.0
-72.0
-111.0
-54.0
-135.0
-73.0
-44.0
-119.0
-41.0
-88.0
-109.0
-22.0
-90.0
-63.0
-51.0
-133.0
-65.0
-90.0
-100.0
-44.0
-120.0
-70.0
-49.0
-117.0
-31.0
-66.0
-99.0
-35.0
-116.0
-79.0
-51.0
-126.0
-43.0
-72.0
-88.0
-27.0
-116.0
-87.0
-50.0
-120.0
-56.0
-100.0
-120.0
-40.0
-124.0
-68.0
-24.0
-128.0
-46.0
-51.0
-88.0
-2.0
-69.0
-51.0
-36.0
-104.0
-32.0
-67.0
-88.0
-8.0
-77.0
-21.0
15.0
-8.0
115.0
130.0
163.0
290.0
288.0
286.0
306.0
306.0
301.0
240.0
219.0
235.0
98.0
106.0
92.0
-12.0
52.0
-10.0
-70.0
-13.0
-122.0
-120.0
-103.0
-197.0
-148.0
-195.0
-223.0
-155.0
-218.0
-184.0
-154.0
-235.0
-179.0
-209.0
-250.0
-203.0
-251.0
-213.0
-192.0
-257.0
-187.0
-214.0
-247.0
-183.0
-239.0
-225.0
-207.0
-253.0
-172.0
-196.0
-221.0
-144.0
-212.0
-179.0
-147.0
-226.0
-147.0
-171.0
-213.0
-140.0
-201.0
-167.0
-133.0
-212.0
-146.0
-180.0
-200.0
-109.0
-187.0
-147.0
-109.0
-205.0
-140.0
-169.0
-212.0
-135.0
-189.0
-154.0
-119.0
-197.0
-120.0
-156.0
-189.0
-101.0
-164.0
-140.0
-116.0
-183.0
-119.0
-146.0
-163.0
-87.0
-157.0
-120.0
-83.0
-152.0
-97.0
-131.0
-158.0
-79.0
-157.0
-122.0
-73.0
-154.0
-100.0
-131.0
-152.0
-72.0
-137.0
-103.0
-75.0
-142.0
-71.0
-124.0
-172.0
-111.0
-159.0
-90.0
-57.0
-146.0
-75.0
-112.0
-140.0
-60.0
-142.0
-105.0
-48.0
-118.0
-46.0
-76.0
-117.0
-27.0
-96.0
-78.0
-56.0
-148.0
-83.0
-134.0
-153.0
-53.0
-121.0
-91.0
-58.0
-134.0
-52.0
-70.0
-123.0
-80.0
-154.0
-133.0
-98.0
-131.0
-30.0
-69.0
-105.0
-12.0
-98.0
-87.0
-56.0
-133.0
-53.0
-72.0
-124.0
-56.0
-129.0
-121.0
-93.0
-166.0
-86.0
-96.0
-123.0
-46.0
-108.0
-77.0
-31.0
-111.0
-51.0
-93.0
-131.0
-54.0
-133.0
-97.0
-70.0
-157.0
-90.0
-113.0
-136.0
-77.0
-134.0
-95.0
-81.0
-173.0
-89.0
-94.0
-148.0
-97.0
-163.0
-114.0
-68.0
-158.0
-96.0
-117.0
-126.0
-38.0
-125.0
-116.0
-86.0
-162.0
-83.0
-100.0
-130.0
-43.0
-108.0
-67.0
-35.0
-136.0
-67.0
-88.0
-125.0
-41.0
-120.0
-101.0
-58.0
-130.0
-46.0
-63.0
-111.0
-45.0
-118.0
-111.0
-84.0
-153.0
-71.0
-91.0
-130.0
-58.0
-124.0
-90.0
-49.0
-127.0
-37.0
-68.0
-111.0
-40.0
-106.0
-88.0
-64.0
-143.0
-89.0
-105.0
-98.0
8.0
-72.0
-71.0
-50.0
-134.0
-69.0
-103.0
-134.0
-71.0
-177.0
-141.0
-65.0
-118.0
-45.0
-79.0
-113.0
-36.0
-111.0
-71.0
-31.0
-125.0
-67.0
-86.0
-121.0
-37.0
-106.0
-98.0
-63.0
-129.0
-56.0
-83.0
-133.0
-67.0
-138.0
-99.0
-55.0
-144.0
-81.0
-96.0
-139.0
-61.0
-119.0
-90.0
-37.0
-109.0
-54.0
-98.0
-142.0
-54.0
-130.0
-120.0
-82.0
-170.0
-107.0
-110.0
-138.0
-50.0
-109.0
-85.0
-39.0
-117.0
-42.0
-70.0
-117.0
-40.0
-105.0
-106.0
-76.0
-136.0
-59.0
-90.0
-116.0
-50.0
-129.0
-90.0
-25.0
-98.0
-37.0
-64.0
-107.0
-25.0
-93.0
-76.0
-36.0
-129.0
-63.0
-72.0
-99.0
6.0
-58.0
-48.0
3.0
-46.0
39.0
55.0
52.0
182.0
149.0
176.0
288.0
274.0
285.0
298.0
288.0
287.0
204.0
229.0
227.0
94.0
110.0
63.0
-10.0
49.0
-24.0
-39.0
-22.0
-112.0
-52.0
-107.0
-168.0
-95.0
-169.0
-164.0
-130.0
-213.0
-158.0
-185.0
-217.0
-148.0
-225.0
-209.0
-159.0
-229.0
-152.0
-177.0
-237.0
-172.0
-225.0
-203.0
-163.0
-221.0
-147.0
-168.0
-208.0
-125.0
-176.0
-163.0
-140.0
-225.0
-156.0
-169.0
-221.0
-136.0
-194.0
-173.0
-126.0
-192.0
-116.0
-124.0
-170.0
-104.0
-163.0
-148.0
-117.0
-176.0
-108.0
-137.0
-185.0
-93.0
-161.0
-153.0
-102.0
-179.0
-117.0
-126.0
-164.0
-96.0
-163.0
-142.0
-89.0
-164.0
-114.0
-128.0
-151.0
-60.0
-121.0
-117.0
-89.0
-158.0
-71.0
-85.0
-128.0
-40.0
-128.0
-118.0
-69.0
-149.0
-89.0
-110.0
-161.0
-78.0
-134.0
-131.0
-91.0
-150.0
-71.0
-86.0
-128.0
-34.0
-116.0
-113.0
-59.0
-125.0
-74.0
-110.0
-150.0
-62.0
-126.0
-110.0
-60.0
-154.0
-96.0
-98.0
-129.0
-42.0
-121.0
-117.0
-65.0
-134.0
-56.0
-64.0
-120.0
-51.0
-123.0
-99.0
-37.0
-118.0
-63.0
-80.0
-129.0
-50.0
-111.0
-90.0
-44.0
-117.0
-53.0
-60.0
-102.0
-24.0
-91.0
-79.0
-29.0
-127.0
-82.0
-96.0
-142.0
-51.0
-108.0
-97.0
-42.0
-120.0
-58.0
-68.0
-123.0
-61.0
-124.0
-85.0
-43.0
-157.0
-89.0
-87.0
-150.0
-56.0
-93.0
-78.0
-35.0
-127.0
-65.0
-60.0
-101.0
-31.0
-114.0
-105.0
-50.0
-136.0
-83.0
-81.0
-116.0
-33.0
-96.0
-98.0
-30.0
-90.0
-46.0
-51.0
-93.0
-39.0
-100.0
-74.0
-39.0
-144.0
-78.0
-73.0
-98.0
-10.0
-86.0
-91.0
-44.0
-106.0
-32.0
-56.0
-130.0
-58.0
-122.0
-109.0
-54.0
-131.0
-69.0
-72.0
-127.0
-53.0
-94.0
-95.0
-60.0
-133.0
-74.0
-70.0
-109.0
-29.0
-85.0
-93.0
-58.0
-143.0
-79.0
-89.0
-121.0
-41.0
-118.0
-102.0
-38.0
-109.0
-61.0
-73.0
-103.0
-13.0
-92.0
-88.0
-35.0
-125.0
-71.0
-79.0
-134.0
-45.0
-79.0
-59.0
-21.0
-108.0
-42.0
-63.0
-111.0
-20.0
-98.0
-99.0
-37.0
-119.0
-65.0
-90.0
-134.0
-39.0
-100.0
-99.0
-50.0
-131.0
-69.0
-68.0
-121.0
-54.0
-121.0
-95.0
-34.0
-124.0
-56.0
-68.0
-139.0
-56.0
-107.0
-98.0
-42.0
-121.0
-50.0
-29.0
-83.0
-29.0
-83.0
-84.0
-47.0
-128.0
-61.0
-67.0
-134.0
-42.0
-83.0
-95.0
-48.0
-137.0
-83.0
-81.0
-124.0
-34.0
-98.0
-93.0
-33.0
-99.0
-27.0
-28.0
-83.0
-17.0
-88.0
-92.0
-44.0
-120.0
-72.0
-83.0
-124.0
-30.0
-84.0
-91.0
-24.0
-91.0
-33.0
-14.0
-70.0
-2.0
-74.0
-80.0
-35.0
-115.0
-56.0
-65.0
-120.0
-34.0
-88.0
-77.0
-21.0
-111.0
-42.0
-38.0
-105.0
-52.0
-89.0
-71.0
-25.0
-97.0
-52.0
-70.0
-123.0
-44.0
-100.0
-98.0
-42.0
-108.0
-63.0
-70.0
-120.0
-43.0
-112.0
-118.0
-40.0
-108.0
-69.0
-65.0
-124.0
-49.0
-95.0
-84.0
-45.0
-125.0
-62.0
-76.0
-138.0
-43.0
-84.0
-66.0
-9.0
-90.0
-38.0
-39.0
-91.0
4.0
-30.0
-35.0
7.0
-98.0
-50.0
-43.0
-110.0
-32.0
-79.0
-80.0
-15.0
-96.0
-46.0
-41.0
-94.0
-32.0
-95.0
-76.0
-22.0
-109.0
-58.0
-50.0
-100.0
-22.0
-95.0
-95.0
-27.0
-107.0
-55.0
-39.0
-93.0
-22.0
-105.0
-114.0
-35.0
-102.0
-39.0
-41.0
-87.0
-2.0
-88.0
-93.0
-25.0
-107.0
-44.0
-30.0
-93.0
-13.0
-63.0
-68.0
-23.0
-111.0
-64.0
-59.0
-109.0
-12.0
-47.0
-50.0
13.0
-76.0
-40.0
-40.0
-91.0
-18.0
-77.0
-79.0
-13.0
-88.0
-40.0
-45.0
-115.0
-32.0
-62.0
-56.0
-12.0
-90.0
-23.0
-30.0
-106.0
-29.0
-80.0
-79.0
-22.0
-109.0
-50.0
-36.0
-106.0
-44.0
-104.0
-101.0
-40.0
-115.0
-58.0
-17.0
-90.0
-13.0
-48.0
-53.0
-11.0
-98.0
-45.0
-50.0
-112.0
-28.0
-83.0
-92.0
-26.0
-110.0
-49.0
-34.0
-103.0
-36.0
-87.0
-62.0
0.0
-125.0
-70.0
-29.0
-106.0
-35.0
-70.0
-70.0
-14.0
-91.0
-48.0
-43.0
-100.0
-31.0
-104.0
-106.0
-26.0
-106.0
-63.0
-56.0
-98.0
-21.0
-70.0
-75.0
-8.0
-80.0
-41.0
-39.0
-83.0
-4.0
-61.0
-78.0
-38.0
-112.0
-65.0
-69.0
-130.0
-24.0
-60.0
-71.0
-12.0
-101.0
-39.0
-21.0
-87.0
-20.0
-77.0
-78.0
-12.0
-88.0
-47.0
-41.0
-83.0
7.0
-36.0
-58.0
-11.0
-86.0
-39.0
-36.0
-106.0
-32.0
-77.0
-71.0
3.0
-79.0
-33.0
-7.0
-43.0
31.0
-46.0
-56.0
14.0
-58.0
-18.0
-37.0
-109.0
-27.0
-73.0
-80.0
-11.0
-101.0
-13.0
23.0
-76.0
23.0
-13.0
-41.0
15.0
-58.0
-2.0
8.0
-71.0
-12.0
-54.0
-61.0
4.0
-74.0
-44.0
-30.0
-89.0
-13.0
-53.0
-65.0
-1.0
-65.0
-18.0
-4.0
-64.0
25.0
-24.0
-56.0
-1.0
-90.0
-46.0
-36.0
-100.0
-28.0
-79.0
-76.0
-5.0
-80.0
-31.0
-19.0
-92.0
-20.0
-82.0
-101.0
-30.0
-107.0
-66.0
-58.0
-107.0
-30.0
-81.0
-70.0
17.0
-78.0
-39.0
-30.0
-86.0
-5.0
-58.0
-77.0
-17.0
-91.0
-28.0
-8.0
-92.0
-6.0
-42.0
-67.0
-20.0
-109.0
-56.0
-29.0
-95.0
-24.0
-82.0
-86.0
-13.0
-91.0
-41.0
-22.0
-99.0
-24.0
-70.0
-82.0
-25.0
-103.0
-45.0
-48.0
-111.0
-22.0
-68.0
-85.0
-12.0
-72.0
-30.0
-20.0
-77.0
7.0
-35.0
-72.0
-28.0
-101.0
-48.0
-33.0
-97.0
-21.0
-59.0
-78.0
-14.0
-87.0
-36.0
-17.0
-77.0
-2.0
-67.0
-110.0
-10.0
-73.0
-34.0
-10.0
-66.0
11.0
-45.0
-61.0
14.0
-55.0
-9.0
6.0
-66.0
6.0
-47.0
-71.0
-3.0
-82.0
-25.0
11.0
-37.0
49.0
36.0
66.0
180.0
140.0
208.0
266.0
216.0
275.0
278.0
272.0
286.0
205.0
219.0
194.0
106.0
174.0
96.0
54.0
112.0
10.0
36.0
26.0
-54.0
12.0
-65.0
-112.0
-57.0
-152.0
-128.0
-121.0
-197.0
-128.0
-182.0
-196.0
-110.0
-181.0
-148.0
-138.0
-208.0
-128.0
-172.0
-193.0
-126.0
-206.0
-165.0
-151.0
-225.0
-146.0
-171.0
-158.0
-87.0
-184.0
-127.0
-78.0
-159.0
-107.0
-149.0
-175.0
-114.0
-203.0
-158.0
-119.0
-182.0
-92.0
-129.0
-158.0
-111.0
-197.0
-147.0
-118.0
-168.0
-86.0
-137.0
-169.0
-87.0
-140.0
-96.0
-85.0
-155.0
-86.0
-138.0
-164.0
-80.0
-151.0
-111.0
-83.0
-146.0
-64.0
-117.0
-137.0
-43.0
-111.0
-99.0
-103.0
-163.0
-76.0
-117.0
-139.0
-65.0
-139.0
-98.0
-76.0
-144.0
-48.0
-79.0
-101.0
-33.0
-125.0
-84.0
-55.0
-130.0
-64.0
-87.0
-88.0
-34.0
-111.0
-68.0
-60.0
-125.0
-32.0
-55.0
-75.0
-11.0
-98.0
-51.0
-40.0
-133.0
-54.0
-90.0
-115.0
-35.0
-105.0
-70.0
-48.0
-129.0
-70.0
-94.0
-97.0
-10.0
-83.0
-39.0
-27.0
-128.0
-46.0
-90.0
-137.0
-54.0
-109.0
-61.0
-26.0
-90.0
-26.0
-67.0
-75.0
-1.0
-98.0
-62.0
-36.0
-131.0
-84.0
-110.0
-110.0
-39.0
-122.0
-77.0
-43.0
-126.0
-39.0
-52.0
-81.0
-5.0
-60.0
-21.0
10.0
-76.0
-19.0
-49.0
-66.0
1.0
-72.0
-41.0
-16.0
-95.0
-18.0
-36.0
-61.0
7.0
-74.0
-27.0
-22.0
-115.0
-37.0
-73.0
-101.0
-24.0
-97.0
-71.0
-46.0
-120.0
-40.0
-62.0
-89.0
-18.0
-96.0
-58.0
-31.0
-112.0
-37.0
-52.0
-77.0
-24.0
-98.0
-66.0
-32.0
-96.0
-21.0
-44.0
-74.0
-14.0
-93.0
-62.0
-31.0
-95.0
-18.0
-57.0
-102.0
-26.0
-96.0
-59.0
-26.0
-105.0
-33.0
-60.0
-93.0
-9.0
-90.0
-76.0
-36.0
-103.0
-29.0
-77.0
-103.0
-23.0
-104.0
-63.0
-13.0
-95.0
-33.0
-40.0
-66.0
-11.0
-95.0
-51.0
-23.0
-119.0
-51.0
-72.0
-95.0
-19.0
-91.0
-60.0
-34.0
-119.0
-19.0
-30.0
-74.0
4.0
-67.0
-51.0
-13.0
-82.0
-33.0
-53.0
-67.0
13.0
-63.0
-45.0
-13.0
-102.0
-50.0
-65.0
-73.0
18.0
-53.0
-25.0
5.0
-75.0
-3.0
-33.0
-97.0
-37.0
-80.0
-48.0
-34.0
-103.0
-30.0
-72.0
-101.0
-22.0
-101.0
-59.0
-6.0
-80.0
4.0
-23.0
-88.0
-20.0
-79.0
-51.0
-18.0
-89.0
-29.0
-60.0
-104.0
-33.0
-80.0
-48.0
-30.0
-121.0
-43.0
-61.0
-98.0
-26.0
-95.0
-60.0
-20.0
-86.0
-13.0
-45.0
-84.0
1.0
-71.0
-55.0
-10.0
-87.0
-43.0
-95.0
-143.0
-41.0
-93.0
-80.0
-45.0
-112.0
-39.0
-72.0
-108.0
-15.0
-95.0
-61.0
-2.0
-84.0
-12.0
-26.0
-88.0
-20.0
-90.0
-64.0
-9.0
-86.0
-29.0
-44.0
-74.0
-7.0
-90.0
-77.0
-31.0
-104.0
-26.0
-45.0
-88.0
-13.0
-106.0
-77.0
-26.0
-113.0
-46.0
-65.0
-111.0
-33.0
-97.0
-63.0
-15.0
-97.0
-35.0
-60.0
-87.0
-5.0
-88.0
-61.0
-25.0
-114.0
-44.0
-76.0
-122.0
-18.0
-77.0
-67.0
-46.0
-117.0
-40.0
-55.0
-86.0
-8.0
-76.0
-56.0
-19.0
-93.0
-33.0
-34.0
-54.0
12.0
-77.0
-71.0
-33.0
-103.0
-21.0
-38.0
-72.0
6.0
-88.0
-60.0
12.0
-84.0
-38.0
-40.0
-76.0
-16.0
-73.0
-54.0
-30.0
-109.0
-28.0
-36.0
-60.0
1.0
-74.0
-40.0
3.0
-83.0
-15.0
-43.0
-87.0
-7.0
-68.0
-48.0
2.0
-95.0
-32.0
-43.0
-95.0
-12.0
-83.0
-72.0
-15.0
-82.0
-14.0
-21.0
-53.0
30.0
-26.0
23.0
107.0
56.0
134.0
125.0
72.0
159.0
87.0
105.0
158.0
70.0
125.0
79.0
11.0
97.0
12.0
8.0
51.0
-35.0
17.0
-9.0
-62.0
13.0
-70.0
-72.0
-31.0
-102.0
-30.0
-38.0
-89.0
2.0
-75.0
-84.0
-46.0
-128.0
-67.0
-91.0
-144.0
-64.0
-129.0
-120.0
-77.0
-150.0
-70.0
-69.0
-115.0
-48.0
-120.0
-105.0
-54.0
-127.0
-53.0
-72.0
-125.0
-43.0
-118.0
-116.0
-55.0
-131.0
-71.0
-67.0
-112.0
-62.0
-122.0
-82.0
-40.0
-120.0
-58.0
-78.0
-127.0
-39.0
-91.0
-82.0
-50.0
-137.0
-61.0
-69.0
-117.0
-37.0
-94.0
-89.0
-32.0
-107.0
-42.0
-37.0
-71.0
-5.0
-76.0
-53.0
15.0
-54.0
20.0
36.0
13.0
121.0
101.0
168.0
247.0
230.0
285.0
318.0
305.0
299.0
272.0
278.0
288.0
214.0
230.0
172.0
87.0
108.0
-6.0
-32.0
-20.0
-134.0
-100.0
-125.0
-196.0
-145.0
-225.0
-234.0
-181.0
-252.0
-234.0
-243.0
-275.0
-233.0
-269.0
-264.0
-236.0
-278.0
-227.0
-224.0
-251.0
-176.0
-235.0
-248.0
-219.0
-265.0
-197.0
-210.0
-259.0
-180.0
-215.0
-216.0
-172.0
-237.0
-184.0
-183.0
-224.0
-138.0
-193.0
-197.0
-139.0
-203.0
-138.0
-140.0
-202.0
-120.0
-180.0
-168.0
-112.0
-187.0
-127.0
-135.0
-184.0
-89.0
-159.0
-154.0
-97.0
-187.0
-126.0
-122.0
-162.0
-89.0
-154.0
-159.0
-100.0
-170.0
-113.0
-126.0
-174.0
-96.0
-162.0
-155.0
-89.0
-161.0
-103.0
-109.0
-152.0
-77.0
-142.0
-130.0
-75.0
-147.0
-87.0
-108.0
-181.0
-84.0
-126.0
-116.0
-80.0
-172.0
-109.0
-107.0
-156.0
-77.0
-121.0
-100.0
-58.0
-140.0
-84.0
-91.0
-142.0
-59.0
-123.0
-115.0
-61.0
-142.0
-93.0
-87.0
-116.0
-53.0
-130.0
-111.0
-46.0
-138.0
-78.0
-70.0
-113.0
-36.0
-90.0
-104.0
-44.0
-92.0
-29.0
-36.0
-105.0
-33.0
-82.0
-82.0
-43.0
-129.0
-50.0
-43.0
-114.0
-48.0
-110.0
-114.0
-59.0
-135.0
-78.0
-99.0
-150.0
-53.0
-103.0
-105.0
-61.0
-120.0
-48.0
-67.0
-135.0
-53.0
-99.0
-98.0
-52.0
-130.0
-68.0
-62.0
-113.0
-26.0
-95.0
-104.0
-39.0
-136.0
-84.0
-70.0
-122.0
-51.0
-98.0
-101.0
-49.0
-119.0
-59.0
-46.0
-105.0
-37.0
-83.0
-84.0
-55.0
-134.0
-72.0
-58.0
-99.0
-18.0
-87.0
-86.0
-22.0
-98.0
-44.0
-44.0
-90.0
-15.0
-80.0
-82.0
-27.0
-109.0
-58.0
-54.0
-112.0
-36.0
-76.0
-75.0
-39.0
-124.0
-63.0
-61.0
-126.0
-45.0
-86.0
-105.0
-53.0
-140.0
-90.0
-74.0
-114.0
-29.0
-92.0
-107.0
-38.0
-124.0
-67.0
-58.0
-127.0
-51.0
-93.0
-89.0
-47.0
-138.0
-72.0
-66.0
-125.0
-56.0
-107.0
-87.0
-23.0
-111.0
-57.0
-58.0
-116.0
-37.0
-100.0
-98.0
-41.0
-126.0
-63.0
-45.0
-95.0
-22.0
-79.0
-78.0
-29.0
-107.0
-49.0
-37.0
-98.0
-21.0
-76.0
-84.0
-23.0
-93.0
-41.0
-34.0
-99.0
-22.0
-80.0
-92.0
-23.0
-87.0
-33.0
-27.0
-92.0
-20.0
-76.0
-81.0
-17.0
-96.0
-56.0
-52.0
-115.0
-29.0
-75.0
-107.0
4.0
-24.0
9.0
4.0
-56.0
12.0
-58.0
-60.0
3.0
-88.0
-34.0
-38.0
-121.0
-32.0
-59.0
-71.0
-12.0
-96.0
-49.0
-50.0
-119.0
-27.0
-61.0
-64.0
-15.0
-105.0
-32.0
-18.0
-102.0
-21.0
-60.0
-74.0
-19.0
-96.0
-50.0
-43.0
-96.0
-9.0
-61.0
-52.0
20.0
-72.0
-34.0
-20.0
-82.0
-8.0
-50.0
-57.0
3.0
-77.0
-33.0
-30.0
-107.0
-39.0
-88.0
-102.0
-21.0
-76.0
-19.0
-13.0
-81.0
5.0
-37.0
-58.0
12.0
-77.0
-29.0
-18.0
-86.0
-18.0
-71.0
-74.0
-7.0
-89.0
-41.0
-33.0
-88.0
7.0
-47.0
-55.0
10.0
-83.0
-30.0
-25.0
-101.0
-15.0
-56.0
-66.0
5.0
-92.0
-71.0
-50.0
-99.0
-26.0
-61.0
-72.0
-7.0
-90.0
-45.0
-25.0
-87.0
-14.0
-60.0
-62.0
5.0
-82.0
-41.0
-39.0
-107.0
-14.0
-50.0
-83.0
-21.0
-90.0
-56.0
-45.0
-90.0
-2.0
-49.0
-56.0
7.0
-94.0
-50.0
-32.0
-115.0
-41.0
-78.0
-87.0
-15.0
-100.0
-54.0
-37.0
-107.0
-27.0
-70.0
-73.0
1.0
-81.0
-33.0
-18.0
-87.0
-21.0
-72.0
-79.0
5.0
-80.0
-53.0
-42.0
-97.0
5.0
-46.0
-73.0
-7.0
-72.0
-43.0
-39.0
-109.0
-20.0
-61.0
-90.0
-21.0
-77.0
-31.0
-5.0
-57.0
16.0
-41.0
-56.0
24.0
-74.0
-47.0
-26.0
-98.0
-26.0
-61.0
-89.0
-21.0
-99.0
-60.0
-34.0
-101.0
-24.0
-49.0
-62.0
-2.0
-98.0
-56.0
-31.0
-111.0
-49.0
-84.0
-95.0
-32.0
-103.0
-54.0
-25.0
-87.0
2.0
-43.0
-84.0
-12.0
-97.0
-58.0
-33.0
-100.0
-17.0
-62.0
-82.0
-16.0
-95.0
-35.0
4.0
-67.0
11.0
-25.0
-42.0
11.0
-90.0
-37.0
-12.0
-103.0
-23.0
-50.0
-82.0
-24.0
-99.0
-58.0
-14.0
-79.0
6.0
-36.0
-63.0
9.0
-82.0
-61.0
-22.0
-100.0
-31.0
-71.0
-96.0
-1.0
-77.0
-46.0
-12.0
-68.0
-5.0
-49.0
-52.0
41.0
-50.0
-32.0
-10.0
-97.0
-33.0
-73.0
-87.0
-18.0
-76.0
-25.0
-13.0
-81.0
13.0
-30.0
-75.0
-11.0
-81.0
-53.0
-28.0
-88.0
-32.0
-63.0
-62.0
13.0
-85.0
-60.0
-21.0
-72.0
6.0
-42.0
-60.0
8.0
-70.0
-26.0
0.0
-64.0
6.0
-29.0
-56.0
3.0
-80.0
-37.0
-20.0
-91.0
1.0
-33.0
-60.0
18.0
-55.0
-38.0
-15.0
-101.0
-47.0
-66.0
-81.0
-12.0
-80.0
-40.0
-32.0
-99.0
-8.0
-41.0
-79.0
-10.0
-80.0
-42.0
-14.0
-84.0
-7.0
-44.0
-88.0
-13.0
-80.0
-42.0
0.0
-87.0
-25.0
-45.0
-73.0
-11.0
-97.0
-65.0
-30.0
-88.0
-17.0
-69.0
-101.0
-14.0
-72.0
-36.0
-14.0
-91.0
-30.0
-72.0
-96.0
-4.0
-87.0
-69.0
-34.0
-111.0
-21.0
-62.0
-103.0
-14.0
-78.0
-46.0
-13.0
-81.0
4.0
-44.0
-87.0
-16.0
-92.0
-45.0
-18.0
-101.0
-14.0
-39.0
-75.0
10.0
-49.0
-11.0
36.0
-33.0
37.0
52.0
70.0
173.0
120.0
190.0
295.0
271.0
288.0
287.0
281.0
294.0
231.0
247.0
223.0
106.0
146.0
72.0
-12.0
26.0
-75.0
-69.0
-62.0
-147.0
-81.0
-134.0
-180.0
-106.0
-186.0
-181.0
-169.0
-251.0
-193.0
-221.0
-258.0
-202.0
-251.0
-208.0
-175.0
-239.0
-154.0
-177.0
-205.0
-133.0
-219.0
-210.0
-185.0
-249.0
-173.0
-197.0
-220.0
-140.0
-200.0
-156.0
-116.0
-176.0
-104.0
-134.0
-175.0
-95.0
-172.0
-162.0
-134.0
-202.0
-119.0
-148.0
-192.0
-105.0
-170.0
-137.0
-92.0
-161.0
-95.0
-135.0
-183.0
-107.0
-164.0
-127.0
-85.0
-168.0
-104.0
-135.0
-166.0
-90.0
-163.0
-136.0
-93.0
-167.0
-100.0
-114.0
-130.0
-64.0
-136.0
-106.0
-74.0
-150.0
-72.0
-93.0
-134.0
-60.0
-110.0
-72.0
-50.0
-140.0
-60.0
-82.0
-120.0
-46.0
-128.0
-107.0
-70.0
-125.0
-46.0
-77.0
-106.0
-8.0
-70.0
-59.0
-26.0
-108.0
-30.0
-57.0
-117.0
-33.0
-102.0
-83.0
-54.0
-146.0
-74.0
-76.0
-105.0
-33.0
-103.0
-84.0
-43.0
-129.0
-48.0
-52.0
-99.0
-32.0
-89.0
-65.0
-42.0
-137.0
-69.0
-68.0
-94.0
-30.0
-111.0
-87.0
-42.0
-110.0
-46.0
-79.0
-119.0
-14.0
-96.0
-60.0
4.0
-69.0
-28.0
-68.0
-114.0
-42.0
-114.0
-78.0
-39.0
-127.0
-45.0
-55.0
-86.0
-12.0
-78.0
-43.0
4.0
-85.0
-17.0
-52.0
-103.0
-46.0
-117.0
-90.0
-40.0
-107.0
-29.0
-59.0
-102.0
-10.0
-74.0
-60.0
-15.0
-97.0
-30.0
-38.0
-75.0
-7.0
-95.0
-86.0
-43.0
-103.0
-36.0
-56.0
-107.0
-27.0
-97.0
-70.0
-5.0
-90.0
-36.0
-56.0
-86.0
2.0
-67.0
-63.0
-22.0
-102.0
-39.0
-56.0
-91.0
-8.0
-92.0
-66.0
-13.0
-87.0
-27.0
-56.0
-94.0
-5.0
-69.0
-44.0
6.0
-91.0
-30.0
-37.0
-101.0
-27.0
-78.0
-61.0
-27.0
-114.0
-19.0
-7.0
-24.0
58.0
-45.0
-52.0
-16.0
-92.0
-43.0
-63.0
-86.0
-2.0
-71.0
-55.0
-17.0
-84.0
-16.0
-50.0
-89.0
5.0
-67.0
-60.0
-18.0
-92.0
-24.0
-54.0
-106.0
-17.0
-76.0
-70.0
-31.0
-107.0
-40.0
-48.0
-85.0
11.0
-44.0
-37.0
-7.0
-112.0
-60.0
-44.0
-79.0
-19.0
-82.0
-68.0
-34.0
-107.0
-45.0
-71.0
-116.0
-29.0
-88.0
-84.0
-42.0
-124.0
-48.0
-47.0
-92.0
-16.0
-88.0
-79.0
-22.0
-81.0
-12.0
-31.0
-90.0
-22.0
-84.0
-63.0
-24.0
-95.0
-18.0
-26.0
-88.0
-20.0
-88.0
-72.0
-8.0
-83.0
-26.0
-37.0
-71.0
-4.0
-69.0
-32.0
7.0
-86.0
-17.0
-22.0
-79.0
-18.0
-99.0
-84.0
-30.0
-108.0
-39.0
-37.0
-80.0
-15.0
-76.0
-46.0
-8.0
-96.0
-20.0
-25.0
-88.0
-33.0
-108.0
-81.0
-41.0
-126.0
-45.0
-50.0
-104.0
-3.0
-30.0
-21.0
19.0
-55.0
15.0
4.0
-54.0
3.0
-87.0
-95.0
-36.0
-116.0
-60.0
-68.0
-123.0
-38.0
-82.0
-56.0
-15.0
-89.0
-11.0
-23.0
-84.0
-23.0
-99.0
-91.0
-35.0
-124.0
-69.0
-76.0
-116.0
-40.0
-100.0
-69.0
-2.0
-81.0
-15.0
-27.0
-77.0
-6.0
-76.0
-72.0
-37.0
-124.0
-51.0
-43.0
-104.0
-26.0
-90.0
-82.0
-6.0
-77.0
-15.0
-34.0
-114.0
-46.0
-103.0
-89.0
-40.0
-115.0
-31.0
-39.0
-108.0
-28.0
-73.0
-50.0
-11.0
-102.0
-47.0
-66.0
-125.0
-37.0
-100.0
-77.0
-25.0
-102.0
-24.0
-24.0
-72.0
-2.0
-78.0
-71.0
-26.0
-103.0
-49.0
-71.0
-106.0
-5.0
-61.0
-57.0
-31.0
-112.0
-45.0
-60.0
-110.0
1.0
-54.0
-70.0
-18.0
-100.0
-18.0
-24.0
-99.0
-15.0
-82.0
-67.0
1.0
-91.0
-40.0
-46.0
-93.0
4.0
-39.0
-32.0
-1.0
-111.0
-49.0
-43.0
-98.0
-11.0
-71.0
-71.0
-18.0
-102.0
-18.0
-17.0
-88.0
-22.0
-73.0
-73.0
-27.0
-105.0
-31.0
-27.0
-96.0
-33.0
-99.0
-83.0
-35.0
-140.0
-72.0
-62.0
-108.0
-21.0
-78.0
-77.0
-17.0
-92.0
-34.0
-31.0
-87.0
-20.0
-91.0
-86.0
-26.0
-100.0
-15.0
0.0
-52.0
42.0
14.0
49.0
134.0
97.0
192.0
212.0
168.0
237.0
176.0
176.0
205.0
102.0
155.0
136.0
75.0
157.0
85.0
77.0
110.0
13.0
58.0
40.0
-31.0
39.0
-36.0
-58.0
-18.0
-111.0
-61.0
-68.0
-142.0
-74.0
-114.0
-102.0
-45.0
-134.0
-82.0
-105.0
-180.0
-99.0
-143.0
-143.0
-110.0
-193.0
-130.0
-129.0
-184.0
-105.0
-142.0
-140.0
-73.0
-137.0
-78.0
-93.0
-163.0
-68.0
-118.0
-114.0
-50.0
-134.0
-78.0
-65.0
-114.0
-51.0
-130.0
-125.0
-55.0
-140.0
-80.0
-81.0
-136.0
-58.0
-114.0
-112.0
-36.0
-129.0
-78.0
-64.0
-153.0
-73.0
-98.0
-103.0
-44.0
-125.0
-68.0
-61.0
-114.0
-16.0
-95.0
-119.0
-64.0
-157.0
-87.0
-58.0
-112.0
-35.0
-77.0
-98.0
-52.0
-122.0
-50.0
-55.0
-127.0
-37.0
-77.0
-79.0
-27.0
-116.0
-57.0
-48.0
-107.0
-13.0
-64.0
-90.0
-63.0
-125.0
-35.0
-42.0
-110.0
-14.0
-65.0
-77.0
-35.0
-136.0
-69.0
-30.0
-92.0
-7.0
-64.0
-80.0
-16.0
-89.0
-33.0
-42.0
-93.0
-4.0
-71.0
-87.0
-23.0
-96.0
-24.0
-30.0
-115.0
-34.0
-79.0
-82.0
-7.0
-91.0
-34.0
-37.0
-109.0
-2.0
-59.0
-67.0
13.0
-76.0
-50.0
-26.0
-66.0
-3.0
-65.0
-71.0
-8.0
-77.0
-2.0
-15.0
-93.0
-7.0
-56.0
-63.0
-17.0
-110.0
-52.0
-57.0
-122.0
-40.0
-83.0
-77.0
-15.0
-98.0
-38.0
-20.0
-83.0
15.0
-17.0
-35.0
4.0
-75.0
-14.0
-25.0
-94.0
-12.0
-68.0
-64.0
-10.0
-79.0
-15.0
-8.0
-56.0
27.0
-37.0
-48.0
7.0
-84.0
-44.0
-55.0
-112.0
-8.0
-62.0
-63.0
21.0
-67.0
-20.0
-12.0
-72.0
7.0
-61.0
-66.0
6.0
-84.0
-46.0
-41.0
-118.0
-32.0
-65.0
-68.0
-2.0
-75.0
-17.0
-16.0
-93.0
-17.0
-77.0
-91.0
-21.0
-95.0
-40.0
-40.0
-87.0
9.0
-40.0
-57.0
8.0
-78.0
-35.0
-1.0
-51.0
11.0
-54.0
-72.0
-14.0
-100.0
-52.0
-32.0
-87.0
-2.0
-67.0
-81.0
-2.0
-72.0
-5.0
6.0
-62.0
17.0
-21.0
-16.0
34.0
-80.0
-34.0
-19.0
-86.0
-6.0
-60.0
-64.0
6.0
-77.0
-12.0
3.0
-76.0
5.0
-41.0
-60.0
13.0
-63.0
-29.0
7.0
-28.0
60.0
6.0
-32.0
16.0
-51.0
-2.0
5.0
-78.0
-4.0
-34.0
-30.0
23.0
-86.0
-33.0
-14.0
-74.0
1.0
-57.0
-68.0
5.0
-83.0
-29.0
12.0
-61.0
-7.0
-51.0
-45.0
34.0
-58.0
-7.0
13.0
-70.0
-4.0
-59.0
-88.0
-27.0
-94.0
-29.0
-18.0
-96.0
-15.0
-46.0
-70.0
-5.0
-68.0
-39.0
-2.0
-74.0
-18.0
-54.0
-69.0
-14.0
-92.0
-56.0
-30.0
-76.0
-8.0
-74.0
-78.0
3.0
-67.0
-27.0
-9.0
-73.0
10.0
-48.0
-77.0
-9.0
-94.0
-49.0
-31.0
-88.0
3.0
-44.0
-71.0
6.0
-60.0
-22.0
-17.0
-69.0
19.0
-35.0
-64.0
6.0
-78.0
-39.0
-24.0
-85.0
-14.0
-55.0
-74.0
2.0
-51.0
18.0
69.0
40.0
158.0
153.0
147.0
242.0
210.0
251.0
282.0
249.0
289.0
271.0
263.0
288.0
206.0
222.0
201.0
101.0
152.0
82.0
35.0
80.0
-23.0
-8.0
-24.0
-109.0
-42.0
-104.0
-130.0
-72.0
-157.0
-109.0
-94.0
-166.0
-105.0
-153.0
-179.0
-129.0
-211.0
-174.0
-165.0
-223.0
-140.0
-178.0
-203.0
-136.0
-215.0
-174.0
-150.0
-208.0
-133.0
-185.0
-192.0
-114.0
-191.0
-150.0
-147.0
-211.0
-116.0
-150.0
-168.0
-112.0
-186.0
-134.0
-105.0
-177.0
-96.0
-126.0
-135.0
-59.0
-142.0
-115.0
-106.0
-175.0
-100.0
-148.0
-143.0
-62.0
-140.0
-92.0
-55.0
-127.0
-53.0
-98.0
-122.0
-53.0
-129.0
-97.0
-81.0
-162.0
-88.0
-125.0
-139.0
-50.0
-126.0
-91.0
-78.0
-144.0
-63.0
-113.0
-131.0
-52.0
-134.0
-92.0
-54.0
-125.0
-38.0
-81.0
-118.0
-33.0
-115.0
-81.0
-55.0
-140.0
-71.0
-124.0
-143.0
-52.0
-110.0
-59.0
-31.0
-104.0
-27.0
-78.0
-115.0
-69.0
-152.0
-99.0
-75.0
-174.0
-93.0
-120.0
-140.0
-62.0
-130.0
-76.0
-45.0
-124.0
-57.0
-93.0
-102.0
-34.0
-114.0
-72.0
-55.0
-137.0
-52.0
-67.0
-90.0
-35.0
-107.0
-60.0
-45.0
-128.0
-43.0
-83.0
-122.0
-38.0
-101.0
-60.0
-30.0
-91.0
-7.0
-49.0
-77.0
-11.0
-99.0
-61.0
-26.0
-91.0
-21.0
-52.0
-75.0
-8.0
-85.0
-67.0
-53.0
-114.0
-25.0
-65.0
-106.0
-26.0
-65.0
-37.0
-20.0
-68.0
-5.0
-50.0
-68.0
1.0
-75.0
-48.0
-36.0
-112.0
-50.0
-71.0
-79.0
-11.0
-72.0
-31.0
-7.0
-72.0
-12.0
-65.0
-89.0
-15.0
-92.0
-53.0
-33.0
-96.0
-10.0
-56.0
-72.0
2.0
-90.0
-51.0
-20.0
-96.0
-20.0
-46.0
-72.0
-22.0
-116.0
-61.0
-5.0
-60.0
15.0
-24.0
-65.0
-8.0
-85.0
-48.0
-15.0
-86.0
-15.0
-54.0
-80.0
-17.0
-100.0
-69.0
-49.0
-119.0
-34.0
-74.0
-105.0
-25.0
-101.0
-62.0
-25.0
-91.0
-34.0
-68.0
-82.0
-17.0
-98.0
-67.0
-43.0
-101.0
-35.0
-77.0
-96.0
-15.0
-99.0
-70.0
-25.0
-93.0
-18.0
-49.0
-87.0
-19.0
-97.0
-77.0
-35.0
-95.0
-7.0
-30.0
-59.0
2.0
-69.0
-46.0
-20.0
-90.0
-14.0
-65.0
-107.0
-23.0
-88.0
-35.0
-4.0
-78.0
-12.0
-43.0
-71.0
5.0
-61.0
-38.0
-23.0
-108.0
-39.0
-58.0
-90.0
-25.0
-105.0
-68.0
-36.0
-80.0
9.0
-30.0
-77.0
-11.0
-77.0
-49.0
-35.0
-114.0
-54.0
-100.0
-122.0
-36.0
-97.0
-58.0
-11.0
-68.0
1.0
-44.0
-82.0
-21.0
-96.0
-57.0
-36.0
-112.0
-32.0
-56.0
-76.0
22.0
-64.0
-59.0
-8.0
-71.0
0.0
-35.0
-65.0
11.0
-70.0
-41.0
-15.0
-92.0
-23.0
-44.0
-75.0
-2.0
-81.0
-42.0
-11.0
-103.0
-32.0
-65.0
-90.0
0.0
-57.0
-56.0
-22.0
-80.0
-3.0
-46.0
-82.0
-12.0
-73.0
-35.0
-25.0
-105.0
-31.0
-68.0
-91.0
-13.0
-96.0
-82.0
-46.0
-109.0
-34.0
-56.0
-80.0
-1.0
-68.0
-34.0
-2.0
-95.0
-29.0
-52.0
-83.0
-34.0
-110.0
-53.0
2.0
-74.0
-11.0
-36.0
-58.0
20.0
-53.0
16.0
91.0
47.0
163.0
184.0
178.0
283.0
272.0
276.0
287.0
254.0
276.0
178.0
121.0
169.0
49.0
56.0
69.0
-37.0
17.0
-27.0
-84.0
-27.0
-114.0
-95.0
-80.0
-167.0
-101.0
-152.0
-185.0
-108.0
-190.0
-171.0
-139.0
-211.0
-135.0
-172.0
-215.0
-143.0
-212.0
-190.0
-150.0
-205.0
-133.0
-171.0
-207.0
-134.0
-190.0
-146.0
-103.0
-189.0
-129.0
-145.0
-190.0
-125.0
-175.0
-140.0
-110.0
-172.0
-98.0
-136.0
-164.0
-82.0
-156.0
-131.0
-92.0
-178.0
-105.0
-107.0
-146.0
-66.0
-120.0
-96.0
-75.0
-174.0
-110.0
-108.0
-145.0
-76.0
-151.0
-136.0
-102.0
-167.0
-94.0
-118.0
-146.0
-66.0
-121.0
-86.0
-65.0
-139.0
-49.0
-72.0
-113.0
-25.0
-81.0
-77.0
-50.0
-138.0
-90.0
-112.0
-128.0
-49.0
-125.0
-102.0
-52.0
-121.0
-39.0
-60.0
-107.0
-45.0
-118.0
-92.0
-65.0
-152.0
-85.0
-91.0
-123.0
-39.0
-80.0
-48.0
-30.0
-113.0
-45.0
-82.0
-140.0
-68.0
-129.0
-109.0
-83.0
-143.0
-69.0
-91.0
-107.0
-31.0
-107.0
-79.0
-27.0
-91.0
-16.0
-32.0
-74.0
-12.0
-81.0
-73.0
-49.0
-126.0
-60.0
-80.0
-104.0
-22.0
-112.0
-99.0
-35.0
-105.0
-26.0
-53.0
-111.0
-27.0
-72.0
-51.0
-28.0
-100.0
-6.0
-32.0
-99.0
-44.0
-121.0
-100.0
-54.0
-125.0
-42.0
-61.0
-108.0
-21.0
-79.0
-69.0
-27.0
-101.0
-44.0
-73.0
-111.0
-30.0
-92.0
-77.0
-49.0
-121.0
-35.0
-43.0
-88.0
-15.0
-85.0
-55.0
-2.0
-81.0
-21.0
-48.0
-98.0
-20.0
-81.0
-68.0
-32.0
-120.0
-54.0
-59.0
-79.0
-7.0
-92.0
-72.0
-14.0
-88.0
-32.0
-49.0
-96.0
-24.0
-78.0
-56.0
-18.0
-112.0
-46.0
-62.0
-102.0
-39.0
-95.0
-39.0
-10.0
-105.0
-24.0
-18.0
-46.0
20.0
-70.0
-67.0
-28.0
-118.0
-52.0
-62.0
-107.0
-24.0
-85.0
-60.0
-17.0
-89.0
1.0
-25.0
-84.0
-23.0
-87.0
-68.0
-37.0
-114.0
-36.0
-55.0
-106.0
-40.0
-103.0
-77.0
-21.0
-72.0
20.0
4.0
-53.0
-3.0
-92.0
-70.0
-46.0
-145.0
-78.0
-87.0
-103.0
-23.0
-77.0
-23.0
30.0
-46.0
16.0
-36.0
-87.0
3.0
-77.0
-64.0
-17.0
-102.0
-31.0
-41.0
-86.0
8.0
-56.0
-41.0
12.0
-62.0
-11.0
-34.0
-65.0
14.0
-64.0
-56.0
13.0
-54.0
-5.0
-38.0
-86.0
12.0
-52.0
-59.0
-23.0
-90.0
-18.0
-21.0
-54.0
12.0
-69.0
-45.0
13.0
-77.0
-33.0
-53.0
-79.0
-2.0
-83.0
-78.0
-36.0
-99.0
-26.0
-49.0
-85.0
7.0
-60.0
-45.0
1.0
-80.0
13.0
-6.0
-62.0
24.0
-60.0
-66.0
-30.0
-89.0
-18.0
-51.0
-90.0
15.0
-54.0
-55.0
-11.0
-80.0
-5.0
-22.0
-78.0
11.0
-39.0
-31.0
3.0
-76.0
-3.0
-20.0
-68.0
2.0
-78.0
-73.0
-41.0
-115.0
-33.0
-38.0
-78.0
-3.0
-77.0
-63.0
-6.0
-91.0
-25.0
-36.0
-80.0
24.0
-13.0
-2.0
77.0
38.0
139.0
162.0
170.0
289.0
292.0
283.0
299.0
276.0
290.0
257.0
228.0
254.0
125.0
114.0
137.0
14.0
53.0
18.0
-63.0
5.0
-55.0
-49.0
-29.0
-137.0
-98.0
-130.0
-187.0
-116.0
-190.0
-192.0
-149.0
-240.0
-196.0
-199.0
-243.0
-165.0
-213.0
-200.0
-155.0
-233.0
-174.0
-186.0
-248.0
-177.0
-224.0
-213.0
-174.0
-245.0
-184.0
-183.0
-218.0
-147.0
-210.0
-192.0
-138.0
-209.0
-136.0
-151.0
-197.0
-103.0
-155.0
-149.0
-111.0
-195.0
-151.0
-170.0
-204.0
-109.0
-161.0
-150.0
-93.0
-165.0
-110.0
-107.0
-149.0
-80.0
-148.0
-129.0
-74.0
-159.0
-106.0
-116.0
-162.0
-93.0
-157.0
-147.0
-91.0
-167.0
-105.0
-119.0
-155.0
-68.0
-139.0
-148.0
-78.0
-134.0
-98.0
-128.0
-160.0
-64.0
-147.0
-145.0
-92.0
-151.0
-81.0
-89.0
-131.0
-46.0
-115.0
-119.0
-67.0
-148.0
-82.0
-81.0
-131.0
-51.0
-93.0
-56.0
-1.0
-83.0
-59.0
-78.0
-117.0
-45.0
-130.0
-122.0
-73.0
-155.0
-91.0
-103.0
-148.0
-57.0
-100.0
-87.0
-45.0
-128.0
-59.0
-71.0
-133.0
-64.0
-134.0
-115.0
-75.0
-165.0
-100.0
-100.0
-131.0
-40.0
-109.0
-96.0
-33.0
-109.0
-54.0
-69.0
-120.0
-36.0
-94.0
-80.0
-38.0
-121.0
-55.0
-56.0
-113.0
-44.0
-100.0
-82.0
-32.0
-122.0
-61.0
-70.0
-127.0
-41.0
-113.0
-113.0
-55.0
-139.0
-55.0
-46.0
-96.0
-1.0
-52.0
-63.0
1.0
-82.0
-46.0
-65.0
-117.0
-35.0
-116.0
-131.0
-74.0
-147.0
-88.0
-91.0
-138.0
-41.0
-82.0
-77.0
-32.0
-129.0
-67.0
-63.0
-144.0
-75.0
-109.0
-97.0
-57.0
-147.0
-87.0
-86.0
-125.0
-40.0
-101.0
-92.0
-16.0
-97.0
-67.0
-77.0
-124.0
-47.0
-110.0
-88.0
-30.0
-125.0
-62.0
-60.0
-120.0
-45.0
-109.0
-110.0
-40.0
-110.0
-37.0
-53.0
-111.0
-11.0
-77.0
-78.0
-29.0
-94.0
-31.0
-64.0
-141.0
-39.0
-83.0
-90.0
-33.0
-109.0
-63.0
-56.0
-93.0
-3.0
-64.0
-73.0
-20.0
-112.0
-79.0
-76.0
-126.0
-32.0
-91.0
-97.0
-39.0
-115.0
-60.0
-52.0
-93.0
-18.0
-89.0
-92.0
-41.0
-135.0
-121.0
-132.0
-145.0
-53.0
-109.0
-116.0
-61.0
-124.0
-53.0
-52.0
-114.0
-46.0
-116.0
-116.0
-71.0
-142.0
-63.0
-69.0
-127.0
-49.0
-93.0
-68.0
-10.0
-92.0
-41.0
-59.0
-116.0
-39.0
-99.0
-88.0
-33.0
-124.0
-74.0
-84.0
-142.0
-50.0
-78.0
-60.0
-4.0
-91.0
-28.0
-32.0
-111.0
-31.0
-86.0
-100.0
-50.0
-122.0
-66.0
-71.0
-111.0
-31.0
-106.0
-92.0
-22.0
-121.0
-60.0
-54.0
-119.0
-52.0
-110.0
-120.0
-67.0
-131.0
-61.0
-54.0
-99.0
-14.0
-79.0
-91.0
-22.0
-115.0
-81.0
-67.0
-105.0
-30.0
-96.0
-109.0
-59.0
-119.0
-59.0
-55.0
-100.0
-24.0
-87.0
-86.0
-20.0
-97.0
-39.0
-45.0
-105.0
-29.0
-85.0
-81.0
-27.0
-109.0
-49.0
-68.0
-133.0
-32.0
-80.0
-88.0
-19.0
-91.0
-43.0
-55.0
-106.0
-19.0
-73.0
-84.0
-30.0
-112.0
-53.0
-55.0
-117.0
-31.0
-84.0
-82.0
-27.0
-103.0
-38.0
-44.0
-110.0
-33.0
-96.0
-103.0
-44.0
-127.0
-76.0
-56.0
-102.0
-8.0
-56.0
-75.0
-24.0
-98.0
-42.0
-43.0
-105.0
-18.0
-91.0
-117.0
-63.0
-138.0
-69.0
-56.0
-108.0
-31.0
-82.0
-76.0
-17.0
-106.0
-69.0
-61.0
-92.0
-7.0
-87.0
-99.0
-14.0
-96.0
-65.0
-52.0
-98.0
-21.0
-78.0
-96.0
-45.0
-109.0
-53.0
-50.0
-99.0
-23.0
-78.0
-76.0
-23.0
-106.0
-55.0
-61.0
-122.0
-23.0
-70.0
-67.0
16.0
-50.0
34.0
43.0
-8.0
111.0
74.0
91.0
193.0
159.0
232.0
270.0
244.0
288.0
253.0
251.0
257.0
131.0
160.0
133.0
22.0
56.0
-33.0
-62.0
-14.0
-98.0
-58.0
-70.0
-140.0
-75.0
-145.0
-159.0
-115.0
-203.0
-138.0
-134.0
-204.0
-131.0
-179.0
-175.0
-114.0
-205.0
-149.0
-140.0
-205.0
-115.0
-148.0
-154.0
-97.0
-178.0
-136.0
-108.0
-151.0
-76.0
-125.0
-152.0
-111.0
-191.0
-134.0
-117.0
-166.0
-83.0
-123.0
-126.0
-63.0
-145.0
-106.0
-98.0
-146.0
-67.0
-130.0
-140.0
-81.0
-151.0
-92.0
-87.0
-158.0
-82.0
-118.0
-118.0
-53.0
-129.0
-77.0
-79.0
-145.0
-71.0
-138.0
-146.0
-74.0
-165.0
-107.0
-71.0
-132.0
-63.0
-121.0
-120.0
-60.0
-159.0
-108.0
-99.0
-147.0
-61.0
-101.0
-104.0
-44.0
-128.0
-72.0
-55.0
-121.0
-43.0
-75.0
-88.0
-40.0
-119.0
-60.0
-56.0
-115.0
-37.0
-81.0
-78.0
-30.0
-122.0
-71.0
-60.0
-118.0
-37.0
-99.0
-101.0
-30.0
-111.0
-68.0
-56.0
-114.0
-37.0
-73.0
-71.0
-7.0
-101.0
-79.0
-67.0
-114.0
-27.0
-90.0
-106.0
-46.0
-130.0
-87.0
-73.0
-131.0
-36.0
-73.0
-80.0
-18.0
-101.0
-72.0
-90.0
-149.0
-43.0
-73.0
-100.0
-64.0
-134.0
-78.0
-71.0
-130.0
-50.0
-87.0
-91.0
-31.0
-102.0
-44.0
-42.0
-108.0
-36.0
-96.0
-111.0
-30.0
-99.0
-44.0
-40.0
-114.0
-38.0
-60.0
-71.0
-18.0
-98.0
-58.0
-51.0
-121.0
-44.0
-104.0
-119.0
-40.0
-108.0
-47.0
-31.0
-108.0
-39.0
-87.0
-91.0
-27.0
-117.0
-73.0
-61.0
-134.0
-66.0
-127.0
-144.0
-65.0
-133.0
-61.0
-52.0
-129.0
-48.0
-92.0
-90.0
-24.0
-112.0
-64.0
-48.0
-120.0
-41.0
-111.0
-133.0
-60.0
-142.0
-91.0
-55.0
-107.0
-29.0
-96.0
-108.0
-31.0
-122.0
-80.0
-51.0
-109.0
-39.0
-84.0
-91.0
-11.0
-89.0
-56.0
-41.0
-101.0
-20.0
-59.0
-69.0
-6.0
-101.0
-49.0
-20.0
-107.0
-40.0
-63.0
-60.0
-1.0
-107.0
-60.0
-28.0
-87.0
-7.0
-59.0
-63.0
11.0
-73.0
-45.0
-23.0
-91.0
-19.0
-60.0
-75.0
-17.0
-88.0
-41.0
-27.0
-92.0
-10.0
-68.0
-96.0
-35.0
-87.0
-11.0
1.0
-83.0
-3.0
-68.0
-91.0
-20.0
-100.0
-66.0
-42.0
-103.0
-16.0
-51.0
-82.0
-23.0
-93.0
-54.0
-44.0
-108.0
-14.0
-50.0
-74.0
4.0
-75.0
-51.0
-33.0
-96.0
-25.0
-73.0
-92.0
-14.0
-98.0
-66.0
-37.0
-98.0
-18.0
-55.0
-68.0
-17.0
-109.0
-49.0
-29.0
-115.0
-40.0
-73.0
-85.0
-26.0
-108.0
-60.0
-44.0
-106.0
-29.0
-81.0
-100.0
-35.0
-126.0
-94.0
-67.0
-127.0
-35.0
-70.0
-84.0
-5.0
-78.0
-46.0
-32.0
-100.0
-13.0
-61.0
-93.0
-12.0
-88.0
-62.0
-41.0
-109.0
-28.0
-61.0
-85.0
-23.0
-95.0
-41.0
-37.0
-108.0
-12.0
-62.0
-93.0
-22.0
-96.0
-40.0
-16.0
-106.0
-18.0
-54.0
-69.0
-3.0
-91.0
-48.0
-25.0
-108.0
-36.0
-90.0
-111.0
-38.0
-122.0
-85.0
-55.0
-95.0
-12.0
-52.0
-74.0
5.0
-86.0
-62.0
-41.0
-107.0
-39.0
-68.0
-72.0
-7.0
-86.0
-48.0
-29.0
-102.0
-4.0
-29.0
-69.0
-14.0
-88.0
-45.0
-33.0
-104.0
-17.0
-64.0
-85.0
4.0
-71.0
-56.0
-53.0
-128.0
-13.0
-22.0
-63.0
-11.0
-88.0
-50.0
-18.0
-93.0
-18.0
-63.0
-100.0
-29.0
-86.0
-43.0
-36.0
-101.0
-32.0
-63.0
-82.0
-1.0
-70.0
-44.0
-26.0
-86.0
0.0
-50.0
-78.0
-9.0
-93.0
-42.0
-1.0
-69.0
-3.0
-43.0
-57.0
11.0
-72.0
-37.0
-27.0
-100.0
-13.0
-65.0
-124.0
-42.0
-98.0
-48.0
-21.0
-97.0
-29.0
-52.0
-59.0
8.0
-68.0
-26.0
-14.0
-82.0
5.0
-54.0
-85.0
-7.0
-86.0
-58.0
-43.0
-108.0
-29.0
-61.0
-82.0
-2.0
-56.0
-2.0
16.0
-63.0
26.0
3.0
-28.0
50.0
-33.0
20.0
81.0
56.0
167.0
157.0
157.0
251.0
203.0
240.0
267.0
202.0
248.0
189.0
163.0
211.0
107.0
124.0
118.0
25.0
100.0
48.0
-7.0
38.0
-58.0
-34.0
-21.0
-107.0
-46.0
-91.0
-120.0
-36.0
-112.0
-94.0
-73.0
-159.0
-90.0
-136.0
-180.0
-117.0
-213.0
-193.0
-146.0
-203.0
-122.0
-146.0
-164.0
-71.0
-136.0
-105.0
-82.0
-167.0
-88.0
-98.0
-118.0
-56.0
-132.0
-99.0
-83.0
-165.0
-90.0
-137.0
-178.0
-100.0
-158.0
-124.0
-117.0
-189.0
-99.0
-122.0
-150.0
-77.0
-134.0
-98.0
-68.0
-144.0
-62.0
-87.0
-128.0
-55.0
-128.0
-96.0
-68.0
-146.0
-64.0
-84.0
-111.0
-45.0
-125.0
-78.0
-52.0
-135.0
-60.0
-83.0
-111.0
-42.0
-125.0
-93.0
-48.0
-118.0
-42.0
-76.0
-101.0
-8.0
-99.0
-77.0
-44.0
-118.0
-34.0
-51.0
-103.0
-40.0
-85.0
-44.0
-16.0
-112.0
-39.0
-53.0
-98.0
-36.0
-97.0
-68.0
-47.0
-124.0
-39.0
-51.0
-88.0
-22.0
-93.0
-61.0
-20.0
-102.0
-43.0
-72.0
-106.0
-37.0
-99.0
-55.0
-11.0
-72.0
8.0
-43.0
-107.0
-32.0
-95.0
-51.0
-27.0
-104.0
-21.0
-35.0
-64.0
6.0
-65.0
-46.0
-22.0
-75.0
24.0
-23.0
-86.0
-15.0
-90.0
-69.0
-41.0
-110.0
-21.0
-40.0
-69.0
-2.0
-72.0
-39.0
-2.0
-92.0
-23.0
-54.0
-90.0
-20.0
-109.0
-76.0
-35.0
-113.0
-40.0
-60.0
-87.0
-9.0
-74.0
-59.0
-32.0
-97.0
-11.0
-48.0
-103.0
-38.0
-102.0
-72.0
-30.0
-102.0
-18.0
-45.0
-95.0
-21.0
-84.0
-68.0
-27.0
-92.0
-19.0
-46.0
-84.0
-29.0
-103.0
-77.0
-35.0
-96.0
-29.0
-71.0
-99.0
-17.0
-100.0
-64.0
-23.0
-98.0
-43.0
-61.0
-70.0
0.0
-91.0
-72.0
-18.0
-90.0
-27.0
-41.0
-72.0
-4.0
-60.0
-37.0
-8.0
-68.0
-4.0
-43.0
-81.0
-2.0
-78.0
-65.0
-43.0
-130.0
-43.0
-46.0
-71.0
23.0
-42.0
-25.0
-2.0
-82.0
-8.0
-40.0
-67.0
12.0
-68.0
-34.0
2.0
-92.0
-16.0
-36.0
-87.0
4.0
-62.0
-43.0
-4.0
-82.0
-22.0
-47.0
-79.0
-15.0
-77.0
-48.0
-3.0
-78.0
-7.0
-29.0
-52.0
23.0
-60.0
-40.0
14.0
-78.0
-27.0
-44.0
-70.0
16.0
-45.0
-26.0
24.0
-58.0
2.0
-25.0
-84.0
-14.0
-91.0
-66.0
-16.0
-86.0
-20.0
-33.0
-56.0
21.0
-49.0
-17.0
18.0
-54.0
20.0
-12.0
-66.0
-10.0
-101.0
-76.0
-33.0
-111.0
-42.0
-47.0
-91.0
-13.0
-56.0
-17.0
2.0
-97.0
-14.0
-32.0
-95.0
-18.0
-87.0
-72.0
-29.0
-101.0
-4.0
-20.0
-77.0
4.0
-61.0
-34.0
-8.0
-100.0
-26.0
-48.0
-106.0
-13.0
-44.0
-22.0
42.0
22.0
136.0
137.0
142.0
260.0
211.0
219.0
282.0
222.0
236.0
256.0
209.0
224.0
148.0
135.0
130.0
24.0
76.0
27.0
-54.0
-6.0
-91.0
-95.0
-60.0
-134.0
-67.0
-79.0
-127.0
-48.0
-127.0
-134.0
-103.0
-186.0
-119.0
-133.0
-194.0
-128.0
-196.0
-174.0
-128.0
-204.0
-130.0
-124.0
-162.0
-74.0
-133.0
-108.0
-51.0
-144.0
-84.0
-87.0
-137.0
-82.0
-163.0
-143.0
-103.0
-178.0
-92.0
-96.0
-115.0
-27.0
-100.0
-106.0
-66.0
-145.0
-86.0
-101.0
-139.0
-73.0
-138.0
-120.0
-55.0
-128.0
-55.0
-67.0
-127.0
-41.0
-88.0
-76.0
-52.0
-125.0
-52.0
-73.0
-126.0
-43.0
-100.0
-69.0
-23.0
-84.0
3.0
-20.0
-86.0
-7.0
-69.0
-78.0
-33.0
-110.0
-30.0
-45.0
-88.0
-2.0
-70.0
-55.0
3.0
-52.0
22.0
6.0
-58.0
1.0
-86.0
-83.0
-50.0
-145.0
-59.0
-58.0
-112.0
-25.0
-74.0
-67.0
-9.0
-62.0
1.0
-34.0
-88.0
4.0
-71.0
-76.0
-35.0
-114.0
-48.0
-48.0
-88.0
-11.0
-76.0
-60.0
-4.0
-89.0
-34.0
-40.0
-83.0
5.0
-72.0
-65.0
-14.0
-95.0
-24.0
-28.0
-89.0
-8.0
-71.0
-78.0
-39.0
-99.0
-25.0
-53.0
-105.0
-23.0
-84.0
-88.0
-23.0
-81.0
-17.0
-31.0
-86.0
-15.0
-80.0
-69.0
-29.0
-110.0
-57.0
-62.0
-92.0
-5.0
-81.0
-57.0
-5.0
-87.0
-40.0
-63.0
-110.0
-27.0
-99.0
-95.0
-53.0
-136.0
-59.0
-58.0
-95.0
-2.0
-56.0
-26.0
56.0
-7.0
34.0
-21.0
-97.0
-25.0
-91.0
-83.0
-31.0
-96.0
-36.0
-43.0
-91.0
-12.0
-76.0
-68.0
-15.0
-102.0
-25.0
-20.0
-67.0
22.0
-32.0
-35.0
17.0
-65.0
-8.0
-24.0
-92.0
-7.0
-53.0
-61.0
-23.0
-91.0
-29.0
-48.0
-82.0
14.0
-33.0
-25.0
24.0
-52.0
4.0
-22.0
-86.0
-1.0
-63.0
-66.0
-8.0
-80.0
-30.0
-28.0
-68.0
15.0
-59.0
-66.0
15.0
-47.0
22.0
19.0
-23.0
52.0
-18.0
-13.0
35.0
-48.0
-1.0
-5.0
-64.0
16.0
-34.0
-26.0
27.0
-45.0
15.0
4.0
-44.0
26.0
-50.0
-58.0
-6.0
-72.0
-17.0
-15.0
-58.0
18.0
-36.0
-26.0
45.0
-10.0
31.0
-2.0
-54.0
18.0
-47.0
-37.0
1.0
-88.0
-21.0
-21.0
-68.0
15.0
-38.0
-25.0
40.0
-37.0
2.0
-2.0
-56.0
26.0
-11.0
-3.0
37.0
-54.0
4.0
12.0
-44.0
41.0
-14.0
-15.0
30.0
-52.0
9.0
-9.0
-46.0
45.0
-34.0
-33.0
41.0
-33.0
25.0
27.0
-43.0
30.0
-25.0
-26.0
51.0
-24.0
-9.0
-14.0
-54.0
31.0
-20.0
-15.0
33.0
-31.0
35.0
28.0
-45.0
44.0
-3.0
-24.0
18.0
-61.0
-23.0
-43.0
-110.0
-8.0
-40.0
-43.0
46.0
-10.0
43.0
40.0
14.0
105.0
24.0
-3.0
35.0
-68.0
-35.0
-53.0
-121.0
-49.0
-105.0
-96.0
-13.0
-83.0
-7.0
25.0
-23.0
45.0
-22.0
-19.0
45.0
-45.0
1.0
3.0
-61.0
-4.0
-56.0
-40.0
33.0
-60.0
-6.0
10.0
-64.0
2.0
-57.0
-65.0
-7.0
-80.0
-22.0
-23.0
-97.0
-21.0
-73.0
-84.0
-4.0
-62.0
-13.0
-15.0
-65.0
22.0
-27.0
-10.0
58.0
-40.0
4.0
-1.0
-64.0
7.0
-68.0
-80.0
-17.0
-90.0
-29.0
-34.0
-100.0
-14.0
-52.0
-50.0
6.0
-82.0
-33.0
-23.0
-79.0
5.0
-36.0
-53.0
-14.0
-88.0
-26.0
-24.0
-89.0
-9.0
-49.0
-40.0
24.0
-48.0
-5.0
-14.0
-87.0
6.0
-5.0
-10.0
39.0
-45.0
1.0
1.0
-69.0
14.0
-34.0
-39.0
25.0
-49.0
13.0
24.0
-53.0
22.0
-18.0
-24.0
35.0
-32.0
11.0
-8.0
-59.0
39.0
-23.0
-48.0
6.0
-61.0
2.0
16.0
-49.0
29.0
-17.0
-27.0
23.0
-38.0
35.0
46.0
-17.0
55.0
11.0
-7.0
64.0
34.0
116.0
152.0
102.0
194.0
169.0
197.0
269.0
213.0
256.0
268.0
215.0
267.0
198.0
178.0
223.0
102.0
130.0
117.0
16.0
83.0
29.0
-3.0
46.0
-42.0
-4.0
-10.0
-72.0
3.0
-60.0
-90.0
-42.0
-130.0
-90.0
-74.0
-135.0
-73.0
-119.0
-115.0
-56.0
-139.0
-101.0
-92.0
-156.0
-92.0
-159.0
-162.0
-94.0
-191.0
-144.0
-117.0
-159.0
-58.0
-102.0
-130.0
-60.0
-127.0
-76.0
-73.0
-139.0
-61.0
-109.0
-114.0
-51.0
-124.0
-70.0
-55.0
-117.0
-30.0
-68.0
-97.0
-36.0
-106.0
-48.0
-35.0
-106.0
-11.0
-56.0
-67.0
-2.0
-91.0
-40.0
-27.0
-108.0
-35.0
-70.0
-83.0
-24.0
-107.0
-52.0
-37.0
-106.0
-33.0
-78.0
-87.0
-30.0
-119.0
-70.0
-45.0
-111.0
-19.0
-51.0
-84.0
-24.0
-87.0
-46.0
-31.0
-90.0
-4.0
-56.0
-77.0
14.0
-67.0
-43.0
-29.0
-78.0
-1.0
-48.0
-67.0
6.0
-70.0
-36.0
-31.0
-108.0
-24.0
-58.0
-64.0
-8.0
-105.0
-58.0
-22.0
-83.0
2.0
-57.0
-83.0
-21.0
-93.0
-26.0
3.0
-76.0
3.0
-41.0
-60.0
1.0
-84.0
-30.0
-10.0
-86.0
-5.0
-42.0
-71.0
-3.0
-53.0
12.0
23.0
-51.0
22.0
-21.0
-46.0
5.0
-84.0
-44.0
-23.0
-95.0
-12.0
-46.0
-48.0
30.0
-49.0
-3.0
22.0
-43.0
27.0
-31.0
-56.0
17.0
-67.0
-32.0
-10.0
-89.0
-6.0
-22.0
-40.0
11.0
-62.0
-15.0
6.0
-61.0
29.0
-11.0
-50.0
22.0
-46.0
-24.0
-8.0
-84.0
-13.0
-39.0
-46.0
43.0
-32.0
0.0
25.0
-43.0
24.0
-28.0
-74.0
-24.0
-110.0
-74.0
-32.0
-101.0
-13.0
-24.0
-37.0
35.0
-20.0
28.0
43.0
-47.0
15.0
-35.0
-77.0
-24.0
-94.0
-42.0
-28.0
-146.0
-12.0
3.0
-24.0
35.0
-37.0
-3.0
8.0
-66.0
13.0
-36.0
-78.0
-22.0
-94.0
-54.0
-34.0
-96.0
-8.0
-20.0
-42.0
9.0
-68.0
-28.0
-4.0
-78.0
-4.0
-48.0
-76.0
-10.0
-90.0
-64.0
-52.0
-138.0
-50.0
-55.0
-55.0
26.0
-50.0
-7.0
1.0
-87.0
30.0
-5.0
-40.0
25.0
-67.0
-32.0
-12.0
-102.0
-43.0
-55.0
-54.0
21.0
-55.0
-18.0
-2.0
-70.0
12.0
-35.0
-59.0
35.0
-31.0
-6.0
22.0
-64.0
1.0
-37.0
-73.0
7.0
-60.0
-27.0
-1.0
-74.0
12.0
-20.0
-50.0
32.0
-20.0
54.0
125.0
94.0
212.0
183.0
162.0
263.0
211.0
236.0
289.0
237.0
262.0
207.0
186.0
252.0
145.0
158.0
164.0
25.0
23.0
26.0
8.0
35.0
-27.0
-42.0
-40.0
-45.0
32.0
-27.0
-79.0
-31.0
-112.0
-89.0
-86.0
-173.0
-103.0
-156.0
-163.0
-60.0
-145.0
-112.0
-90.0
-182.0
-132.0
-154.0
-161.0
-82.0
-145.0
-101.0
-72.0
-159.0
-85.0
-99.0
-142.0
-78.0
-138.0
-124.0
-107.0
-139.0
-69.0
-104.0
-132.0
-64.0
-146.0
-119.0
-80.0
-152.0
-73.0
-99.0
-124.0
-50.0
-121.0
-96.0
-67.0
-136.0
-66.0
-98.0
-102.0
-18.0
-98.0
-69.0
-43.0
-126.0
-68.0
-104.0
-130.0
-62.0
-114.0
-72.0
-39.0
-124.0
-48.0
-59.0
-88.0
-41.0
-124.0
-84.0
-32.0
-92.0
-27.0
-65.0
-89.0
-2.0
-68.0
-61.0
-43.0
-120.0
-55.0
-102.0
-150.0
-27.0
-89.0
-63.0
-3.0
-72.0
-17.0
-43.0
-69.0
9.0
-71.0
-48.0
-16.0
-99.0
-30.0
-52.0
-73.0
1.0
-81.0
-50.0
-18.0
-93.0
-19.0
-45.0
-88.0
-17.0
-96.0
-47.0
-4.0
-98.0
-76.0
-48.0
-65.0
-3.0
-73.0
-51.0
-18.0
-85.0
-25.0
-53.0
-81.0
1.0
-76.0
-51.0
-7.0
-94.0
-29.0
-41.0
-73.0
-20.0
-97.0
-64.0
-17.0
-98.0
-33.0
-52.0
-75.0
-2.0
-90.0
-72.0
-18.0
-88.0
-27.0
-45.0
-79.0
-16.0
-86.0
-45.0
-7.0
-85.0
-16.0
-54.0
-104.0
-33.0
-102.0
-74.0
-24.0
-101.0
-37.0
-44.0
-58.0
37.0
-33.0
-25.0
8.0
-79.0
-37.0
-86.0
-125.0
-15.0
-74.0
-51.0
-4.0
-71.0
-15.0
-45.0
-74.0
8.0
-63.0
-36.0
17.0
-67.0
-14.0
-35.0
-84.0
-10.0
-82.0
-75.0
-30.0
-107.0
-42.0
-49.0
-94.0
-21.0
-80.0
-45.0
1.0
-67.0
0.0
-41.0
-83.0
19.0
-80.0
-76.0
-18.0
-95.0
-35.0
-64.0
-107.0
-16.0
-78.0
-58.0
-1.0
-91.0
-36.0
-42.0
-80.0
-6.0
-71.0
-52.0
-5.0
-76.0
-17.0
-74.0
-125.0
-14.0
-73.0
-61.0
-4.0
-69.0
-2.0
-12.0
-47.0
40.0
-29.0
-12.0
10.0
-94.0
-23.0
-23.0
-62.0
4.0
-62.0
-34.0
7.0
-64.0
21.0
2.0
-25.0
47.0
-29.0
3.0
45.0
-61.0
-16.0
-36.0
-80.0
-6.0
-64.0
-48.0
-3.0
-93.0
-24.0
-40.0
-78.0
8.0
-57.0
-36.0
5.0
-81.0
-16.0
-31.0
-73.0
6.0
-56.0
-53.0
-13.0
-84.0
-24.0
-39.0
-97.0
-28.0
-96.0
-61.0
-7.0
-106.0
-53.0
-46.0
-76.0
0.0
-82.0
-81.0
-25.0
-94.0
-16.0
-37.0
-107.0
-44.0
-111.0
-74.0
-21.0
-96.0
-12.0
-20.0
-63.0
36.0
-31.0
-29.0
24.0
-63.0
-1.0
-24.0
-64.0
14.0
-76.0
-71.0
-11.0
-89.0
-16.0
-29.0
-76.0
4.0
-56.0
-35.0
14.0
-62.0
-1.0
-6.0
-61.0
24.0
-35.0
-25.0
33.0
-70.0
-34.0
-40.0
-76.0
-3.0
-79.0
-78.0
-8.0
-67.0
-15.0
-35.0
-100.0
-7.0
-52.0
-42.0
4.0
-79.0
8.0
-8.0
-77.0
4.0
-49.0
-48.0
-12.0
-92.0
-43.0
-44.0
-90.0
-2.0
-56.0
-49.0
-13.0
-97.0
-29.0
-40.0
-83.0
13.0
-54.0
-58.0
15.0
-55.0
1.0
3.0
-49.0
-1.0
-87.0
-61.0
-5.0
-73.0
-4.0
-18.0
-78.0
7.0
-45.0
-13.0
41.0
-39.0
50.0
80.0
26.0
112.0
77.0
110.0
206.0
164.0
228.0
254.0
215.0
279.0
248.0
241.0
249.0
174.0
240.0
219.0
139.0
186.0
93.0
76.0
98.0
-8.0
28.0
-2.0
-85.0
-31.0
-115.0
-133.0
-77.0
-162.0
-115.0
-121.0
-180.0
-110.0
-168.0
-147.0
-67.0
-149.0
-98.0
-102.0
-174.0
-128.0
-184.0
-160.0
-116.0
-184.0
-131.0
-147.0
-195.0
-120.0
-169.0
-143.0
-90.0
-171.0
-101.0
-97.0
-154.0
-81.0
-126.0
-117.0
-72.0
-165.0
-105.0
-103.0
-150.0
-55.0
-106.0
-117.0
-67.0
-134.0
-50.0
-33.0
-90.0
-17.0
-91.0
-110.0
-63.0
-130.0
-59.0
-56.0
-112.0
-35.0
-81.0
-76.0
-18.0
-92.0
-14.0
-15.0
-77.0
-5.0
-64.0
-65.0
-29.0
-92.0
-33.0
-44.0
-87.0
-14.0
-89.0
-102.0
-44.0
-112.0
-42.0
-36.0
-100.0
-21.0
-69.0
-68.0
-19.0
-99.0
-40.0
-43.0
-90.0
2.0
-46.0
-46.0
7.0
-80.0
-30.0
-48.0
-111.0
-29.0
-68.0
-58.0
-27.0
-124.0
-44.0
-40.0
-111.0
-34.0
-71.0
-61.0
7.0
-70.0
-37.0
-42.0
-103.0
-30.0
-100.0
-116.0
-41.0
-112.0
-51.0
-43.0
-108.0
-31.0
-77.0
-61.0
25.0
-60.0
-12.0
-22.0
-117.0
-54.0
-97.0
-97.0
-45.0
-95.0
-30.0
-39.0
-107.0
14.0
-2.0
-27.0
11.0
-69.0
-18.0
-13.0
-75.0
3.0
-58.0
-81.0
-30.0
-103.0
-48.0
-31.0
-81.0
2.0
-62.0
-75.0
-22.0
-82.0
-17.0
6.0
-42.0
44.0
-25.0
-55.0
24.0
-45.0
-15.0
-31.0
-86.0
-10.0
-81.0
-56.0
29.0
-70.0
-25.0
-5.0
-55.0
18.0
-37.0
-53.0
-5.0
-87.0
-33.0
-42.0
-116.0
-30.0
-74.0
-70.0
8.0
-55.0
7.0
-8.0
-77.0
18.0
-17.0
-27.0
18.0
-63.0
-17.0
-11.0
-93.0
-22.0
-63.0
-69.0
-6.0
-79.0
-21.0
-6.0
-70.0
12.0
-43.0
-47.0
18.0
-65.0
-19.0
-16.0
-68.0
8.0
-48.0
-53.0
-4.0
-88.0
-26.0
-16.0
-84.0
3.0
-23.0
-33.0
7.0
-95.0
-41.0
-23.0
-97.0
-26.0
-64.0
-49.0
23.0
-54.0
-14.0
-13.0
-78.0
-4.0
-63.0
-76.0
-21.0
-99.0
-50.0
-34.0
-86.0
10.0
-35.0
-46.0
12.0
-74.0
-30.0
-22.0
-95.0
1.0
-38.0
-52.0
8.0
-81.0
-22.0
-5.0
-76.0
8.0
-50.0
-77.0
-5.0
-82.0
-38.0
-26.0
-96.0
-7.0
-60.0
-79.0
12.0
-64.0
-30.0
-15.0
-82.0
-15.0
-60.0
-56.0
39.0
-20.0
-4.0
-6.0
-74.0
21.0
-17.0
-41.0
45.0
-31.0
-1.0
18.0
-23.0
74.0
64.0
93.0
175.0
129.0
201.0
214.0
152.0
245.0
223.0
209.0
275.0
222.0
243.0
231.0
156.0
209.0
140.0
97.0
146.0
71.0
98.0
98.0
8.0
50.0
-32.0
-65.0
-20.0
-119.0
-85.0
-69.0
-133.0
-61.0
-107.0
-130.0
-62.0
-133.0
-91.0
-75.0
-179.0
-119.0
-168.0
-202.0
-135.0
-217.0
-191.0
-168.0
-215.0
-122.0
-158.0
-184.0
-101.0
-161.0
-118.0
-85.0
-156.0
-79.0
-111.0
-127.0
-79.0
-166.0
-118.0
-95.0
-178.0
-106.0
-148.0
-168.0
-73.0
-152.0
-111.0
-81.0
-155.0
-85.0
-133.0
-156.0
-78.0
-142.0
-97.0
-83.0
-152.0
-81.0
-115.0
-131.0
-66.0
-142.0
-101.0
-86.0
-149.0
-68.0
-88.0
-100.0
-41.0
-94.0
-34.0
-34.0
-112.0
-37.0
-102.0
-125.0
-36.0
-110.0
-95.0
-64.0
-119.0
-48.0
-86.0
-95.0
-23.0
-100.0
-56.0
-18.0
-90.0
-22.0
-53.0
-87.0
-17.0
-89.0
-61.0
-43.0
-116.0
-37.0
-74.0
-111.0
-50.0
-106.0
-26.0
6.0
-73.0
21.0
7.0
8.0
90.0
-2.0
14.0
23.0
-65.0
-3.0
-62.0
-109.0
-45.0
-129.0
-100.0
-67.0
-122.0
-49.0
-65.0
-63.0
35.0
-26.0
13.0
37.0
-39.0
26.0
-44.0
-103.0
-27.0
-82.0
-32.0
2.0
-86.0
-33.0
-64.0
-80.0
-2.0
-61.0
-6.0
25.0
-46.0
32.0
-3.0
-37.0
41.0
-23.0
3.0
18.0
-100.0
-71.0
-98.0
-121.0
-51.0
-119.0
-105.0
-80.0
-136.0
-42.0
-56.0
-78.0
-13.0
-98.0
-60.0
8.0
-60.0
16.0
-4.0
-37.0
16.0
-64.0
-38.0
-13.0
-105.0
-56.0
-78.0
-96.0
-26.0
-108.0
-97.0
-71.0
-146.0
-76.0
-107.0
-129.0
-46.0
-111.0
-76.0
-31.0
-84.0
12.0
3.0
-7.0
61.0
-19.0
15.0
29.0
-68.0
-12.0
-46.0
-101.0
-45.0
-121.0
-82.0
-41.0
-101.0
-21.0
-36.0
-41.0
54.0
-13.0
11.0
32.0
-54.0
7.0
-39.0
-92.0
-5.0
-88.0
-71.0
-37.0
-95.0
2.0
-9.0
-43.0
6.0
-66.0
-28.0
9.0
-76.0
-2.0
-26.0
-73.0
2.0
-65.0
-49.0
-17.0
-91.0
1.0
-14.0
-56.0
34.0
-36.0
-30.0
7.0
-55.0
14.0
-15.0
-64.0
1.0
-77.0
-45.0
2.0
-83.0
-12.0
-22.0
-58.0
12.0
-70.0
-42.0
-3.0
-86.0
-29.0
-63.0
-104.0
-17.0
-68.0
-21.0
35.0
-39.0
34.0
14.0
-16.0
45.0
-54.0
-39.0
-17.0
-100.0
-37.0
-81.0
-115.0
-3.0
-53.0
-23.0
23.0
-42.0
48.0
16.0
-29.0
46.0
-38.0
-32.0
-7.0
-92.0
-17.0
-30.0
-54.0
32.0
-54.0
-42.0
8.0
-63.0
-1.0
-33.0
-81.0
6.0
-43.0
-34.0
-10.0
-93.0
-41.0
-60.0
-84.0
1.0
-71.0
-54.0
-4.0
-61.0
16.0
-5.0
-38.0
48.0
-21.0
-8.0
18.0
-77.0
-14.0
-44.0
-88.0
7.0
-54.0
-37.0
5.0
-67.0
6.0
-21.0
-70.0
-5.0
-84.0
-52.0
-3.0
-89.0
-22.0
-39.0
-86.0
-8.0
-78.0
-61.0
-22.0
-90.0
-20.0
-39.0
-62.0
29.0
-34.0
-12.0
30.0
-72.0
-14.0
-30.0
-67.0
10.0
-61.0
-36.0
11.0
-75.0
-18.0
-39.0
-82.0
-6.0
-93.0
-79.0
-39.0
-123.0
-10.0
2.0
-34.0
51.0
-31.0
-32.0
4.0
-77.0
-26.0
-53.0
-117.0
-43.0
-90.0
-60.0
-1.0
-64.0
12.0
-3.0
-38.0
44.0
-48.0
-55.0
-17.0
-98.0
-46.0
-67.0
-87.0
14.0
-50.0
-36.0
5.0
-84.0
-17.0
-20.0
-50.0
34.0
-35.0
-20.0
18.0
-56.0
43.0
33.0
-16.0
62.0
-25.0
-27.0
12.0
-67.0
3.0
-26.0
-76.0
15.0
-40.0
-43.0
-13.0
-91.0
-16.0
-18.0
-62.0
9.0
-58.0
-43.0
7.0
-52.0
4.0
-10.0
-54.0
14.0
-51.0
-45.0
-18.0
-101.0
-37.0
-65.0
-103.0
11.0
-51.0
-34.0
12.0
-83.0
-10.0
-26.0
-78.0
2.0
-72.0
-66.0
-1.0
-62.0
7.0
-3.0
-46.0
36.0
-31.0
-32.0
7.0
-93.0
-40.0
-50.0
-91.0
-16.0
-69.0
-51.0
-1.0
-76.0
-12.0
-18.0
-60.0
15.0
-56.0
-36.0
10.0
-67.0
-1.0
-17.0
-67.0
21.0
-30.0
-10.0
70.0
4.0
67.0
0.0
0.0
0.0
0.0
0.0
0.0
0.0
0.0
0.0
0.0
0.0
0.0
0.0
0.0
0.0
0.0
0.0
0.0
0.0
0.0
0.0
0.0
0.0
0.0
0.0
0.0
0.0
0.0
0.0
0.0
0.0
0.0
0.0
0.0
0.0
0.0
0.0
0.0
0.0
0.0
0.0
0.0
0.0
0.0
0.0
0.0
0.0
0.0
0.0
0.0
0.0
0.0
0.0
0.0
0.0
0.0
0.0
0.0
0.0
0.0
0.0
0.0
0.0
0.0
0.0
0.0
0.0
0.0
0.0
0.0
0.0
0.0
0.0
0.0
0.0
0.0
0.0
0.0
0.0
0.0
0.0
0.0
0.0
0.0
0.0
0.0
0.0
0.0
0.0
0.0
0.0
0.0
0.0
0.0
0.0
0.0
0.0
0.0
0.0
0.0
0.0
0.0
0.0
0.0
0.0
0.0
0.0
0.0
0.0
0.0
0.0
0.0
0.0
0.0
0.0
0.0
0.0
0.0
0.0
0.0
0.0
0.0
0.0
0.0
0.0
0.0
0.0
0.0
