28.0
10.0
22.0
3.0
5.0
22.0
17.0
-13.0
-10.0
1.0
-14.0
-15.0
-6.0
-9.0
-27.0
-10.0
-18.0
-18.0
5.0
13.0
3.0
6.0
-9.0
-19.0
-10.0
-33.0
-13.0
15.0
7.0
23.0
10.0
-4.0
10.0
18.0
8.0
-2.0
-1.0
-12.0
-28.0
-33.0
-44.0
-25.0
-23.0
-36.0
-39.0
-49.0
-60.0
-53.0
-29.0
-40.0
-44.0
-51.0
-36.0
-11.0
-42.0
-44.0
-34.0
-45.0
-50.0
-55.0
-51.0
-48.0
-37.0
-42.0
-78.0
-71.0
-49.0
-57.0
-40.0
-41.0
-48.0
-41.0
-64.0
-68.0
-23.0
-25.0
-41.0
-25.0
-29.0
-26.0
-16.0
-25.0
-27.0
-44.0
-65.0
-43.0
-53.0
-58.0
-43.0
-38.0
-18.0
-27.0
-11.0
-15.0
-27.0
-10.0
5.0
-18.0
-26.0
-28.0
-40.0
-53.0
-41.0
-33.0
-39.0
-32.0
-16.0
-13.0
-25.0
-8.0
-1.0
-1.0
-17.0
-10.0
11.0
0.0
-15.0
-5.0
-8.0
-4.0
13.0
2.0
7.0
16.0
16.0
3.0
-17.0
1.0
1.0
-27.0
-41.0
-62.0
-50.0
-39.0
-46.0
-44.0
-61.0
-56.0
-42.0
-43.0
-45.0
-56.0
-56.0
-42.0
-49.0
-72.0
-36.0
-21.0
-7.0
-13.0
-33.0
-23.0
-14.0
-31.0
-17.0
-30.0
2.0
5.0
-46.0
-48.0
-18.0
-32.0
-35.0
-26.0
-34.0
-14.0
-18.0
-25.0
-9.0
17.0
15.0
1.0
5.0
-1.0
7.0
-1.0
-14.0
-9.0
-7.0
-39.0
-29.0
-20.0
-44.0
-23.0
-20.0
-19.0
-11.0
-20.0
6.0
15.0
-20.0
-46.0
-52.0
-33.0
-7.0
-13.0
-39.0
-23.0
-43.0
-39.0
-11.0
4.0
7.0
16.0
12.0
6.0
18.0
4.0
3.0
-15.0
-55.0
-60.0
-44.0
-52.0
-61.0
-26.0
-2.0
-24.0
2.0
4.0
-2.0
-9.0
-36.0
-38.0
-16.0
-17.0
7.0
3.0
-15.0
7.0
4.0
-20.0
-17.0
-32.0
-24.0
-15.0
-26.0
-35.0
-31.0
-25.0
-46.0
-39.0
-18.0
-35.0
-17.0
2.0
-2.0
10.0
1.0
-13.0
-40.0
-39.0
-27.0
-42.0
-67.0
-48.0
-31.0
-43.0
-38.0
-36.0
-7.0
-16.0
-35.0
-22.0
-24.0
-8.0
-7.0
-34.0
-25.0
-8.0
-20.0
-44.0
-57.0
-59.0
-53.0
-61.0
-54.0
-64.0
-60.0
-41.0
-37.0
-44.0
-36.0
-63.0
-55.0
23.0
-10.0
4.0
4.0
-19.0
-30.0
-37.0
-55.0
-59.0
-68.0
-64.0
-42.0
-53.0
-56.0
-56.0
-31.0
-28.0
-34.0
-24.0
-49.0
-70.0
-54.0
-55.0
-68.0
-52.0
-50.0
-58.0
-42.0
-52.0
-32.0
-26.0
-13.0
10.0
-1.0
-9.0
-33.0
-86.0
-69.0
-62.0
-73.0
-52.0
-48.0
-51.0
-48.0
-51.0
-20.0
15.0
20.0
9.0
-8.0
4.0
-8.0
-39.0
-30.0
-40.0
-58.0
-25.0
-27.0
-44.0
-39.0
-33.0
-13.0
-22.0
-22.0
-15.0
-5.0
-12.0
-45.0
-36.0
-31.0
-34.0
-44.0
-54.0
-48.0
-33.0
-24.0
-30.0
-18.0
2.0
20.0
23.0
11.0
18.0
-3.0
-14.0
-8.0
-9.0
-26.0
-40.0
-41.0
-8.0
-32.0
-46.0
-31.0
-42.0
-35.0
-8.0
-4.0
6.0
6.0
-11.0
-12.0
-8.0
-27.0
-31.0
-33.0
-35.0
-38.0
-36.0
-27.0
-25.0
-28.0
-41.0
-61.0
-54.0
-52.0
-68.0
-67.0
-66.0
-66.0
-48.0
-37.0
-31.0
-16.0
-16.0
-11.0
-34.0
-46.0
-39.0
-51.0
-52.0
-47.0
-57.0
-95.0
-97.0
-44.0
-47.0
-53.0
-68.0
-52.0
-28.0
-24.0
2.0
4.0
23.0
29.0
26.0
24.0
34.0
46.0
30.0
15.0
12.0
17.0
2.0
3.0
17.0
30.0
33.0
66.0
79.0
74.0
68.0
36.0
42.0
34.0
20.0
16.0
15.0
15.0
44.0
45.0
43.0
67.0
74.0
73.0
61.0
80.0
72.0
56.0
70.0
53.0
30.0
35.0
21.0
4.0
10.0
24.0
38.0
29.0
27.0
27.0
37.0
49.0
49.0
61.0
52.0
44.0
51.0
27.0
22.0
27.0
34.0
27.0
14.0
34.0
55.0
64.0
55.0
41.0
46.0
56.0
71.0
92.0
43.0
32.0
49.0
29.0
17.0
21.0
-10.0
-19.0
-3.0
-6.0
-30.0
-29.0
-14.0
7.0
22.0
20.0
26.0
18.0
-4.0
-8.0
16.0
-24.0
-42.0
-34.0
-44.0
-33.0
-28.0
-36.0
-33.0
-30.0
-48.0
-19.0
-3.0
-2.0
16.0
0.0
-34.0
1.0
-11.0
-27.0
-14.0
-37.0
-40.0
-37.0
-40.0
-34.0
-36.0
-43.0
-33.0
-8.0
-16.0
-28.0
-15.0
-18.0
-24.0
-29.0
-39.0
-28.0
-42.0
-25.0
1.0
-10.0
-1.0
-14.0
0.0
15.0
4.0
-12.0
-5.0
-1.0
-24.0
-18.0
-24.0
-15.0
-3.0
-31.0
-36.0
-6.0
16.0
8.0
18.0
29.0
6.0
-17.0
-30.0
0.0
-11.0
-25.0
-31.0
-41.0
-45.0
-22.0
2.0
-21.0
-16.0
23.0
5.0
-4.0
7.0
27.0
26.0
7.0
22.0
11.0
-31.0
-25.0
-24.0
-26.0
-14.0
8.0
8.0
-4.0
-11.0
-15.0
11.0
38.0
20.0
10.0
20.0
11.0
-18.0
-13.0
-25.0
-37.0
-35.0
-21.0
-27.0
-22.0
-15.0
2.0
24.0
15.0
25.0
32.0
40.0
44.0
25.0
26.0
40.0
3.0
14.0
-2.0
-24.0
11.0
-3.0
-15.0
7.0
7.0
14.0
22.0
25.0
0.0
6.0
21.0
22.0
-11.0
-21.0
-29.0
-29.0
-5.0
-2.0
-4.0
-3.0
-19.0
-4.0
-5.0
-10.0
-1.0
-13.0
-4.0
-12.0
-34.0
-37.0
-34.0
-37.0
-27.0
-32.0
-21.0
-8.0
-13.0
-7.0
33.0
9.0
-3.0
26.0
35.0
12.0
24.0
19.0
14.0
11.0
-12.0
-34.0
-32.0
-27.0
-33.0
-29.0
-16.0
-16.0
8.0
10.0
-1.0
-3.0
-11.0
-10.0
5.0
-1.0
-10.0
-11.0
-24.0
-22.0
-18.0
-11.0
-8.0
-16.0
-22.0
-7.0
10.0
7.0
34.0
30.0
13.0
24.0
23.0
-23.0
-14.0
-7.0
-12.0
-7.0
-22.0
-17.0
-9.0
-27.0
-15.0
-5.0
-13.0
8.0
7.0
-10.0
-17.0
-40.0
-51.0
-56.0
-69.0
-50.0
-44.0
-50.0
-39.0
-30.0
-5.0
10.0
-12.0
-25.0
-15.0
2.0
3.0
-36.0
-58.0
-48.0
-35.0
-49.0
-68.0
-77.0
-71.0
-71.0
-78.0
-76.0
-72.0
-52.0
-40.0
-50.0
-38.0
-35.0
-64.0
-73.0
-70.0
-63.0
-62.0
-64.0
-44.0
-59.0
-65.0
-48.0
-58.0
-63.0
-45.0
-44.0
-48.0
-54.0
-50.0
-51.0
-55.0
-41.0
-47.0
-66.0
-64.0
-65.0
-41.0
-17.0
-29.0
-24.0
-8.0
-9.0
-2.0
12.0
6.0
11.0
-21.0
-39.0
-45.0
-45.0
-35.0
-35.0
-44.0
-28.0
-21.0
-11.0
0.0
-17.0
1.0
13.0
3.0
8.0
-28.0
-31.0
-21.0
-42.0
-45.0
-36.0
-46.0
-47.0
-19.0
-2.0
-3.0
-24.0
-3.0
-1.0
-27.0
-16.0
-1.0
5.0
12.0
-23.0
-21.0
-23.0
-29.0
3.0
4.0
-21.0
-18.0
0.0
15.0
1.0
14.0
27.0
1.0
32.0
54.0
42.0
33.0
20.0
29.0
6.0
-11.0
25.0
15.0
-11.0
14.0
7.0
11.0
22.0
1.0
21.0
8.0
22.0
55.0
42.0
12.0
5.0
-11.0
-3.0
-3.0
-14.0
7.0
15.0
21.0
31.0
13.0
-5.0
-14.0
-9.0
24.0
24.0
37.0
40.0
6.0
3.0
8.0
-7.0
-7.0
-9.0
1.0
4.0
-16.0
-24.0
-20.0
11.0
28.0
10.0
10.0
13.0
-5.0
-7.0
-14.0
-31.0
-44.0
-32.0
-30.0
-25.0
-36.0
-42.0
-26.0
-13.0
-2.0
-12.0
-15.0
-4.0
-5.0
-3.0
-15.0
-22.0
-16.0
-34.0
-41.0
-20.0
-22.0
-24.0
-35.0
-42.0
-38.0
-48.0
-40.0
-14.0
7.0
29.0
35.0
9.0
16.0
23.0
8.0
-3.0
-35.0
-20.0
3.0
-27.0
-28.0
-37.0
-45.0
-2.0
7.0
13.0
25.0
1.0
-3.0
8.0
-2.0
7.0
25.0
37.0
44.0
43.0
38.0
35.0
42.0
39.0
43.0
53.0
43.0
42.0
42.0
32.0
33.0
32.0
27.0
34.0
41.0
54.0
77.0
67.0
83.0
109.0
103.0
102.0
101.0
91.0
90.0
62.0
61.0
93.0
87.0
65.0
70.0
93.0
98.0
130.0
127.0
134.0
143.0
164.0
139.0
111.0
119.0
92.0
78.0
76.0
42.0
77.0
95.0
58.0
90.0
90.0
74.0
125.0
131.0
145.0
150.0
122.0
112.0
124.0
88.0
74.0
67.0
50.0
42.0
52.0
49.0
63.0
78.0
64.0
58.0
92.0
103.0
91.0
110.0
92.0
81.0
96.0
44.0
48.0
50.0
25.0
33.0
27.0
23.0
26.0
24.0
63.0
56.0
53.0
78.0
86.0
70.0
59.0
49.0
34.0
13.0
7.0
3.0
-14.0
-2.0
15.0
10.0
-6.0
4.0
37.0
37.0
26.0
36.0
44.0
23.0
-5.0
6.0
8.0
-18.0
-26.0
6.0
-5.0
-22.0
-3.0
16.0
23.0
58.0
39.0
23.0
58.0
61.0
42.0
35.0
12.0
2.0
-11.0
-9.0
-6.0
-33.0
-39.0
-28.0
-15.0
-11.0
-15.0
1.0
6.0
6.0
32.0
31.0
39.0
29.0
-3.0
2.0
2.0
2.0
-6.0
-20.0
-25.0
-9.0
-30.0
-15.0
18.0
-4.0
4.0
24.0
5.0
-7.0
-18.0
-15.0
-10.0
-41.0
-26.0
-15.0
-11.0
14.0
8.0
-12.0
-11.0
0.0
18.0
5.0
10.0
24.0
3.0
-16.0
-23.0
-21.0
-6.0
-3.0
-12.0
0.0
3.0
11.0
23.0
37.0
52.0
51.0
59.0
70.0
66.0
54.0
27.0
-5.0
3.0
-1.0
-3.0
8.0
12.0
21.0
36.0
46.0
63.0
52.0
44.0
46.0
54.0
55.0
46.0
34.0
33.0
47.0
38.0
25.0
30.0
44.0
45.0
42.0
30.0
33.0
51.0
48.0
45.0
76.0
71.0
56.0
50.0
32.0
22.0
3.0
-2.0
18.0
41.0
31.0
30.0
41.0
36.0
37.0
34.0
35.0
38.0
39.0
23.0
20.0
12.0
-14.0
-36.0
-8.0
7.0
-26.0
-20.0
-15.0
-21.0
2.0
-5.0
1.0
36.0
37.0
37.0
32.0
15.0
4.0
-18.0
-3.0
13.0
24.0
12.0
49.0
65.0
58.0
18.0
19.0
112.0
93.0
85.0
111.0
85.0
64.0
58.0
52.0
44.0
29.0
39.0
34.0
41.0
60.0
42.0
29.0
54.0
60.0
59.0
63.0
95.0
92.0
91.0
104.0
94.0
71.0
83.0
71.0
53.0
62.0
64.0
68.0
42.0
46.0
89.0
87.0
89.0
84.0
101.0
139.0
118.0
102.0
118.0
93.0
89.0
91.0
77.0
99.0
100.0
64.0
70.0
63.0
70.0
108.0
113.0
102.0
88.0
78.0
117.0
122.0
83.0
72.0
51.0
51.0
66.0
59.0
44.0
52.0
71.0
61.0
58.0
65.0
61.0
57.0
89.0
82.0
53.0
61.0
56.0
51.0
45.0
42.0
21.0
18.0
25.0
22.0
13.0
15.0
27.0
17.0
18.0
26.0
29.0
22.0
18.0
25.0
21.0
26.0
34.0
27.0
36.0
27.0
-5.0
6.0
14.0
4.0
14.0
16.0
0.0
12.0
12.0
-4.0
1.0
21.0
18.0
15.0
23.0
34.0
19.0
-7.0
13.0
3.0
-13.0
-29.0
-46.0
-17.0
1.0
-9.0
1.0
-13.0
-23.0
13.0
6.0
-3.0
0.0
3.0
-5.0
-15.0
-15.0
-26.0
-27.0
-13.0
-24.0
-29.0
-28.0
-39.0
-40.0
4.0
-1.0
-10.0
5.0
-1.0
16.0
29.0
30.0
11.0
1.0
24.0
16.0
12.0
18.0
13.0
19.0
10.0
0.0
-11.0
-23.0
-16.0
-2.0
-12.0
-14.0
-1.0
0.0
25.0
8.0
14.0
30.0
21.0
31.0
31.0
18.0
17.0
17.0
18.0
11.0
12.0
16.0
13.0
10.0
13.0
10.0
-8.0
-17.0
-23.0
-20.0
-30.0
-30.0
-7.0
15.0
5.0
10.0
-3.0
-3.0
3.0
-2.0
-20.0
-26.0
-27.0
-21.0
-35.0
-44.0
-43.0
-41.0
-49.0
-45.0
-40.0
-16.0
-31.0
-35.0
-28.0
-48.0
-49.0
-40.0
-39.0
-43.0
-55.0
-42.0
-47.0
-45.0
-37.0
-50.0
-27.0
-25.0
-13.0
-2.0
-22.0
-36.0
-21.0
-31.0
-42.0
-36.0
-32.0
-44.0
-59.0
-49.0
-19.0
-27.0
-41.0
-30.0
-35.0
-20.0
-15.0
-32.0
-35.0
-41.0
-43.0
-37.0
-44.0
-37.0
-38.0
-58.0
-46.0
-52.0
-64.0
-53.0
-52.0
-52.0
-48.0
-42.0
-38.0
-49.0
-54.0
-67.0
-98.0
-98.0
-91.0
-89.0
-70.0
-70.0
-64.0
-62.0
-52.0
-36.0
-40.0
-35.0
-36.0
-35.0
-36.0
-47.0
-52.0
-70.0
-63.0
-61.0
-69.0
-41.0
-49.0
-27.0
-4.0
8.0
4.0
33.0
32.0
22.0
43.0
47.0
36.0
11.0
25.0
16.0
-1.0
4.0
4.0
-2.0
8.0
23.0
13.0
3.0
30.0
34.0
30.0
45.0
45.0
62.0
55.0
5.0
1.0
-7.0
-16.0
-23.0
-21.0
-8.0
-17.0
-22.0
-9.0
-15.0
-10.0
5.0
3.0
24.0
29.0
11.0
29.0
11.0
5.0
23.0
9.0
-8.0
-1.0
-16.0
-9.0
-3.0
-19.0
14.0
18.0
10.0
6.0
2.0
-3.0
-11.0
-21.0
-23.0
-43.0
-39.0
-36.0
-41.0
-30.0
-40.0
-32.0
-30.0
-35.0
-18.0
-10.0
6.0
21.0
-1.0
-24.0
-37.0
-53.0
-62.0
-84.0
-83.0
-69.0
-60.0
-55.0
-67.0
-65.0
-50.0
-60.0
-56.0
-41.0
-52.0
-41.0
-42.0
-63.0
-60.0
-71.0
-81.0
-63.0
-76.0
-86.0
-87.0
-67.0
-80.0
-63.0
-23.0
16.0
27.0
16.0
-1.0
21.0
20.0
-7.0
-34.0
-35.0
-16.0
-23.0
-13.0
-21.0
5.0
17.0
9.0
37.0
45.0
50.0
52.0
41.0
39.0
48.0
36.0
26.0
27.0
33.0
28.0
35.0
39.0
18.0
-3.0
23.0
23.0
13.0
28.0
30.0
41.0
39.0
30.0
25.0
24.0
21.0
33.0
23.0
40.0
39.0
23.0
18.0
17.0
31.0
58.0
34.0
39.0
56.0
58.0
67.0
55.0
57.0
59.0
53.0
42.0
34.0
26.0
42.0
45.0
41.0
46.0
44.0
30.0
35.0
34.0
36.0
39.0
16.0
-1.0
15.0
-3.0
11.0
13.0
13.0
17.0
8.0
7.0
-4.0
5.0
13.0
3.0
15.0
17.0
23.0
34.0
32.0
16.0
-8.0
-14.0
-10.0
-21.0
-17.0
11.0
7.0
11.0
10.0
7.0
23.0
24.0
24.0
29.0
38.0
29.0
39.0
40.0
19.0
15.0
12.0
10.0
15.0
14.0
-3.0
2.0
24.0
24.0
27.0
29.0
21.0
28.0
20.0
8.0
19.0
13.0
3.0
21.0
17.0
2.0
-11.0
-14.0
-5.0
-11.0
5.0
24.0
32.0
45.0
32.0
43.0
53.0
36.0
58.0
77.0
48.0
52.0
59.0
29.0
30.0
44.0
32.0
35.0
53.0
64.0
50.0
62.0
70.0
36.0
48.0
58.0
63.0
72.0
63.0
73.0
88.0
74.0
86.0
64.0
55.0
78.0
82.0
75.0
96.0
78.0
60.0
82.0
82.0
82.0
86.0
71.0
72.0
65.0
60.0
59.0
34.0
58.0
102.0
89.0
76.0
87.0
80.0
88.0
71.0
41.0
39.0
59.0
56.0
37.0
45.0
39.0
36.0
47.0
40.0
23.0
39.0
49.0
55.0
52.0
19.0
30.0
39.0
30.0
52.0
49.0
43.0
32.0
31.0
30.0
21.0
3.0
29.0
20.0
5.0
31.0
47.0
34.0
31.0
8.0
2.0
8.0
33.0
30.0
16.0
14.0
1.0
1.0
0.0
-3.0
-4.0
2.0
-3.0
-1.0
-17.0
-11.0
-1.0
-27.0
-34.0
-37.0
-54.0
-39.0
-37.0
-53.0
-53.0
-42.0
-30.0
-26.0
-31.0
-27.0
-29.0
-42.0
-42.0
-42.0
-45.0
-51.0
-52.0
-52.0
-61.0
-38.0
-35.0
-31.0
-22.0
-18.0
-25.0
-6.0
-14.0
-27.0
-22.0
-21.0
-19.0
-22.0
-23.0
-14.0
4.0
-10.0
-8.0
7.0
-3.0
10.0
13.0
8.0
1.0
-18.0
-17.0
1.0
-4.0
-10.0
-16.0
-8.0
-15.0
5.0
10.0
-19.0
-7.0
5.0
5.0
1.0
6.0
9.0
24.0
22.0
15.0
18.0
25.0
55.0
35.0
12.0
31.0
18.0
10.0
13.0
10.0
16.0
-6.0
-11.0
5.0
1.0
12.0
-7.0
-12.0
-6.0
-21.0
-23.0
-1.0
6.0
-3.0
-14.0
-11.0
-6.0
8.0
4.0
11.0
10.0
15.0
17.0
-12.0
-15.0
-13.0
-10.0
7.0
10.0
13.0
10.0
-3.0
0.0
7.0
3.0
6.0
11.0
13.0
-1.0
-35.0
-36.0
-21.0
-26.0
-14.0
-20.0
-14.0
-4.0
-20.0
-10.0
-3.0
-13.0
-9.0
-2.0
-8.0
-11.0
-18.0
-33.0
-39.0
-47.0
-30.0
-37.0
-38.0
-26.0
-44.0
-46.0
-16.0
-10.0
-1.0
1.0
7.0
7.0
-11.0
-1.0
-5.0
-10.0
-16.0
-23.0
-22.0
-3.0
-13.0
-13.0
10.0
10.0
23.0
45.0
53.0
43.0
25.0
18.0
11.0
-5.0
-12.0
-6.0
-16.0
-31.0
-27.0
-14.0
-17.0
-14.0
-18.0
-10.0
4.0
5.0
-4.0
11.0
14.0
6.0
-4.0
-28.0
-18.0
-9.0
-34.0
-21.0
-2.0
-12.0
-11.0
-4.0
-7.0
-4.0
-4.0
-2.0
-8.0
-10.0
-3.0
-11.0
-46.0
-57.0
-68.0
-49.0
-40.0
-32.0
-20.0
-20.0
-11.0
-7.0
-3.0
24.0
39.0
23.0
36.0
30.0
18.0
11.0
-29.0
-22.0
-22.0
-41.0
-12.0
-20.0
-13.0
-3.0
-21.0
-24.0
2.0
8.0
42.0
31.0
36.0
58.0
37.0
-5.0
14.0
27.0
28.0
18.0
5.0
-1.0
-6.0
-9.0
-14.0
-13.0
-19.0
-12.0
-1.0
1.0
-11.0
5.0
8.0
17.0
12.0
-15.0
-15.0
1.0
-12.0
-13.0
-4.0
-5.0
6.0
6.0
5.0
42.0
27.0
14.0
31.0
32.0
40.0
34.0
25.0
22.0
10.0
4.0
6.0
5.0
24.0
20.0
6.0
31.0
22.0
24.0
40.0
32.0
59.0
50.0
36.0
46.0
51.0
43.0
31.0
27.0
15.0
6.0
2.0
-7.0
-5.0
1.0
-10.0
-25.0
-17.0
-23.0
-2.0
9.0
-5.0
1.0
2.0
-29.0
-26.0
-11.0
-30.0
-42.0
-34.0
-4.0
-5.0
1.0
39.0
17.0
9.0
28.0
6.0
25.0
30.0
16.0
18.0
-4.0
-13.0
-5.0
-10.0
-5.0
1.0
-20.0
-8.0
-12.0
-6.0
24.0
26.0
26.0
29.0
16.0
18.0
-13.0
-26.0
-12.0
-21.0
-21.0
-20.0
-16.0
4.0
-3.0
2.0
34.0
39.0
44.0
36.0
21.0
17.0
-3.0
-2.0
8.0
1.0
-4.0
-4.0
-5.0
3.0
-6.0
6.0
27.0
24.0
36.0
42.0
42.0
42.0
-3.0
-10.0
5.0
2.0
15.0
33.0
29.0
3.0
36.0
70.0
73.0
72.0
81.0
83.0
92.0
82.0
76.0
68.0
42.0
30.0
48.0
12.0
32.0
52.0
23.0
19.0
35.0
32.0
35.0
46.0
39.0
50.0
30.0
19.0
21.0
10.0
22.0
18.0
13.0
17.0
8.0
10.0
14.0
-7.0
-2.0
18.0
35.0
63.0
47.0
19.0
45.0
26.0
11.0
6.0
-2.0
0.0
-4.0
-13.0
6.0
-14.0
1.0
4.0
1.0
25.0
43.0
27.0
23.0
29.0
18.0
-3.0
-11.0
-2.0
-13.0
-11.0
5.0
-4.0
-21.0
-18.0
-1.0
25.0
16.0
25.0
40.0
16.0
18.0
9.0
-22.0
-10.0
-12.0
-46.0
-23.0
-17.0
-7.0
14.0
13.0
13.0
12.0
-2.0
39.0
34.0
30.0
-10.0
-13.0
16.0
-18.0
-35.0
-8.0
-13.0
2.0
-12.0
-24.0
6.0
-8.0
-30.0
50.0
76.0
34.0
26.0
33.0
25.0
15.0
-4.0
-29.0
-18.0
6.0
-6.0
-26.0
-13.0
-4.0
7.0
-8.0
-10.0
34.0
47.0
42.0
20.0
24.0
42.0
37.0
7.0
1.0
8.0
15.0
24.0
30.0
32.0
44.0
43.0
56.0
54.0
56.0
70.0
70.0
61.0
69.0
67.0
88.0
68.0
59.0
65.0
61.0
57.0
62.0
52.0
49.0
37.0
45.0
46.0
52.0
70.0
73.0
66.0
65.0
43.0
13.0
31.0
20.0
36.0
71.0
49.0
27.0
20.0
24.0
27.0
35.0
31.0
16.0
31.0
48.0
60.0
56.0
30.0
19.0
12.0
18.0
33.0
36.0
6.0
-7.0
17.0
22.0
33.0
33.0
37.0
44.0
66.0
46.0
24.0
6.0
-1.0
5.0
4.0
10.0
3.0
-14.0
-21.0
-19.0
-4.0
3.0
3.0
2.0
13.0
31.0
24.0
14.0
-1.0
-3.0
11.0
9.0
-3.0
-7.0
10.0
-21.0
-13.0
13.0
-2.0
6.0
22.0
18.0
18.0
22.0
19.0
10.0
4.0
6.0
-16.0
-16.0
-10.0
-25.0
-25.0
-32.0
-37.0
-39.0
-18.0
6.0
1.0
-10.0
-5.0
-13.0
-29.0
-37.0
-44.0
-37.0
-29.0
-35.0
-38.0
-61.0
-54.0
-43.0
-79.0
-78.0
-54.0
-47.0
-48.0
-47.0
-44.0
-43.0
-58.0
-62.0
-37.0
-40.0
-44.0
-27.0
-16.0
-18.0
-16.0
2.0
11.0
12.0
2.0
1.0
-12.0
-14.0
-12.0
-32.0
-41.0
-32.0
-18.0
-17.0
-14.0
-20.0
6.0
27.0
25.0
41.0
46.0
36.0
31.0
18.0
5.0
2.0
-25.0
-23.0
-2.0
-4.0
-12.0
-8.0
-11.0
-24.0
-25.0
-33.0
-32.0
-18.0
-22.0
-25.0
-27.0
-35.0
-32.0
-37.0
-42.0
-34.0
-40.0
-34.0
-30.0
-26.0
-32.0
-33.0
-18.0
-11.0
-20.0
-13.0
-20.0
-34.0
-39.0
-57.0
-53.0
-63.0
-64.0
-43.0
-44.0
-42.0
-42.0
-62.0
-58.0
-46.0
-45.0
-25.0
-23.0
-30.0
-40.0
-42.0
-58.0
-58.0
-40.0
-44.0
-43.0
-36.0
-24.0
-40.0
-39.0
-28.0
-55.0
-21.0
-11.0
-32.0
-34.0
-49.0
-34.0
-34.0
-56.0
-58.0
-56.0
-41.0
-27.0
-42.0
-21.0
-13.0
-10.0
19.0
8.0
-3.0
8.0
-4.0
1.0
10.0
-7.0
4.0
-2.0
-11.0
8.0
20.0
29.0
30.0
18.0
26.0
18.0
24.0
40.0
40.0
31.0
17.0
-5.0
7.0
22.0
23.0
31.0
19.0
29.0
16.0
-6.0
42.0
30.0
33.0
60.0
62.0
45.0
40.0
53.0
65.0
68.0
45.0
49.0
56.0
67.0
80.0
58.0
63.0
70.0
35.0
20.0
44.0
55.0
53.0
42.0
34.0
41.0
51.0
56.0
36.0
28.0
49.0
62.0
58.0
49.0
44.0
68.0
61.0
54.0
50.0
52.0
50.0
44.0
44.0
52.0
48.0
46.0
43.0
46.0
58.0
54.0
54.0
51.0
40.0
47.0
54.0
39.0
57.0
53.0
35.0
38.0
52.0
37.0
33.0
28.0
30.0
31.0
20.0
24.0
21.0
12.0
10.0
25.0
25.0
34.0
48.0
41.0
24.0
27.0
36.0
16.0
-1.0
3.0
-3.0
-10.0
-12.0
-22.0
-16.0
-16.0
-5.0
8.0
10.0
4.0
2.0
8.0
1.0
-2.0
2.0
-12.0
-22.0
-18.0
-23.0
-30.0
-37.0
-36.0
-31.0
-27.0
3.0
7.0
-10.0
-8.0
-7.0
-22.0
-17.0
-11.0
-27.0
-20.0
-17.0
-17.0
-18.0
-14.0
-5.0
-7.0
-5.0
20.0
12.0
18.0
23.0
-2.0
-17.0
-30.0
-38.0
-29.0
-41.0
-62.0
-43.0
-30.0
-31.0
-28.0
-27.0
-16.0
-6.0
-8.0
-2.0
13.0
27.0
3.0
1.0
-8.0
-34.0
-27.0
-2.0
3.0
-4.0
7.0
7.0
14.0
7.0
39.0
42.0
15.0
10.0
-3.0
-10.0
-9.0
-7.0
-3.0
-21.0
-37.0
-10.0
-6.0
-3.0
7.0
15.0
32.0
36.0
18.0
24.0
8.0
1.0
5.0
-10.0
-14.0
-8.0
-25.0
-32.0
-20.0
-19.0
-30.0
-46.0
-28.0
3.0
-4.0
2.0
28.0
22.0
30.0
4.0
-6.0
4.0
-17.0
2.0
6.0
-12.0
-3.0
-24.0
-40.0
-30.0
-34.0
-23.0
5.0
12.0
13.0
-8.0
-9.0
-6.0
-16.0
-12.0
-14.0
-20.0
-12.0
-21.0
-27.0
-31.0
-33.0
-35.0
-28.0
-22.0
-23.0
-12.0
2.0
11.0
-20.0
-18.0
3.0
2.0
1.0
-13.0
-12.0
-5.0
-16.0
-10.0
-18.0
-19.0
-13.0
6.0
13.0
8.0
1.0
-2.0
1.0
15.0
21.0
15.0
3.0
1.0
1.0
27.0
30.0
21.0
34.0
35.0
49.0
24.0
-1.0
23.0
22.0
-5.0
-2.0
7.0
1.0
3.0
-1.0
1.0
13.0
25.0
21.0
32.0
37.0
15.0
22.0
40.0
39.0
15.0
10.0
17.0
3.0
-29.0
-18.0
-6.0
-4.0
4.0
16.0
13.0
13.0
20.0
6.0
8.0
20.0
19.0
26.0
28.0
42.0
25.0
16.0
41.0
62.0
48.0
53.0
52.0
73.0
73.0
39.0
70.0
77.0
40.0
43.0
36.0
42.0
44.0
-3.0
24.0
62.0
35.0
29.0
29.0
65.0
84.0
74.0
81.0
74.0
57.0
66.0
72.0
70.0
77.0
60.0
77.0
68.0
46.0
62.0
72.0
59.0
74.0
75.0
68.0
88.0
80.0
86.0
86.0
79.0
103.0
106.0
94.0
74.0
73.0
63.0
64.0
60.0
30.0
31.0
59.0
53.0
46.0
38.0
27.0
37.0
62.0
50.0
52.0
49.0
46.0
61.0
69.0
64.0
40.0
26.0
32.0
37.0
45.0
51.0
11.0
2.0
34.0
29.0
32.0
22.0
22.0
36.0
26.0
-7.0
-3.0
26.0
40.0
27.0
10.0
21.0
21.0
32.0
35.0
6.0
4.0
16.0
6.0
2.0
-17.0
-11.0
15.0
2.0
-3.0
-4.0
2.0
20.0
-2.0
-22.0
-13.0
-23.0
-24.0
-26.0
-24.0
-25.0
-49.0
-52.0
-46.0
-57.0
-52.0
-21.0
-17.0
-15.0
-24.0
-29.0
-31.0
-40.0
-26.0
-16.0
-13.0
-23.0
-31.0
-19.0
-24.0
-22.0
-12.0
-12.0
-4.0
3.0
-19.0
-26.0
-42.0
-48.0
-19.0
-17.0
-33.0
-13.0
-10.0
3.0
0.0
-20.0
-39.0
-35.0
-1.0
-2.0
-5.0
-1.0
17.0
7.0
-8.0
-23.0
6.0
32.0
12.0
24.0
47.0
39.0
55.0
46.0
27.0
30.0
24.0
40.0
17.0
14.0
36.0
18.0
3.0
27.0
30.0
58.0
52.0
10.0
48.0
73.0
65.0
47.0
26.0
41.0
39.0
31.0
41.0
54.0
58.0
60.0
52.0
46.0
37.0
45.0
43.0
50.0
40.0
43.0
26.0
42.0
43.0
24.0
56.0
81.0
45.0
50.0
46.0
46.0
43.0
30.0
24.0
18.0
17.0
24.0
11.0
16.0
31.0
9.0
20.0
17.0
7.0
14.0
3.0
-9.0
4.0
-3.0
4.0
8.0
-6.0
15.0
17.0
22.0
13.0
-8.0
1.0
-6.0
-23.0
-45.0
-52.0
-5.0
13.0
10.0
14.0
11.0
-8.0
13.0
44.0
41.0
46.0
38.0
40.0
36.0
44.0
59.0
68.0
40.0
52.0
59.0
38.0
41.0
49.0
45.0
51.0
62.0
61.0
41.0
45.0
44.0
61.0
84.0
54.0
40.0
47.0
35.0
45.0
35.0
32.0
58.0
63.0
73.0
71.0
54.0
42.0
40.0
55.0
68.0
21.0
11.0
15.0
22.0
32.0
25.0
2.0
31.0
39.0
41.0
49.0
47.0
73.0
89.0
67.0
71.0
82.0
68.0
42.0
27.0
22.0
16.0
15.0
18.0
0.0
11.0
37.0
41.0
82.0
75.0
68.0
74.0
76.0
72.0
59.0
38.0
40.0
33.0
24.0
16.0
15.0
38.0
30.0
29.0
39.0
52.0
52.0
50.0
55.0
48.0
42.0
15.0
7.0
15.0
-8.0
-15.0
-16.0
-41.0
-34.0
-21.0
-25.0
-18.0
11.0
22.0
21.0
38.0
12.0
-1.0
22.0
8.0
-4.0
-3.0
-11.0
-29.0
-6.0
-3.0
-2.0
6.0
20.0
24.0
22.0
25.0
25.0
25.0
43.0
15.0
17.0
33.0
0.0
-16.0
2.0
21.0
16.0
3.0
7.0
17.0
8.0
22.0
26.0
23.0
18.0
2.0
-2.0
8.0
-13.0
-30.0
-29.0
-32.0
-20.0
-3.0
1.0
-2.0
-22.0
-31.0
-31.0
-42.0
-27.0
-22.0
-22.0
-16.0
-25.0
-15.0
-7.0
-6.0
2.0
-21.0
-24.0
16.0
1.0
-26.0
0.0
-8.0
-31.0
-41.0
-21.0
-24.0
-42.0
-31.0
-15.0
-17.0
-21.0
-8.0
3.0
-5.0
-39.0
-44.0
-17.0
-27.0
-26.0
-30.0
-40.0
-21.0
-39.0
-23.0
-5.0
-26.0
-15.0
-5.0
1.0
3.0
-9.0
-16.0
-19.0
-19.0
-14.0
-23.0
-36.0
-25.0
-17.0
-13.0
-12.0
1.0
15.0
13.0
23.0
25.0
16.0
10.0
14.0
-16.0
-27.0
-13.0
9.0
-24.0
-40.0
-33.0
-22.0
-17.0
-40.0
-37.0
-44.0
-45.0
-42.0
-33.0
-32.0
-48.0
-60.0
-62.0
-60.0
-45.0
-44.0
-36.0
-36.0
-58.0
-59.0
-58.0
-72.0
-60.0
-65.0
-61.0
-42.0
-39.0
-26.0
-32.0
-35.0
-6.0
-22.0
-40.0
-45.0
-46.0
-43.0
-50.0
-49.0
-53.0
-54.0
-43.0
-57.0
-65.0
-66.0
-73.0
-84.0
-69.0
-79.0
-59.0
-60.0
-72.0
-69.0
-71.0
-69.0
-45.0
-67.0
-78.0
-64.0
-80.0
-76.0
-67.0
-64.0
-58.0
-77.0
-86.0
-70.0
-67.0
-74.0
-80.0
-77.0
-67.0
-59.0
-53.0
-46.0
-53.0
-47.0
-22.0
-26.0
-38.0
-49.0
-44.0
-35.0
-51.0
-58.0
-54.0
-54.0
-36.0
-30.0
-41.0
-42.0
-39.0
-24.0
-33.0
-49.0
-34.0
-23.0
-42.0
-42.0
-46.0
-29.0
-21.0
-29.0
-39.0
-40.0
-20.0
-34.0
-23.0
-26.0
5.0
-1.0
-3.0
3.0
-5.0
-4.0
-45.0
-20.0
-14.0
-36.0
-22.0
-19.0
-26.0
-35.0
-22.0
4.0
-10.0
-20.0
-4.0
-15.0
-17.0
-20.0
-35.0
-19.0
-27.0
-34.0
-29.0
-37.0
-25.0
-34.0
-46.0
-32.0
-25.0
-29.0
-7.0
-12.0
-16.0
14.0
-4.0
-1.0
14.0
4.0
7.0
6.0
-8.0
2.0
-8.0
-10.0
18.0
-7.0
-13.0
1.0
2.0
4.0
-10.0
14.0
22.0
6.0
18.0
16.0
8.0
4.0
-25.0
-5.0
-6.0
-24.0
5.0
-3.0
1.0
18.0
16.0
18.0
27.0
33.0
41.0
30.0
25.0
21.0
3.0
6.0
1.0
1.0
16.0
-3.0
17.0
16.0
3.0
37.0
50.0
48.0
52.0
25.0
19.0
6.0
-11.0
-14.0
-20.0
-25.0
-27.0
-26.0
-20.0
-35.0
-22.0
-6.0
-3.0
-32.0
-12.0
-2.0
-8.0
-17.0
-43.0
-51.0
-37.0
-33.0
-38.0
-51.0
-50.0
-34.0
-32.0
-18.0
-17.0
-3.0
3.0
-3.0
-7.0
-4.0
-5.0
-25.0
-41.0
-35.0
-40.0
-42.0
1.0
-10.0
-18.0
-15.0
-21.0
-20.0
2.0
3.0
1.0
6.0
-24.0
-25.0
-38.0
-46.0
-45.0
-57.0
-45.0
-43.0
-47.0
-45.0
-45.0
-27.0
-3.0
-8.0
-5.0
4.0
-6.0
-3.0
-13.0
-38.0
-39.0
-50.0
-58.0
-70.0
-67.0
-40.0
-35.0
-36.0
-35.0
-24.0
-12.0
6.0
5.0
11.0
2.0
-16.0
-40.0
-41.0
-42.0
-46.0
-49.0
-35.0
-31.0
-33.0
-16.0
-10.0
-16.0
-5.0
0.0
-2.0
-14.0
-16.0
-15.0
-18.0
-18.0
-14.0
-24.0
-29.0
-31.0
-53.0
-27.0
-28.0
-54.0
-35.0
-18.0
14.0
13.0
1.0
8.0
-2.0
-16.0
-7.0
-8.0
-11.0
-14.0
-26.0
-16.0
-27.0
-35.0
-27.0
-34.0
-13.0
-10.0
-24.0
-26.0
-45.0
-49.0
-51.0
-44.0
-24.0
-47.0
-55.0
-28.0
-35.0
-40.0
-27.0
-21.0
-26.0
-15.0
-15.0
-27.0
-21.0
-14.0
-19.0
-30.0
-40.0
-41.0
-44.0
-49.0
-48.0
-43.0
-44.0
-39.0
-24.0
-18.0
-13.0
7.0
26.0
11.0
-8.0
-20.0
-27.0
-40.0
-17.0
-7.0
-10.0
-13.0
-11.0
-12.0
-7.0
-10.0
-2.0
6.0
6.0
-7.0
-11.0
-10.0
-21.0
-29.0
-46.0
-37.0
-55.0
-52.0
-33.0
-44.0
-37.0
-47.0
-40.0
-11.0
-9.0
-10.0
-10.0
-24.0
-30.0
-20.0
-19.0
-32.0
-48.0
-63.0
-47.0
-13.0
-22.0
-40.0
-26.0
-13.0
-20.0
-18.0
-13.0
-36.0
-30.0
-33.0
-55.0
-44.0
-58.0
-54.0
-41.0
-72.0
-74.0
-63.0
-58.0
-36.0
-33.0
-32.0
-42.0
-58.0
-17.0
-32.0
-37.0
-40.0
-58.0
-56.0
-55.0
-61.0
-69.0
-68.0
-53.0
-48.0
-41.0
-37.0
-16.0
-25.0
-31.0
-23.0
-20.0
-22.0
-23.0
-43.0
-35.0
-30.0
-47.0
-47.0
-27.0
-15.0
-25.0
-35.0
-36.0
-44.0
-24.0
-16.0
-31.0
-7.0
-18.0
-15.0
-3.0
-1.0
4.0
25.0
18.0
29.0
44.0
-4.0
2.0
13.0
-10.0
-5.0
-44.0
-33.0
-21.0
-42.0
-53.0
-46.0
-11.0
-33.0
-54.0
-35.0
-34.0
-34.0
-26.0
-42.0
-39.0
-21.0
-22.0
-28.0
-35.0
-44.0
-51.0
-55.0
-48.0
-53.0
-69.0
-63.0
-58.0
-52.0
-45.0
-61.0
-44.0
-23.0
-33.0
-21.0
-15.0
-11.0
3.0
-20.0
-12.0
4.0
-5.0
11.0
-1.0
-11.0
-3.0
-25.0
-33.0
2.0
-5.0
-7.0
2.0
18.0
-3.0
-22.0
6.0
-4.0
1.0
24.0
-8.0
-12.0
10.0
12.0
15.0
0.0
-11.0
1.0
12.0
4.0
2.0
3.0
15.0
6.0
3.0
4.0
-15.0
-15.0
1.0
-1.0
-6.0
8.0
-10.0
4.0
2.0
-10.0
-16.0
-26.0
-13.0
-42.0
-62.0
-48.0
-23.0
-22.0
-18.0
-24.0
-20.0
-20.0
-33.0
-13.0
-6.0
-25.0
5.0
14.0
-5.0
-21.0
-23.0
4.0
-13.0
-29.0
-10.0
-7.0
-27.0
-43.0
-47.0
-43.0
-44.0
-50.0
-51.0
-43.0
-41.0
-51.0
-57.0
-52.0
-59.0
-61.0
-63.0
-54.0
-38.0
-41.0
-45.0
-51.0
-53.0
-36.0
-37.0
-56.0
-56.0
-49.0
-43.0
-30.0
-53.0
-42.0
-27.0
-44.0
-50.0
-22.0
-6.0
-6.0
-2.0
8.0
23.0
16.0
16.0
19.0
33.0
42.0
68.0
57.0
50.0
59.0
61.0
70.0
63.0
52.0
59.0
57.0
51.0
50.0
54.0
70.0
56.0
69.0
79.0
54.0
65.0
68.0
68.0
53.0
33.0
52.0
50.0
59.0
72.0
64.0
64.0
46.0
60.0
78.0
58.0
43.0
59.0
66.0
39.0
32.0
31.0
45.0
49.0
47.0
41.0
42.0
46.0
24.0
18.0
40.0
34.0
25.0
37.0
22.0
11.0
10.0
12.0
6.0
0.0
14.0
6.0
-10.0
-6.0
-7.0
-9.0
7.0
14.0
13.0
3.0
-11.0
-6.0
2.0
-6.0
-6.0
-24.0
-31.0
-31.0
-36.0
-37.0
-17.0
-12.0
-14.0
18.0
19.0
-2.0
-5.0
11.0
0.0
-14.0
-18.0
-22.0
-20.0
-40.0
-41.0
-26.0
-31.0
-36.0
-36.0
-8.0
-6.0
-18.0
-18.0
-6.0
-5.0
7.0
12.0
-2.0
-10.0
-20.0
-35.0
-13.0
-18.0
-45.0
-27.0
-12.0
-26.0
-25.0
-18.0
-7.0
-5.0
-22.0
-27.0
-41.0
-48.0
-45.0
-52.0
-43.0
-34.0
-29.0
-32.0
-29.0
-33.0
-32.0
-26.0
-35.0
-29.0
-25.0
-33.0
-33.0
-23.0
-21.0
2.0
1.0
-7.0
8.0
29.0
6.0
8.0
-4.0
-26.0
-10.0
-13.0
-24.0
-15.0
-17.0
3.0
33.0
19.0
11.0
26.0
31.0
38.0
34.0
20.0
19.0
15.0
13.0
25.0
26.0
-5.0
-14.0
-3.0
-3.0
-14.0
-15.0
-20.0
-24.0
-1.0
-10.0
-1.0
3.0
5.0
-6.0
-17.0
6.0
6.0
-2.0
4.0
7.0
4.0
4.0
5.0
-3.0
-3.0
-25.0
-10.0
-8.0
-3.0
4.0
4.0
5.0
-8.0
-29.0
-27.0
-13.0
-4.0
-13.0
-10.0
-8.0
-8.0
2.0
8.0
14.0
6.0
-1.0
7.0
22.0
43.0
27.0
10.0
7.0
-1.0
-16.0
-10.0
-5.0
-4.0
-14.0
-16.0
-20.0
-14.0
-18.0
-39.0
-27.0
-12.0
-11.0
-21.0
-11.0
3.0
23.0
22.0
2.0
-3.0
12.0
30.0
14.0
3.0
1.0
-7.0
10.0
18.0
6.0
-2.0
-4.0
13.0
29.0
-2.0
3.0
27.0
13.0
15.0
27.0
0.0
-22.0
-12.0
-28.0
-40.0
-40.0
-42.0
-33.0
-33.0
-25.0
-29.0
-25.0
2.0
-2.0
-10.0
-15.0
-26.0
-2.0
3.0
-13.0
-17.0
-25.0
-32.0
-21.0
-10.0
-13.0
-12.0
2.0
22.0
15.0
6.0
30.0
54.0
36.0
45.0
88.0
79.0
70.0
93.0
92.0
82.0
90.0
89.0
85.0
101.0
105.0
110.0
96.0
90.0
111.0
115.0
115.0
119.0
109.0
100.0
93.0
99.0
83.0
73.0
83.0
90.0
87.0
56.0
66.0
72.0
93.0
88.0
78.0
71.0
72.0
82.0
88.0
54.0
73.0
65.0
62.0
76.0
67.0
81.0
89.0
77.0
84.0
83.0
78.0
81.0
66.0
62.0
77.0
71.0
51.0
37.0
41.0
49.0
50.0
63.0
63.0
56.0
48.0
55.0
58.0
55.0
47.0
36.0
36.0
41.0
32.0
21.0
14.0
11.0
13.0
16.0
8.0
3.0
8.0
12.0
-1.0
3.0
10.0
9.0
17.0
11.0
5.0
13.0
2.0
10.0
17.0
6.0
1.0
-16.0
-5.0
1.0
12.0
18.0
-22.0
-22.0
18.0
16.0
-6.0
-4.0
17.0
-3.0
6.0
20.0
6.0
11.0
13.0
27.0
37.0
37.0
31.0
33.0
46.0
54.0
59.0
64.0
44.0
52.0
22.0
13.0
39.0
10.0
-9.0
7.0
7.0
17.0
24.0
33.0
42.0
37.0
48.0
56.0
50.0
68.0
60.0
54.0
55.0
40.0
36.0
12.0
-13.0
-5.0
-14.0
-8.0
-5.0
-13.0
-12.0
-14.0
-13.0
-17.0
-9.0
10.0
7.0
-11.0
-11.0
-17.0
-19.0
-22.0
-30.0
-40.0
-40.0
-42.0
-27.0
-31.0
-46.0
-41.0
-31.0
-20.0
-13.0
-33.0
-35.0
-45.0
-60.0
-53.0
-58.0
-64.0
-59.0
-82.0
-78.0
-67.0
-82.0
-48.0
-25.0
-37.0
-18.0
4.0
25.0
15.0
-26.0
-42.0
-15.0
10.0
18.0
4.0
-2.0
1.0
6.0
-4.0
-14.0
-4.0
21.0
23.0
30.0
25.0
18.0
17.0
4.0
-1.0
-13.0
-10.0
29.0
31.0
28.0
56.0
42.0
31.0
39.0
28.0
28.0
39.0
30.0
31.0
24.0
15.0
17.0
32.0
35.0
61.0
61.0
72.0
61.0
52.0
67.0
55.0
59.0
55.0
31.0
31.0
39.0
20.0
-11.0
-10.0
-1.0
1.0
14.0
26.0
20.0
16.0
41.0
27.0
41.0
43.0
24.0
29.0
14.0
8.0
-3.0
-18.0
6.0
17.0
-3.0
14.0
29.0
23.0
-11.0
4.0
31.0
26.0
16.0
17.0
8.0
3.0
21.0
-20.0
-15.0
1.0
-15.0
-14.0
-10.0
-13.0
-17.0
-26.0
-12.0
-5.0
-1.0
22.0
13.0
11.0
-5.0
-7.0
-6.0
-3.0
-11.0
3.0
5.0
-11.0
8.0
4.0
3.0
2.0
-15.0
-2.0
24.0
35.0
20.0
16.0
41.0
33.0
2.0
-5.0
-12.0
0.0
-2.0
1.0
11.0
-2.0
-14.0
-1.0
5.0
1.0
-5.0
-31.0
-30.0
-31.0
-31.0
-34.0
-31.0
-34.0
-46.0
-26.0
6.0
30.0
15.0
33.0
43.0
5.0
0.0
-16.0
-17.0
-35.0
-43.0
-24.0
-64.0
-45.0
-38.0
-31.0
10.0
2.0
68.0
65.0
51.0
114.0
104.0
55.0
64.0
55.0
22.0
6.0
8.0
37.0
31.0
16.0
56.0
91.0
65.0
87.0
102.0
91.0
100.0
84.0
68.0
51.0
37.0
36.0
21.0
-4.0
6.0
-11.0
11.0
5.0
21.0
60.0
53.0
37.0
69.0
55.0
31.0
32.0
31.0
34.0
31.0
50.0
67.0
53.0
52.0
54.0
68.0
58.0
48.0
56.0
55.0
58.0
80.0
62.0
41.0
59.0
62.0
62.0
74.0
101.0
92.0
82.0
79.0
68.0
42.0
96.0
69.0
37.0
26.0
-3.0
42.0
24.0
-34.0
-42.0
-44.0
-17.0
-30.0
-27.0
-10.0
-25.0
-32.0
-34.0
-33.0
-65.0
-95.0
-142.0
-165.0
-172.0
-201.0
-240.0
-245.0
-248.0
-242.0
-244.0
-248.0
-248.0
-247.0
-240.0
-241.0
-246.0
-244.0
-244.0
-248.0
-244.0
-248.0
-246.0
-224.0
-232.0
-230.0
-233.0
-238.0
-228.0
-224.0
-210.0
-193.0
-211.0
-204.0
-188.0
-201.0
-195.0
-192.0
-190.0
-180.0
-168.0
-165.0
-157.0
-158.0
-151.0
-136.0
-122.0
-123.0
-115.0
-131.0
-74.0
-63.0
-67.0
-48.0
-58.0
-87.0
-80.0
-85.0
-94.0
-85.0
-64.0
-80.0
-88.0
-83.0
-81.0
-79.0
-81.0
-72.0
-60.0
-59.0
-58.0
-61.0
-56.0
-54.0
-49.0
-51.0
-44.0
-58.0
-55.0
-46.0
-56.0
-51.0
-54.0
-40.0
-34.0
-43.0
-53.0
-42.0
-34.0
-41.0
-27.0
-16.0
3.0
-13.0
-14.0
-21.0
-29.0
-7.0
-3.0
13.0
12.0
2.0
7.0
14.0
15.0
17.0
13.0
9.0
16.0
8.0
13.0
28.0
5.0
15.0
28.0
9.0
5.0
-10.0
-13.0
12.0
7.0
6.0
29.0
22.0
35.0
27.0
22.0
16.0
3.0
15.0
18.0
33.0
31.0
29.0
44.0
45.0
35.0
34.0
40.0
31.0
30.0
39.0
44.0
43.0
25.0
45.0
42.0
34.0
52.0
29.0
7.0
56.0
26.0
-3.0
-3.0
-3.0
14.0
4.0
3.0
10.0
-23.0
-22.0
-6.0
-4.0
-10.0
-21.0
-10.0
-18.0
-6.0
22.0
13.0
6.0
21.0
12.0
20.0
27.0
12.0
14.0
2.0
-3.0
7.0
-3.0
11.0
10.0
22.0
37.0
33.0
15.0
18.0
21.0
25.0
24.0
14.0
12.0
14.0
21.0
22.0
17.0
21.0
37.0
30.0
33.0
26.0
26.0
22.0
12.0
16.0
26.0
34.0
50.0
41.0
37.0
41.0
19.0
15.0
28.0
18.0
4.0
6.0
7.0
21.0
15.0
10.0
26.0
21.0
32.0
39.0
30.0
-22.0
4.0
88.0
84.0
130.0
171.0
166.0
154.0
165.0
177.0
160.0
146.0
144.0
158.0
143.0
136.0
142.0
126.0
102.0
104.0
105.0
112.0
129.0
97.0
103.0
105.0
127.0
123.0
116.0
131.0
138.0
130.0
121.0
100.0
115.0
111.0
87.0
114.0
140.0
134.0
136.0
109.0
122.0
149.0
144.0
122.0
120.0
121.0
131.0
133.0
142.0
136.0
118.0
132.0
139.0
122.0
122.0
129.0
133.0
139.0
142.0
140.0
133.0
129.0
138.0
125.0
133.0
138.0
103.0
111.0
118.0
131.0
128.0
118.0
126.0
121.0
118.0
137.0
109.0
112.0
144.0
128.0
158.0
248.0
228.0
260.0
278.0
268.0
269.0
270.0
269.0
270.0
270.0
269.0
266.0
262.0
251.0
211.0
197.0
212.0
216.0
194.0
218.0
217.0
208.0
213.0
240.0
215.0
204.0
225.0
195.0
209.0
205.0
180.0
185.0
175.0
169.0
181.0
202.0
153.0
144.0
181.0
158.0
165.0
186.0
169.0
186.0
176.0
188.0
176.0
160.0
153.0
163.0
160.0
161.0
133.0
151.0
148.0
125.0
134.0
143.0
133.0
125.0
156.0
148.0
148.0
161.0
154.0
149.0
140.0
134.0
152.0
146.0
133.0
134.0
129.0
115.0
147.0
154.0
119.0
153.0
150.0
130.0
112.0
124.0
120.0
106.0
129.0
165.0
122.0
129.0
143.0
107.0
145.0
137.0
120.0
92.0
90.0
101.0
90.0
67.0
101.0
83.0
68.0
94.0
82.0
76.0
84.0
52.0
54.0
56.0
66.0
58.0
53.0
37.0
45.0
67.0
63.0
59.0
51.0
89.0
82.0
67.0
90.0
75.0
67.0
68.0
53.0
59.0
43.0
37.0
37.0
34.0
15.0
40.0
34.0
15.0
46.0
58.0
43.0
62.0
59.0
48.0
31.0
21.0
17.0
25.0
8.0
-26.0
-52.0
-23.0
-23.0
-8.0
-37.0
-48.0
-8.0
-11.0
-10.0
1.0
-9.0
-1.0
25.0
36.0
3.0
3.0
14.0
4.0
-7.0
-11.0
-33.0
-45.0
-37.0
-42.0
-23.0
-26.0
-26.0
13.0
-5.0
3.0
4.0
-12.0
1.0
-40.0
-30.0
-30.0
-36.0
-34.0
-54.0
-56.0
-48.0
-60.0
-44.0
-37.0
-45.0
-56.0
-39.0
-47.0
-61.0
-52.0
-56.0
-50.0
-55.0
-56.0
-51.0
-65.0
-67.0
-53.0
-79.0
-58.0
-42.0
-67.0
-40.0
-9.0
6.0
25.0
24.0
12.0
3.0
5.0
-11.0
-48.0
-47.0
-67.0
-58.0
-27.0
-44.0
-39.0
14.0
-21.0
-34.0
10.0
5.0
16.0
18.0
17.0
13.0
-23.0
-46.0
-55.0
-69.0
-78.0
-104.0
-80.0
-72.0
-59.0
-39.0
-6.0
2.0
1.0
13.0
19.0
22.0
-6.0
-16.0
-22.0
-30.0
-46.0
-84.0
-96.0
-90.0
-93.0
-50.0
-43.0
-67.0
-39.0
-69.0
-98.0
-65.0
-85.0
-72.0
-77.0
-112.0
-105.0
-119.0
-129.0
-148.0
-157.0
-142.0
-137.0
-130.0
-130.0
-128.0
-135.0
-119.0
-113.0
-112.0
-116.0
-134.0
-141.0
-142.0
-112.0
-135.0
-143.0
-142.0
-136.0
-142.0
-129.0
-132.0
-147.0
-158.0
-175.0
-182.0
-173.0
-161.0
-167.0
-155.0
-137.0
-131.0
-125.0
-103.0
-115.0
-109.0
-109.0
-117.0
-83.0
-81.0
-102.0
-133.0
-140.0
-150.0
-156.0
-141.0
-114.0
-121.0
-110.0
-110.0
-108.0
-62.0
-33.0
-28.0
-40.0
-36.0
-73.0
-79.0
-69.0
-100.0
-93.0
-80.0
-99.0
-128.0
-116.0
-41.0
-45.0
-40.0
3.0
-8.0
-27.0
-32.0
-42.0
-29.0
-55.0
-80.0
-58.0
-67.0
-120.0
-97.0
-80.0
-79.0
-67.0
-72.0
-65.0
-59.0
-63.0
-79.0
-54.0
-45.0
-56.0
-65.0
-81.0
-83.0
-83.0
-72.0
-100.0
-93.0
-110.0
-127.0
-111.0
-125.0
-144.0
-127.0
-120.0
-115.0
-106.0
-87.0
-88.0
-87.0
-86.0
-61.0
-49.0
-60.0
-51.0
-59.0
-74.0
-103.0
-128.0
-126.0
-122.0
-124.0
-139.0
-144.0
-133.0
-117.0
-103.0
-99.0
-95.0
-82.0
-67.0
-68.0
-72.0
-85.0
-96.0
-107.0
-127.0
-120.0
-120.0
-137.0
-125.0
-135.0
-152.0
-124.0
-130.0
-153.0
-142.0
-126.0
-123.0
-140.0
-168.0
-165.0
-162.0
-166.0
-176.0
-179.0
-167.0
-158.0
-169.0
-150.0
-139.0
-115.0
-119.0
-126.0
-122.0
-109.0
-109.0
-130.0
-112.0
-107.0
-117.0
-91.0
-118.0
-130.0
-99.0
-80.0
-96.0
-103.0
-90.0
-83.0
-96.0
-77.0
-40.0
-40.0
-21.0
-11.0
-1.0
15.0
-16.0
-23.0
-12.0
-12.0
-30.0
-25.0
-34.0
-47.0
-75.0
-76.0
-51.0
-49.0
-60.0
-42.0
-34.0
-14.0
5.0
-10.0
-23.0
1.0
24.0
-4.0
-51.0
-50.0
-57.0
-55.0
-61.0
-86.0
-87.0
-62.0
-50.0
-64.0
1.0
10.0
6.0
27.0
24.0
23.0
26.0
36.0
18.0
-10.0
-28.0
-11.0
-20.0
-25.0
-44.0
-46.0
-1.0
-17.0
-26.0
33.0
12.0
8.0
11.0
-9.0
7.0
-26.0
-53.0
-73.0
-92.0
-42.0
-58.0
-87.0
-74.0
-78.0
-83.0
-79.0
-78.0
-86.0
-86.0
-80.0
-81.0
-87.0
-97.0
-99.0
-109.0
-107.0
-128.0
-129.0
-139.0
-138.0
-148.0
-142.0
-131.0
-120.0
-130.0
-126.0
-109.0
-106.0
-117.0
-121.0
-119.0
-108.0
-122.0
-129.0
-135.0
-153.0
-127.0
-109.0
-103.0
-78.0
-69.0
-97.0
-102.0
-60.0
-59.0
-43.0
-27.0
-20.0
-44.0
-72.0
-47.0
-51.0
-67.0
-51.0
-54.0
-63.0
-59.0
-59.0
-27.0
-28.0
-14.0
13.0
8.0
7.0
16.0
4.0
14.0
29.0
28.0
27.0
24.0
25.0
27.0
1.0
5.0
13.0
3.0
6.0
-13.0
-8.0
-4.0
-18.0
9.0
9.0
4.0
24.0
16.0
23.0
34.0
8.0
-7.0
-30.0
-17.0
-21.0
-40.0
-7.0
27.0
8.0
7.0
10.0
-3.0
13.0
-1.0
-1.0
7.0
-11.0
-2.0
-14.0
-32.0
-15.0
-11.0
-16.0
-6.0
8.0
2.0
-26.0
-39.0
-18.0
-6.0
18.0
-4.0
-21.0
-1.0
-29.0
-46.0
-27.0
-74.0
-76.0
-55.0
-81.0
-103.0
-141.0
-152.0
-219.0
-254.0
-238.0
-248.0
-243.0
-240.0
-252.0
-249.0
-248.0
-249.0
-247.0
-240.0
-242.0
-240.0
-245.0
-240.0
-244.0
-249.0
-246.0
-247.0
-246.0
-232.0
-242.0
-242.0
-230.0
-231.0
-209.0
-199.0
-186.0
-182.0
-197.0
-173.0
-174.0
-196.0
-192.0
-188.0
-193.0
-205.0
-192.0
-174.0
-168.0
-168.0
-167.0
-199.0
-109.0
-56.0
-33.0
-21.0
-11.0
-17.0
-28.0
-58.0
-80.0
-74.0
-75.0
-73.0
-93.0
-114.0
-107.0
-115.0
-116.0
-85.0
-85.0
-106.0
-72.0
-92.0
-109.0
-94.0
-97.0
-87.0
-100.0
-94.0
-86.0
-76.0
-77.0
-82.0
-91.0
-77.0
-83.0
-72.0
-46.0
-53.0
-49.0
-57.0
-79.0
-69.0
-52.0
-59.0
-70.0
-74.0
-86.0
-78.0
-78.0
-81.0
-75.0
-65.0
-59.0
-68.0
-58.0
-48.0
-45.0
-28.0
-38.0
-48.0
-45.0
-44.0
-32.0
-46.0
-55.0
-33.0
-37.0
-36.0
-35.0
-39.0
-27.0
-10.0
-19.0
-3.0
4.0
8.0
5.0
-5.0
13.0
46.0
25.0
18.0
13.0
4.0
16.0
32.0
26.0
28.0
27.0
24.0
19.0
24.0
17.0
6.0
18.0
23.0
20.0
38.0
45.0
54.0
59.0
52.0
68.0
78.0
59.0
57.0
63.0
71.0
51.0
23.0
53.0
48.0
37.0
55.0
54.0
52.0
69.0
82.0
92.0
89.0
63.0
61.0
56.0
68.0
81.0
75.0
68.0
65.0
70.0
70.0
72.0
67.0
67.0
67.0
72.0
80.0
80.0
83.0
77.0
86.0
95.0
71.0
77.0
81.0
64.0
63.0
61.0
69.0
84.0
72.0
80.0
77.0
51.0
63.0
67.0
68.0
70.0
60.0
50.0
54.0
62.0
55.0
45.0
64.0
68.0
42.0
46.0
48.0
21.0
15.0
7.0
18.0
24.0
2.0
3.0
22.0
26.0
33.0
28.0
13.0
3.0
-3.0
12.0
5.0
-18.0
-17.0
-22.0
-17.0
-11.0
-22.0
-24.0
-8.0
10.0
25.0
8.0
-4.0
-5.0
-11.0
5.0
-4.0
4.0
16.0
18.0
17.0
5.0
2.0
19.0
18.0
1.0
-3.0
6.0
5.0
8.0
1.0
6.0
20.0
10.0
-2.0
2.0
1.0
0.0
-15.0
-1.0
-8.0
-12.0
4.0
6.0
16.0
30.0
23.0
26.0
25.0
38.0
18.0
-6.0
-5.0
-10.0
-12.0
-7.0
-13.0
-24.0
-1.0
-4.0
10.0
15.0
2.0
7.0
16.0
11.0
21.0
11.0
15.0
-29.0
30.0
60.0
52.0
77.0
95.0
71.0
56.0
75.0
70.0
81.0
72.0
64.0
71.0
62.0
52.0
68.0
50.0
60.0
50.0
45.0
52.0
40.0
44.0
62.0
54.0
46.0
36.0
51.0
69.0
60.0
64.0
62.0
63.0
81.0
67.0
40.0
60.0
49.0
45.0
56.0
68.0
59.0
78.0
82.0
81.0
73.0
74.0
74.0
60.0
54.0
51.0
50.0
46.0
34.0
43.0
36.0
31.0
46.0
41.0
18.0
25.0
44.0
44.0
59.0
55.0
57.0
67.0
81.0
74.0
55.0
60.0
51.0
51.0
53.0
48.0
37.0
38.0
44.0
44.0
49.0
54.0
54.0
53.0
62.0
59.0
76.0
71.0
64.0
69.0
56.0
54.0
69.0
58.0
69.0
80.0
56.0
71.0
77.0
79.0
62.0
61.0
53.0
64.0
78.0
73.0
80.0
76.0
68.0
60.0
54.0
60.0
65.0
56.0
70.0
77.0
79.0
68.0
82.0
95.0
98.0
77.0
96.0
94.0
70.0
68.0
79.0
99.0
124.0
157.0
238.0
279.0
268.0
266.0
268.0
270.0
270.0
270.0
237.0
182.0
168.0
149.0
109.0
87.0
51.0
13.0
7.0
-27.0
-55.0
-61.0
-72.0
-76.0
-90.0
-119.0
-117.0
-121.0
-129.0
-137.0
-157.0
-166.0
-165.0
-196.0
-210.0
-196.0
-209.0
-206.0
-217.0
-229.0
-203.0
-210.0
-208.0
-189.0
-180.0
-171.0
-184.0
-196.0
-191.0
-206.0
-213.0
-204.0
-201.0
-196.0
-193.0
-195.0
-202.0
-234.0
-168.0
-105.0
-78.0
-50.0
-33.0
-14.0
-11.0
-28.0
-28.0
-32.0
-37.0
-46.0
-65.0
-81.0
-86.0
-107.0
-104.0
-84.0
-84.0
-91.0
-97.0
-88.0
-77.0
-86.0
-79.0
-90.0
-98.0
-88.0
-80.0
-84.0
-81.0
-74.0
-84.0
-95.0
-80.0
-71.0
-81.0
-101.0
-81.0
-81.0
-79.0
-56.0
-74.0
-68.0
-70.0
-72.0
-74.0
-88.0
-81.0
-67.0
-68.0
-80.0
-97.0
-78.0
-69.0
-67.0
-59.0
-59.0
-61.0
-55.0
-54.0
-48.0
-38.0
-54.0
-50.0
-64.0
-67.0
-30.0
-32.0
-45.0
-35.0
-54.0
-39.0
-21.0
-26.0
-11.0
-18.0
-13.0
-1.0
-14.0
-15.0
6.0
27.0
12.0
-5.0
-10.0
-10.0
-8.0
0.0
-10.0
-35.0
-7.0
21.0
27.0
41.0
28.0
15.0
18.0
26.0
35.0
22.0
30.0
11.0
6.0
5.0
-4.0
6.0
2.0
8.0
13.0
3.0
21.0
11.0
-2.0
-13.0
-4.0
-28.0
-34.0
-16.0
-40.0
-46.0
-45.0
-54.0
-76.0
-65.0
-39.0
-34.0
-35.0
-35.0
-26.0
-34.0
-35.0
-41.0
-37.0
-24.0
-20.0
-18.0
-10.0
-24.0
-15.0
-10.0
-15.0
-7.0
-13.0
2.0
-11.0
-17.0
-3.0
-9.0
-5.0
-5.0
-15.0
7.0
8.0
4.0
6.0
-1.0
-4.0
8.0
-5.0
3.0
-12.0
-22.0
-14.0
-4.0
5.0
-11.0
-12.0
11.0
5.0
6.0
31.0
8.0
6.0
8.0
-6.0
6.0
-11.0
-27.0
-3.0
-11.0
-13.0
-10.0
-9.0
-2.0
22.0
3.0
7.0
0.0
-4.0
-7.0
-2.0
44.0
2.0
-22.0
-3.0
-17.0
-5.0
-5.0
-20.0
-11.0
-14.0
-11.0
3.0
-21.0
-15.0
-4.0
-13.0
-6.0
5.0
-3.0
-2.0
12.0
34.0
25.0
25.0
32.0
27.0
34.0
33.0
8.0
5.0
26.0
14.0
27.0
38.0
30.0
21.0
35.0
50.0
54.0
45.0
58.0
50.0
52.0
57.0
37.0
46.0
62.0
38.0
16.0
-16.0
88.0
136.0
121.0
162.0
193.0
220.0
220.0
193.0
175.0
169.0
165.0
167.0
161.0
126.0
143.0
139.0
116.0
130.0
136.0
135.0
134.0
129.0
139.0
116.0
113.0
118.0
113.0
103.0
95.0
83.0
105.0
120.0
117.0
120.0
106.0
103.0
97.0
95.0
118.0
117.0
92.0
93.0
106.0
108.0
106.0
107.0
117.0
140.0
152.0
138.0
118.0
124.0
133.0
134.0
113.0
101.0
113.0
112.0
128.0
131.0
111.0
108.0
124.0
133.0
116.0
106.0
123.0
146.0
125.0
122.0
117.0
102.0
141.0
153.0
124.0
129.0
126.0
156.0
167.0
134.0
122.0
138.0
122.0
115.0
125.0
98.0
121.0
121.0
111.0
124.0
119.0
129.0
154.0
162.0
185.0
219.0
253.0
268.0
269.0
267.0
266.0
268.0
269.0
269.0
270.0
265.0
248.0
209.0
171.0
161.0
131.0
107.0
99.0
93.0
60.0
49.0
31.0
-4.0
-14.0
-35.0
-48.0
-62.0
-87.0
-82.0
-99.0
-105.0
-99.0
-116.0
-126.0
-130.0
-135.0
-125.0
-130.0
-146.0
-155.0
-167.0
-171.0
-174.0
-170.0
-168.0
-191.0
-187.0
-162.0
-177.0
-182.0
-152.0
-156.0
-154.0
-153.0
-160.0
-142.0
-127.0
-135.0
-132.0
-139.0
-136.0
-128.0
-133.0
-135.0
-143.0
-148.0
-128.0
-129.0
-135.0
-110.0
-100.0
-135.0
-127.0
-102.0
-92.0
-104.0
-102.0
-106.0
-101.0
-110.0
-108.0
-129.0
-125.0
-110.0
-96.0
-91.0
-110.0
-100.0
-98.0
-86.0
-82.0
-90.0
-97.0
-98.0
-99.0
-85.0
-103.0
-105.0
-102.0
-105.0
-91.0
-99.0
-111.0
-111.0
-102.0
-101.0
-103.0
-82.0
-79.0
-88.0
-85.0
-58.0
-70.0
-91.0
-89.0
-73.0
-69.0
-88.0
-111.0
-130.0
-121.0
-121.0
-112.0
-124.0
-121.0
-99.0
-102.0
-101.0
-92.0
-107.0
-92.0
-99.0
-90.0
-88.0
-102.0
-105.0
-107.0
-109.0
-101.0
-105.0
-114.0
-99.0
-105.0
-106.0
-86.0
-82.0
-76.0
-105.0
-107.0
-96.0
-97.0
-99.0
-102.0
-81.0
-67.0
-78.0
-81.0
-63.0
-59.0
-55.0
-46.0
-63.0
-67.0
-60.0
-70.0
-91.0
-104.0
-108.0
-126.0
-130.0
-124.0
-123.0
-97.0
-94.0
-113.0
-116.0
-105.0
-107.0
-119.0
-107.0
-100.0
-98.0
-99.0
-111.0
-102.0
-92.0
-101.0
-105.0
-107.0
-98.0
-87.0
-89.0
-99.0
-92.0
-82.0
-76.0
-95.0
-89.0
-104.0
-90.0
-96.0
-107.0
-83.0
-67.0
-71.0
-119.0
-127.0
3.0
-25.0
-13.0
14.0
27.0
8.0
-20.0
-16.0
-12.0
-12.0
-12.0
-15.0
-35.0
-32.0
-23.0
-23.0
-30.0
-31.0
-28.0
-23.0
-21.0
-34.0
-22.0
-13.0
-6.0
-23.0
-53.0
-40.0
-26.0
-47.0
-49.0
-51.0
-39.0
-46.0
-53.0
-52.0
-50.0
-44.0
-64.0
-52.0
-19.0
-15.0
-40.0
-19.0
-21.0
-33.0
-43.0
-48.0
-65.0
-70.0
-71.0
-80.0
-78.0
-79.0
-79.0
-89.0
-80.0
-74.0
-62.0
-51.0
-71.0
-65.0
-49.0
-64.0
-54.0
-66.0
-62.0
-36.0
-50.0
-60.0
-55.0
-60.0
-55.0
-58.0
-71.0
-28.0
-30.0
-33.0
-31.0
-48.0
-41.0
-36.0
-43.0
-56.0
-64.0
-34.0
-34.0
-52.0
-41.0
-45.0
-40.0
-40.0
-41.0
-25.0
-23.0
-20.0
-2.0
-26.0
-40.0
-43.0
-45.0
-21.0
-21.0
-44.0
-31.0
-45.0
-61.0
-29.0
-27.0
-43.0
-44.0
-38.0
-37.0
-35.0
-27.0
-40.0
-38.0
-31.0
-31.0
-25.0
-40.0
-48.0
-67.0
-71.0
-67.0
-62.0
-68.0
-63.0
-54.0
-45.0
-60.0
-72.0
-35.0
-32.0
-42.0
-36.0
-43.0
-49.0
-48.0
-62.0
-69.0
-58.0
-50.0
-41.0
-30.0
-41.0
-26.0
3.0
18.0
42.0
90.0
125.0
185.0
238.0
267.0
270.0
269.0
270.0
270.0
263.0
257.0
255.0
255.0
259.0
243.0
233.0
249.0
230.0
220.0
218.0
206.0
209.0
199.0
200.0
207.0
200.0
199.0
197.0
225.0
213.0
188.0
175.0
193.0
173.0
138.0
155.0
159.0
149.0
162.0
176.0
168.0
166.0
161.0
167.0
156.0
133.0
137.0
146.0
171.0
144.0
157.0
167.0
166.0
180.0
158.0
149.0
154.0
135.0
137.0
121.0
107.0
105.0
118.0
114.0
102.0
98.0
105.0
111.0
134.0
132.0
138.0
142.0
120.0
114.0
134.0
111.0
109.0
107.0
87.0
98.0
97.0
93.0
79.0
58.0
48.0
78.0
75.0
82.0
82.0
81.0
79.0
73.0
62.0
56.0
64.0
54.0
52.0
33.0
45.0
52.0
45.0
50.0
57.0
56.0
54.0
70.0
32.0
30.0
-12.0
-56.0
-103.0
-108.0
-110.0
-166.0
-194.0
-205.0
-193.0
-178.0
-164.0
-197.0
-221.0
-243.0
-247.0
-248.0
-251.0
-249.0
-248.0
-248.0
-247.0
-247.0
-247.0
-249.0
-248.0
-241.0
-246.0
-238.0
-241.0
-243.0
-238.0
-242.0
-237.0
-233.0
-229.0
-211.0
-196.0
-204.0
-206.0
-177.0
-179.0
-193.0
-202.0
-185.0
-163.0
-174.0
-179.0
-193.0
-187.0
-183.0
-199.0
-168.0
-167.0
-204.0
-173.0
-96.0
-97.0
-92.0
-67.0
-70.0
-89.0
-104.0
-98.0
-98.0
-106.0
-96.0
-114.0
-113.0
-87.0
-113.0
-101.0
-113.0
-118.0
-106.0
-124.0
-128.0
-132.0
-103.0
-92.0
-101.0
-98.0
-101.0
-121.0
-112.0
-107.0
-121.0
-122.0
-108.0
-101.0
-103.0
-92.0
-88.0
-106.0
-116.0
-105.0
-109.0
-119.0
-118.0
-125.0
-96.0
-83.0
-109.0
-97.0
-86.0
-109.0
-90.0
-91.0
-88.0
-86.0
-102.0
-76.0
-74.0
-92.0
-84.0
-88.0
-101.0
-97.0
-97.0
-99.0
-97.0
-92.0
-85.0
-101.0
-107.0
-83.0
-79.0
-65.0
-71.0
-72.0
-52.0
-52.0
-53.0
-57.0
-79.0
-65.0
-74.0
-85.0
-72.0
-70.0
-71.0
-63.0
-65.0
-49.0
-31.0
-35.0
-32.0
-51.0
-34.0
-30.0
-61.0
-59.0
-47.0
-62.0
-66.0
-66.0
-51.0
-54.0
-59.0
-46.0
-45.0
-32.0
-27.0
-42.0
-30.0
-31.0
-47.0
-40.0
-61.0
-65.0
-43.0
-55.0
-87.0
-56.0
-26.0
-22.0
-16.0
-24.0
-6.0
-13.0
-27.0
-47.0
-54.0
-39.0
-40.0
-46.0
-44.0
-52.0
-52.0
-31.0
-32.0
-34.0
-46.0
-55.0
-36.0
-42.0
-14.0
-24.0
-29.0
-20.0
-38.0
-38.0
-24.0
-54.0
-40.0
-44.0
-53.0
-39.0
-48.0
-65.0
-61.0
-70.0
-71.0
-53.0
-70.0
-74.0
-81.0
-61.0
-50.0
-62.0
-68.0
-50.0
-50.0
-61.0
-63.0
-53.0
-48.0
-52.0
-62.0
-63.0
-67.0
-57.0
-71.0
-56.0
-37.0
-45.0
-33.0
-27.0
-50.0
-46.0
-46.0
-57.0
-60.0
-50.0
-50.0
-32.0
-52.0
-54.0
-43.0
-41.0
-26.0
-30.0
-20.0
-39.0
-36.0
-25.0
-25.0
-25.0
-43.0
-42.0
-54.0
-51.0
-54.0
-51.0
-55.0
-40.0
-34.0
-32.0
-37.0
-28.0
-32.0
-15.0
-29.0
-40.0
-26.0
-30.0
-11.0
-23.0
-52.0
-37.0
-49.0
-22.0
-22.0
-53.0
-42.0
-40.0
-40.0
-26.0
-26.0
-36.0
-15.0
-39.0
-40.0
-46.0
-49.0
-22.0
-35.0
-35.0
-41.0
-56.0
-43.0
-36.0
-35.0
-34.0
-35.0
-40.0
-26.0
-25.0
-26.0
-35.0
-29.0
-3.0
-13.0
-38.0
-29.0
-49.0
-51.0
-37.0
-35.0
-54.0
-67.0
-54.0
-47.0
-35.0
-23.0
-29.0
-27.0
-29.0
-17.0
-20.0
-14.0
-43.0
-47.0
-37.0
-24.0
-8.0
-28.0
-40.0
-45.0
-51.0
-16.0
-8.0
-29.0
-33.0
-27.0
-50.0
-37.0
-20.0
-34.0
3.0
-23.0
-37.0
-18.0
-33.0
-42.0
-41.0
-29.0
-17.0
-32.0
-14.0
2.0
-30.0
-21.0
-18.0
-14.0
0.0
-4.0
-23.0
-37.0
-61.0
-45.0
-31.0
-44.0
-60.0
-48.0
-56.0
-31.0
-21.0
-27.0
-15.0
-2.0
4.0
4.0
-13.0
-43.0
-37.0
-29.0
-28.0
-20.0
-31.0
-35.0
-6.0
-23.0
-26.0
-16.0
-10.0
-10.0
-24.0
-35.0
-32.0
-23.0
-14.0
-7.0
-20.0
-36.0
-7.0
10.0
-3.0
9.0
25.0
31.0
29.0
41.0
11.0
-4.0
17.0
7.0
9.0
26.0
14.0
4.0
3.0
15.0
37.0
20.0
12.0
16.0
24.0
26.0
11.0
-5.0
16.0
24.0
23.0
27.0
18.0
4.0
13.0
22.0
13.0
24.0
16.0
-4.0
5.0
21.0
27.0
-2.0
25.0
41.0
35.0
44.0
-1.0
23.0
35.0
16.0
19.0
32.0
26.0
10.0
0.0
16.0
23.0
20.0
25.0
22.0
23.0
23.0
12.0
12.0
23.0
-1.0
2.0
1.0
2.0
-8.0
-36.0
-8.0
16.0
11.0
16.0
-3.0
12.0
15.0
-1.0
4.0
0.0
-5.0
-11.0
-19.0
-7.0
-6.0
-29.0
-6.0
-12.0
3.0
-5.0
-14.0
-44.0
-36.0
-13.0
-16.0
-15.0
-44.0
-19.0
-14.0
-32.0
-27.0
-6.0
-10.0
-8.0
-12.0
2.0
-5.0
-1.0
1.0
-3.0
-1.0
2.0
-12.0
-13.0
-5.0
14.0
19.0
-5.0
31.0
31.0
43.0
111.0
166.0
195.0
262.0
278.0
266.0
270.0
270.0
269.0
262.0
212.0
197.0
154.0
114.0
106.0
74.0
53.0
27.0
-6.0
-11.0
-27.0
-36.0
-35.0
-70.0
-77.0
-78.0
-90.0
-111.0
-118.0
-102.0
-99.0
-101.0
-102.0
-134.0
-142.0
-132.0
-133.0
-135.0
-154.0
-181.0
-164.0
-156.0
-158.0
-161.0
-178.0
-166.0
-145.0
-154.0
-133.0
-146.0
-162.0
-150.0
-161.0
-168.0
-131.0
-133.0
-142.0
-154.0
-161.0
-145.0
-163.0
-146.0
-152.0
-171.0
-168.0
-149.0
-154.0
-173.0
-162.0
-164.0
-163.0
-150.0
-150.0
-159.0
-152.0
-137.0
-132.0
-135.0
-148.0
-156.0
-145.0
-126.0
-133.0
-134.0
-134.0
-135.0
-122.0
-135.0
-149.0
-153.0
-140.0
-142.0
-155.0
-142.0
-158.0
-142.0
-107.0
-129.0
-126.0
-115.0
-88.0
-105.0
-125.0
-124.0
-129.0
-120.0
-105.0
-97.0
-115.0
-110.0
-110.0
-117.0
-119.0
-118.0
-114.0
-106.0
-107.0
-108.0
-110.0
-68.0
-61.0
-58.0
-72.0
-71.0
-80.0
-90.0
-86.0
-73.0
-70.0
-76.0
-96.0
-111.0
-106.0
-88.0
-74.0
-74.0
-73.0
-77.0
-66.0
-67.0
-80.0
-88.0
-102.0
-103.0
-90.0
-87.0
-93.0
-79.0
-78.0
-88.0
-81.0
-102.0
-88.0
-72.0
-90.0
-65.0
-83.0
-90.0
-76.0
-85.0
-106.0
-99.0
-80.0
-69.0
-60.0
-73.0
-80.0
-71.0
-68.0
-61.0
-75.0
-69.0
-55.0
-69.0
-76.0
-84.0
-87.0
-74.0
-64.0
-53.0
-59.0
-59.0
-58.0
-58.0
-60.0
-86.0
-79.0
-59.0
-32.0
-35.0
-59.0
-69.0
-56.0
-51.0
-51.0
-57.0
-57.0
-48.0
-54.0
-59.0
-58.0
-50.0
-28.0
-33.0
-46.0
-40.0
-17.0
-24.0
-44.0
-41.0
-31.0
-18.0
-48.0
-53.0
-44.0
-74.0
-53.0
-21.0
-43.0
-39.0
-56.0
-44.0
-27.0
-14.0
-22.0
-22.0
-8.0
15.0
-22.0
-32.0
-4.0
-16.0
-5.0
3.0
-24.0
-13.0
-18.0
-37.0
-22.0
-23.0
-14.0
-1.0
4.0
-8.0
-15.0
1.0
0.0
16.0
15.0
-1.0
-22.0
-22.0
-30.0
-35.0
-17.0
-33.0
-31.0
-44.0
-62.0
-56.0
-63.0
-29.0
-37.0
-66.0
-64.0
-55.0
-45.0
-37.0
-48.0
-60.0
-54.0
-54.0
-39.0
-55.0
-39.0
-18.0
-27.0
4.0
-7.0
-29.0
-23.0
-32.0
-13.0
-16.0
-56.0
-67.0
-65.0
-58.0
-44.0
-53.0
-56.0
-51.0
-55.0
-31.0
-16.0
-43.0
-32.0
-21.0
-34.0
-31.0
-30.0
-56.0
-61.0
-47.0
-38.0
-62.0
-42.0
-30.0
-53.0
-50.0
-42.0
-34.0
-34.0
-35.0
-34.0
-40.0
-44.0
-42.0
-65.0
-65.0
-56.0
-54.0
-54.0
-49.0
-76.0
-56.0
-40.0
-54.0
-57.0
-68.0
-70.0
-48.0
-43.0
-42.0
-48.0
-54.0
-52.0
-51.0
-50.0
-70.0
-74.0
-52.0
-53.0
-53.0
-61.0
-70.0
-64.0
-43.0
-67.0
-47.0
-29.0
-54.0
-38.0
-35.0
-44.0
-55.0
-60.0
-48.0
-48.0
-67.0
-86.0
-76.0
-64.0
-46.0
-46.0
-58.0
-73.0
-63.0
-58.0
-86.0
-78.0
-69.0
-58.0
-37.0
-62.0
-68.0
-69.0
-53.0
-38.0
-41.0
-53.0
-56.0
-50.0
-56.0
-46.0
-54.0
-80.0
-21.0
-40.0
-36.0
-32.0
-31.0
-27.0
-56.0
-64.0
-41.0
-61.0
-41.0
-28.0
-70.0
-69.0
-40.0
-32.0
-31.0
-29.0
-35.0
-15.0
-27.0
-21.0
-39.0
-33.0
-35.0
-50.0
-36.0
-56.0
-71.0
-60.0
-73.0
-70.0
-39.0
-43.0
-43.0
-47.0
-55.0
-27.0
-27.0
-40.0
-36.0
-39.0
-29.0
-41.0
-45.0
-35.0
-51.0
-34.0
-33.0
-40.0
-15.0
1.0
-4.0
-18.0
-38.0
-20.0
-7.0
-16.0
-42.0
-40.0
-40.0
-45.0
-21.0
-4.0
-7.0
-13.0
-16.0
-49.0
-18.0
25.0
23.0
4.0
-2.0
-13.0
6.0
-1.0
16.0
30.0
14.0
5.0
13.0
18.0
32.0
25.0
29.0
67.0
85.0
121.0
198.0
240.0
276.0
270.0
268.0
270.0
270.0
261.0
257.0
202.0
183.0
178.0
159.0
117.0
82.0
41.0
21.0
11.0
11.0
-6.0
-24.0
-56.0
-70.0
-68.0
-64.0
-115.0
-124.0
-93.0
-112.0
-112.0
-131.0
-126.0
-129.0
-146.0
-167.0
-180.0
-197.0
-193.0
-198.0
-199.0
-182.0
-190.0
-198.0
-190.0
-190.0
-192.0
-189.0
-166.0
-166.0
-168.0
-163.0
-168.0
-171.0
-158.0
-154.0
-159.0
-156.0
-169.0
-166.0
-152.0
-157.0
-162.0
-165.0
-143.0
-129.0
-144.0
-124.0
-133.0
-142.0
-123.0
-124.0
-127.0
-118.0
-131.0
-121.0
-124.0
-150.0
-128.0
-153.0
-157.0
-128.0
-130.0
-139.0
-129.0
-117.0
-127.0
-122.0
-97.0
-103.0
-119.0
-114.0
-119.0
-129.0
-108.0
-127.0
-148.0
-127.0
-130.0
-117.0
-103.0
-112.0
-110.0
-103.0
-119.0
-106.0
-113.0
-105.0
-121.0
-129.0
-112.0
-116.0
-124.0
-118.0
-131.0
-109.0
-110.0
-127.0
-114.0
-120.0
-130.0
-121.0
-105.0
-92.0
-91.0
-84.0
-91.0
-88.0
-102.0
-93.0
-77.0
-100.0
-126.0
-106.0
-101.0
-97.0
-85.0
-87.0
-96.0
-90.0
-83.0
-88.0
-95.0
-104.0
-101.0
-74.0
-73.0
-68.0
-106.0
-74.0
-54.0
-68.0
-60.0
-50.0
-67.0
-65.0
-68.0
-83.0
-69.0
-72.0
-71.0
-68.0
-63.0
-48.0
-50.0
-62.0
-68.0
-66.0
-68.0
-63.0
-67.0
-65.0
-63.0
-64.0
-53.0
-55.0
-78.0
-69.0
-48.0
-47.0
-54.0
-60.0
-59.0
-53.0
-46.0
-37.0
-32.0
-35.0
-41.0
-56.0
-37.0
-36.0
-18.0
1.0
-25.0
-49.0
-48.0
-55.0
-42.0
-36.0
-42.0
-40.0
-53.0
-58.0
-48.0
-50.0
-51.0
-40.0
-36.0
-41.0
-61.0
-57.0
-55.0
-51.0
-50.0
-40.0
-47.0
-41.0
-59.0
-74.0
-53.0
-48.0
-40.0
-45.0
-42.0
-43.0
-59.0
-51.0
-69.0
-51.0
-37.0
-62.0
-62.0
-64.0
-73.0
-62.0
-30.0
-39.0
-42.0
-35.0
-45.0
-38.0
-35.0
-29.0
-26.0
-37.0
-30.0
-42.0
-31.0
-34.0
-39.0
-31.0
-42.0
-81.0
-53.0
-58.0
-51.0
-51.0
-44.0
-37.0
-46.0
-43.0
-24.0
-51.0
-48.0
-38.0
-62.0
-43.0
-25.0
-46.0
-31.0
-13.0
-33.0
-22.0
-31.0
-32.0
-22.0
-42.0
-21.0
-23.0
-27.0
-34.0
-39.0
-34.0
-53.0
-48.0
-22.0
-43.0
-42.0
-20.0
-33.0
-37.0
-33.0
-28.0
-23.0
-25.0
-31.0
-26.0
-39.0
-8.0
4.0
-8.0
-18.0
-12.0
-7.0
-2.0
2.0
5.0
-13.0
-28.0
-20.0
-27.0
-21.0
-14.0
-11.0
-27.0
-21.0
-27.0
-31.0
-28.0
-40.0
-18.0
-27.0
-15.0
2.0
-16.0
-14.0
-21.0
-24.0
-5.0
-8.0
-17.0
10.0
3.0
-4.0
-6.0
-18.0
-13.0
-16.0
-12.0
-5.0
-37.0
-29.0
-21.0
-19.0
-19.0
-6.0
12.0
5.0
-4.0
4.0
11.0
22.0
29.0
10.0
5.0
72.0
63.0
72.0
108.0
123.0
168.0
174.0
179.0
241.0
231.0
234.0
278.0
269.0
269.0
268.0
261.0
244.0
226.0
212.0
256.0
250.0
233.0
244.0
258.0
248.0
256.0
256.0
238.0
253.0
264.0
252.0
230.0
208.0
212.0
237.0
216.0
227.0
220.0
194.0
250.0
238.0
210.0
225.0
212.0
240.0
214.0
192.0
220.0
210.0
172.0
187.0
185.0
160.0
169.0
186.0
184.0
191.0
182.0
212.0
190.0
157.0
207.0
188.0
152.0
146.0
136.0
149.0
127.0
129.0
155.0
131.0
162.0
168.0
155.0
157.0
143.0
138.0
148.0
140.0
152.0
146.0
134.0
148.0
137.0
107.0
119.0
123.0
118.0
83.0
63.0
83.0
60.0
55.0
78.0
68.0
68.0
64.0
46.0
73.0
82.0
84.0
98.0
92.0
90.0
94.0
104.0
95.0
83.0
70.0
90.0
69.0
69.0
58.0
49.0
50.0
36.0
20.0
31.0
22.0
20.0
1.0
2.0
21.0
12.0
36.0
31.0
25.0
33.0
23.0
36.0
32.0
10.0
53.0
49.0
12.0
29.0
42.0
55.0
42.0
58.0
40.0
50.0
25.0
12.0
15.0
8.0
-1.0
-27.0
-14.0
18.0
-16.0
20.0
18.0
1.0
43.0
22.0
-5.0
15.0
-12.0
-14.0
-25.0
-36.0
-34.0
-4.0
-27.0
-52.0
-3.0
-12.0
-35.0
-14.0
-10.0
-45.0
-50.0
-13.0
-33.0
-31.0
-17.0
-51.0
-27.0
-14.0
-57.0
-63.0
-4.0
-24.0
-37.0
-16.0
-36.0
-37.0
-54.0
-56.0
-60.0
-56.0
-59.0
-87.0
-49.0
-61.0
-76.0
-63.0
-83.0
-62.0
-68.0
-64.0
-64.0
-84.0
-74.0
-68.0
-97.0
-102.0
-72.0
-71.0
-77.0
-83.0
-68.0
-85.0
-65.0
-60.0
-82.0
-61.0
-80.0
-96.0
-87.0
-98.0
-103.0
-104.0
-97.0
-83.0
-107.0
-93.0
-102.0
-77.0
-75.0
-79.0
-82.0
-97.0
-70.0
-81.0
-86.0
-96.0
-104.0
-68.0
-86.0
-116.0
-71.0
-81.0
-98.0
-62.0
-87.0
-105.0
-99.0
-82.0
-90.0
-83.0
-65.0
-79.0
-95.0
-93.0
-116.0
-121.0
-103.0
-114.0
-124.0
-133.0
-114.0
-108.0
-122.0
-111.0
-90.0
-92.0
-93.0
-83.0
-86.0
-85.0
-107.0
-115.0
-120.0
-128.0
-112.0
-112.0
-123.0
-88.0
-91.0
-110.0
-111.0
-111.0
-125.0
-99.0
-98.0
-109.0
-137.0
-137.0
-107.0
-134.0
-140.0
-117.0
-130.0
-126.0
-109.0
-121.0
-129.0
-125.0
-144.0
-124.0
-116.0
-118.0
-126.0
-126.0
-99.0
-109.0
-124.0
-117.0
-118.0
-113.0
-125.0
-155.0
-134.0
-144.0
-137.0
-106.0
-121.0
-98.0
-91.0
-116.0
-108.0
-116.0
-111.0
-66.0
-93.0
-90.0
-101.0
-117.0
-127.0
-139.0
-147.0
-117.0
-114.0
-135.0
-123.0
-101.0
-101.0
-90.0
-73.0
-95.0
-89.0
-93.0
-98.0
-112.0
-138.0
-134.0
-133.0
-125.0
-146.0
-128.0
-92.0
-109.0
-89.0
-87.0
-92.0
-83.0
-108.0
-108.0
-114.0
-128.0
-144.0
-182.0
-150.0
-137.0
-164.0
-150.0
-137.0
-120.0
-105.0
-70.0
-68.0
-67.0
-65.0
-78.0
-81.0
-110.0
-118.0
-125.0
-109.0
-98.0
-117.0
-141.0
-134.0
-100.0
-122.0
-102.0
-75.0
-87.0
-80.0
-88.0
-111.0
-107.0
-121.0
-106.0
-108.0
-106.0
-100.0
-105.0
-102.0
-90.0
-78.0
-87.0
-103.0
-119.0
-112.0
-114.0
-116.0
-120.0
-78.0
-84.0
-107.0
-76.0
-78.0
-54.0
-51.0
-80.0
-69.0
-68.0
-101.0
-84.0
-97.0
-124.0
-136.0
-130.0
-133.0
-122.0
-127.0
-110.0
-102.0
-112.0
-62.0
-59.0
-77.0
-72.0
-93.0
-91.0
-114.0
-126.0
-119.0
-135.0
-115.0
-117.0
-121.0
-104.0
-118.0
-84.0
-69.0
-69.0
-68.0
-59.0
-79.0
-89.0
-111.0
-135.0
-119.0
-124.0
-110.0
-105.0
-111.0
-95.0
-88.0
-72.0
-67.0
-59.0
-68.0
-100.0
-109.0
-96.0
-114.0
-134.0
-143.0
-123.0
-117.0
-131.0
-134.0
-107.0
-93.0
-69.0
-77.0
-77.0
-55.0
-76.0
-89.0
-89.0
-98.0
-120.0
-127.0
-132.0
-146.0
-145.0
-109.0
-87.0
-94.0
-82.0
-73.0
-88.0
-68.0
-70.0
-80.0
-99.0
-127.0
-93.0
-104.0
-125.0
-143.0
-138.0
-119.0
-99.0
-116.0
-117.0
-88.0
-105.0
-109.0
-112.0
-93.0
-77.0
-100.0
-113.0
-89.0
-98.0
-123.0
-96.0
-88.0
-89.0
-93.0
-91.0
-77.0
-88.0
-85.0
-92.0
-110.0
-86.0
-100.0
-119.0
-120.0
-117.0
-163.0
-179.0
-146.0
-158.0
-202.0
-182.0
-187.0
-208.0
-183.0
-184.0
-199.0
-188.0
-179.0
-180.0
-189.0
-183.0
-157.0
-156.0
-171.0
-148.0
-162.0
-163.0
-161.0
-158.0
-148.0
-174.0
-167.0
-93.0
-94.0
-103.0
-107.0
-98.0
-100.0
-115.0
-93.0
-128.0
-142.0
-116.0
-119.0
-130.0
-130.0
-93.0
-85.0
-79.0
-49.0
-53.0
-53.0
-42.0
-51.0
-63.0
-62.0
-65.0
-96.0
-85.0
-83.0
-95.0
-87.0
-106.0
-83.0
-54.0
-62.0
-79.0
-42.0
-49.0
-50.0
-57.0
-74.0
-76.0
-107.0
-83.0
-107.0
-135.0
-114.0
-119.0
-136.0
-118.0
-114.0
-109.0
-100.0
-112.0
-88.0
-103.0
-122.0
-125.0
-137.0
-153.0
-150.0
-141.0
-117.0
-116.0
-114.0
-114.0
-109.0
-70.0
-73.0
-90.0
-72.0
-87.0
-122.0
-92.0
-119.0
-130.0
-125.0
-145.0
-100.0
-99.0
-97.0
-93.0
-99.0
-87.0
-75.0
-73.0
-43.0
-50.0
-93.0
-87.0
-96.0
-102.0
-80.0
-118.0
-95.0
-60.0
-97.0
-92.0
-67.0
-61.0
-38.0
-48.0
-55.0
-62.0
-89.0
-87.0
-100.0
-117.0
-105.0
-127.0
-116.0
-97.0
-104.0
-106.0
-85.0
-41.0
-62.0
-67.0
-52.0
-37.0
-65.0
-48.0
-33.0
-45.0
-48.0
-58.0
-48.0
-48.0
-70.0
-53.0
-68.0
-51.0
-41.0
-78.0
-73.0
-77.0
-69.0
-63.0
-91.0
-79.0
-65.0
-51.0
-26.0
-51.0
-52.0
-23.0
-46.0
-55.0
-44.0
-51.0
-60.0
-67.0
-60.0
-62.0
-79.0
-72.0
-72.0
-70.0
-50.0
-64.0
-50.0
-24.0
-27.0
-73.0
-85.0
-81.0
-74.0
-91.0
-107.0
-95.0
-100.0
-101.0
-96.0
-92.0
-96.0
-82.0
-68.0
-63.0
-63.0
-98.0
-87.0
-49.0
-45.0
-54.0
-71.0
-59.0
-38.0
-75.0
-64.0
-52.0
-60.0
-58.0
-50.0
-63.0
-91.0
-60.0
-70.0
-111.0
-118.0
-101.0
-76.0
-54.0
-84.0
-74.0
-69.0
-101.0
-77.0
-76.0
-79.0
-75.0
-91.0
-87.0
-65.0
-64.0
-68.0
-72.0
-63.0
-40.0
-54.0
-51.0
-46.0
-40.0
-29.0
-43.0
-54.0
-65.0
-75.0
-72.0
-84.0
-73.0
-68.0
-59.0
-67.0
-71.0
-51.0
-30.0
-37.0
-45.0
-33.0
-44.0
-41.0
-24.0
-55.0
-76.0
-68.0
-56.0
-50.0
-55.0
-60.0
-55.0
-54.0
-86.0
-77.0
-50.0
-59.0
-60.0
-53.0
-43.0
-24.0
-27.0
-21.0
-11.0
-17.0
3.0
-18.0
-25.0
-30.0
-23.0
-14.0
-59.0
-56.0
-57.0
-87.0
-96.0
-90.0
-68.0
-81.0
-91.0
-71.0
-63.0
-58.0
-41.0
-62.0
-59.0
-56.0
-81.0
-83.0
-78.0
-91.0
-112.0
-121.0
-83.0
-82.0
-83.0
-79.0
-77.0
-63.0
-37.0
-34.0
-49.0
-30.0
4.0
-63.0
-99.0
-64.0
-59.0
-102.0
-96.0
-81.0
-55.0
-41.0
-43.0
-40.0
-31.0
-35.0
-24.0
6.0
12.0
-3.0
-2.0
-6.0
-23.0
-19.0
-20.0
-36.0
-48.0
7.0
-2.0
-14.0
2.0
-18.0
6.0
26.0
13.0
37.0
40.0
22.0
-12.0
-24.0
2.0
-29.0
-35.0
-14.0
-9.0
-35.0
-37.0
1.0
26.0
6.0
-1.0
31.0
24.0
34.0
13.0
2.0
11.0
21.0
14.0
-4.0
-4.0
-32.0
-2.0
-10.0
-42.0
-23.0
-29.0
-2.0
-17.0
-44.0
-23.0
8.0
-5.0
-11.0
-8.0
-14.0
-34.0
-6.0
2.0
-32.0
-13.0
-27.0
-69.0
-42.0
-65.0
-81.0
-61.0
-40.0
-27.0
-20.0
-21.0
-24.0
-19.0
7.0
10.0
2.0
5.0
-22.0
-22.0
-33.0
-53.0
-56.0
-68.0
-72.0
-48.0
-35.0
-52.0
-37.0
-14.0
-20.0
-29.0
-27.0
-40.0
-43.0
-42.0
-48.0
-16.0
-24.0
-30.0
-54.0
-48.0
-30.0
-51.0
-29.0
-50.0
-40.0
-22.0
-5.0
3.0
-3.0
4.0
-7.0
-4.0
-2.0
-27.0
-21.0
-33.0
-20.0
-10.0
3.0
12.0
11.0
24.0
25.0
24.0
29.0
41.0
8.0
10.0
8.0
-1.0
-51.0
-49.0
-31.0
-36.0
-36.0
-34.0
-3.0
3.0
-31.0
-37.0
-41.0
-45.0
-47.0
-52.0
-59.0
-40.0
-46.0
-52.0
-42.0
-29.0
-36.0
-45.0
-37.0
-26.0
-22.0
-39.0
-34.0
-34.0
-65.0
-58.0
-63.0
-54.0
-42.0
-38.0
-41.0
-49.0
-34.0
2.0
-7.0
-27.0
-17.0
-17.0
-35.0
-49.0
-68.0
-103.0
-68.0
-73.0
-92.0
-59.0
-35.0
-36.0
-25.0
-31.0
-19.0
-1.0
2.0
7.0
-23.0
-35.0
-27.0
-60.0
-71.0
-53.0
-46.0
-40.0
-12.0
-22.0
-1.0
29.0
5.0
22.0
34.0
22.0
24.0
15.0
-14.0
-21.0
-47.0
-64.0
-56.0
-30.0
-37.0
-42.0
-23.0
-37.0
-36.0
6.0
11.0
15.0
22.0
23.0
26.0
0.0
-2.0
16.0
8.0
-10.0
6.0
-1.0
-4.0
20.0
11.0
22.0
21.0
17.0
12.0
-2.0
1.0
-11.0
-7.0
-1.0
-12.0
-23.0
18.0
35.0
32.0
42.0
36.0
44.0
35.0
46.0
39.0
31.0
23.0
11.0
-7.0
4.0
1.0
-9.0
19.0
32.0
34.0
76.0
68.0
41.0
73.0
81.0
50.0
32.0
24.0
-11.0
1.0
41.0
-3.0
-14.0
38.0
64.0
56.0
24.0
86.0
86.0
91.0
95.0
72.0
65.0
31.0
3.0
-27.0
29.0
60.0
22.0
15.0
91.0
88.0
0.0
0.0
0.0
0.0
0.0
0.0
0.0
0.0
0.0
0.0
0.0
0.0
0.0
0.0
0.0
0.0
0.0
0.0
0.0
0.0
0.0
0.0
0.0
0.0
0.0
0.0
0.0
0.0
0.0
0.0
0.0
0.0
0.0
0.0
0.0
0.0
0.0
0.0
0.0
0.0
0.0
0.0
0.0
0.0
0.0
0.0
0.0
0.0
0.0
0.0
0.0
0.0
0.0
0.0
0.0
0.0
0.0
0.0
0.0
0.0
0.0
0.0
0.0
0.0
0.0
0.0
0.0
0.0
0.0
0.0
0.0
0.0
0.0
0.0
0.0
0.0
0.0
0.0
0.0
0.0
0.0
0.0
0.0
0.0
0.0
0.0
0.0
0.0
0.0
0.0
0.0
0.0
0.0
0.0
0.0
0.0
0.0
0.0
0.0
0.0
0.0
0.0
0.0
0.0
0.0
0.0
0.0
0.0
0.0
0.0
0.0
0.0
0.0
0.0
0.0
0.0
0.0
0.0
0.0
0.0
0.0
0.0
0.0
0.0
0.0
0.0
0.0
0.0
