-138.0
-163.0
-161.0
-155.0
-121.0
-136.0
-165.0
-162.0
-136.0
-139.0
-148.0
-115.0
-86.0
-117.0
-119.0
-99.0
-116.0
-74.0
-100.0
-129.0
-127.0
-129.0
-114.0
-78.0
-82.0
-101.0
-119.0
-140.0
-131.0
-93.0
-92.0
-93.0
-68.0
-80.0
-92.0
-100.0
-86.0
-42.0
-73.0
-70.0
-54.0
-77.0
-51.0
-63.0
-65.0
-72.0
-78.0
-90.0
-87.0
-54.0
-67.0
-108.0
-82.0
-93.0
-75.0
-85.0
-69.0
-69.0
-106.0
-98.0
-62.0
-76.0
-91.0
-73.0
-86.0
-64.0
-53.0
-53.0
-72.0
-62.0
-65.0
-66.0
-55.0
-51.0
-45.0
-77.0
-53.0
-60.0
-69.0
-65.0
-96.0
-122.0
-127.0
-103.0
-78.0
-80.0
-82.0
-97.0
-109.0
-115.0
-126.0
-107.0
-114.0
-129.0
-135.0
-98.0
-108.0
-127.0
-136.0
-140.0
-112.0
-111.0
-121.0
-111.0
-112.0
-145.0
-99.0
-131.0
-139.0
-116.0
-87.0
-83.0
-119.0
-114.0
-86.0
-115.0
-92.0
-84.0
-109.0
-111.0
-87.0
-93.0
-101.0
-119.0
-99.0
-109.0
-117.0
-119.0
-132.0
-113.0
-89.0
-98.0
-87.0
-76.0
-71.0
-64.0
-71.0
-98.0
-119.0
-83.0
-61.0
-101.0
-110.0
-92.0
-121.0
-111.0
-96.0
-86.0
-45.0
-52.0
-65.0
-52.0
-77.0
-60.0
-71.0
-81.0
-73.0
-63.0
-73.0
-92.0
-119.0
-43.0
-35.0
-88.0
-63.0
-49.0
-73.0
-84.0
-107.0
-89.0
-20.0
-33.0
-23.0
-25.0
-46.0
-18.0
21.0
32.0
6.0
-18.0
-17.0
-18.0
-14.0
-10.0
-35.0
-57.0
-46.0
-33.0
-11.0
-28.0
-53.0
-35.0
-49.0
-52.0
-58.0
-44.0
-32.0
-57.0
-78.0
-46.0
-45.0
-63.0
-40.0
-43.0
-34.0
-41.0
-55.0
-40.0
-43.0
-59.0
-45.0
-60.0
-49.0
-62.0
-48.0
-28.0
-24.0
-5.0
-23.0
-56.0
-55.0
-55.0
-61.0
-64.0
-64.0
-89.0
-104.0
-95.0
-83.0
-60.0
-65.0
-62.0
-72.0
-91.0
-73.0
-63.0
-75.0
-90.0
-80.0
-73.0
-77.0
-93.0
-79.0
-80.0
-80.0
-90.0
-101.0
-96.0
-97.0
-70.0
-72.0
-56.0
-65.0
-81.0
-55.0
-48.0
-75.0
-64.0
-25.0
-47.0
-38.0
-45.0
-56.0
-51.0
-64.0
-45.0
-53.0
-71.0
-84.0
-69.0
-59.0
-42.0
-35.0
-33.0
-16.0
-37.0
-33.0
-26.0
5.0
0.0
-33.0
-14.0
-27.0
-50.0
-64.0
-74.0
-42.0
-27.0
-54.0
-58.0
-67.0
-4.0
14.0
14.0
10.0
10.0
-37.0
-13.0
-21.0
-40.0
-21.0
-50.0
-72.0
-77.0
-81.0
-114.0
-129.0
-68.0
-49.0
-60.0
-67.0
-59.0
-79.0
-62.0
-68.0
-71.0
-65.0
-72.0
-86.0
-103.0
-98.0
-87.0
-81.0
-87.0
-71.0
-74.0
-80.0
-88.0
-94.0
-58.0
-80.0
-83.0
-55.0
-97.0
-82.0
-71.0
-47.0
-34.0
-70.0
-67.0
-73.0
-62.0
-56.0
-69.0
-46.0
-41.0
-65.0
-95.0
-97.0
-87.0
-63.0
-39.0
-48.0
-51.0
-49.0
-67.0
-65.0
-67.0
-56.0
-37.0
-68.0
-68.0
-76.0
-67.0
-74.0
-82.0
-86.0
-65.0
-60.0
-76.0
-72.0
-70.0
-63.0
-89.0
-85.0
-50.0
-64.0
-50.0
-63.0
-90.0
-98.0
-53.0
-77.0
-58.0
-52.0
-49.0
-79.0
-82.0
-61.0
-69.0
-64.0
-55.0
-81.0
-79.0
-80.0
-97.0
-72.0
-33.0
-40.0
-36.0
-58.0
-46.0
-20.0
-41.0
-50.0
-14.0
-24.0
-38.0
-51.0
-56.0
-50.0
-35.0
-37.0
-54.0
-17.0
-50.0
-100.0
-45.0
-37.0
-12.0
-49.0
-57.0
-23.0
-22.0
-59.0
-57.0
-32.0
-16.0
-15.0
-24.0
-7.0
-12.0
-27.0
-7.0
-34.0
-36.0
15.0
-6.0
-36.0
-42.0
-56.0
-14.0
-18.0
-53.0
-51.0
-42.0
-55.0
-41.0
-26.0
-25.0
-42.0
-34.0
-21.0
-18.0
-8.0
7.0
7.0
-6.0
1.0
3.0
-15.0
-27.0
-2.0
4.0
-11.0
-26.0
-10.0
-15.0
5.0
7.0
-5.0
-37.0
-20.0
-21.0
12.0
37.0
21.0
4.0
-7.0
-23.0
11.0
20.0
-3.0
11.0
3.0
-21.0
-11.0
53.0
24.0
-4.0
-1.0
-20.0
-22.0
-9.0
25.0
24.0
1.0
-16.0
-19.0
-3.0
2.0
4.0
7.0
10.0
-21.0
14.0
11.0
1.0
-25.0
-37.0
-11.0
27.0
11.0
-23.0
-39.0
-33.0
-12.0
-5.0
-6.0
-2.0
12.0
-3.0
-31.0
-11.0
24.0
-4.0
-43.0
-22.0
-19.0
-64.0
-12.0
-10.0
-33.0
-45.0
-10.0
-67.0
-45.0
-4.0
9.0
13.0
0.0
-56.0
-37.0
10.0
6.0
-4.0
-23.0
-30.0
8.0
-26.0
-2.0
25.0
-9.0
-3.0
13.0
-16.0
-14.0
6.0
-8.0
-33.0
-27.0
-29.0
-31.0
-10.0
-1.0
-27.0
4.0
68.0
26.0
25.0
36.0
-2.0
20.0
36.0
18.0
18.0
-10.0
-4.0
17.0
14.0
22.0
-16.0
-22.0
-1.0
5.0
55.0
54.0
13.0
3.0
7.0
8.0
10.0
33.0
24.0
-3.0
-11.0
21.0
-10.0
-4.0
1.0
-2.0
2.0
14.0
33.0
20.0
6.0
25.0
41.0
58.0
88.0
122.0
228.0
281.0
265.0
261.0
266.0
267.0
268.0
267.0
268.0
266.0
252.0
220.0
172.0
107.0
53.0
-5.0
-33.0
-25.0
-94.0
-120.0
-111.0
-136.0
-183.0
-199.0
-220.0
-201.0
-222.0
-225.0
-223.0
-207.0
-212.0
-237.0
-214.0
-186.0
-239.0
-203.0
-183.0
-235.0
-231.0
-225.0
-224.0
-215.0
-233.0
-206.0
-218.0
-236.0
-204.0
-173.0
-219.0
-164.0
-162.0
-184.0
-190.0
-196.0
-171.0
-163.0
-185.0
-190.0
-193.0
-185.0
-199.0
-176.0
-176.0
-195.0
-202.0
-167.0
-166.0
-210.0
-167.0
-169.0
-188.0
-166.0
-161.0
-166.0
-172.0
-155.0
-134.0
-117.0
-143.0
-138.0
-89.0
-121.0
-132.0
-117.0
-138.0
-139.0
-145.0
-151.0
-127.0
-149.0
-190.0
-156.0
-147.0
-188.0
-175.0
-144.0
-150.0
-181.0
-166.0
-186.0
-160.0
-201.0
-179.0
-167.0
-145.0
-132.0
-130.0
-130.0
-107.0
-155.0
-182.0
-133.0
-131.0
-111.0
-137.0
-171.0
-152.0
-149.0
-124.0
-126.0
-144.0
-142.0
-127.0
-135.0
-142.0
-129.0
-117.0
-131.0
-134.0
-131.0
-135.0
-112.0
-154.0
-130.0
-130.0
-116.0
-101.0
-120.0
-93.0
-49.0
-135.0
-122.0
-148.0
-156.0
-126.0
-135.0
-163.0
-93.0
-142.0
-143.0
-98.0
-112.0
-102.0
-40.0
-77.0
16.0
-16.0
-81.0
-79.0
-90.0
-55.0
-77.0
-52.0
-125.0
-91.0
-88.0
-79.0
-51.0
-89.0
-33.0
-41.0
-66.0
9.0
-3.0
-1.0
48.0
-4.0
24.0
-11.0
-22.0
-12.0
-27.0
23.0
8.0
-61.0
-38.0
-31.0
-46.0
-14.0
10.0
8.0
3.0
6.0
5.0
22.0
20.0
41.0
47.0
67.0
128.0
181.0
237.0
251.0
264.0
266.0
265.0
268.0
268.0
267.0
267.0
235.0
214.0
259.0
200.0
163.0
126.0
62.0
25.0
-26.0
-48.0
-57.0
-129.0
-126.0
-122.0
-158.0
-175.0
-192.0
-206.0
-200.0
-180.0
-219.0
-213.0
-231.0
-238.0
-233.0
-241.0
-232.0
-238.0
-239.0
-230.0
-229.0
-244.0
-243.0
-227.0
-218.0
-212.0
-221.0
-191.0
-200.0
-210.0
-202.0
-191.0
-189.0
-185.0
-194.0
-182.0
-222.0
-207.0
-176.0
-172.0
-173.0
-183.0
-172.0
-161.0
-187.0
-178.0
-152.0
-176.0
-184.0
-152.0
-156.0
-195.0
-154.0
-163.0
-199.0
-161.0
-129.0
-122.0
-127.0
-122.0
-105.0
-85.0
-110.0
-106.0
-73.0
-94.0
-100.0
-107.0
-147.0
-128.0
-164.0
-142.0
-121.0
-126.0
-128.0
-117.0
-116.0
-137.0
-129.0
-83.0
-76.0
-101.0
-119.0
-130.0
-105.0
-73.0
-96.0
-102.0
-70.0
-101.0
-113.0
-117.0
-116.0
-120.0
-115.0
-105.0
-126.0
-125.0
-97.0
-84.0
-105.0
-124.0
-120.0
-99.0
-74.0
-58.0
-90.0
-100.0
-112.0
-134.0
-93.0
-81.0
-87.0
-95.0
-93.0
-108.0
-129.0
-121.0
-54.0
-62.0
-73.0
-69.0
-82.0
-77.0
-107.0
-96.0
-69.0
-66.0
-76.0
-101.0
-104.0
-132.0
-90.0
-99.0
-119.0
-90.0
-112.0
-101.0
-90.0
-97.0
-89.0
-88.0
-110.0
-81.0
-75.0
-74.0
-67.0
-75.0
-89.0
-102.0
-81.0
-84.0
-81.0
-89.0
-95.0
-96.0
-98.0
-85.0
-76.0
-65.0
-72.0
-102.0
-112.0
-75.0
-72.0
-49.0
-43.0
-35.0
-43.0
-40.0
-55.0
-67.0
-24.0
-34.0
-56.0
-45.0
-42.0
-62.0
-36.0
-5.0
-29.0
-37.0
-29.0
-72.0
-66.0
-31.0
-34.0
-76.0
-81.0
-17.0
-20.0
-48.0
-52.0
-55.0
-54.0
-26.0
-37.0
-39.0
-28.0
-26.0
-21.0
-46.0
-27.0
-22.0
-30.0
-48.0
-39.0
-14.0
-17.0
-56.0
-14.0
19.0
3.0
2.0
4.0
-32.0
-6.0
14.0
26.0
34.0
-11.0
16.0
13.0
-3.0
-36.0
-4.0
-11.0
-46.0
-12.0
-1.0
-26.0
-10.0
-5.0
-28.0
-11.0
-29.0
-13.0
-1.0
-15.0
-7.0
-16.0
-5.0
-15.0
-25.0
-11.0
0.0
-10.0
-21.0
7.0
9.0
4.0
-4.0
-36.0
-6.0
-2.0
15.0
18.0
-8.0
-34.0
-37.0
-29.0
10.0
-13.0
-39.0
-37.0
-58.0
-15.0
-24.0
-25.0
1.0
-12.0
-17.0
-12.0
-10.0
13.0
35.0
6.0
-8.0
23.0
-10.0
2.0
23.0
23.0
26.0
21.0
37.0
8.0
12.0
39.0
31.0
28.0
42.0
32.0
34.0
36.0
26.0
23.0
-45.0
7.0
18.0
-13.0
33.0
28.0
6.0
-4.0
23.0
22.0
-15.0
-33.0
19.0
19.0
-12.0
16.0
-10.0
-26.0
6.0
25.0
28.0
-17.0
8.0
24.0
-14.0
-29.0
-4.0
-23.0
-65.0
-43.0
-14.0
-22.0
-15.0
-5.0
-8.0
-33.0
17.0
-10.0
-34.0
-1.0
-13.0
-50.0
-40.0
0.0
-6.0
0.0
-30.0
-24.0
-15.0
-4.0
30.0
8.0
4.0
-16.0
-14.0
-20.0
-21.0
0.0
3.0
-32.0
-42.0
-23.0
-33.0
-5.0
5.0
-13.0
13.0
16.0
2.0
8.0
14.0
21.0
27.0
-11.0
-26.0
12.0
24.0
6.0
13.0
-5.0
-27.0
9.0
-17.0
-3.0
37.0
1.0
40.0
17.0
-23.0
21.0
30.0
21.0
-10.0
-5.0
5.0
12.0
12.0
11.0
1.0
-8.0
-6.0
29.0
40.0
15.0
6.0
18.0
13.0
2.0
25.0
14.0
6.0
1.0
13.0
57.0
27.0
39.0
20.0
-25.0
-3.0
1.0
5.0
4.0
-11.0
-8.0
50.0
17.0
17.0
24.0
-11.0
3.0
28.0
14.0
-9.0
22.0
25.0
1.0
55.0
50.0
11.0
25.0
21.0
-3.0
-20.0
26.0
35.0
7.0
34.0
35.0
60.0
36.0
25.0
32.0
-11.0
18.0
29.0
4.0
13.0
2.0
-23.0
2.0
35.0
37.0
44.0
38.0
25.0
-7.0
2.0
39.0
33.0
32.0
18.0
-22.0
-27.0
19.0
22.0
-14.0
-33.0
14.0
-6.0
-1.0
15.0
11.0
11.0
17.0
12.0
6.0
8.0
-13.0
6.0
9.0
28.0
23.0
-7.0
-1.0
12.0
10.0
-12.0
-2.0
-11.0
3.0
-6.0
26.0
21.0
2.0
13.0
24.0
-1.0
-7.0
-6.0
26.0
15.0
7.0
45.0
48.0
-5.0
-3.0
24.0
-4.0
-21.0
13.0
3.0
-15.0
-15.0
-7.0
-8.0
-32.0
-1.0
-5.0
-29.0
-8.0
-12.0
5.0
33.0
27.0
5.0
13.0
23.0
18.0
24.0
48.0
10.0
-22.0
-12.0
-8.0
9.0
12.0
17.0
6.0
-2.0
-17.0
2.0
14.0
28.0
11.0
1.0
6.0
9.0
-6.0
-23.0
-22.0
-25.0
-31.0
-41.0
-22.0
-21.0
-28.0
-61.0
-29.0
-27.0
-51.0
-57.0
-25.0
-25.0
-43.0
-16.0
-34.0
-48.0
-40.0
-16.0
-41.0
-54.0
-49.0
-63.0
-41.0
-44.0
-76.0
-67.0
-46.0
-64.0
-53.0
-21.0
-20.0
0.0
-7.0
-19.0
-33.0
-32.0
6.0
-11.0
-18.0
-8.0
-39.0
-68.0
-38.0
-21.0
-10.0
-36.0
-51.0
-22.0
-25.0
-53.0
-45.0
-27.0
-7.0
-7.0
-13.0
10.0
-1.0
-14.0
8.0
38.0
2.0
-13.0
28.0
63.0
61.0
55.0
13.0
8.0
37.0
49.0
8.0
40.0
23.0
12.0
30.0
12.0
14.0
25.0
12.0
5.0
-10.0
19.0
20.0
19.0
26.0
54.0
20.0
2.0
6.0
8.0
3.0
-3.0
-23.0
12.0
27.0
42.0
5.0
15.0
21.0
-14.0
18.0
30.0
16.0
36.0
5.0
-10.0
22.0
4.0
25.0
37.0
28.0
30.0
12.0
18.0
20.0
4.0
-2.0
13.0
35.0
39.0
-4.0
10.0
45.0
16.0
4.0
40.0
36.0
58.0
46.0
60.0
53.0
48.0
65.0
42.0
45.0
42.0
55.0
48.0
21.0
22.0
55.0
60.0
40.0
34.0
13.0
23.0
38.0
12.0
-4.0
30.0
15.0
8.0
13.0
2.0
-20.0
10.0
3.0
21.0
20.0
7.0
21.0
13.0
11.0
-8.0
33.0
35.0
11.0
40.0
49.0
19.0
7.0
11.0
15.0
3.0
-5.0
-12.0
-20.0
-10.0
-8.0
-16.0
-31.0
-31.0
-24.0
-21.0
10.0
17.0
7.0
-6.0
-6.0
1.0
8.0
3.0
-2.0
-15.0
1.0
7.0
-25.0
-13.0
-13.0
2.0
-1.0
-61.0
-24.0
-17.0
-41.0
-56.0
-33.0
-9.0
-24.0
-31.0
-23.0
-56.0
3.0
-16.0
-24.0
-23.0
-29.0
-23.0
-22.0
-39.0
-37.0
-35.0
-23.0
-17.0
-44.0
-46.0
-40.0
-31.0
-26.0
-26.0
-26.0
-32.0
-30.0
8.0
-13.0
-35.0
-26.0
-13.0
-1.0
-4.0
-13.0
10.0
7.0
-25.0
-3.0
15.0
18.0
-2.0
15.0
15.0
15.0
-16.0
-35.0
-14.0
5.0
10.0
-26.0
-26.0
-8.0
-1.0
10.0
5.0
-3.0
-9.0
-15.0
5.0
5.0
-10.0
14.0
6.0
-8.0
-20.0
-17.0
-13.0
-20.0
-3.0
-24.0
-14.0
-13.0
-4.0
-6.0
-30.0
-15.0
3.0
12.0
-7.0
-13.0
-17.0
-7.0
-5.0
-4.0
-35.0
-64.0
-7.0
-1.0
-8.0
-9.0
-15.0
1.0
-10.0
-15.0
-13.0
-23.0
-45.0
-23.0
-11.0
-18.0
-2.0
-20.0
-29.0
-65.0
-24.0
-17.0
-37.0
4.0
-23.0
-24.0
-17.0
-59.0
-49.0
-35.0
15.0
10.0
-42.0
-34.0
-44.0
-24.0
-3.0
-48.0
9.0
-15.0
-56.0
-22.0
-12.0
-10.0
-17.0
-56.0
-10.0
-27.0
-42.0
-24.0
-12.0
-4.0
-33.0
-4.0
2.0
-35.0
-42.0
14.0
11.0
-30.0
-29.0
-46.0
-36.0
-3.0
-18.0
-10.0
-32.0
-34.0
-58.0
-37.0
-12.0
-14.0
-25.0
-74.0
-50.0
-34.0
-33.0
-40.0
-68.0
-56.0
-56.0
-48.0
-22.0
-14.0
-23.0
-46.0
-54.0
-62.0
-71.0
-75.0
-44.0
-54.0
-46.0
-47.0
-53.0
-40.0
-33.0
1.0
-7.0
-44.0
-43.0
-49.0
-63.0
2.0
-16.0
-54.0
-59.0
-77.0
-79.0
-41.0
-14.0
-39.0
-79.0
-55.0
-66.0
-60.0
-73.0
-45.0
-9.0
-11.0
-26.0
-85.0
-37.0
6.0
-6.0
-42.0
-29.0
-30.0
-24.0
-41.0
-32.0
-11.0
-23.0
-52.0
-15.0
-4.0
-59.0
-36.0
-20.0
-52.0
-34.0
-25.0
-22.0
-40.0
-58.0
-53.0
-15.0
4.0
-15.0
-49.0
-79.0
-56.0
-2.0
9.0
-13.0
-29.0
-40.0
-42.0
-43.0
-21.0
-21.0
-26.0
-41.0
-43.0
-54.0
-41.0
-9.0
-13.0
-60.0
-69.0
-60.0
-68.0
-31.0
-39.0
-52.0
-29.0
-25.0
-37.0
-58.0
-2.0
13.0
-27.0
-25.0
-39.0
-74.0
-50.0
-23.0
1.0
-7.0
-56.0
-63.0
-48.0
-48.0
-31.0
4.0
-17.0
-19.0
5.0
-5.0
-7.0
-1.0
-15.0
-23.0
-36.0
-31.0
22.0
-7.0
-11.0
-7.0
5.0
-23.0
-8.0
14.0
-16.0
-31.0
30.0
-7.0
-34.0
-4.0
-18.0
-33.0
1.0
-15.0
-34.0
3.0
-23.0
-39.0
-51.0
5.0
-13.0
-21.0
-23.0
-15.0
-5.0
0.0
-19.0
10.0
-1.0
-14.0
13.0
-16.0
2.0
-21.0
-53.0
-24.0
-64.0
-24.0
-33.0
-37.0
-15.0
-42.0
-50.0
-59.0
-86.0
-68.0
-12.0
-34.0
-61.0
-93.0
-103.0
-53.0
-61.0
-32.0
-60.0
-64.0
-52.0
-58.0
-49.0
-53.0
-31.0
-35.0
-37.0
-55.0
-76.0
-70.0
-56.0
-30.0
-51.0
-65.0
-57.0
-62.0
-44.0
-44.0
-29.0
-51.0
-68.0
-36.0
-43.0
-49.0
-22.0
-44.0
-83.0
-49.0
-31.0
-32.0
-18.0
-35.0
-62.0
-31.0
-10.0
-24.0
-45.0
-38.0
-25.0
-46.0
-21.0
-19.0
-67.0
-67.0
-30.0
-23.0
-14.0
-32.0
-26.0
-62.0
-72.0
8.0
-18.0
-51.0
-64.0
-95.0
-63.0
-27.0
3.0
-26.0
-32.0
-45.0
-79.0
-48.0
18.0
0.0
-37.0
-7.0
8.0
-12.0
-18.0
3.0
-14.0
-22.0
-24.0
-25.0
-62.0
-45.0
-15.0
-48.0
-48.0
-62.0
-44.0
-20.0
-5.0
-7.0
-21.0
-56.0
-35.0
-10.0
-20.0
-25.0
-55.0
-67.0
-49.0
-54.0
-71.0
-97.0
-87.0
-41.0
-70.0
-61.0
-59.0
-65.0
-76.0
-70.0
-48.0
-34.0
-32.0
-39.0
-19.0
-26.0
-29.0
-36.0
-41.0
-26.0
-31.0
-79.0
-6.0
-50.0
-99.0
-13.0
-14.0
-15.0
-27.0
-7.0
-21.0
-40.0
-2.0
-15.0
-51.0
-52.0
-15.0
-22.0
-23.0
-57.0
-40.0
-11.0
-26.0
-33.0
-56.0
-51.0
-23.0
-52.0
-34.0
-56.0
-79.0
-23.0
9.0
-62.0
-61.0
-33.0
-58.0
-22.0
-20.0
-26.0
-33.0
-15.0
-8.0
-24.0
-44.0
-44.0
-53.0
-36.0
-58.0
-56.0
-25.0
-15.0
-42.0
16.0
23.0
-30.0
7.0
48.0
24.0
-25.0
-36.0
-7.0
-6.0
-14.0
-19.0
-54.0
-40.0
-34.0
-15.0
11.0
-33.0
-42.0
-33.0
-30.0
-45.0
-7.0
-5.0
-8.0
-21.0
-14.0
-25.0
-22.0
-40.0
14.0
36.0
0.0
-18.0
-29.0
-31.0
-45.0
-14.0
15.0
14.0
71.0
107.0
194.0
273.0
269.0
264.0
264.0
266.0
268.0
268.0
262.0
254.0
256.0
215.0
138.0
130.0
60.0
4.0
39.0
22.0
-58.0
-114.0
-153.0
-174.0
-179.0
-218.0
-246.0
-240.0
-226.0
-234.0
-228.0
-223.0
-220.0
-231.0
-239.0
-238.0
-243.0
-244.0
-223.0
-220.0
-243.0
-235.0
-226.0
-243.0
-221.0
-217.0
-233.0
-182.0
-148.0
-161.0
-191.0
-216.0
-206.0
-197.0
-160.0
-168.0
-183.0
-206.0
-213.0
-202.0
-195.0
-142.0
-142.0
-119.0
-147.0
-165.0
-167.0
-173.0
-161.0
-148.0
-148.0
-160.0
-170.0
-162.0
-179.0
-189.0
-178.0
-183.0
-162.0
-121.0
-105.0
-143.0
-122.0
-130.0
-130.0
-108.0
-119.0
-124.0
-136.0
-152.0
-147.0
-121.0
-90.0
-111.0
-144.0
-113.0
-121.0
-99.0
-103.0
-116.0
-124.0
-113.0
-121.0
-125.0
-115.0
-122.0
-110.0
-139.0
-128.0
-142.0
-131.0
-114.0
-107.0
-109.0
-100.0
-108.0
-108.0
-74.0
-97.0
-133.0
-117.0
-122.0
-82.0
-83.0
-119.0
-115.0
-127.0
-127.0
-137.0
-128.0
-84.0
-88.0
-105.0
-116.0
-117.0
-106.0
-107.0
-77.0
-78.0
-99.0
-106.0
-97.0
-74.0
-125.0
-93.0
-100.0
-127.0
-116.0
-105.0
-110.0
-80.0
-122.0
-136.0
-82.0
-79.0
-78.0
-70.0
-65.0
-61.0
-84.0
-85.0
-86.0
-93.0
-101.0
-71.0
-67.0
-86.0
-92.0
-79.0
-85.0
-63.0
-73.0
-74.0
-76.0
-86.0
-83.0
-89.0
-84.0
-78.0
-92.0
-56.0
-43.0
-71.0
-40.0
-55.0
-57.0
-31.0
-67.0
-51.0
-37.0
-58.0
-50.0
-30.0
-29.0
-36.0
-54.0
-74.0
-59.0
-72.0
-69.0
-44.0
-59.0
-39.0
-53.0
-33.0
-43.0
-78.0
-59.0
-66.0
-57.0
-57.0
-83.0
-107.0
-98.0
-127.0
-92.0
-74.0
-77.0
-74.0
-102.0
-107.0
-63.0
-74.0
-74.0
-56.0
-69.0
-83.0
-80.0
-84.0
-105.0
-60.0
-72.0
-92.0
-78.0
-61.0
-58.0
-58.0
-50.0
-79.0
-71.0
-68.0
-105.0
-109.0
-76.0
-65.0
-66.0
-73.0
-83.0
-88.0
-92.0
-87.0
-83.0
-77.0
-65.0
-67.0
-76.0
-58.0
-93.0
-69.0
-73.0
-78.0
-49.0
-44.0
-67.0
-88.0
-50.0
-29.0
-80.0
-69.0
-59.0
-99.0
-77.0
-44.0
-46.0
-31.0
-19.0
-43.0
-39.0
-65.0
-58.0
-31.0
-33.0
-36.0
-35.0
-31.0
-50.0
-43.0
-25.0
-10.0
-19.0
-36.0
-29.0
-36.0
-30.0
-16.0
-5.0
1.0
-3.0
-3.0
-16.0
-20.0
-10.0
-5.0
-1.0
21.0
26.0
14.0
4.0
16.0
30.0
3.0
-17.0
-19.0
-32.0
4.0
-18.0
-8.0
23.0
-7.0
-16.0
-4.0
-10.0
-15.0
-7.0
-10.0
-55.0
-61.0
-44.0
37.0
-7.0
-16.0
3.0
-3.0
-44.0
-16.0
40.0
31.0
2.0
-6.0
-17.0
-21.0
-5.0
7.0
21.0
-21.0
-41.0
-27.0
-22.0
-4.0
-44.0
-5.0
8.0
31.0
13.0
45.0
47.0
26.0
2.0
-11.0
-17.0
-17.0
25.0
21.0
-15.0
-6.0
-7.0
-24.0
-9.0
34.0
-23.0
-3.0
-11.0
-53.0
-32.0
-9.0
4.0
-14.0
-22.0
-34.0
-14.0
-5.0
12.0
21.0
13.0
-7.0
-41.0
1.0
2.0
-4.0
-8.0
-5.0
-40.0
-22.0
27.0
18.0
-5.0
-12.0
-14.0
-3.0
19.0
17.0
-13.0
-5.0
-2.0
4.0
-7.0
3.0
4.0
-20.0
-41.0
-17.0
5.0
14.0
-12.0
-11.0
-17.0
-24.0
-12.0
1.0
-25.0
8.0
-11.0
-10.0
-21.0
18.0
6.0
1.0
-17.0
-27.0
-1.0
-7.0
5.0
15.0
-4.0
31.0
20.0
2.0
14.0
16.0
3.0
15.0
26.0
26.0
-3.0
19.0
-4.0
9.0
-6.0
4.0
6.0
-23.0
-5.0
-24.0
-21.0
-9.0
-2.0
-2.0
33.0
48.0
76.0
26.0
57.0
81.0
34.0
53.0
69.0
62.0
61.0
67.0
49.0
33.0
53.0
52.0
34.0
9.0
-21.0
17.0
26.0
12.0
-1.0
12.0
40.0
44.0
24.0
46.0
56.0
42.0
36.0
27.0
52.0
56.0
40.0
12.0
45.0
46.0
52.0
74.0
44.0
21.0
8.0
38.0
70.0
37.0
48.0
35.0
36.0
26.0
40.0
22.0
2.0
59.0
69.0
44.0
71.0
87.0
127.0
127.0
102.0
55.0
66.0
31.0
82.0
105.0
70.0
70.0
66.0
47.0
60.0
71.0
53.0
52.0
40.0
35.0
44.0
42.0
59.0
63.0
58.0
46.0
44.0
84.0
91.0
72.0
46.0
63.0
62.0
68.0
56.0
25.0
30.0
20.0
15.0
40.0
56.0
33.0
34.0
36.0
35.0
8.0
71.0
79.0
58.0
52.0
22.0
23.0
41.0
30.0
47.0
59.0
37.0
48.0
34.0
77.0
71.0
56.0
76.0
48.0
17.0
26.0
23.0
16.0
30.0
24.0
25.0
11.0
28.0
41.0
42.0
47.0
16.0
43.0
21.0
-3.0
-21.0
-4.0
-23.0
-20.0
-19.0
-4.0
-17.0
-29.0
-1.0
-16.0
-60.0
-35.0
-36.0
-55.0
-42.0
-42.0
-63.0
-55.0
-41.0
-61.0
-6.0
23.0
-15.0
-28.0
-4.0
-6.0
-13.0
-18.0
-24.0
4.0
-43.0
-33.0
-3.0
-34.0
-45.0
-48.0
-46.0
-20.0
-30.0
-33.0
-14.0
0.0
-8.0
-15.0
-7.0
-25.0
-44.0
-33.0
-38.0
-35.0
-20.0
-2.0
3.0
-15.0
-6.0
-30.0
-33.0
-5.0
-31.0
-25.0
7.0
-23.0
-29.0
-2.0
-10.0
-12.0
-26.0
-18.0
3.0
-10.0
24.0
-2.0
-12.0
-11.0
-1.0
7.0
18.0
29.0
30.0
18.0
14.0
30.0
11.0
3.0
35.0
1.0
-22.0
15.0
-11.0
-40.0
-1.0
17.0
9.0
-14.0
-9.0
-18.0
-12.0
8.0
-17.0
-12.0
30.0
8.0
-32.0
4.0
-1.0
-8.0
-10.0
-10.0
1.0
8.0
-12.0
-16.0
17.0
23.0
5.0
10.0
-1.0
-38.0
-11.0
26.0
4.0
3.0
-36.0
-32.0
13.0
6.0
-30.0
-7.0
-8.0
-45.0
-24.0
3.0
-1.0
-14.0
-2.0
-14.0
-11.0
32.0
34.0
6.0
-13.0
2.0
-16.0
-17.0
-36.0
-22.0
-18.0
-30.0
-35.0
-15.0
14.0
-22.0
-28.0
0.0
-27.0
-41.0
-1.0
-16.0
3.0
12.0
-26.0
-48.0
-14.0
-28.0
-7.0
-7.0
4.0
-20.0
-16.0
-21.0
-14.0
6.0
-11.0
-35.0
-52.0
-36.0
-40.0
12.0
32.0
-31.0
-11.0
28.0
21.0
27.0
3.0
-22.0
-16.0
-1.0
4.0
-28.0
-29.0
-32.0
-23.0
-5.0
-14.0
15.0
0.0
14.0
-3.0
-16.0
1.0
23.0
14.0
-20.0
-4.0
2.0
13.0
4.0
-27.0
-14.0
-18.0
22.0
36.0
6.0
-14.0
-14.0
10.0
5.0
14.0
-29.0
-6.0
-28.0
-11.0
-32.0
-34.0
-10.0
-40.0
-45.0
-22.0
-33.0
-7.0
-29.0
-18.0
-34.0
-24.0
13.0
-4.0
-14.0
-20.0
-31.0
-18.0
8.0
-9.0
-2.0
-35.0
-62.0
-35.0
-45.0
-35.0
2.0
-25.0
-34.0
-20.0
-12.0
6.0
7.0
-1.0
-11.0
-37.0
-34.0
-18.0
-13.0
-16.0
-31.0
-15.0
-18.0
-30.0
-27.0
-41.0
-60.0
-43.0
-46.0
-26.0
-20.0
-21.0
-45.0
-34.0
-14.0
-37.0
-31.0
25.0
-4.0
15.0
2.0
-15.0
-6.0
11.0
-15.0
-5.0
1.0
-32.0
-34.0
-14.0
-12.0
-11.0
-12.0
4.0
15.0
17.0
5.0
62.0
88.0
55.0
49.0
23.0
9.0
34.0
28.0
32.0
35.0
-17.0
24.0
13.0
22.0
35.0
22.0
8.0
-18.0
23.0
52.0
34.0
31.0
8.0
0.0
-2.0
34.0
35.0
-3.0
22.0
54.0
5.0
-22.0
50.0
25.0
17.0
20.0
21.0
5.0
5.0
-1.0
13.0
28.0
14.0
-5.0
36.0
11.0
0.0
-3.0
-3.0
-15.0
13.0
6.0
6.0
45.0
36.0
-12.0
-7.0
14.0
-18.0
-8.0
3.0
3.0
-10.0
-30.0
-14.0
-11.0
-11.0
-20.0
-44.0
-15.0
5.0
8.0
0.0
-18.0
-33.0
-20.0
-30.0
-18.0
-16.0
-24.0
-51.0
-36.0
6.0
-22.0
-25.0
-46.0
-17.0
3.0
15.0
3.0
-21.0
-25.0
-51.0
-46.0
-1.0
16.0
5.0
-27.0
-40.0
-28.0
-40.0
-22.0
-14.0
-11.0
-11.0
-13.0
-41.0
-27.0
-4.0
-5.0
-11.0
-22.0
-30.0
-10.0
-1.0
-33.0
-26.0
-2.0
-46.0
-32.0
46.0
40.0
17.0
31.0
8.0
22.0
53.0
89.0
111.0
127.0
203.0
278.0
269.0
262.0
267.0
267.0
267.0
268.0
267.0
244.0
205.0
189.0
179.0
183.0
136.0
91.0
24.0
-47.0
-70.0
-100.0
-95.0
-139.0
-159.0
-171.0
-191.0
-223.0
-228.0
-240.0
-235.0
-246.0
-251.0
-247.0
-221.0
-223.0
-238.0
-235.0
-242.0
-222.0
-233.0
-236.0
-234.0
-236.0
-222.0
-196.0
-223.0
-205.0
-186.0
-212.0
-211.0
-212.0
-219.0
-194.0
-214.0
-198.0
-168.0
-195.0
-221.0
-208.0
-167.0
-194.0
-174.0
-154.0
-192.0
-204.0
-191.0
-216.0
-208.0
-156.0
-187.0
-196.0
-169.0
-187.0
-188.0
-181.0
-172.0
-154.0
-136.0
-145.0
-148.0
-174.0
-148.0
-154.0
-164.0
-150.0
-174.0
-178.0
-159.0
-166.0
-185.0
-175.0
-203.0
-141.0
-142.0
-146.0
-138.0
-185.0
-169.0
-145.0
-140.0
-121.0
-128.0
-150.0
-144.0
-181.0
-152.0
-122.0
-141.0
-147.0
-176.0
-165.0
-150.0
-172.0
-101.0
-100.0
-132.0
-121.0
-125.0
-155.0
-107.0
-112.0
-149.0
-136.0
-124.0
-143.0
-186.0
-144.0
-105.0
-160.0
-125.0
-137.0
-159.0
-121.0
-141.0
-183.0
-122.0
-104.0
-123.0
-128.0
-134.0
-140.0
-155.0
-146.0
-139.0
-157.0
-133.0
-108.0
-154.0
-156.0
-149.0
-141.0
-92.0
-131.0
-142.0
-136.0
-158.0
-129.0
-137.0
-133.0
-142.0
-135.0
-134.0
-157.0
-159.0
-145.0
-107.0
-103.0
-136.0
-150.0
-157.0
-168.0
-168.0
-140.0
-137.0
-132.0
-108.0
-153.0
-149.0
-123.0
-140.0
-128.0
-117.0
-137.0
-122.0
-119.0
-135.0
-130.0
-109.0
-118.0
-149.0
-149.0
-128.0
-142.0
-135.0
-163.0
-161.0
-131.0
-140.0
-128.0
-121.0
-132.0
-131.0
-108.0
-83.0
-110.0
-125.0
-113.0
-103.0
-96.0
-82.0
-93.0
-129.0
-77.0
-84.0
-118.0
-122.0
-86.0
-74.0
-91.0
-105.0
-109.0
-74.0
-65.0
-79.0
-91.0
-79.0
-86.0
-109.0
-82.0
-77.0
-95.0
-102.0
-114.0
-100.0
-79.0
-92.0
-103.0
-83.0
-97.0
-97.0
-128.0
-92.0
-70.0
-92.0
-62.0
-82.0
-101.0
-74.0
-76.0
-79.0
-71.0
-108.0
-107.0
-116.0
-113.0
-88.0
-67.0
-82.0
-74.0
-93.0
-71.0
-72.0
-56.0
-75.0
-84.0
-61.0
-53.0
-34.0
-28.0
-72.0
-88.0
-84.0
-70.0
-51.0
-99.0
-39.0
-9.0
-26.0
-36.0
-25.0
-27.0
-38.0
-35.0
-32.0
-12.0
-22.0
-15.0
-17.0
-45.0
-12.0
-26.0
-14.0
-37.0
-51.0
-48.0
-28.0
-23.0
-37.0
-64.0
-70.0
-57.0
-52.0
-59.0
-25.0
-32.0
-35.0
-49.0
-32.0
-33.0
-25.0
-25.0
-32.0
-53.0
-19.0
-34.0
-27.0
-27.0
-41.0
-39.0
-44.0
-45.0
-8.0
-42.0
-54.0
-26.0
-56.0
-33.0
-45.0
-69.0
-59.0
-67.0
-79.0
-52.0
-68.0
-42.0
-28.0
-18.0
-27.0
-34.0
-43.0
-7.0
-29.0
-44.0
-27.0
-43.0
-33.0
-40.0
-58.0
-33.0
-54.0
-59.0
-46.0
-61.0
-22.0
-42.0
-31.0
-37.0
-75.0
-67.0
-56.0
-55.0
-37.0
-46.0
-52.0
-42.0
-68.0
-53.0
-12.0
-63.0
-39.0
-3.0
-25.0
-53.0
-35.0
-55.0
-36.0
-36.0
-48.0
-54.0
-33.0
-33.0
-39.0
-29.0
-39.0
-33.0
-48.0
-68.0
-32.0
-51.0
-59.0
-50.0
-78.0
-73.0
-43.0
-65.0
-59.0
-39.0
-38.0
-74.0
-60.0
-61.0
-53.0
-11.0
-46.0
-45.0
-30.0
-53.0
-50.0
-45.0
-25.0
-27.0
-38.0
-54.0
-34.0
-15.0
-18.0
-22.0
16.0
8.0
-15.0
7.0
-4.0
26.0
54.0
19.0
-3.0
16.0
28.0
11.0
2.0
-8.0
7.0
7.0
-24.0
-6.0
-29.0
-33.0
11.0
-8.0
-14.0
-7.0
12.0
10.0
15.0
1.0
-13.0
26.0
9.0
3.0
1.0
-11.0
-13.0
24.0
-13.0
-24.0
-21.0
0.0
22.0
2.0
-15.0
-5.0
-16.0
-27.0
22.0
22.0
-10.0
-2.0
32.0
18.0
1.0
7.0
16.0
-39.0
4.0
22.0
-1.0
-21.0
-28.0
1.0
15.0
18.0
4.0
-1.0
0.0
27.0
18.0
11.0
15.0
-26.0
-14.0
15.0
16.0
24.0
-7.0
-2.0
2.0
-37.0
-20.0
26.0
27.0
31.0
5.0
-7.0
-5.0
-35.0
-2.0
29.0
22.0
10.0
-11.0
-32.0
34.0
32.0
22.0
19.0
4.0
29.0
34.0
6.0
8.0
37.0
11.0
34.0
5.0
-16.0
23.0
24.0
-1.0
-12.0
-10.0
15.0
-4.0
-7.0
-15.0
-35.0
-12.0
16.0
0.0
2.0
-10.0
-38.0
-35.0
-32.0
-18.0
-9.0
19.0
-27.0
-40.0
-33.0
-25.0
-31.0
-46.0
-37.0
-14.0
3.0
-13.0
7.0
-35.0
-22.0
-24.0
-22.0
6.0
-7.0
-27.0
4.0
-46.0
-14.0
5.0
-38.0
-21.0
34.0
-2.0
-16.0
-7.0
-40.0
-18.0
-26.0
11.0
28.0
21.0
12.0
-5.0
-35.0
-31.0
-3.0
-1.0
53.0
34.0
11.0
-17.0
14.0
30.0
-6.0
11.0
43.0
12.0
10.0
31.0
40.0
50.0
36.0
7.0
34.0
6.0
14.0
79.0
45.0
55.0
77.0
70.0
74.0
65.0
79.0
53.0
52.0
73.0
41.0
60.0
32.0
49.0
82.0
61.0
46.0
33.0
37.0
51.0
64.0
42.0
21.0
15.0
21.0
61.0
61.0
42.0
27.0
24.0
-1.0
34.0
47.0
31.0
1.0
20.0
27.0
16.0
52.0
25.0
31.0
21.0
-33.0
31.0
37.0
-13.0
33.0
25.0
7.0
7.0
24.0
29.0
32.0
17.0
26.0
-2.0
24.0
24.0
16.0
9.0
37.0
23.0
48.0
67.0
73.0
31.0
56.0
42.0
36.0
55.0
55.0
35.0
10.0
6.0
27.0
37.0
33.0
2.0
-4.0
27.0
17.0
17.0
-14.0
-2.0
-10.0
19.0
28.0
29.0
30.0
16.0
37.0
29.0
18.0
37.0
33.0
26.0
38.0
54.0
9.0
40.0
30.0
20.0
15.0
10.0
-3.0
10.0
17.0
1.0
-21.0
49.0
72.0
45.0
36.0
52.0
70.0
73.0
65.0
62.0
41.0
47.0
22.0
25.0
21.0
22.0
29.0
31.0
5.0
24.0
14.0
48.0
50.0
32.0
13.0
34.0
48.0
49.0
0.0
0.0
71.0
64.0
29.0
49.0
30.0
-7.0
-6.0
41.0
31.0
38.0
50.0
20.0
-4.0
38.0
50.0
-9.0
19.0
31.0
-21.0
3.0
48.0
17.0
-8.0
29.0
6.0
2.0
46.0
26.0
45.0
42.0
25.0
31.0
44.0
52.0
52.0
12.0
30.0
26.0
3.0
63.0
77.0
32.0
17.0
29.0
43.0
26.0
9.0
33.0
39.0
29.0
47.0
68.0
79.0
72.0
101.0
165.0
202.0
228.0
268.0
273.0
266.0
268.0
267.0
267.0
268.0
268.0
261.0
261.0
257.0
244.0
222.0
192.0
176.0
171.0
134.0
108.0
99.0
41.0
-6.0
-30.0
-13.0
-64.0
-93.0
-125.0
-162.0
-176.0
-184.0
-198.0
-219.0
-201.0
-231.0
-240.0
-200.0
-211.0
-201.0
-233.0
-230.0
-188.0
-218.0
-243.0
-192.0
-202.0
-217.0
-193.0
-203.0
-231.0
-218.0
-228.0
-186.0
-180.0
-179.0
-135.0
-165.0
-154.0
-133.0
-165.0
-180.0
-156.0
-166.0
-142.0
-150.0
-186.0
-195.0
-192.0
-157.0
-156.0
-144.0
-130.0
-191.0
-205.0
-139.0
-144.0
-144.0
-145.0
-143.0
-152.0
-131.0
-137.0
-120.0
-157.0
-159.0
-149.0
-122.0
-120.0
-153.0
-121.0
-101.0
-134.0
-122.0
-132.0
-110.0
-87.0
-126.0
-116.0
-111.0
-125.0
-137.0
-109.0
-103.0
-111.0
-112.0
-111.0
-109.0
-110.0
-89.0
-89.0
-94.0
-92.0
-88.0
-78.0
-104.0
-121.0
-65.0
-77.0
-111.0
-98.0
-79.0
-91.0
-98.0
-59.0
-66.0
-94.0
-70.0
-62.0
-92.0
-72.0
-67.0
-89.0
-69.0
-85.0
-64.0
-71.0
-63.0
-51.0
-66.0
-59.0
-45.0
-60.0
-73.0
-44.0
-56.0
-102.0
-61.0
-54.0
-66.0
-59.0
-65.0
-97.0
-96.0
-38.0
-43.0
-36.0
-34.0
-66.0
-53.0
-52.0
-56.0
-70.0
-61.0
-81.0
-95.0
-93.0
-110.0
-100.0
-44.0
-72.0
-101.0
-99.0
-108.0
-97.0
-72.0
-38.0
-67.0
-100.0
-88.0
-58.0
-100.0
-94.0
-93.0
-102.0
-122.0
-92.0
-61.0
-67.0
-88.0
-81.0
-103.0
-101.0
-69.0
-76.0
-71.0
-109.0
-129.0
-107.0
-95.0
-92.0
-62.0
-66.0
-75.0
-89.0
-76.0
-43.0
-56.0
-67.0
-76.0
-40.0
-44.0
-69.0
-50.0
-55.0
-59.0
-55.0
-106.0
-59.0
-39.0
-43.0
-39.0
-58.0
-72.0
-82.0
-70.0
-34.0
-9.0
-37.0
-74.0
-84.0
-73.0
-87.0
-89.0
-91.0
-88.0
-56.0
-85.0
-98.0
-94.0
-65.0
-46.0
-67.0
-70.0
-83.0
-74.0
-89.0
-63.0
-36.0
-58.0
-21.0
-58.0
-81.0
-55.0
-67.0
-71.0
-39.0
-18.0
-52.0
-71.0
-43.0
-61.0
-79.0
-35.0
-51.0
-72.0
-43.0
-42.0
-67.0
-45.0
-27.0
-48.0
-39.0
-63.0
-41.0
-50.0
-66.0
-27.0
-59.0
-99.0
-49.0
-27.0
-49.0
-48.0
-87.0
-83.0
-74.0
-39.0
-38.0
-26.0
-54.0
-52.0
-42.0
-46.0
-8.0
-15.0
-60.0
-88.0
-50.0
-35.0
-70.0
-27.0
-11.0
-30.0
-38.0
-43.0
-10.0
21.0
-34.0
-43.0
-49.0
-70.0
-34.0
-36.0
-82.0
-56.0
-8.0
-21.0
-31.0
-32.0
-23.0
-11.0
7.0
24.0
52.0
130.0
162.0
234.0
284.0
266.0
266.0
269.0
268.0
269.0
267.0
252.0
233.0
183.0
158.0
98.0
62.0
41.0
36.0
-15.0
-56.0
-67.0
-111.0
-132.0
-96.0
-147.0
-197.0
-205.0
-185.0
-207.0
-237.0
-224.0
-217.0
-200.0
-223.0
-231.0
-216.0
-234.0
-246.0
-242.0
-225.0
-217.0
-206.0
-195.0
-214.0
-233.0
-210.0
-195.0
-210.0
-247.0
-201.0
-159.0
-180.0
-197.0
-168.0
-167.0
-159.0
-178.0
-226.0
-195.0
-169.0
-190.0
-163.0
-178.0
-225.0
-197.0
-185.0
-200.0
-173.0
-144.0
-148.0
-172.0
-173.0
-186.0
-162.0
-135.0
-145.0
-126.0
-126.0
-134.0
-140.0
-128.0
-153.0
-139.0
-142.0
-154.0
-129.0
-142.0
-137.0
-131.0
-168.0
-125.0
-107.0
-138.0
-128.0
-90.0
-113.0
-118.0
-115.0
-134.0
-103.0
-109.0
-77.0
-105.0
-119.0
-83.0
-108.0
-133.0
-93.0
-80.0
-120.0
-110.0
-107.0
-86.0
-96.0
-123.0
-128.0
-115.0
-117.0
-99.0
-101.0
-105.0
-107.0
-103.0
-123.0
-161.0
-107.0
-110.0
-157.0
-133.0
-119.0
-144.0
-159.0
-130.0
-88.0
-121.0
-146.0
-118.0
-127.0
-128.0
-133.0
-128.0
-139.0
-104.0
-102.0
-114.0
-160.0
-90.0
-48.0
-121.0
-71.0
-5.0
-4.0
-19.0
-13.0
3.0
-51.0
-22.0
-37.0
-37.0
0.0
-34.0
-38.0
-30.0
-49.0
-63.0
-44.0
-18.0
-65.0
-99.0
-61.0
-54.0
-88.0
-81.0
-58.0
-95.0
-78.0
-68.0
-68.0
-43.0
-41.0
-80.0
-73.0
-82.0
-68.0
-89.0
-55.0
-23.0
-66.0
-98.0
-53.0
-59.0
-85.0
-53.0
-42.0
-62.0
-51.0
-65.0
-68.0
-65.0
-34.0
-44.0
-54.0
-71.0
-81.0
-83.0
-107.0
-35.0
-55.0
-78.0
-38.0
-51.0
-90.0
-98.0
-71.0
-48.0
-46.0
-76.0
-74.0
-79.0
-49.0
-31.0
-59.0
-101.0
-82.0
-20.0
-42.0
-62.0
-59.0
-66.0
-68.0
-18.0
-35.0
-39.0
-51.0
-66.0
-105.0
-16.0
24.0
-37.0
-45.0
-36.0
-93.0
-109.0
-12.0
-1.0
-16.0
-59.0
-77.0
-97.0
-63.0
-23.0
-24.0
-82.0
-64.0
-17.0
-50.0
-76.0
-54.0
-33.0
-32.0
-62.0
-78.0
-77.0
-61.0
-37.0
-62.0
-79.0
-52.0
-82.0
-93.0
-79.0
-56.0
-74.0
-108.0
-79.0
-73.0
-78.0
-68.0
-75.0
-83.0
-79.0
-69.0
-84.0
-72.0
-88.0
-96.0
-73.0
-79.0
-83.0
-59.0
-78.0
-62.0
-62.0
-98.0
-88.0
-69.0
-87.0
-71.0
-59.0
-90.0
-117.0
-74.0
-55.0
-68.0
-55.0
-73.0
-64.0
-42.0
-41.0
-66.0
-53.0
-61.0
-106.0
-84.0
-40.0
-31.0
-26.0
-52.0
-62.0
-41.0
-49.0
-16.0
-23.0
-26.0
-19.0
-36.0
-39.0
-35.0
-41.0
-33.0
-57.0
-36.0
-35.0
-73.0
-43.0
-40.0
-61.0
-24.0
-32.0
-32.0
-15.0
-44.0
-44.0
-39.0
-25.0
-26.0
-4.0
-39.0
-25.0
-27.0
-87.0
-60.0
-8.0
-39.0
-40.0
-40.0
-69.0
-70.0
-58.0
-36.0
-26.0
-22.0
-15.0
-27.0
-23.0
-10.0
-22.0
-4.0
2.0
-49.0
-30.0
-34.0
-40.0
-32.0
-11.0
-53.0
-30.0
-47.0
-80.0
-40.0
-42.0
-54.0
-49.0
-20.0
-4.0
-60.0
-67.0
-9.0
-26.0
-19.0
-13.0
-33.0
-74.0
-39.0
-54.0
-48.0
-44.0
-81.0
-54.0
-57.0
-49.0
-51.0
-63.0
-43.0
-59.0
-74.0
-51.0
-76.0
-39.0
-34.0
-10.0
-7.0
-44.0
-52.0
-21.0
-7.0
-10.0
-31.0
-23.0
-15.0
-40.0
-10.0
6.0
2.0
1.0
-31.0
-1.0
6.0
-44.0
-34.0
-54.0
-77.0
-35.0
-58.0
-69.0
-49.0
-50.0
-11.0
-12.0
-45.0
-55.0
-55.0
-52.0
-68.0
-29.0
-34.0
-57.0
-51.0
-55.0
-35.0
-13.0
3.0
-23.0
-58.0
-53.0
-18.0
18.0
-23.0
-72.0
-67.0
-52.0
-52.0
-12.0
-44.0
-52.0
-54.0
-70.0
-105.0
-80.0
-51.0
-26.0
-54.0
-69.0
-37.0
-43.0
-23.0
-56.0
-65.0
-53.0
-41.0
-32.0
-69.0
-94.0
-110.0
-53.0
-24.0
-65.0
-89.0
-80.0
-68.0
-67.0
-59.0
-39.0
-31.0
-48.0
-47.0
-37.0
-3.0
-23.0
-28.0
-11.0
-72.0
-33.0
-11.0
-34.0
-57.0
-50.0
-57.0
-39.0
-18.0
-16.0
-44.0
-81.0
-92.0
-42.0
-24.0
-18.0
-33.0
-44.0
-69.0
-26.0
-26.0
-35.0
-22.0
-61.0
-35.0
-48.0
-24.0
-37.0
-71.0
-103.0
-74.0
-71.0
-25.0
-27.0
-54.0
-80.0
-79.0
-31.0
-18.0
-66.0
-67.0
-99.0
-68.0
-29.0
-54.0
-49.0
-58.0
-84.0
-86.0
-45.0
-76.0
-58.0
-42.0
-70.0
-83.0
-62.0
-53.0
-83.0
-60.0
-72.0
-106.0
-57.0
-58.0
-87.0
-100.0
-54.0
-67.0
-48.0
-32.0
-59.0
-71.0
-86.0
-94.0
-61.0
-34.0
-56.0
-84.0
-71.0
-60.0
-88.0
-79.0
-60.0
-88.0
-78.0
-58.0
-82.0
-85.0
-63.0
-39.0
-54.0
-49.0
-93.0
-84.0
-64.0
-102.0
-84.0
-19.0
-50.0
-87.0
-79.0
-32.0
-40.0
-32.0
-36.0
-40.0
-50.0
-34.0
-24.0
-55.0
-68.0
-36.0
-46.0
-24.0
-6.0
-39.0
-43.0
-44.0
-21.0
10.0
-18.0
-20.0
-64.0
-34.0
-7.0
-37.0
-42.0
-18.0
-14.0
-20.0
-44.0
11.0
14.0
-5.0
-9.0
-7.0
-17.0
11.0
9.0
-40.0
-36.0
-60.0
-69.0
-8.0
7.0
2.0
-13.0
-16.0
-15.0
-22.0
9.0
33.0
-14.0
-1.0
18.0
-24.0
-4.0
-11.0
-20.0
29.0
36.0
51.0
90.0
127.0
222.0
240.0
256.0
274.0
266.0
267.0
270.0
270.0
260.0
221.0
208.0
182.0
107.0
107.0
107.0
59.0
15.0
-29.0
-61.0
-69.0
-95.0
-127.0
-154.0
-157.0
-129.0
-128.0
-153.0
-148.0
-150.0
-182.0
-194.0
-181.0
-200.0
-211.0
-166.0
-156.0
-188.0
-182.0
-194.0
-233.0
-196.0
-194.0
-209.0
-192.0
-188.0
-191.0
-218.0
-203.0
-188.0
-199.0
-203.0
-192.0
-190.0
-184.0
-172.0
-186.0
-181.0
-191.0
-171.0
-145.0
-177.0
-168.0
-174.0
-209.0
-152.0
-144.0
-166.0
-144.0
-165.0
-175.0
-153.0
-120.0
-125.0
-162.0
-167.0
-130.0
-140.0
-136.0
-125.0
-151.0
-145.0
-163.0
-134.0
-111.0
-126.0
-139.0
-148.0
-167.0
-184.0
-133.0
-125.0
-145.0
-146.0
-136.0
-163.0
-159.0
-146.0
-184.0
-164.0
-120.0
-154.0
-120.0
-114.0
-123.0
-121.0
-162.0
-137.0
-125.0
-145.0
-170.0
-178.0
-184.0
-166.0
-155.0
-137.0
-164.0
-181.0
-155.0
-154.0
-160.0
-112.0
-126.0
-154.0
-133.0
-167.0
-147.0
-128.0
-124.0
-96.0
-131.0
-115.0
-99.0
-130.0
-121.0
-126.0
-108.0
-105.0
-134.0
-138.0
-119.0
-85.0
-89.0
-108.0
-114.0
-133.0
-118.0
-105.0
-117.0
-119.0
-137.0
-135.0
-143.0
-151.0
-134.0
-87.0
-78.0
-95.0
-102.0
-121.0
-112.0
-59.0
-76.0
-100.0
-89.0
-92.0
-81.0
-92.0
-125.0
-98.0
-100.0
-118.0
-94.0
-99.0
-105.0
-94.0
-113.0
-117.0
-105.0
-96.0
-106.0
-81.0
-63.0
-106.0
-155.0
-98.0
-70.0
-82.0
-62.0
-74.0
-105.0
-81.0
-59.0
-54.0
-84.0
-37.0
-41.0
-62.0
-71.0
-33.0
-40.0
-73.0
-87.0
-40.0
-26.0
-79.0
-74.0
-48.0
-70.0
-95.0
-72.0
-77.0
-62.0
-48.0
-42.0
-76.0
-58.0
-43.0
-59.0
-96.0
-67.0
-60.0
-55.0
-51.0
-90.0
-93.0
-74.0
-91.0
-60.0
-52.0
-49.0
-76.0
-90.0
-63.0
-88.0
-64.0
-58.0
-63.0
-72.0
-67.0
-78.0
-52.0
-60.0
-77.0
-60.0
-39.0
-78.0
-63.0
-44.0
-58.0
-97.0
-123.0
-68.0
-45.0
-24.0
-27.0
-42.0
-29.0
-60.0
-88.0
-89.0
-53.0
-58.0
-67.0
-67.0
-45.0
-88.0
-99.0
-50.0
-80.0
-53.0
-56.0
-80.0
-56.0
-91.0
-62.0
-95.0
-110.0
-59.0
-69.0
-108.0
-116.0
-58.0
-85.0
-76.0
-36.0
-64.0
-87.0
-97.0
-48.0
-60.0
-52.0
-25.0
-58.0
-50.0
-78.0
-69.0
-42.0
-60.0
-98.0
-103.0
-67.0
-72.0
-93.0
-70.0
-39.0
-40.0
-30.0
-37.0
-46.0
-53.0
-14.0
-36.0
-65.0
-57.0
7.0
-58.0
-34.0
16.0
0.0
87.0
158.0
152.0
244.0
279.0
260.0
263.0
232.0
231.0
277.0
234.0
210.0
163.0
170.0
160.0
276.0
249.0
191.0
162.0
155.0
161.0
89.0
210.0
158.0
118.0
178.0
74.0
74.0
88.0
14.0
-37.0
-63.0
-130.0
-184.0
-199.0
-252.0
-233.0
-237.0
-254.0
-251.0
-251.0
-253.0
-252.0
-252.0
-249.0
-241.0
-243.0
-253.0
-248.0
-242.0
-247.0
-240.0
-239.0
-241.0
-250.0
-244.0
-236.0
-239.0
-196.0
-223.0
-248.0
-234.0
-202.0
-229.0
-245.0
-224.0
-228.0
-144.0
-130.0
-196.0
-247.0
-169.0
-155.0
-193.0
-193.0
-192.0
-130.0
-54.0
-46.0
49.0
127.0
251.0
264.0
256.0
269.0
267.0
266.0
221.0
240.0
279.0
257.0
259.0
270.0
235.0
224.0
179.0
225.0
235.0
192.0
246.0
224.0
210.0
120.0
122.0
150.0
186.0
166.0
175.0
122.0
60.0
42.0
3.0
-25.0
-62.0
-90.0
-125.0
-150.0
-199.0
-234.0
-251.0
-252.0
-252.0
-252.0
-249.0
-251.0
-251.0
-251.0
-250.0
-250.0
-251.0
-250.0
-248.0
-239.0
-247.0
-248.0
-248.0
-245.0
-240.0
-243.0
-232.0
-224.0
-221.0
-203.0
-205.0
-202.0
-168.0
-181.0
-188.0
-177.0
-171.0
-206.0
-157.0
-159.0
-159.0
-180.0
-184.0
-184.0
-195.0
-168.0
-166.0
-190.0
-173.0
-181.0
-183.0
-165.0
-195.0
-182.0
-129.0
-148.0
-158.0
-142.0
-126.0
-140.0
-141.0
-152.0
-147.0
-93.0
-119.0
-153.0
-131.0
-122.0
-154.0
-143.0
-121.0
-131.0
-117.0
-104.0
-117.0
-120.0
-129.0
-130.0
-121.0
-100.0
-96.0
-112.0
-115.0
-105.0
-123.0
-90.0
-122.0
-112.0
-105.0
-104.0
-81.0
-110.0
-108.0
-78.0
-84.0
-93.0
-87.0
-83.0
-96.0
-99.0
-106.0
-93.0
-91.0
-107.0
-93.0
-112.0
-74.0
-42.0
-74.0
-87.0
-74.0
-72.0
-75.0
-97.0
-103.0
-101.0
-84.0
-54.0
-72.0
-79.0
-67.0
-95.0
-126.0
-64.0
-53.0
-62.0
-34.0
-56.0
-73.0
-67.0
-51.0
-27.0
-42.0
-78.0
-56.0
-70.0
-84.0
-60.0
-70.0
-33.0
-42.0
-53.0
-44.0
-70.0
-26.0
-13.0
-62.0
-58.0
-52.0
-69.0
-63.0
-71.0
-54.0
-84.0
-34.0
-42.0
-62.0
-38.0
-63.0
-63.0
-49.0
-42.0
-67.0
-26.0
-12.0
-33.0
-50.0
-65.0
-66.0
-71.0
-46.0
-34.0
-61.0
-45.0
-34.0
-67.0
-48.0
-43.0
-40.0
-37.0
-31.0
-46.0
-30.0
-40.0
-38.0
-26.0
-12.0
-20.0
-46.0
-36.0
-12.0
-23.0
13.0
-3.0
-14.0
-8.0
-47.0
-25.0
-7.0
-29.0
-11.0
27.0
48.0
2.0
-12.0
3.0
19.0
-18.0
-11.0
-45.0
-30.0
2.0
-25.0
-9.0
-2.0
-45.0
-21.0
-8.0
-15.0
3.0
15.0
-4.0
-8.0
-36.0
6.0
18.0
-6.0
7.0
-22.0
-48.0
2.0
-15.0
-24.0
-37.0
-41.0
-11.0
-25.0
9.0
-5.0
-20.0
-11.0
2.0
4.0
-3.0
15.0
15.0
13.0
-17.0
-12.0
0.0
-14.0
-11.0
17.0
2.0
-12.0
18.0
12.0
-17.0
4.0
7.0
-21.0
-17.0
10.0
-15.0
-23.0
1.0
-36.0
-18.0
-15.0
-4.0
-26.0
-22.0
5.0
-14.0
-23.0
-42.0
-20.0
-26.0
-33.0
-11.0
-23.0
4.0
-6.0
-34.0
-29.0
-30.0
-36.0
-39.0
-17.0
-34.0
-50.0
-35.0
-27.0
-16.0
0.0
-18.0
-10.0
-39.0
-60.0
-29.0
-19.0
-24.0
-27.0
2.0
-13.0
-38.0
-3.0
-10.0
-30.0
-12.0
-32.0
-56.0
-37.0
-27.0
-42.0
-27.0
-13.0
-25.0
-39.0
-31.0
-8.0
-6.0
-60.0
-53.0
-50.0
-7.0
-9.0
-32.0
-27.0
-37.0
-51.0
-34.0
-23.0
-27.0
-24.0
-34.0
-20.0
-55.0
-26.0
-2.0
-9.0
-23.0
-50.0
-52.0
-30.0
-22.0
-9.0
7.0
-11.0
-22.0
-28.0
-6.0
-13.0
12.0
4.0
3.0
2.0
3.0
-23.0
-21.0
4.0
-35.0
-35.0
15.0
-26.0
-33.0
-31.0
-30.0
-12.0
7.0
10.0
-11.0
-1.0
80.0
34.0
5.0
50.0
60.0
29.0
21.0
-5.0
-23.0
-5.0
6.0
31.0
42.0
14.0
18.0
2.0
15.0
45.0
50.0
26.0
42.0
20.0
39.0
44.0
1.0
31.0
38.0
20.0
6.0
-7.0
58.0
33.0
8.0
62.0
46.0
12.0
10.0
29.0
43.0
31.0
7.0
34.0
45.0
52.0
27.0
43.0
52.0
28.0
26.0
32.0
67.0
87.0
52.0
38.0
62.0
35.0
61.0
63.0
54.0
62.0
26.0
24.0
69.0
41.0
48.0
44.0
30.0
21.0
46.0
45.0
34.0
39.0
29.0
31.0
16.0
26.0
23.0
2.0
2.0
11.0
42.0
30.0
37.0
37.0
8.0
25.0
23.0
1.0
30.0
-2.0
-1.0
19.0
33.0
25.0
-8.0
-29.0
-11.0
40.0
29.0
31.0
45.0
66.0
35.0
34.0
46.0
41.0
43.0
35.0
48.0
45.0
12.0
-10.0
29.0
17.0
-36.0
33.0
54.0
13.0
1.0
33.0
21.0
-12.0
-31.0
49.0
43.0
40.0
68.0
54.0
30.0
27.0
44.0
74.0
4.0
5.0
58.0
42.0
32.0
37.0
62.0
58.0
36.0
43.0
48.0
33.0
40.0
78.0
58.0
58.0
46.0
61.0
54.0
50.0
58.0
60.0
45.0
43.0
79.0
63.0
34.0
26.0
55.0
96.0
56.0
61.0
79.0
45.0
34.0
36.0
55.0
61.0
64.0
82.0
9.0
43.0
89.0
88.0
102.0
69.0
35.0
59.0
42.0
30.0
55.0
60.0
23.0
38.0
61.0
69.0
35.0
15.0
16.0
79.0
95.0
81.0
48.0
59.0
36.0
49.0
60.0
52.0
36.0
19.0
-2.0
54.0
68.0
33.0
33.0
26.0
12.0
44.0
63.0
35.0
59.0
40.0
35.0
83.0
69.0
41.0
44.0
17.0
53.0
70.0
31.0
50.0
60.0
37.0
-36.0
-15.0
49.0
36.0
35.0
-4.0
5.0
17.0
16.0
48.0
45.0
37.0
39.0
38.0
31.0
21.0
39.0
59.0
61.0
64.0
57.0
41.0
33.0
28.0
25.0
86.0
94.0
55.0
40.0
33.0
29.0
46.0
45.0
46.0
41.0
52.0
86.0
84.0
49.0
47.0
37.0
65.0
73.0
81.0
62.0
-11.0
33.0
78.0
30.0
54.0
23.0
22.0
46.0
34.0
5.0
50.0
32.0
29.0
24.0
46.0
99.0
112.0
157.0
198.0
250.0
276.0
263.0
263.0
267.0
267.0
268.0
268.0
259.0
193.0
182.0
238.0
152.0
145.0
100.0
60.0
35.0
-10.0
-68.0
-85.0
-83.0
-70.0
-82.0
-117.0
-140.0
-164.0
-209.0
-221.0
-190.0
-213.0
-222.0
-242.0
-213.0
-200.0
-234.0
-244.0
-247.0
-235.0
-212.0
-222.0
-235.0
-237.0
-246.0
-219.0
-190.0
-211.0
-210.0
-194.0
-202.0
-204.0
-169.0
-167.0
-194.0
-152.0
-161.0
-185.0
-157.0
-144.0
-209.0
-195.0
-179.0
-225.0
-208.0
-173.0
-225.0
-228.0
-178.0
-173.0
-171.0
-206.0
-193.0
-199.0
-191.0
-130.0
-161.0
-188.0
-155.0
-140.0
-162.0
-133.0
-128.0
-167.0
-158.0
-192.0
-132.0
-108.0
-146.0
-157.0
-165.0
-177.0
-139.0
-142.0
-139.0
-120.0
-122.0
-149.0
-124.0
-83.0
-127.0
-136.0
-145.0
-153.0
-130.0
-121.0
-154.0
-139.0
-136.0
-149.0
-167.0
-140.0
-150.0
-154.0
-126.0
-157.0
-170.0
-187.0
-139.0
-133.0
-144.0
-167.0
-155.0
-158.0
-172.0
-163.0
-154.0
-154.0
-127.0
-122.0
-141.0
-145.0
-121.0
-101.0
-109.0
-120.0
-125.0
-140.0
-130.0
-111.0
-127.0
-120.0
-125.0
-148.0
-134.0
-106.0
-129.0
-157.0
-127.0
-110.0
-101.0
-100.0
-99.0
-108.0
-142.0
-128.0
-114.0
-107.0
-95.0
-129.0
-155.0
-108.0
-110.0
-138.0
-150.0
-135.0
-107.0
-107.0
-86.0
-77.0
-111.0
-108.0
-98.0
-90.0
-103.0
-120.0
-120.0
-117.0
-103.0
-128.0
-98.0
-109.0
-138.0
-132.0
-70.0
-75.0
-109.0
-121.0
-123.0
-108.0
-89.0
-91.0
-111.0
-106.0
-91.0
-110.0
-124.0
-87.0
-45.0
-68.0
-83.0
-88.0
-70.0
-140.0
-113.0
-26.0
-51.0
-53.0
-67.0
-27.0
1.0
-31.0
-68.0
-62.0
-52.0
-53.0
-30.0
-22.0
-89.0
-90.0
-52.0
-30.0
-34.0
-60.0
-48.0
-74.0
-99.0
-77.0
-74.0
-48.0
-12.0
-60.0
-65.0
-28.0
-67.0
-32.0
-44.0
-51.0
-56.0
-40.0
-25.0
-49.0
-57.0
-22.0
-21.0
-59.0
-8.0
-35.0
-53.0
-60.0
-36.0
-4.0
-65.0
-63.0
8.0
-28.0
-34.0
-17.0
-39.0
-27.0
-16.0
-65.0
-24.0
-5.0
-3.0
-43.0
-23.0
-21.0
-37.0
-25.0
-41.0
-58.0
-61.0
-52.0
-51.0
-21.0
-33.0
-56.0
-37.0
-13.0
-32.0
-37.0
-34.0
-25.0
-8.0
-36.0
-25.0
-58.0
-73.0
-37.0
-74.0
-21.0
-12.0
-45.0
-26.0
-1.0
-38.0
-45.0
-52.0
-68.0
-42.0
-28.0
-16.0
-56.0
-56.0
-53.0
-73.0
-11.0
-14.0
-24.0
-29.0
-68.0
-53.0
-73.0
-65.0
-26.0
-58.0
-44.0
-61.0
-77.0
-62.0
-76.0
-59.0
-39.0
-62.0
-71.0
-45.0
-46.0
-65.0
-73.0
-44.0
-35.0
-63.0
-54.0
-63.0
-89.0
-53.0
-45.0
-74.0
-76.0
-59.0
-50.0
-71.0
-68.0
-53.0
-47.0
-83.0
-84.0
-51.0
-118.0
-72.0
-38.0
-59.0
-64.0
-65.0
-48.0
-75.0
-56.0
-39.0
-83.0
-110.0
-82.0
-87.0
-77.0
-54.0
-84.0
-91.0
-89.0
-70.0
-70.0
-93.0
-79.0
-94.0
-68.0
-63.0
-74.0
-63.0
-73.0
-96.0
-74.0
-60.0
-82.0
-41.0
-44.0
-56.0
-39.0
-46.0
-58.0
-89.0
-56.0
-45.0
-63.0
-48.0
-27.0
-38.0
-53.0
-56.0
-35.0
-37.0
-59.0
-51.0
-72.0
-55.0
-22.0
-61.0
-84.0
-65.0
-52.0
-39.0
-44.0
-80.0
-72.0
-98.0
-98.0
-43.0
-26.0
-48.0
-66.0
-65.0
-21.0
-60.0
-55.0
-4.0
-24.0
-33.0
-13.0
-48.0
-30.0
-39.0
-67.0
-48.0
-35.0
-45.0
-62.0
-52.0
-36.0
-44.0
-41.0
-58.0
-61.0
-23.0
-26.0
-13.0
-21.0
-63.0
-48.0
-23.0
-39.0
-64.0
-71.0
-12.0
5.0
-3.0
33.0
64.0
100.0
115.0
102.0
101.0
157.0
200.0
161.0
185.0
165.0
124.0
147.0
195.0
167.0
127.0
99.0
124.0
102.0
127.0
124.0
101.0
123.0
96.0
84.0
103.0
67.0
59.0
90.0
44.0
79.0
96.0
58.0
46.0
44.0
38.0
45.0
55.0
44.0
7.0
35.0
69.0
65.0
42.0
1.0
26.0
46.0
51.0
50.0
62.0
58.0
48.0
60.0
64.0
37.0
-1.0
11.0
4.0
0.0
-12.0
-16.0
-14.0
13.0
14.0
-21.0
2.0
14.0
15.0
28.0
-6.0
6.0
3.0
-25.0
-35.0
-64.0
-74.0
-87.0
-113.0
-139.0
-137.0
-88.0
-93.0
-101.0
-79.0
-79.0
-135.0
-89.0
-97.0
-109.0
-61.0
-102.0
-121.0
-105.0
-106.0
-105.0
-114.0
-106.0
-112.0
-119.0
-99.0
-117.0
-91.0
-69.0
-99.0
-100.0
-65.0
-96.0
-90.0
-91.0
-84.0
-88.0
-78.0
-92.0
-137.0
-124.0
-104.0
-90.0
-118.0
-114.0
-92.0
-114.0
-112.0
-88.0
-95.0
-96.0
-91.0
-62.0
-59.0
-92.0
-120.0
-78.0
-61.0
-79.0
-118.0
-87.0
-77.0
-92.0
-86.0
-101.0
-115.0
-98.0
-103.0
-93.0
-90.0
-109.0
-124.0
-88.0
-66.0
-71.0
-74.0
-89.0
-70.0
-86.0
-97.0
-64.0
-62.0
-37.0
-45.0
-51.0
-73.0
-62.0
-54.0
-69.0
-77.0
-27.0
-24.0
-68.0
-77.0
-7.0
-32.0
-51.0
-27.0
-15.0
-40.0
-67.0
-72.0
-54.0
-43.0
-80.0
-95.0
-29.0
-20.0
-81.0
-81.0
-56.0
-61.0
-103.0
-49.0
-28.0
-68.0
-82.0
-49.0
-75.0
-88.0
-59.0
-55.0
-65.0
-44.0
-25.0
-71.0
-82.0
-30.0
-16.0
-56.0
-70.0
-52.0
-51.0
-75.0
-62.0
-56.0
-62.0
-37.0
-53.0
-41.0
-10.0
-51.0
-68.0
-30.0
-41.0
-23.0
-46.0
-44.0
-42.0
-40.0
-69.0
-68.0
-42.0
-72.0
-43.0
-27.0
-4.0
-6.0
-18.0
-23.0
-34.0
-36.0
-64.0
-51.0
-42.0
-34.0
-23.0
-37.0
-41.0
-47.0
-56.0
-32.0
-27.0
-40.0
-60.0
-71.0
-44.0
-22.0
-18.0
-40.0
-31.0
-56.0
-27.0
-21.0
-43.0
-38.0
-14.0
-10.0
-18.0
-3.0
-1.0
-19.0
-9.0
-14.0
-39.0
-18.0
-5.0
-37.0
-37.0
-5.0
-19.0
-37.0
-31.0
8.0
0.0
-35.0
-6.0
-7.0
-39.0
-5.0
22.0
21.0
-35.0
-30.0
-31.0
-58.0
-4.0
4.0
-15.0
-8.0
-4.0
-7.0
-24.0
-5.0
-20.0
-6.0
-7.0
-41.0
-29.0
-31.0
-14.0
-14.0
-2.0
-22.0
-8.0
-13.0
-15.0
-16.0
-5.0
-36.0
-66.0
-40.0
-45.0
-33.0
13.0
-32.0
-54.0
-29.0
-24.0
-53.0
-40.0
-49.0
-41.0
-16.0
-22.0
-34.0
-33.0
-15.0
-14.0
-43.0
-23.0
-16.0
-53.0
-27.0
12.0
-14.0
-17.0
-32.0
-45.0
-52.0
-12.0
-11.0
15.0
16.0
-21.0
-39.0
5.0
31.0
7.0
9.0
-55.0
-46.0
-30.0
-11.0
22.0
7.0
-2.0
-2.0
-8.0
15.0
17.0
24.0
14.0
-1.0
12.0
-1.0
-14.0
-34.0
10.0
6.0
4.0
19.0
-29.0
-15.0
-10.0
18.0
39.0
25.0
-2.0
20.0
42.0
14.0
-14.0
5.0
6.0
-26.0
10.0
-1.0
-9.0
-11.0
12.0
5.0
1.0
-6.0
-8.0
10.0
-19.0
24.0
6.0
-3.0
1.0
-25.0
-5.0
-14.0
-22.0
-33.0
-14.0
-9.0
-4.0
4.0
8.0
-20.0
-8.0
-37.0
-20.0
15.0
1.0
-3.0
-16.0
-17.0
-12.0
11.0
5.0
7.0
-26.0
-21.0
6.0
4.0
-10.0
-26.0
-31.0
-39.0
-2.0
-7.0
6.0
-1.0
-15.0
-23.0
-11.0
-16.0
-28.0
0.0
-20.0
-37.0
21.0
18.0
0.0
-3.0
-11.0
-54.0
-6.0
7.0
33.0
-1.0
-6.0
-14.0
-36.0
3.0
8.0
-45.0
-23.0
-6.0
-14.0
-28.0
-26.0
-7.0
-2.0
-3.0
-35.0
4.0
-7.0
-24.0
-12.0
-1.0
-15.0
-7.0
-11.0
-9.0
-25.0
-30.0
-11.0
-7.0
-44.0
-25.0
-26.0
-4.0
-10.0
-16.0
-24.0
-59.0
-20.0
20.0
16.0
-12.0
-33.0
-30.0
-37.0
-43.0
-32.0
-3.0
-45.0
-39.0
-56.0
-54.0
-30.0
-50.0
-15.0
-14.0
-22.0
-38.0
-52.0
-51.0
-20.0
7.0
-15.0
-39.0
-41.0
-39.0
-23.0
-13.0
-17.0
-43.0
-46.0
-33.0
-30.0
-35.0
-31.0
-11.0
-34.0
-63.0
-51.0
-59.0
-45.0
-38.0
-22.0
-31.0
-48.0
-42.0
-48.0
-43.0
-45.0
-40.0
-42.0
-38.0
-43.0
-63.0
-30.0
-9.0
-13.0
-41.0
-27.0
-8.0
-17.0
3.0
8.0
-20.0
-30.0
-20.0
-21.0
-39.0
-11.0
2.0
-6.0
-3.0
-2.0
2.0
-13.0
-4.0
-13.0
16.0
33.0
6.0
21.0
26.0
-32.0
6.0
40.0
29.0
25.0
25.0
8.0
7.0
7.0
37.0
29.0
4.0
-10.0
10.0
35.0
22.0
-6.0
-6.0
10.0
-1.0
27.0
46.0
18.0
37.0
45.0
41.0
81.0
113.0
163.0
218.0
254.0
271.0
269.0
269.0
269.0
269.0
268.0
209.0
168.0
156.0
174.0
157.0
99.0
79.0
55.0
13.0
-3.0
11.0
-18.0
-45.0
-54.0
-61.0
-35.0
-45.0
-69.0
-52.0
-74.0
-106.0
-145.0
-122.0
-92.0
-74.0
-108.0
-109.0
-128.0
-114.0
-139.0
-114.0
-92.0
-108.0
-141.0
-122.0
-140.0
-95.0
-109.0
-134.0
-119.0
-129.0
-137.0
-117.0
-130.0
-128.0
-161.0
-141.0
-125.0
-135.0
-126.0
-122.0
-134.0
-101.0
-101.0
-111.0
-149.0
-155.0
-119.0
-147.0
-134.0
-144.0
-108.0
-115.0
-139.0
-149.0
-146.0
-128.0
-120.0
-106.0
-118.0
-117.0
-99.0
-97.0
-98.0
-109.0
-106.0
-106.0
-98.0
-86.0
-96.0
-101.0
-102.0
-145.0
-127.0
-88.0
-89.0
-108.0
-81.0
-119.0
-95.0
-69.0
-87.0
-103.0
-136.0
-89.0
-95.0
-92.0
-61.0
-46.0
-88.0
-100.0
-114.0
-93.0
-71.0
-82.0
-55.0
-83.0
-131.0
-127.0
-98.0
-76.0
-62.0
-81.0
-106.0
-117.0
-105.0
-80.0
-69.0
-77.0
-97.0
-88.0
-117.0
-80.0
-72.0
-68.0
-107.0
-119.0
-83.0
-76.0
-89.0
-91.0
-69.0
-77.0
-77.0
-87.0
-80.0
-106.0
-98.0
-65.0
-98.0
-91.0
-73.0
-91.0
-90.0
-82.0
-100.0
-118.0
-89.0
-88.0
-73.0
-82.0
-104.0
-108.0
-88.0
-65.0
-92.0
-103.0
-65.0
-63.0
-54.0
-69.0
-77.0
-44.0
-68.0
-62.0
-60.0
-82.0
-61.0
-65.0
-75.0
-78.0
-81.0
-90.0
-73.0
-74.0
-28.0
-30.0
-49.0
-42.0
-74.0
-70.0
-65.0
-40.0
-33.0
-59.0
-65.0
-83.0
-101.0
-64.0
-41.0
-34.0
-50.0
-66.0
-35.0
-47.0
-34.0
-42.0
-109.0
-79.0
-31.0
-46.0
-79.0
-75.0
-127.0
-106.0
-61.0
-59.0
-68.0
-66.0
-54.0
-36.0
-23.0
-40.0
-20.0
-26.0
-29.0
-10.0
-27.0
-48.0
-58.0
-65.0
-24.0
-22.0
-40.0
-39.0
-58.0
-51.0
-62.0
-64.0
-3.0
-20.0
-35.0
-42.0
-54.0
3.0
4.0
-27.0
-12.0
-10.0
1.0
32.0
33.0
22.0
-8.0
-40.0
-19.0
-19.0
-16.0
14.0
-1.0
-27.0
-52.0
-15.0
-29.0
-22.0
-13.0
-39.0
-39.0
-16.0
-30.0
-27.0
-14.0
-14.0
-49.0
-44.0
4.0
-16.0
-78.0
-56.0
-4.0
-43.0
-2.0
-4.0
-10.0
-19.0
-21.0
-8.0
-7.0
-23.0
-53.0
-42.0
-36.0
-25.0
-7.0
-7.0
-25.0
-61.0
-55.0
-27.0
-30.0
-15.0
-48.0
-40.0
-28.0
-15.0
-22.0
-20.0
-21.0
-22.0
-27.0
-26.0
-58.0
-53.0
-33.0
-3.0
-40.0
-22.0
-57.0
-36.0
-6.0
-30.0
-40.0
15.0
-5.0
-28.0
-11.0
-7.0
-11.0
-51.0
-39.0
-16.0
-36.0
-43.0
-56.0
-33.0
-13.0
-41.0
-9.0
-4.0
-29.0
-2.0
-8.0
-7.0
1.0
10.0
7.0
-30.0
-33.0
-31.0
-12.0
30.0
11.0
-11.0
49.0
18.0
-11.0
55.0
44.0
23.0
14.0
31.0
-8.0
12.0
38.0
11.0
-6.0
6.0
-4.0
-13.0
2.0
-7.0
27.0
7.0
8.0
16.0
11.0
34.0
31.0
-28.0
-23.0
29.0
-3.0
5.0
13.0
-30.0
-3.0
-34.0
2.0
23.0
-7.0
-5.0
15.0
-15.0
0.0
-14.0
-2.0
6.0
13.0
37.0
0.0
-1.0
24.0
14.0
20.0
49.0
36.0
38.0
33.0
-1.0
7.0
0.0
-22.0
52.0
49.0
-4.0
14.0
18.0
25.0
-8.0
-8.0
32.0
37.0
36.0
24.0
16.0
20.0
3.0
-3.0
30.0
21.0
25.0
-11.0
-1.0
8.0
-15.0
3.0
34.0
31.0
7.0
12.0
7.0
-15.0
12.0
39.0
12.0
21.0
27.0
6.0
26.0
36.0
-7.0
18.0
5.0
10.0
37.0
31.0
27.0
32.0
39.0
34.0
31.0
19.0
-6.0
15.0
29.0
19.0
32.0
-3.0
-24.0
-5.0
8.0
28.0
19.0
-10.0
-30.0
-3.0
23.0
27.0
21.0
-1.0
-20.0
-13.0
18.0
4.0
-2.0
5.0
-9.0
-12.0
-2.0
7.0
35.0
24.0
29.0
27.0
-7.0
-21.0
17.0
25.0
33.0
18.0
36.0
28.0
38.0
32.0
40.0
54.0
44.0
20.0
22.0
25.0
0.0
-11.0
14.0
-10.0
21.0
22.0
4.0
-12.0
-11.0
29.0
11.0
11.0
-15.0
5.0
39.0
-4.0
6.0
18.0
2.0
30.0
30.0
-3.0
-12.0
-5.0
-31.0
22.0
-1.0
3.0
24.0
21.0
25.0
3.0
47.0
45.0
18.0
17.0
33.0
27.0
20.0
42.0
33.0
48.0
53.0
34.0
-1.0
2.0
43.0
21.0
23.0
48.0
-4.0
6.0
20.0
-1.0
5.0
16.0
-33.0
-15.0
31.0
9.0
5.0
-15.0
21.0
7.0
-25.0
1.0
45.0
31.0
21.0
33.0
31.0
-22.0
14.0
33.0
1.0
16.0
27.0
14.0
41.0
62.0
113.0
156.0
237.0
266.0
267.0
268.0
268.0
266.0
258.0
240.0
168.0
139.0
153.0
118.0
64.0
36.0
13.0
-10.0
-8.0
-34.0
-64.0
-96.0
-95.0
-105.0
-129.0
-128.0
-132.0
-134.0
-143.0
-153.0
-150.0
-148.0
-152.0
-175.0
-135.0
-149.0
-175.0
-145.0
-138.0
-159.0
-164.0
-171.0
-152.0
-148.0
-148.0
-163.0
-155.0
-182.0
-182.0
-138.0
-143.0
-128.0
-121.0
-162.0
-193.0
-152.0
-140.0
-142.0
-137.0
-142.0
-167.0
-144.0
-121.0
-158.0
-139.0
-133.0
-144.0
-125.0
-110.0
-138.0
-151.0
-122.0
-128.0
-115.0
-121.0
-149.0
-131.0
-161.0
-159.0
-127.0
-120.0
-130.0
-115.0
-120.0
-121.0
-126.0
-127.0
-137.0
-144.0
-149.0
-161.0
-151.0
-105.0
-90.0
-119.0
-145.0
-157.0
-127.0
-116.0
-62.0
-83.0
-120.0
-109.0
-119.0
-78.0
-55.0
-66.0
-60.0
-86.0
-118.0
-107.0
-130.0
-105.0
-53.0
-84.0
-106.0
-88.0
-103.0
-116.0
-102.0
-82.0
-104.0
-96.0
-91.0
-81.0
-71.0
-71.0
-89.0
-89.0
-71.0
-103.0
-91.0
-52.0
-68.0
-98.0
-86.0
-87.0
-98.0
-93.0
-67.0
-38.0
-80.0
-70.0
-74.0
-71.0
-100.0
-103.0
-56.0
-89.0
-115.0
-82.0
-115.0
-116.0
-119.0
-131.0
-107.0
-133.0
-114.0
-116.0
-109.0
-67.0
-71.0
-88.0
-97.0
-128.0
-105.0
-81.0
-116.0
-125.0
-84.0
-107.0
-90.0
-102.0
-120.0
-70.0
-58.0
-77.0
-100.0
-55.0
-60.0
-75.0
-26.0
-56.0
-74.0
-44.0
-71.0
-91.0
-83.0
-82.0
-82.0
-95.0
-97.0
-72.0
-84.0
-70.0
-93.0
-80.0
-53.0
-49.0
-63.0
-59.0
-56.0
-79.0
-79.0
-99.0
-58.0
-58.0
-27.0
-46.0
-70.0
-64.0
-92.0
-80.0
-28.0
-77.0
-40.0
-29.0
-79.0
-67.0
-43.0
-75.0
-71.0
-50.0
-50.0
-33.0
-52.0
-57.0
-80.0
-108.0
-29.0
-6.0
-14.0
-26.0
-51.0
-83.0
-58.0
-27.0
-23.0
-39.0
-81.0
-76.0
-34.0
-59.0
-79.0
-79.0
-113.0
-90.0
-80.0
-74.0
-56.0
-88.0
-116.0
-78.0
-87.0
-111.0
-65.0
-55.0
-77.0
-96.0
-43.0
-62.0
-81.0
-64.0
-89.0
-51.0
-40.0
-79.0
-46.0
-30.0
-69.0
-53.0
-49.0
-66.0
-53.0
-106.0
-78.0
-63.0
-58.0
-60.0
-65.0
-72.0
-68.0
-54.0
-11.0
-32.0
-59.0
-36.0
-50.0
-30.0
-24.0
-44.0
-60.0
-16.0
-47.0
-53.0
-57.0
-76.0
-56.0
-52.0
-80.0
-52.0
-23.0
-33.0
-25.0
-37.0
-47.0
-40.0
-39.0
-46.0
-71.0
-67.0
-99.0
-63.0
-21.0
-57.0
-64.0
-69.0
-97.0
-42.0
-22.0
-58.0
-51.0
-72.0
-86.0
-54.0
-46.0
-45.0
-65.0
-64.0
-83.0
-77.0
-76.0
-55.0
-39.0
-62.0
-64.0
-34.0
-30.0
-77.0
-76.0
-33.0
-46.0
-67.0
-54.0
-26.0
-22.0
-63.0
-35.0
-32.0
-63.0
-48.0
-42.0
-25.0
8.0
-22.0
-35.0
-19.0
-33.0
-49.0
-39.0
-20.0
1.0
-40.0
-37.0
-66.0
-51.0
-49.0
-60.0
-51.0
-36.0
-29.0
-18.0
-32.0
-45.0
-58.0
-62.0
-58.0
-56.0
-45.0
-49.0
-70.0
-57.0
-43.0
-89.0
-95.0
-56.0
-59.0
-44.0
-42.0
-70.0
-62.0
-70.0
-96.0
-45.0
-60.0
-89.0
-94.0
-63.0
-88.0
-118.0
-82.0
-52.0
-101.0
-95.0
-85.0
-105.0
-95.0
-72.0
-97.0
-125.0
-70.0
-66.0
-67.0
-105.0
-82.0
-56.0
-49.0
-73.0
-70.0
-68.0
-96.0
-93.0
-55.0
-67.0
-52.0
-55.0
-68.0
-53.0
-91.0
-54.0
-36.0
-47.0
-89.0
-61.0
-63.0
-88.0
-77.0
-26.0
-50.0
-78.0
-49.0
-33.0
-39.0
-40.0
-56.0
-22.0
-33.0
-52.0
-55.0
-18.0
-33.0
-64.0
-49.0
-50.0
-46.0
-31.0
-14.0
-39.0
-58.0
-76.0
-38.0
-18.0
-3.0
-15.0
-39.0
-8.0
-28.0
-35.0
-78.0
-26.0
32.0
-15.0
-22.0
8.0
15.0
13.0
-11.0
25.0
24.0
-5.0
9.0
24.0
-1.0
14.0
39.0
1.0
-29.0
8.0
20.0
9.0
-18.0
-44.0
-12.0
51.0
35.0
-15.0
-6.0
7.0
23.0
31.0
13.0
-11.0
7.0
-10.0
-27.0
-7.0
-7.0
-30.0
-15.0
-34.0
-19.0
-46.0
-21.0
33.0
12.0
4.0
-17.0
-43.0
-30.0
-14.0
-15.0
-30.0
-35.0
-14.0
-35.0
7.0
-8.0
5.0
20.0
-2.0
-44.0
-21.0
-3.0
-10.0
-1.0
-10.0
-22.0
16.0
-16.0
-22.0
23.0
-21.0
-16.0
-16.0
-44.0
1.0
-17.0
-33.0
-31.0
-21.0
-19.0
-23.0
-64.0
-52.0
-32.0
-32.0
-25.0
-23.0
-51.0
-31.0
3.0
-25.0
-50.0
-43.0
-53.0
-20.0
4.0
-29.0
-42.0
-70.0
-54.0
-29.0
-44.0
-56.0
-41.0
-74.0
-61.0
-22.0
-31.0
-58.0
-61.0
-47.0
-3.0
10.0
11.0
-21.0
-36.0
6.0
26.0
33.0
1.0
-48.0
-18.0
26.0
15.0
-9.0
-26.0
-39.0
-21.0
-39.0
-14.0
2.0
-20.0
-45.0
-1.0
-3.0
-14.0
-22.0
-2.0
-13.0
-15.0
-5.0
19.0
-10.0
-18.0
-8.0
14.0
22.0
-6.0
-8.0
-2.0
-17.0
-15.0
-23.0
-17.0
29.0
-48.0
-27.0
-16.0
-36.0
-20.0
11.0
-16.0
-41.0
-49.0
-35.0
-42.0
-5.0
-18.0
-60.0
-66.0
-52.0
-24.0
-20.0
-47.0
-40.0
-59.0
-78.0
-51.0
-30.0
-63.0
-70.0
-51.0
-58.0
-66.0
-71.0
-61.0
-69.0
-58.0
-34.0
-71.0
-44.0
-59.0
-70.0
-57.0
-68.0
-66.0
-30.0
-36.0
-36.0
8.0
31.0
64.0
134.0
212.0
275.0
270.0
265.0
267.0
269.0
269.0
269.0
251.0
216.0
209.0
233.0
208.0
145.0
116.0
91.0
44.0
37.0
6.0
-45.0
-71.0
-115.0
-161.0
-148.0
-148.0
-181.0
-205.0
-229.0
-232.0
-243.0
-236.0
-226.0
-232.0
-233.0
-240.0
-246.0
-216.0
-220.0
-199.0
-228.0
-241.0
-215.0
-231.0
-246.0
-192.0
-154.0
-195.0
-202.0
-212.0
-224.0
-178.0
-127.0
-150.0
-184.0
-179.0
-190.0
-200.0
-167.0
-174.0
-161.0
-152.0
-167.0
-193.0
-172.0
-187.0
-182.0
-162.0
-177.0
-128.0
-161.0
-158.0
-132.0
-139.0
-137.0
-161.0
-200.0
-162.0
-122.0
-140.0
-163.0
-137.0
-148.0
-184.0
-126.0
-101.0
-130.0
-144.0
-154.0
-148.0
-153.0
-158.0
-114.0
-93.0
-110.0
-134.0
-124.0
-152.0
-128.0
-128.0
-145.0
-95.0
-101.0
-133.0
-107.0
-109.0
-121.0
-120.0
-102.0
-91.0
-101.0
-78.0
-93.0
-130.0
-138.0
-117.0
-119.0
-104.0
-95.0
-132.0
-110.0
-91.0
-128.0
-80.0
-96.0
-124.0
-94.0
-100.0
-93.0
-88.0
-103.0
-69.0
-81.0
-105.0
-118.0
-103.0
-84.0
-95.0
-80.0
-71.0
-98.0
-138.0
-151.0
-92.0
-85.0
-86.0
-87.0
-71.0
-87.0
-99.0
-80.0
-48.0
-67.0
-84.0
-74.0
-82.0
-109.0
-110.0
-95.0
-96.0
-78.0
-98.0
-107.0
-92.0
-88.0
-96.0
-85.0
-53.0
-67.0
-80.0
-87.0
-112.0
-56.0
-66.0
-61.0
-36.0
-45.0
-84.0
-103.0
-102.0
-83.0
-80.0
-75.0
-74.0
-87.0
-88.0
-77.0
-80.0
-84.0
-49.0
-58.0
-61.0
-47.0
-64.0
-68.0
-56.0
-76.0
-50.0
-61.0
-84.0
-96.0
-89.0
-64.0
-70.0
-60.0
-61.0
-43.0
-58.0
-60.0
-58.0
-56.0
-37.0
-53.0
-59.0
-35.0
-38.0
-31.0
-1.0
-28.0
-42.0
-60.0
-60.0
-23.0
-31.0
-50.0
-80.0
-70.0
-59.0
-11.0
-25.0
-53.0
-24.0
-40.0
-59.0
-34.0
-26.0
-40.0
-42.0
-43.0
-43.0
-48.0
-40.0
14.0
-10.0
-49.0
-34.0
-32.0
-18.0
-25.0
-15.0
-58.0
-48.0
-65.0
-59.0
-45.0
-33.0
-54.0
-73.0
-36.0
-13.0
-27.0
-42.0
-58.0
-81.0
-8.0
-3.0
-22.0
-33.0
-49.0
-55.0
-37.0
-40.0
-54.0
-67.0
-53.0
-65.0
-69.0
-33.0
-40.0
-64.0
-25.0
-59.0
-70.0
-48.0
-16.0
4.0
-10.0
-26.0
-37.0
-54.0
-13.0
-4.0
-8.0
-29.0
-25.0
-19.0
-18.0
-36.0
-33.0
-18.0
-22.0
-27.0
-27.0
-29.0
-25.0
-44.0
-12.0
-10.0
-31.0
-7.0
11.0
-26.0
4.0
-26.0
-30.0
-23.0
-27.0
-8.0
-40.0
-44.0
-50.0
-31.0
-26.0
-21.0
-2.0
1.0
-24.0
-35.0
-12.0
-15.0
-26.0
-8.0
-11.0
-25.0
-34.0
-32.0
-17.0
-14.0
-26.0
-67.0
-47.0
-30.0
-21.0
-32.0
-16.0
2.0
-27.0
-39.0
-23.0
-23.0
-41.0
-35.0
-35.0
-9.0
-35.0
-62.0
-25.0
-9.0
-46.0
-49.0
-23.0
-44.0
-36.0
-64.0
-79.0
-27.0
-22.0
-23.0
-31.0
-26.0
-36.0
-41.0
-10.0
-17.0
-25.0
-7.0
-2.0
-16.0
-29.0
-19.0
-35.0
-35.0
-30.0
-22.0
-37.0
-40.0
-15.0
-32.0
-10.0
-24.0
-41.0
-33.0
28.0
13.0
-6.0
17.0
18.0
5.0
-21.0
1.0
29.0
-6.0
-25.0
-30.0
-42.0
-40.0
-14.0
-33.0
-44.0
-30.0
-16.0
-24.0
-20.0
1.0
8.0
18.0
5.0
2.0
10.0
-30.0
-58.0
1.0
2.0
-2.0
-3.0
-52.0
-24.0
-7.0
-14.0
1.0
22.0
33.0
-13.0
-16.0
12.0
5.0
11.0
10.0
-29.0
-37.0
-4.0
0.0
7.0
-15.0
-36.0
-17.0
-11.0
11.0
18.0
13.0
1.0
-21.0
-27.0
22.0
4.0
-17.0
15.0
-20.0
3.0
4.0
-11.0
-6.0
5.0
43.0
35.0
-28.0
-37.0
-3.0
26.0
55.0
20.0
-18.0
-51.0
-1.0
39.0
11.0
-18.0
12.0
-5.0
-14.0
10.0
-6.0
-26.0
21.0
-7.0
-17.0
-30.0
24.0
30.0
8.0
32.0
-3.0
-35.0
18.0
5.0
21.0
8.0
7.0
13.0
20.0
2.0
-12.0
8.0
19.0
-6.0
-24.0
11.0
34.0
32.0
26.0
-5.0
-28.0
22.0
15.0
13.0
-8.0
-27.0
-23.0
23.0
13.0
-6.0
-39.0
-7.0
27.0
-22.0
5.0
22.0
-17.0
11.0
22.0
-21.0
-17.0
-23.0
-20.0
9.0
8.0
-23.0
-33.0
-15.0
1.0
18.0
30.0
-43.0
-39.0
5.0
7.0
41.0
21.0
-31.0
-13.0
27.0
12.0
15.0
11.0
-49.0
-37.0
7.0
34.0
-6.0
-10.0
-4.0
-7.0
22.0
8.0
-18.0
-8.0
-8.0
-13.0
-27.0
-37.0
-12.0
-7.0
8.0
-13.0
-58.0
-41.0
-33.0
-36.0
-21.0
-13.0
-42.0
-19.0
15.0
11.0
11.0
81.0
156.0
186.0
227.0
275.0
270.0
268.0
269.0
269.0
257.0
226.0
233.0
174.0
155.0
136.0
107.0
73.0
76.0
45.0
-24.0
-17.0
-26.0
-76.0
-86.0
-61.0
-61.0
-77.0
-102.0
-135.0
-147.0
-163.0
-159.0
-142.0
-177.0
-198.0
-215.0
-188.0
-191.0
-208.0
-165.0
-176.0
-187.0
-184.0
-184.0
-175.0
-177.0
-161.0
-136.0
-134.0
-155.0
-178.0
-160.0
-167.0
-191.0
-192.0
-164.0
-156.0
-177.0
-180.0
-165.0
-183.0
-175.0
-158.0
-168.0
-147.0
-163.0
-157.0
-116.0
-122.0
-143.0
-136.0
-141.0
-137.0
-161.0
-135.0
-111.0
-132.0
-136.0
-107.0
-90.0
-105.0
-94.0
-107.0
-98.0
-134.0
-115.0
-111.0
-138.0
-155.0
-122.0
-121.0
-131.0
-142.0
-144.0
-133.0
-96.0
-124.0
-111.0
-96.0
-120.0
-103.0
-68.0
-80.0
-74.0
-88.0
-90.0
-97.0
-97.0
-114.0
-74.0
-42.0
-73.0
-103.0
-83.0
-96.0
-109.0
-101.0
-41.0
-78.0
-99.0
-88.0
-107.0
-99.0
-115.0
-104.0
-94.0
-97.0
-102.0
-118.0
-107.0
-101.0
-126.0
-144.0
-155.0
-64.0
-62.0
-104.0
-84.0
-97.0
-115.0
-90.0
-89.0
-74.0
-90.0
-117.0
-114.0
-99.0
-82.0
-87.0
-112.0
-96.0
-100.0
-96.0
-78.0
-79.0
-88.0
-90.0
-94.0
-79.0
-54.0
-51.0
-60.0
-24.0
-62.0
-102.0
-80.0
-86.0
-97.0
-63.0
-60.0
-99.0
-116.0
-80.0
-48.0
-50.0
-91.0
-76.0
-56.0
-86.0
-94.0
-59.0
-63.0
-72.0
-103.0
-66.0
-63.0
-62.0
-85.0
-51.0
-49.0
-75.0
-84.0
-110.0
-76.0
-53.0
-83.0
-69.0
-83.0
-81.0
-62.0
-76.0
-79.0
-53.0
-88.0
-82.0
-54.0
-83.0
-61.0
-60.0
-77.0
-36.0
-62.0
-84.0
-79.0
-48.0
-38.0
-58.0
-87.0
-97.0
-90.0
-106.0
-78.0
-95.0
-97.0
-63.0
-63.0
-97.0
-98.0
-84.0
-101.0
-76.0
-41.0
-54.0
-49.0
-38.0
-101.0
-115.0
-71.0
-51.0
-42.0
-58.0
-66.0
-81.0
-60.0
-41.0
-58.0
-50.0
-17.0
-40.0
-56.0
-29.0
-46.0
-23.0
-16.0
-29.0
-54.0
-54.0
-59.0
-72.0
-59.0
-13.0
-22.0
-59.0
-69.0
-26.0
5.0
-19.0
-37.0
-30.0
-41.0
-15.0
4.0
-35.0
-43.0
-29.0
-19.0
4.0
6.0
-29.0
-10.0
-42.0
-21.0
-3.0
-2.0
0.0
-11.0
-29.0
-30.0
-36.0
-2.0
-3.0
-21.0
-10.0
-49.0
-32.0
11.0
-7.0
5.0
32.0
8.0
-10.0
19.0
15.0
-37.0
-11.0
22.0
-10.0
-22.0
-31.0
-37.0
-5.0
7.0
11.0
-7.0
-18.0
4.0
-16.0
13.0
25.0
-32.0
-10.0
8.0
-18.0
-13.0
12.0
-12.0
-22.0
10.0
-15.0
-37.0
-2.0
-13.0
3.0
17.0
-13.0
-12.0
-29.0
-3.0
23.0
1.0
-14.0
-22.0
-29.0
-13.0
4.0
18.0
4.0
1.0
8.0
-25.0
-16.0
30.0
-1.0
23.0
15.0
-38.0
-29.0
-28.0
-30.0
19.0
3.0
-26.0
-16.0
18.0
5.0
-21.0
-3.0
1.0
-1.0
27.0
3.0
6.0
21.0
-11.0
6.0
32.0
10.0
-30.0
23.0
28.0
-2.0
1.0
41.0
43.0
20.0
17.0
25.0
32.0
21.0
15.0
19.0
26.0
14.0
-6.0
2.0
-22.0
0.0
-5.0
-2.0
-8.0
17.0
10.0
-3.0
-3.0
8.0
12.0
17.0
14.0
-10.0
-2.0
11.0
-23.0
2.0
-13.0
-17.0
32.0
2.0
-26.0
18.0
32.0
37.0
39.0
5.0
11.0
-8.0
53.0
67.0
38.0
18.0
6.0
-25.0
6.0
29.0
-8.0
-6.0
-20.0
-17.0
-10.0
3.0
35.0
25.0
16.0
9.0
-6.0
-7.0
12.0
27.0
43.0
28.0
30.0
-7.0
-12.0
17.0
29.0
10.0
34.0
10.0
-14.0
-16.0
-35.0
5.0
5.0
12.0
6.0
14.0
11.0
-7.0
20.0
41.0
30.0
17.0
10.0
-2.0
19.0
22.0
11.0
16.0
7.0
-1.0
-8.0
-6.0
-6.0
24.0
22.0
10.0
19.0
-5.0
8.0
41.0
39.0
39.0
39.0
30.0
-16.0
17.0
27.0
16.0
-7.0
-15.0
-13.0
21.0
15.0
21.0
43.0
44.0
37.0
72.0
114.0
150.0
232.0
280.0
266.0
266.0
268.0
268.0
268.0
269.0
262.0
223.0
224.0
187.0
140.0
106.0
88.0
90.0
40.0
-3.0
-4.0
-43.0
-34.0
-66.0
-93.0
-105.0
-108.0
-156.0
-152.0
-194.0
-152.0
-125.0
-171.0
-195.0
-179.0
-169.0
-182.0
-159.0
-164.0
-189.0
-195.0
-216.0
-197.0
-184.0
-206.0
-208.0
-191.0
-183.0
-205.0
-211.0
-186.0
-165.0
-181.0
-169.0
-156.0
-153.0
-136.0
-149.0
-137.0
-140.0
-167.0
-161.0
-106.0
-128.0
-149.0
-153.0
-158.0
-158.0
-131.0
-119.0
-106.0
-100.0
-141.0
-134.0
-97.0
-118.0
-110.0
-111.0
-117.0
-161.0
-174.0
-140.0
-158.0
-184.0
-144.0
-169.0
-158.0
-121.0
-146.0
-143.0
-168.0
-147.0
-144.0
-117.0
-134.0
-152.0
-142.0
-134.0
-144.0
-153.0
-166.0
-146.0
-121.0
-144.0
-156.0
-163.0
-153.0
-123.0
-108.0
-127.0
-160.0
-168.0
-114.0
-113.0
-129.0
-146.0
-161.0
-136.0
-109.0
-117.0
-114.0
-117.0
-147.0
-182.0
-109.0
-89.0
-108.0
-120.0
-153.0
-146.0
-106.0
-105.0
-138.0
-127.0
-129.0
-140.0
-155.0
-129.0
-140.0
-142.0
-136.0
-156.0
-84.0
-96.0
-115.0
-101.0
-131.0
-110.0
-108.0
-166.0
-143.0
-116.0
-137.0
-154.0
-98.0
-131.0
-131.0
-128.0
-126.0
-86.0
-101.0
-109.0
0.0
0.0
0.0
0.0
0.0
0.0
0.0
0.0
0.0
0.0
0.0
0.0
0.0
0.0
0.0
0.0
0.0
0.0
0.0
0.0
0.0
0.0
0.0
0.0
0.0
0.0
0.0
0.0
0.0
0.0
0.0
0.0
0.0
0.0
0.0
0.0
0.0
0.0
0.0
0.0
0.0
0.0
0.0
0.0
0.0
0.0
0.0
0.0
0.0
0.0
0.0
0.0
0.0
0.0
0.0
0.0
0.0
0.0
0.0
0.0
0.0
0.0
0.0
0.0
0.0
0.0
0.0
0.0
0.0
0.0
0.0
0.0
0.0
0.0
0.0
0.0
0.0
0.0
0.0
0.0
0.0
0.0
0.0
0.0
0.0
0.0
0.0
0.0
0.0
0.0
0.0
0.0
0.0
0.0
0.0
0.0
0.0
0.0
0.0
0.0
0.0
0.0
0.0
0.0
0.0
0.0
0.0
0.0
0.0
0.0
0.0
0.0
0.0
0.0
0.0
0.0
0.0
0.0
0.0
0.0
0.0
0.0
0.0
0.0
0.0
0.0
0.0
0.0
