-74.0
-62.0
-133.0
-18.0
-224.0
-148.0
-56.0
-183.0
31.0
-143.0
-32.0
11.0
-84.0
-63.0
-110.0
-164.0
-100.0
-86.0
-39.0
-71.0
-100.0
-63.0
-7.0
-184.0
-73.0
-139.0
-39.0
-130.0
-31.0
-16.0
-5.0
-80.0
-1.0
-108.0
49.0
-40.0
-197.0
-39.0
-100.0
-97.0
25.0
-49.0
-57.0
-43.0
-55.0
-95.0
-122.0
-128.0
39.0
-55.0
-149.0
17.0
-85.0
35.0
2.0
-56.0
-7.0
-43.0
-40.0
81.0
-71.0
-26.0
-77.0
-58.0
-75.0
-90.0
-3.0
-29.0
-144.0
42.0
-74.0
-37.0
42.0
7.0
-113.0
-42.0
-147.0
-76.0
-114.0
-55.0
30.0
9.0
-36.0
-42.0
16.0
-40.0
-10.0
-15.0
27.0
-93.0
-15.0
-11.0
-70.0
-50.0
34.0
5.0
51.0
62.0
-64.0
16.0
-70.0
92.0
-69.0
9.0
93.0
-29.0
-83.0
-87.0
-45.0
-45.0
14.0
-48.0
-11.0
48.0
-137.0
65.0
34.0
105.0
26.0
-60.0
11.0
-51.0
-102.0
-43.0
-95.0
39.0
36.0
-62.0
-12.0
58.0
79.0
96.0
-18.0
46.0
23.0
-167.0
-138.0
-16.0
-76.0
20.0
-58.0
-132.0
-72.0
-85.0
-36.0
-83.0
-65.0
-81.0
-3.0
81.0
53.0
-41.0
3.0
-76.0
-137.0
-17.0
-112.0
-174.0
-171.0
-313.0
-38.0
-33.0
-51.0
-6.0
-24.0
-55.0
-63.0
-113.0
-53.0
-49.0
-97.0
-34.0
-76.0
-120.0
-61.0
-131.0
-106.0
-122.0
-137.0
-159.0
-123.0
-114.0
-53.0
-101.0
2.0
-56.0
-79.0
-149.0
-134.0
-33.0
-60.0
-187.0
-203.0
-186.0
-118.0
-51.0
-153.0
-192.0
-56.0
-56.0
13.0
-112.0
-116.0
-83.0
-96.0
-159.0
-147.0
-75.0
-100.0
-32.0
-105.0
-116.0
-138.0
-182.0
-126.0
-194.0
-100.0
-70.0
-80.0
-101.0
-205.0
-122.0
-194.0
-110.0
-18.0
-141.0
-102.0
-7.0
-79.0
-181.0
-236.0
-169.0
-62.0
-224.0
-90.0
-89.0
-97.0
-15.0
-77.0
-84.0
36.0
-102.0
-31.0
16.0
-95.0
-71.0
-112.0
-71.0
-105.0
-115.0
-87.0
-70.0
-32.0
-145.0
-63.0
-194.0
-70.0
-87.0
-107.0
-81.0
-199.0
-189.0
-17.0
-79.0
-79.0
-186.0
-100.0
-23.0
-82.0
-39.0
13.0
-72.0
-35.0
10.0
-56.0
-49.0
-124.0
-35.0
-89.0
-103.0
-13.0
-76.0
-183.0
-73.0
-139.0
-52.0
-25.0
-139.0
41.0
-55.0
-37.0
-63.0
-136.0
-72.0
-181.0
-43.0
-59.0
-80.0
-121.0
33.0
-74.0
-59.0
-71.0
-31.0
-94.0
-157.0
1.0
-39.0
-94.0
-42.0
-40.0
-110.0
-108.0
-140.0
-196.0
-39.0
-166.0
-59.0
-28.0
-93.0
-23.0
-97.0
8.0
-33.0
-182.0
-159.0
-19.0
-130.0
-4.0
-94.0
-79.0
-32.0
-205.0
-131.0
-73.0
-56.0
-36.0
11.0
-60.0
-41.0
-73.0
-67.0
-139.0
-138.0
-126.0
-50.0
-54.0
-114.0
-119.0
-57.0
-43.0
35.0
-3.0
-68.0
-21.0
-25.0
-124.0
-71.0
-34.0
-88.0
-114.0
-93.0
-187.0
-27.0
-110.0
35.0
-80.0
-88.0
-19.0
-61.0
-73.0
-43.0
-130.0
-34.0
-84.0
-147.0
-47.0
-119.0
-50.0
31.0
-38.0
-75.0
-111.0
18.0
77.0
-112.0
-59.0
-126.0
-148.0
-99.0
-32.0
-92.0
-65.0
-200.0
-74.0
58.0
-43.0
-169.0
-12.0
-87.0
-78.0
-31.0
-102.0
-15.0
-131.0
-114.0
-120.0
-135.0
-111.0
-173.0
-125.0
-8.0
-112.0
-83.0
-40.0
-121.0
39.0
-79.0
-18.0
71.0
-90.0
-42.0
-18.0
-61.0
-86.0
-44.0
-27.0
-58.0
-205.0
-77.0
10.0
-112.0
29.0
-46.0
-39.0
-17.0
-145.0
-98.0
1.0
-181.0
-10.0
-60.0
-159.0
-196.0
-173.0
-174.0
-58.0
-192.0
-42.0
-91.0
-14.0
-35.0
-125.0
90.0
-91.0
-108.0
-29.0
-111.0
-74.0
-70.0
-175.0
-104.0
-238.0
-73.0
-101.0
-144.0
-140.0
-18.0
-58.0
-13.0
19.0
-94.0
18.0
-129.0
-25.0
-43.0
-112.0
-126.0
-244.0
-265.0
-115.0
-60.0
-121.0
-32.0
-125.0
-233.0
-71.0
-83.0
86.0
-30.0
-119.0
14.0
-100.0
-45.0
-111.0
-180.0
-96.0
-101.0
-171.0
-14.0
-140.0
-122.0
-92.0
-116.0
-31.0
-55.0
-27.0
57.0
-124.0
-164.0
-116.0
-185.0
-116.0
-29.0
-166.0
-171.0
-164.0
-79.0
-152.0
-195.0
-132.0
-51.0
-100.0
-161.0
-171.0
-21.0
-117.0
-96.0
-133.0
-129.0
-65.0
-72.0
-279.0
-83.0
-12.0
-108.0
-36.0
-87.0
-100.0
-48.0
-162.0
-172.0
-46.0
-133.0
-110.0
-142.0
-139.0
-61.0
-84.0
-21.0
-25.0
-118.0
-11.0
-22.0
-96.0
-103.0
-138.0
-75.0
-29.0
2.0
-58.0
-84.0
-50.0
4.0
-141.0
74.0
-36.0
-4.0
59.0
-98.0
-116.0
3.0
-68.0
-155.0
-91.0
-111.0
55.0
-3.0
24.0
22.0
-185.0
-118.0
-63.0
-67.0
26.0
-15.0
-68.0
-16.0
-143.0
-15.0
66.0
-73.0
-29.0
-60.0
-169.0
-102.0
-37.0
-74.0
-40.0
5.0
-34.0
-49.0
-96.0
-99.0
-54.0
-114.0
-118.0
8.0
27.0
-23.0
-48.0
15.0
-39.0
-96.0
-18.0
-136.0
-12.0
-50.0
-70.0
25.0
-114.0
-77.0
-21.0
-99.0
8.0
42.0
-36.0
21.0
-106.0
-39.0
-13.0
-60.0
-111.0
-106.0
-54.0
25.0
23.0
-35.0
-103.0
-20.0
63.0
30.0
5.0
6.0
-89.0
27.0
-60.0
-62.0
-34.0
-7.0
-72.0
-31.0
-54.0
-135.0
-29.0
-99.0
46.0
35.0
-33.0
-6.0
-107.0
-11.0
-53.0
-54.0
72.0
-15.0
-30.0
-84.0
-37.0
-27.0
-136.0
-59.0
5.0
-10.0
-50.0
42.0
-33.0
-72.0
-99.0
-142.0
29.0
3.0
14.0
16.0
-59.0
-86.0
-146.0
-38.0
-48.0
68.0
2.0
-13.0
-82.0
-22.0
-170.0
9.0
22.0
-71.0
-51.0
-74.0
-72.0
-33.0
-98.0
-59.0
-23.0
-51.0
-41.0
15.0
-119.0
-29.0
-78.0
-79.0
-12.0
-7.0
-17.0
-46.0
-149.0
-64.0
-104.0
-96.0
26.0
14.0
-17.0
-41.0
3.0
-16.0
-13.0
-53.0
-70.0
-129.0
-34.0
45.0
-65.0
-116.0
-64.0
-50.0
21.0
-49.0
-144.0
-32.0
-16.0
50.0
30.0
-46.0
-12.0
-62.0
-52.0
41.0
-23.0
-45.0
6.0
-26.0
-1.0
90.0
-120.0
-5.0
-32.0
-45.0
58.0
-59.0
-38.0
-46.0
-102.0
16.0
-93.0
28.0
36.0
-171.0
64.0
13.0
22.0
32.0
64.0
-13.0
-34.0
-66.0
17.0
5.0
18.0
80.0
-56.0
-12.0
55.0
-68.0
-12.0
92.0
3.0
48.0
-33.0
33.0
82.0
-28.0
-43.0
-2.0
-115.0
51.0
-22.0
-51.0
17.0
1.0
82.0
-104.0
-89.0
76.0
52.0
52.0
40.0
-100.0
-14.0
76.0
39.0
55.0
-60.0
-18.0
-35.0
14.0
-11.0
48.0
-25.0
-55.0
-78.0
34.0
-62.0
-20.0
-1.0
-24.0
-34.0
37.0
-17.0
-71.0
33.0
-180.0
-42.0
-99.0
-62.0
-102.0
-34.0
47.0
-33.0
-7.0
-37.0
22.0
-44.0
85.0
-15.0
-52.0
-12.0
-95.0
23.0
-38.0
-93.0
-24.0
-139.0
-40.0
-34.0
-115.0
-22.0
-148.0
-50.0
48.0
-20.0
-100.0
35.0
-7.0
52.0
-39.0
-65.0
-8.0
-84.0
-29.0
2.0
-122.0
-80.0
-142.0
-113.0
-32.0
-154.0
-46.0
19.0
-74.0
-162.0
-139.0
-97.0
-49.0
-12.0
-79.0
-64.0
-208.0
-51.0
-78.0
-211.0
-99.0
-119.0
31.0
6.0
-80.0
-76.0
-2.0
-64.0
-61.0
-169.0
-41.0
-69.0
-32.0
-24.0
10.0
-133.0
-39.0
-134.0
-62.0
67.0
-98.0
-18.0
23.0
-147.0
-100.0
-8.0
-58.0
-8.0
-91.0
83.0
-118.0
-114.0
-60.0
-110.0
61.0
6.0
-78.0
-3.0
-69.0
-33.0
70.0
-52.0
-66.0
-50.0
-80.0
-124.0
-95.0
-40.0
-11.0
27.0
17.0
15.0
-70.0
73.0
-12.0
-159.0
89.0
-26.0
31.0
32.0
1.0
64.0
-33.0
-33.0
-112.0
-10.0
84.0
86.0
30.0
138.0
-71.0
38.0
48.0
-56.0
-86.0
-9.0
-143.0
56.0
19.0
3.0
70.0
30.0
81.0
70.0
-68.0
2.0
2.0
-29.0
63.0
-39.0
13.0
-7.0
-43.0
-11.0
12.0
-60.0
15.0
-66.0
49.0
34.0
-143.0
38.0
52.0
-17.0
99.0
-24.0
11.0
13.0
-55.0
44.0
-44.0
-61.0
-25.0
-42.0
22.0
-6.0
22.0
-6.0
30.0
-109.0
-32.0
-107.0
13.0
-67.0
-31.0
69.0
30.0
-40.0
28.0
18.0
-100.0
-115.0
9.0
31.0
6.0
10.0
81.0
-135.0
38.0
132.0
11.0
8.0
-48.0
14.0
83.0
8.0
70.0
71.0
-60.0
50.0
-3.0
-4.0
89.0
-69.0
118.0
56.0
3.0
53.0
24.0
18.0
124.0
27.0
-20.0
87.0
60.0
25.0
12.0
71.0
40.0
8.0
-96.0
44.0
-82.0
-49.0
140.0
98.0
62.0
-27.0
41.0
45.0
-143.0
12.0
23.0
-86.0
-18.0
-96.0
18.0
-37.0
-96.0
41.0
-11.0
54.0
100.0
2.0
49.0
26.0
-1.0
8.0
20.0
-15.0
14.0
-84.0
-124.0
-78.0
-100.0
-36.0
-65.0
-112.0
90.0
-27.0
-80.0
-13.0
-45.0
-13.0
-17.0
-21.0
46.0
7.0
0.0
-11.0
2.0
-110.0
-55.0
-36.0
-37.0
-21.0
-28.0
12.0
-53.0
-61.0
-3.0
-52.0
-15.0
-100.0
-8.0
49.0
-116.0
23.0
-110.0
-21.0
-27.0
-123.0
-123.0
-16.0
-159.0
-86.0
-1.0
-116.0
-22.0
-42.0
-37.0
-31.0
-57.0
16.0
-41.0
-77.0
16.0
-41.0
-98.0
32.0
-81.0
-76.0
-87.0
-67.0
100.0
-30.0
-18.0
-118.0
-181.0
137.0
82.0
86.0
42.0
-35.0
-39.0
-89.0
-150.0
43.0
-27.0
36.0
22.0
-41.0
7.0
-23.0
-16.0
1.0
-15.0
-2.0
-1.0
-64.0
33.0
-21.0
22.0
25.0
-48.0
24.0
106.0
-127.0
-82.0
54.0
31.0
47.0
-32.0
-150.0
-102.0
-42.0
-14.0
-99.0
-53.0
-6.0
-81.0
-37.0
4.0
-135.0
-78.0
-8.0
20.0
41.0
-10.0
-41.0
91.0
-114.0
-15.0
-167.0
-91.0
-77.0
38.0
-23.0
100.0
-46.0
3.0
17.0
-133.0
-103.0
-3.0
-22.0
29.0
-9.0
26.0
11.0
-72.0
12.0
-148.0
-105.0
70.0
-67.0
28.0
69.0
-72.0
-35.0
-3.0
29.0
-36.0
-108.0
-22.0
-20.0
-166.0
-75.0
-64.0
-36.0
39.0
-27.0
-5.0
-50.0
-50.0
36.0
23.0
29.0
15.0
-6.0
-16.0
-39.0
-89.0
32.0
-99.0
-7.0
116.0
3.0
56.0
83.0
33.0
67.0
50.0
12.0
-17.0
-58.0
95.0
75.0
3.0
99.0
80.0
-15.0
29.0
16.0
41.0
71.0
-28.0
151.0
113.0
-13.0
95.0
-52.0
33.0
66.0
78.0
101.0
30.0
-41.0
115.0
68.0
67.0
7.0
33.0
183.0
144.0
107.0
145.0
89.0
141.0
152.0
-40.0
136.0
96.0
85.0
92.0
48.0
61.0
204.0
15.0
269.0
119.0
146.0
173.0
89.0
75.0
63.0
-71.0
155.0
92.0
-4.0
10.0
23.0
175.0
131.0
-81.0
158.0
128.0
-3.0
30.0
24.0
164.0
151.0
-31.0
58.0
41.0
-25.0
137.0
-6.0
124.0
156.0
51.0
137.0
34.0
-14.0
88.0
59.0
87.0
80.0
113.0
126.0
92.0
-46.0
85.0
94.0
135.0
69.0
-33.0
147.0
106.0
-23.0
16.0
71.0
15.0
118.0
-47.0
-50.0
84.0
-1.0
121.0
-66.0
97.0
138.0
18.0
41.0
17.0
-83.0
25.0
-6.0
52.0
60.0
75.0
23.0
-45.0
-17.0
53.0
-15.0
-138.0
103.0
78.0
97.0
54.0
-26.0
35.0
-94.0
120.0
-18.0
-32.0
26.0
-34.0
28.0
96.0
18.0
-2.0
-3.0
16.0
69.0
1.0
18.0
18.0
-26.0
52.0
-10.0
-37.0
-2.0
-18.0
-10.0
29.0
-3.0
-8.0
114.0
12.0
-58.0
30.0
37.0
114.0
-44.0
54.0
142.0
-6.0
87.0
21.0
25.0
64.0
-32.0
-74.0
41.0
86.0
74.0
8.0
-16.0
34.0
45.0
18.0
71.0
-33.0
-17.0
14.0
80.0
56.0
-14.0
65.0
7.0
-21.0
34.0
91.0
37.0
39.0
-75.0
-3.0
162.0
-2.0
41.0
68.0
5.0
91.0
-33.0
86.0
162.0
1.0
-32.0
-64.0
-87.0
17.0
-120.0
52.0
54.0
37.0
91.0
-13.0
-45.0
139.0
-38.0
78.0
33.0
-40.0
155.0
44.0
-83.0
61.0
-72.0
-19.0
120.0
-5.0
138.0
122.0
25.0
-23.0
68.0
121.0
94.0
106.0
137.0
110.0
92.0
55.0
-12.0
-64.0
-10.0
48.0
46.0
70.0
71.0
64.0
62.0
83.0
100.0
-15.0
199.0
119.0
70.0
109.0
124.0
44.0
60.0
22.0
93.0
144.0
116.0
115.0
157.0
86.0
32.0
12.0
37.0
123.0
53.0
94.0
45.0
70.0
89.0
4.0
100.0
60.0
108.0
172.0
22.0
92.0
109.0
23.0
145.0
125.0
160.0
155.0
69.0
95.0
45.0
73.0
69.0
70.0
81.0
211.0
74.0
90.0
99.0
-6.0
90.0
59.0
110.0
44.0
50.0
24.0
186.0
12.0
15.0
99.0
11.0
137.0
79.0
94.0
197.0
3.0
60.0
66.0
15.0
126.0
111.0
107.0
42.0
70.0
94.0
131.0
13.0
21.0
20.0
13.0
99.0
-35.0
77.0
55.0
55.0
82.0
16.0
-2.0
3.0
39.0
203.0
126.0
-24.0
161.0
39.0
92.0
92.0
107.0
-1.0
58.0
70.0
121.0
25.0
-125.0
153.0
79.0
90.0
46.0
76.0
44.0
47.0
-2.0
115.0
15.0
135.0
37.0
80.0
181.0
103.0
-24.0
7.0
-44.0
95.0
106.0
118.0
119.0
36.0
22.0
64.0
-53.0
92.0
115.0
98.0
83.0
34.0
120.0
133.0
53.0
114.0
2.0
72.0
200.0
-37.0
23.0
134.0
-19.0
153.0
11.0
66.0
103.0
91.0
71.0
137.0
6.0
165.0
136.0
91.0
141.0
8.0
46.0
20.0
12.0
4.0
50.0
124.0
33.0
30.0
72.0
94.0
159.0
150.0
145.0
15.0
14.0
-69.0
60.0
102.0
2.0
55.0
101.0
56.0
-13.0
-55.0
36.0
92.0
87.0
25.0
80.0
-5.0
-26.0
32.0
36.0
106.0
65.0
26.0
26.0
15.0
89.0
8.0
-130.0
108.0
30.0
71.0
-1.0
-130.0
-23.0
-104.0
46.0
4.0
-34.0
-7.0
73.0
58.0
68.0
-53.0
16.0
76.0
9.0
42.0
-59.0
1.0
14.0
-33.0
-72.0
4.0
-26.0
128.0
-33.0
-18.0
106.0
-40.0
-39.0
79.0
-56.0
53.0
4.0
-16.0
102.0
41.0
10.0
-106.0
-57.0
37.0
44.0
-36.0
58.0
21.0
46.0
-25.0
-45.0
19.0
90.0
9.0
103.0
-35.0
28.0
16.0
-10.0
35.0
-23.0
0.0
42.0
65.0
46.0
28.0
-71.0
-88.0
-164.0
-17.0
-102.0
45.0
33.0
119.0
-51.0
12.0
12.0
52.0
50.0
21.0
35.0
-24.0
-36.0
-45.0
-106.0
-110.0
104.0
-45.0
-12.0
-51.0
26.0
112.0
-7.0
-22.0
29.0
50.0
19.0
101.0
-38.0
61.0
-128.0
-30.0
61.0
122.0
-27.0
44.0
78.0
91.0
73.0
25.0
156.0
61.0
-56.0
79.0
4.0
72.0
64.0
-12.0
65.0
20.0
88.0
37.0
-12.0
83.0
63.0
93.0
181.0
-16.0
-5.0
51.0
35.0
120.0
-24.0
68.0
11.0
-49.0
65.0
12.0
-13.0
5.0
79.0
-29.0
-7.0
131.0
27.0
33.0
-76.0
84.0
85.0
50.0
135.0
49.0
77.0
146.0
111.0
90.0
60.0
26.0
67.0
-109.0
114.0
139.0
-20.0
73.0
82.0
-16.0
75.0
25.0
93.0
123.0
97.0
148.0
106.0
81.0
131.0
45.0
175.0
99.0
87.0
72.0
7.0
-53.0
124.0
-47.0
76.0
115.0
18.0
110.0
48.0
72.0
122.0
21.0
-10.0
18.0
13.0
131.0
107.0
58.0
136.0
71.0
37.0
50.0
-10.0
14.0
61.0
76.0
133.0
-24.0
38.0
118.0
-47.0
86.0
-10.0
97.0
97.0
25.0
42.0
98.0
22.0
139.0
82.0
67.0
51.0
83.0
69.0
70.0
34.0
70.0
70.0
3.0
77.0
-63.0
4.0
50.0
35.0
81.0
107.0
-5.0
52.0
59.0
61.0
7.0
-67.0
50.0
26.0
75.0
131.0
-99.0
37.0
46.0
24.0
89.0
33.0
-54.0
89.0
136.0
58.0
105.0
38.0
104.0
-75.0
-28.0
-5.0
-98.0
-53.0
-40.0
99.0
81.0
94.0
16.0
-14.0
31.0
42.0
92.0
11.0
10.0
-59.0
-3.0
29.0
-29.0
71.0
-43.0
-6.0
-50.0
-83.0
-69.0
-27.0
-77.0
73.0
109.0
13.0
95.0
46.0
-39.0
-13.0
-81.0
98.0
45.0
-65.0
124.0
-43.0
-8.0
-58.0
21.0
31.0
45.0
42.0
31.0
6.0
53.0
30.0
77.0
85.0
10.0
-49.0
135.0
-14.0
-21.0
-10.0
-139.0
36.0
77.0
3.0
-46.0
-17.0
-54.0
4.0
77.0
-11.0
81.0
50.0
32.0
29.0
22.0
-39.0
-27.0
64.0
121.0
-53.0
46.0
71.0
54.0
61.0
-12.0
34.0
113.0
81.0
184.0
99.0
-3.0
68.0
-9.0
-81.0
18.0
-77.0
70.0
153.0
92.0
109.0
118.0
136.0
63.0
6.0
95.0
5.0
10.0
-22.0
73.0
-5.0
50.0
-3.0
94.0
41.0
2.0
98.0
-20.0
43.0
80.0
-24.0
184.0
8.0
86.0
20.0
-26.0
-57.0
-56.0
-88.0
22.0
21.0
59.0
63.0
-2.0
49.0
50.0
-10.0
106.0
31.0
50.0
182.0
-36.0
116.0
-23.0
26.0
-58.0
39.0
-21.0
125.0
15.0
42.0
44.0
-26.0
123.0
-32.0
25.0
-59.0
47.0
-26.0
-3.0
22.0
-59.0
50.0
23.0
44.0
-58.0
-48.0
-33.0
-36.0
146.0
76.0
-32.0
-21.0
62.0
38.0
-11.0
11.0
109.0
11.0
-14.0
42.0
7.0
73.0
31.0
26.0
11.0
5.0
-100.0
-24.0
-38.0
-92.0
-71.0
-11.0
8.0
116.0
-44.0
23.0
14.0
50.0
125.0
-37.0
88.0
-20.0
42.0
140.0
21.0
76.0
46.0
-56.0
90.0
22.0
-76.0
129.0
-108.0
95.0
80.0
32.0
144.0
146.0
128.0
163.0
-37.0
124.0
14.0
93.0
19.0
2.0
61.0
137.0
11.0
110.0
74.0
7.0
135.0
114.0
20.0
55.0
81.0
17.0
-24.0
-4.0
11.0
91.0
-77.0
32.0
-107.0
15.0
119.0
29.0
95.0
49.0
-54.0
5.0
63.0
62.0
8.0
-15.0
72.0
-12.0
-102.0
46.0
20.0
-18.0
-56.0
-29.0
70.0
34.0
56.0
-3.0
54.0
50.0
9.0
50.0
-17.0
148.0
26.0
67.0
-17.0
14.0
5.0
-35.0
15.0
-18.0
101.0
30.0
-1.0
53.0
60.0
28.0
45.0
32.0
46.0
122.0
55.0
104.0
74.0
13.0
45.0
12.0
-133.0
-79.0
15.0
8.0
42.0
12.0
-11.0
2.0
27.0
116.0
5.0
-27.0
-76.0
-137.0
37.0
39.0
-48.0
27.0
-27.0
6.0
94.0
47.0
-60.0
-25.0
-22.0
53.0
-29.0
-2.0
26.0
-18.0
55.0
14.0
-75.0
155.0
-10.0
-25.0
5.0
-74.0
28.0
-3.0
-42.0
136.0
36.0
-46.0
-8.0
-71.0
7.0
52.0
-54.0
32.0
-55.0
-54.0
3.0
-51.0
26.0
-75.0
-115.0
12.0
104.0
82.0
-45.0
-4.0
-40.0
-84.0
-116.0
52.0
-7.0
20.0
91.0
-68.0
1.0
-10.0
23.0
0.0
96.0
180.0
142.0
-108.0
84.0
-49.0
-1.0
110.0
67.0
44.0
25.0
46.0
77.0
14.0
18.0
-23.0
31.0
109.0
95.0
-41.0
8.0
-68.0
111.0
117.0
-46.0
-31.0
175.0
42.0
96.0
45.0
70.0
45.0
-50.0
62.0
-4.0
24.0
24.0
55.0
-112.0
64.0
5.0
-42.0
15.0
45.0
59.0
-6.0
2.0
82.0
14.0
84.0
76.0
-55.0
-76.0
1.0
-24.0
62.0
-68.0
25.0
64.0
-22.0
89.0
99.0
13.0
1.0
-40.0
36.0
1.0
-84.0
11.0
-82.0
-25.0
44.0
33.0
-19.0
27.0
-89.0
-23.0
157.0
-61.0
7.0
-113.0
70.0
57.0
-61.0
-3.0
-149.0
-71.0
-65.0
-86.0
-38.0
-8.0
59.0
97.0
7.0
-15.0
-50.0
-120.0
-44.0
65.0
-49.0
-22.0
-8.0
-70.0
37.0
-89.0
-113.0
45.0
-104.0
16.0
-4.0
-20.0
17.0
-64.0
-109.0
-36.0
-136.0
4.0
-88.0
-5.0
26.0
-81.0
-90.0
-35.0
-93.0
-55.0
-61.0
-97.0
-136.0
-64.0
-153.0
-83.0
-129.0
34.0
-37.0
-105.0
-67.0
-123.0
-2.0
12.0
-3.0
-70.0
27.0
-79.0
-63.0
-188.0
-39.0
56.0
-65.0
-21.0
-102.0
-277.0
-74.0
-11.0
-100.0
5.0
-18.0
-48.0
-65.0
-12.0
-51.0
7.0
6.0
20.0
-143.0
-42.0
43.0
-77.0
-25.0
-90.0
-45.0
14.0
-21.0
26.0
-45.0
-66.0
61.0
-26.0
-1.0
-52.0
-21.0
39.0
88.0
41.0
33.0
-177.0
-46.0
-33.0
-72.0
148.0
44.0
23.0
82.0
-98.0
6.0
-96.0
-158.0
-5.0
-48.0
-10.0
70.0
52.0
48.0
-2.0
-58.0
-119.0
13.0
-38.0
106.0
-76.0
65.0
18.0
18.0
-25.0
33.0
8.0
111.0
3.0
54.0
10.0
-193.0
58.0
52.0
-118.0
187.0
59.0
-5.0
62.0
25.0
22.0
26.0
-35.0
47.0
41.0
22.0
99.0
-98.0
14.0
2.0
11.0
-48.0
94.0
84.0
36.0
-54.0
88.0
81.0
-82.0
150.0
-17.0
16.0
98.0
59.0
74.0
-40.0
-29.0
15.0
-45.0
119.0
59.0
-102.0
-53.0
138.0
5.0
83.0
-27.0
-70.0
16.0
63.0
81.0
65.0
-46.0
126.0
116.0
-76.0
100.0
25.0
-8.0
3.0
-17.0
77.0
8.0
-124.0
-3.0
-15.0
93.0
30.0
10.0
4.0
15.0
11.0
83.0
-179.0
37.0
91.0
150.0
148.0
67.0
7.0
17.0
-112.0
72.0
-93.0
97.0
134.0
39.0
-27.0
84.0
-56.0
54.0
4.0
-15.0
-36.0
-70.0
134.0
133.0
20.0
18.0
97.0
-29.0
111.0
-14.0
24.0
68.0
-15.0
37.0
45.0
-11.0
64.0
25.0
86.0
150.0
-13.0
48.0
103.0
5.0
89.0
-64.0
-54.0
45.0
-46.0
51.0
12.0
34.0
178.0
50.0
95.0
128.0
70.0
39.0
29.0
25.0
79.0
63.0
89.0
99.0
98.0
177.0
86.0
-48.0
135.0
168.0
141.0
230.0
14.0
129.0
96.0
159.0
117.0
67.0
121.0
169.0
-7.0
171.0
131.0
150.0
222.0
178.0
135.0
213.0
192.0
143.0
99.0
60.0
78.0
207.0
129.0
124.0
67.0
115.0
141.0
67.0
257.0
67.0
183.0
152.0
59.0
130.0
159.0
185.0
140.0
61.0
84.0
136.0
80.0
164.0
108.0
115.0
280.0
128.0
152.0
206.0
188.0
202.0
103.0
256.0
181.0
194.0
191.0
178.0
84.0
181.0
124.0
48.0
147.0
81.0
148.0
118.0
141.0
191.0
64.0
141.0
126.0
90.0
162.0
169.0
86.0
179.0
61.0
121.0
179.0
81.0
22.0
135.0
129.0
90.0
128.0
30.0
76.0
100.0
46.0
33.0
147.0
68.0
-31.0
49.0
127.0
103.0
107.0
161.0
40.0
184.0
68.0
-23.0
156.0
1.0
92.0
166.0
79.0
174.0
-18.0
-61.0
72.0
23.0
51.0
46.0
11.0
83.0
11.0
7.0
16.0
45.0
133.0
125.0
86.0
154.0
100.0
65.0
-75.0
-22.0
-4.0
127.0
35.0
79.0
81.0
-13.0
40.0
43.0
-16.0
-22.0
-52.0
98.0
31.0
51.0
51.0
-48.0
101.0
97.0
16.0
-70.0
59.0
-76.0
-79.0
-11.0
-53.0
81.0
-29.0
62.0
55.0
29.0
75.0
-33.0
-29.0
63.0
51.0
-41.0
55.0
72.0
107.0
59.0
-18.0
96.0
-41.0
60.0
42.0
-29.0
148.0
105.0
154.0
101.0
107.0
77.0
-65.0
26.0
109.0
36.0
131.0
104.0
11.0
111.0
75.0
2.0
30.0
123.0
171.0
159.0
129.0
102.0
156.0
103.0
6.0
-51.0
21.0
158.0
72.0
98.0
166.0
-7.0
57.0
38.0
62.0
107.0
23.0
54.0
222.0
122.0
184.0
10.0
83.0
79.0
-4.0
35.0
97.0
43.0
33.0
30.0
95.0
136.0
-4.0
94.0
15.0
17.0
48.0
174.0
69.0
-51.0
84.0
92.0
13.0
-10.0
78.0
36.0
39.0
13.0
34.0
6.0
175.0
172.0
174.0
73.0
92.0
139.0
-46.0
119.0
139.0
-61.0
-8.0
111.0
137.0
84.0
54.0
63.0
119.0
71.0
120.0
142.0
53.0
223.0
119.0
117.0
37.0
91.0
39.0
28.0
-22.0
64.0
-62.0
123.0
100.0
-15.0
92.0
132.0
114.0
92.0
50.0
52.0
50.0
-89.0
178.0
102.0
44.0
72.0
-56.0
90.0
18.0
-48.0
-37.0
35.0
-73.0
109.0
39.0
38.0
6.0
-28.0
3.0
-87.0
10.0
135.0
-58.0
126.0
105.0
22.0
67.0
24.0
28.0
17.0
50.0
91.0
82.0
24.0
106.0
-11.0
43.0
96.0
-42.0
63.0
99.0
-40.0
146.0
44.0
213.0
110.0
73.0
60.0
5.0
116.0
123.0
21.0
58.0
110.0
21.0
127.0
11.0
-34.0
78.0
51.0
95.0
203.0
138.0
91.0
163.0
-81.0
71.0
-59.0
31.0
79.0
-34.0
-2.0
26.0
-51.0
-20.0
-14.0
-42.0
63.0
-135.0
10.0
-5.0
-9.0
86.0
33.0
-69.0
-40.0
-105.0
-77.0
22.0
-174.0
-46.0
-25.0
-54.0
18.0
-22.0
-82.0
-38.0
-93.0
-5.0
7.0
-66.0
-25.0
16.0
27.0
-51.0
-144.0
55.0
-102.0
-144.0
-33.0
-98.0
-71.0
-109.0
-95.0
18.0
-56.0
-55.0
69.0
-193.0
32.0
-85.0
-133.0
-51.0
-93.0
-77.0
-80.0
-20.0
-77.0
-45.0
-141.0
-49.0
59.0
-87.0
-39.0
-40.0
-40.0
-83.0
-113.0
-62.0
-102.0
32.0
-124.0
-17.0
-71.0
-98.0
-180.0
-58.0
60.0
-4.0
68.0
-17.0
-108.0
-20.0
-70.0
-57.0
-23.0
-82.0
-13.0
-98.0
-64.0
-49.0
-120.0
-53.0
-163.0
-110.0
-74.0
-63.0
-101.0
-34.0
-49.0
-24.0
-16.0
-87.0
-6.0
-76.0
-96.0
-2.0
-92.0
-98.0
-116.0
-97.0
0.0
-118.0
-39.0
-130.0
-164.0
-86.0
-153.0
-92.0
-29.0
-109.0
-101.0
-166.0
-190.0
2.0
-71.0
-49.0
-44.0
-71.0
-117.0
-102.0
-119.0
1.0
-97.0
-11.0
-30.0
-91.0
-127.0
-36.0
-93.0
-37.0
-54.0
-159.0
-62.0
-81.0
-42.0
-41.0
-72.0
-92.0
-32.0
-24.0
12.0
-84.0
-177.0
-119.0
-138.0
33.0
-111.0
23.0
2.0
-70.0
-14.0
-22.0
-55.0
77.0
-61.0
-130.0
129.0
16.0
-28.0
53.0
-32.0
45.0
17.0
-43.0
16.0
-185.0
42.0
77.0
25.0
154.0
2.0
15.0
90.0
-76.0
-74.0
-62.0
27.0
171.0
-13.0
36.0
-16.0
12.0
68.0
-18.0
-80.0
4.0
51.0
36.0
-4.0
-77.0
16.0
35.0
-158.0
38.0
30.0
-6.0
24.0
-55.0
-26.0
86.0
-5.0
-44.0
-62.0
-63.0
-3.0
-83.0
49.0
3.0
-84.0
-92.0
1.0
-23.0
-60.0
-62.0
143.0
31.0
78.0
-18.0
-49.0
-32.0
61.0
-94.0
109.0
15.0
-43.0
77.0
-48.0
-7.0
-93.0
-1.0
122.0
9.0
-30.0
21.0
-81.0
-67.0
-1.0
-64.0
-8.0
-34.0
11.0
18.0
18.0
77.0
16.0
-19.0
36.0
17.0
2.0
9.0
-56.0
-72.0
-82.0
-114.0
-11.0
31.0
-37.0
54.0
-65.0
71.0
26.0
-103.0
-9.0
-4.0
40.0
24.0
9.0
-36.0
1.0
-47.0
61.0
63.0
-23.0
99.0
65.0
-12.0
-18.0
-8.0
130.0
-2.0
24.0
128.0
-40.0
-139.0
43.0
-49.0
4.0
-51.0
-58.0
91.0
-34.0
-33.0
90.0
12.0
105.0
18.0
-6.0
32.0
44.0
67.0
58.0
80.0
40.0
108.0
-32.0
86.0
-25.0
80.0
-22.0
69.0
3.0
7.0
20.0
111.0
49.0
-24.0
51.0
-67.0
0.0
91.0
-24.0
15.0
-5.0
13.0
84.0
-65.0
-3.0
92.0
6.0
90.0
22.0
23.0
3.0
-23.0
112.0
33.0
-69.0
55.0
-51.0
56.0
84.0
27.0
-33.0
-27.0
-41.0
43.0
31.0
59.0
63.0
-34.0
156.0
48.0
62.0
61.0
56.0
-31.0
-57.0
-17.0
-27.0
128.0
64.0
77.0
37.0
26.0
-5.0
-35.0
-70.0
-60.0
80.0
15.0
41.0
-16.0
44.0
-15.0
4.0
-46.0
-40.0
153.0
-44.0
-36.0
108.0
15.0
146.0
11.0
-97.0
26.0
-58.0
-6.0
30.0
-33.0
23.0
-5.0
-74.0
29.0
29.0
41.0
130.0
95.0
50.0
98.0
-7.0
-81.0
65.0
124.0
119.0
41.0
15.0
-35.0
-70.0
102.0
21.0
-7.0
-23.0
-54.0
-27.0
15.0
31.0
76.0
21.0
-36.0
33.0
-113.0
-46.0
-118.0
37.0
138.0
-22.0
-45.0
2.0
-7.0
29.0
105.0
10.0
-6.0
-2.0
-4.0
2.0
-17.0
30.0
-34.0
61.0
35.0
-44.0
-37.0
-27.0
-60.0
22.0
-14.0
-111.0
-67.0
-91.0
57.0
119.0
22.0
18.0
65.0
-12.0
41.0
-29.0
-101.0
61.0
-69.0
-7.0
52.0
27.0
60.0
41.0
18.0
31.0
10.0
7.0
77.0
-1.0
-36.0
-9.0
19.0
-51.0
5.0
-33.0
-94.0
-12.0
121.0
77.0
14.0
49.0
-22.0
154.0
112.0
-20.0
108.0
95.0
29.0
7.0
-12.0
37.0
53.0
-123.0
32.0
-10.0
72.0
96.0
-39.0
116.0
80.0
-15.0
107.0
60.0
-77.0
26.0
62.0
63.0
159.0
13.0
95.0
-44.0
61.0
2.0
49.0
68.0
29.0
103.0
40.0
44.0
3.0
22.0
-25.0
91.0
56.0
12.0
145.0
97.0
120.0
111.0
-111.0
57.0
62.0
35.0
128.0
25.0
-41.0
41.0
-9.0
44.0
-18.0
121.0
134.0
15.0
-13.0
-16.0
27.0
48.0
90.0
62.0
95.0
-40.0
46.0
45.0
22.0
90.0
158.0
30.0
88.0
-41.0
100.0
66.0
-2.0
4.0
146.0
-91.0
10.0
38.0
12.0
40.0
1.0
50.0
-4.0
-54.0
90.0
-68.0
-29.0
128.0
28.0
125.0
55.0
46.0
23.0
-54.0
23.0
-11.0
61.0
68.0
20.0
80.0
117.0
6.0
41.0
58.0
-19.0
39.0
74.0
52.0
138.0
19.0
37.0
21.0
-120.0
36.0
74.0
125.0
180.0
83.0
128.0
169.0
83.0
34.0
29.0
-109.0
142.0
42.0
2.0
70.0
-16.0
55.0
-21.0
-16.0
146.0
102.0
108.0
42.0
40.0
67.0
84.0
115.0
138.0
88.0
83.0
70.0
132.0
162.0
107.0
84.0
149.0
26.0
120.0
116.0
56.0
87.0
109.0
70.0
100.0
93.0
97.0
126.0
20.0
98.0
126.0
7.0
221.0
41.0
119.0
119.0
68.0
104.0
47.0
126.0
149.0
-82.0
139.0
191.0
32.0
156.0
11.0
138.0
137.0
73.0
6.0
163.0
47.0
159.0
43.0
85.0
134.0
121.0
56.0
153.0
22.0
153.0
109.0
77.0
194.0
72.0
32.0
46.0
18.0
138.0
103.0
91.0
45.0
91.0
134.0
105.0
88.0
141.0
216.0
110.0
169.0
131.0
149.0
103.0
79.0
123.0
200.0
105.0
160.0
93.0
121.0
188.0
117.0
173.0
139.0
7.0
226.0
-24.0
115.0
234.0
134.0
110.0
170.0
162.0
172.0
149.0
72.0
171.0
120.0
85.0
109.0
124.0
130.0
136.0
15.0
156.0
62.0
143.0
172.0
30.0
76.0
72.0
148.0
215.0
121.0
83.0
93.0
14.0
210.0
143.0
137.0
174.0
37.0
150.0
197.0
112.0
193.0
151.0
169.0
204.0
259.0
171.0
98.0
148.0
142.0
29.0
86.0
131.0
99.0
158.0
188.0
68.0
177.0
169.0
59.0
212.0
172.0
154.0
223.0
145.0
220.0
35.0
26.0
225.0
40.0
178.0
134.0
95.0
196.0
119.0
53.0
219.0
-25.0
126.0
146.0
24.0
47.0
171.0
39.0
86.0
64.0
-31.0
-51.0
-54.0
161.0
86.0
93.0
145.0
42.0
-21.0
-17.0
33.0
68.0
45.0
-88.0
71.0
87.0
3.0
36.0
30.0
132.0
98.0
61.0
210.0
43.0
65.0
42.0
62.0
168.0
21.0
42.0
193.0
-6.0
113.0
171.0
53.0
103.0
118.0
164.0
22.0
134.0
209.0
173.0
32.0
83.0
138.0
168.0
161.0
109.0
206.0
94.0
-42.0
87.0
109.0
93.0
170.0
165.0
138.0
139.0
42.0
148.0
15.0
27.0
209.0
169.0
86.0
117.0
73.0
188.0
86.0
-4.0
226.0
95.0
114.0
136.0
74.0
137.0
131.0
-42.0
194.0
115.0
110.0
111.0
42.0
99.0
-75.0
76.0
143.0
84.0
191.0
227.0
151.0
200.0
73.0
74.0
163.0
-44.0
232.0
174.0
75.0
172.0
96.0
63.0
182.0
29.0
205.0
69.0
121.0
125.0
45.0
-2.0
154.0
73.0
137.0
122.0
86.0
102.0
26.0
49.0
13.0
-4.0
63.0
100.0
68.0
164.0
121.0
61.0
98.0
39.0
92.0
103.0
68.0
79.0
57.0
180.0
128.0
44.0
4.0
-15.0
-7.0
127.0
-1.0
21.0
-6.0
17.0
-12.0
61.0
93.0
32.0
44.0
-60.0
7.0
6.0
-12.0
71.0
-4.0
1.0
-4.0
74.0
42.0
29.0
88.0
-10.0
-30.0
136.0
131.0
-15.0
34.0
0.0
43.0
74.0
-106.0
-4.0
36.0
52.0
-18.0
17.0
106.0
78.0
-45.0
3.0
-40.0
79.0
95.0
39.0
52.0
27.0
18.0
35.0
52.0
67.0
70.0
2.0
49.0
68.0
-45.0
76.0
49.0
-75.0
-37.0
-64.0
-49.0
74.0
-34.0
27.0
40.0
1.0
5.0
62.0
16.0
42.0
76.0
42.0
74.0
39.0
20.0
-130.0
32.0
-12.0
13.0
64.0
-7.0
-99.0
70.0
17.0
38.0
81.0
-74.0
57.0
-90.0
35.0
30.0
-49.0
-55.0
-11.0
-29.0
24.0
84.0
101.0
88.0
11.0
97.0
-81.0
39.0
91.0
33.0
122.0
134.0
-25.0
-89.0
8.0
53.0
114.0
54.0
-21.0
-1.0
-1.0
122.0
101.0
58.0
185.0
25.0
13.0
33.0
22.0
134.0
1.0
-82.0
107.0
43.0
27.0
95.0
1.0
135.0
94.0
29.0
120.0
210.0
146.0
134.0
-115.0
46.0
88.0
-26.0
56.0
30.0
27.0
126.0
40.0
96.0
113.0
12.0
208.0
181.0
112.0
117.0
47.0
182.0
136.0
-3.0
60.0
39.0
36.0
135.0
89.0
138.0
105.0
20.0
205.0
144.0
54.0
115.0
89.0
14.0
-8.0
-3.0
227.0
115.0
-35.0
55.0
-45.0
-18.0
-159.0
21.0
171.0
148.0
79.0
61.0
45.0
107.0
-20.0
-58.0
80.0
83.0
47.0
41.0
-53.0
-34.0
68.0
-36.0
103.0
-18.0
30.0
68.0
20.0
61.0
92.0
93.0
-16.0
68.0
-22.0
141.0
0.0
-41.0
-59.0
83.0
153.0
77.0
16.0
59.0
30.0
116.0
189.0
28.0
65.0
86.0
2.0
-67.0
122.0
33.0
-2.0
5.0
153.0
9.0
41.0
115.0
-23.0
26.0
107.0
-62.0
168.0
182.0
83.0
158.0
33.0
102.0
85.0
-44.0
5.0
-56.0
126.0
82.0
22.0
83.0
143.0
2.0
123.0
25.0
95.0
87.0
-25.0
127.0
140.0
58.0
14.0
-108.0
80.0
78.0
10.0
84.0
-41.0
12.0
124.0
136.0
82.0
111.0
24.0
147.0
138.0
88.0
214.0
116.0
37.0
185.0
-43.0
80.0
120.0
-43.0
70.0
-5.0
59.0
187.0
81.0
142.0
12.0
7.0
53.0
67.0
16.0
51.0
41.0
114.0
26.0
48.0
95.0
31.0
-35.0
147.0
88.0
167.0
131.0
83.0
128.0
140.0
46.0
27.0
-43.0
-2.0
-13.0
-6.0
223.0
100.0
155.0
118.0
62.0
89.0
167.0
78.0
103.0
155.0
63.0
171.0
122.0
92.0
115.0
-7.0
47.0
27.0
-9.0
93.0
100.0
76.0
158.0
136.0
201.0
118.0
118.0
160.0
61.0
101.0
42.0
34.0
149.0
152.0
178.0
177.0
65.0
73.0
187.0
69.0
203.0
116.0
109.0
138.0
136.0
84.0
105.0
72.0
105.0
-12.0
70.0
63.0
55.0
19.0
96.0
152.0
238.0
111.0
166.0
187.0
59.0
93.0
97.0
13.0
48.0
21.0
53.0
117.0
60.0
111.0
138.0
76.0
169.0
167.0
102.0
177.0
-15.0
41.0
158.0
64.0
177.0
77.0
88.0
16.0
45.0
48.0
62.0
44.0
118.0
131.0
154.0
213.0
2.0
176.0
117.0
2.0
142.0
60.0
53.0
103.0
126.0
-29.0
60.0
-44.0
157.0
34.0
99.0
114.0
73.0
182.0
118.0
120.0
58.0
39.0
123.0
143.0
-7.0
109.0
-34.0
27.0
108.0
16.0
81.0
145.0
21.0
110.0
160.0
28.0
117.0
-1.0
175.0
145.0
32.0
0.0
86.0
25.0
132.0
30.0
4.0
140.0
125.0
108.0
226.0
65.0
103.0
108.0
114.0
172.0
136.0
74.0
92.0
51.0
65.0
71.0
80.0
82.0
145.0
187.0
209.0
110.0
100.0
152.0
46.0
51.0
165.0
152.0
124.0
61.0
106.0
65.0
98.0
96.0
168.0
183.0
165.0
139.0
111.0
186.0
148.0
157.0
41.0
306.0
163.0
113.0
124.0
135.0
67.0
67.0
-37.0
177.0
121.0
98.0
157.0
92.0
159.0
192.0
18.0
127.0
193.0
172.0
167.0
204.0
135.0
79.0
53.0
93.0
78.0
79.0
166.0
60.0
48.0
195.0
95.0
175.0
195.0
94.0
219.0
130.0
225.0
101.0
129.0
120.0
169.0
84.0
108.0
88.0
102.0
105.0
27.0
150.0
171.0
124.0
197.0
101.0
204.0
94.0
79.0
63.0
52.0
141.0
187.0
76.0
79.0
26.0
-37.0
81.0
137.0
126.0
134.0
142.0
86.0
157.0
91.0
157.0
13.0
161.0
230.0
89.0
119.0
37.0
10.0
106.0
32.0
100.0
-6.0
48.0
79.0
184.0
145.0
127.0
172.0
71.0
129.0
214.0
155.0
199.0
12.0
114.0
117.0
110.0
137.0
-6.0
78.0
242.0
119.0
187.0
124.0
35.0
222.0
147.0
171.0
166.0
68.0
132.0
88.0
143.0
183.0
82.0
46.0
211.0
191.0
166.0
129.0
157.0
226.0
218.0
165.0
232.0
144.0
13.0
26.0
114.0
141.0
122.0
137.0
236.0
178.0
118.0
67.0
84.0
227.0
150.0
120.0
367.0
215.0
204.0
239.0
26.0
216.0
194.0
147.0
148.0
153.0
90.0
230.0
117.0
171.0
176.0
139.0
136.0
79.0
249.0
128.0
211.0
210.0
138.0
96.0
257.0
153.0
158.0
246.0
178.0
230.0
7.0
223.0
197.0
164.0
140.0
81.0
113.0
108.0
66.0
126.0
134.0
87.0
128.0
63.0
-42.0
156.0
53.0
45.0
105.0
70.0
164.0
174.0
52.0
38.0
95.0
120.0
114.0
142.0
137.0
127.0
39.0
87.0
-18.0
-39.0
93.0
16.0
96.0
12.0
143.0
154.0
152.0
88.0
93.0
23.0
89.0
71.0
13.0
88.0
-54.0
82.0
140.0
93.0
112.0
128.0
83.0
86.0
172.0
139.0
125.0
77.0
67.0
72.0
-28.0
45.0
-31.0
78.0
84.0
13.0
-12.0
15.0
125.0
82.0
85.0
61.0
146.0
54.0
102.0
58.0
43.0
110.0
27.0
55.0
58.0
-68.0
144.0
127.0
53.0
137.0
149.0
11.0
181.0
131.0
165.0
-35.0
157.0
209.0
99.0
2.0
103.0
131.0
125.0
128.0
29.0
190.0
167.0
102.0
176.0
51.0
175.0
186.0
57.0
105.0
221.0
154.0
231.0
35.0
118.0
146.0
177.0
85.0
53.0
183.0
204.0
86.0
149.0
93.0
111.0
101.0
101.0
180.0
167.0
63.0
102.0
89.0
34.0
157.0
93.0
148.0
177.0
112.0
63.0
54.0
26.0
70.0
18.0
8.0
202.0
50.0
113.0
187.0
78.0
70.0
25.0
49.0
115.0
27.0
183.0
111.0
-4.0
128.0
127.0
126.0
155.0
88.0
70.0
143.0
76.0
114.0
43.0
49.0
122.0
76.0
68.0
99.0
-34.0
163.0
115.0
71.0
31.0
50.0
178.0
143.0
108.0
140.0
27.0
63.0
47.0
48.0
82.0
-29.0
17.0
64.0
-41.0
27.0
152.0
33.0
115.0
101.0
93.0
55.0
-8.0
-81.0
102.0
112.0
24.0
161.0
-38.0
96.0
134.0
118.0
133.0
7.0
58.0
110.0
77.0
139.0
2.0
9.0
188.0
84.0
0.0
157.0
-27.0
125.0
91.0
45.0
171.0
-70.0
33.0
89.0
-34.0
179.0
136.0
70.0
110.0
6.0
96.0
57.0
56.0
80.0
48.0
134.0
97.0
92.0
162.0
62.0
72.0
86.0
153.0
106.0
74.0
21.0
-7.0
81.0
22.0
54.0
18.0
62.0
168.0
78.0
133.0
164.0
-2.0
225.0
67.0
-6.0
157.0
192.0
139.0
110.0
44.0
113.0
73.0
77.0
91.0
77.0
-15.0
124.0
-56.0
123.0
130.0
113.0
175.0
54.0
102.0
1.0
-63.0
273.0
-48.0
153.0
168.0
125.0
101.0
144.0
55.0
-41.0
18.0
33.0
149.0
19.0
168.0
128.0
32.0
136.0
55.0
-182.0
83.0
63.0
138.0
33.0
88.0
187.0
89.0
86.0
31.0
41.0
162.0
152.0
69.0
118.0
135.0
127.0
-5.0
53.0
15.0
41.0
15.0
139.0
64.0
39.0
20.0
-6.0
15.0
24.0
121.0
112.0
120.0
46.0
169.0
48.0
76.0
128.0
-32.0
127.0
67.0
68.0
129.0
46.0
240.0
154.0
80.0
166.0
138.0
139.0
115.0
8.0
23.0
142.0
73.0
223.0
89.0
93.0
-2.0
-2.0
117.0
99.0
67.0
51.0
21.0
27.0
68.0
54.0
-52.0
71.0
-18.0
97.0
25.0
6.0
66.0
-8.0
49.0
57.0
-39.0
84.0
4.0
70.0
27.0
-76.0
59.0
27.0
24.0
37.0
-5.0
62.0
56.0
-82.0
60.0
33.0
3.0
52.0
-44.0
-17.0
21.0
-81.0
31.0
55.0
18.0
73.0
-44.0
34.0
-22.0
-63.0
12.0
1.0
-26.0
208.0
6.0
15.0
84.0
31.0
-8.0
31.0
-5.0
81.0
-1.0
49.0
71.0
72.0
63.0
116.0
72.0
131.0
-49.0
43.0
-25.0
-11.0
127.0
30.0
58.0
93.0
29.0
-52.0
130.0
-11.0
29.0
50.0
98.0
152.0
47.0
69.0
80.0
-92.0
-4.0
43.0
1.0
-6.0
33.0
9.0
43.0
-135.0
70.0
37.0
-6.0
21.0
40.0
-21.0
-5.0
-56.0
-16.0
-59.0
23.0
-16.0
20.0
23.0
39.0
-127.0
-67.0
6.0
-51.0
16.0
43.0
4.0
37.0
-6.0
23.0
-55.0
-11.0
13.0
-5.0
51.0
91.0
-78.0
20.0
68.0
53.0
-40.0
-7.0
-17.0
55.0
-139.0
2.0
124.0
-101.0
7.0
38.0
64.0
126.0
-10.0
-137.0
112.0
43.0
60.0
-40.0
-1.0
21.0
-131.0
-67.0
-8.0
-146.0
3.0
-21.0
-1.0
49.0
68.0
110.0
21.0
-60.0
5.0
-37.0
-77.0
-20.0
15.0
3.0
-6.0
-139.0
-137.0
-172.0
-42.0
-23.0
-22.0
-114.0
-20.0
8.0
-22.0
-54.0
-1.0
-4.0
-52.0
-58.0
-55.0
-11.0
-2.0
-94.0
-91.0
33.0
-87.0
-55.0
79.0
-51.0
0.0
-110.0
56.0
-13.0
-112.0
48.0
-23.0
-51.0
54.0
-9.0
-141.0
24.0
-166.0
41.0
-10.0
-76.0
54.0
45.0
-32.0
97.0
-41.0
4.0
-95.0
-22.0
20.0
48.0
65.0
-54.0
-43.0
80.0
-27.0
-72.0
-58.0
-64.0
-72.0
-3.0
-27.0
52.0
-1.0
-19.0
12.0
-76.0
-63.0
45.0
-14.0
12.0
60.0
-148.0
-11.0
-54.0
-110.0
-43.0
-7.0
-9.0
42.0
-50.0
15.0
-47.0
-68.0
-11.0
-80.0
-4.0
-132.0
-136.0
38.0
79.0
-1.0
23.0
-66.0
-124.0
92.0
-96.0
19.0
-124.0
31.0
105.0
-1.0
-22.0
-103.0
-109.0
22.0
58.0
33.0
17.0
-46.0
-1.0
40.0
31.0
-3.0
16.0
47.0
71.0
-34.0
-15.0
-17.0
-135.0
41.0
-141.0
-18.0
91.0
52.0
119.0
47.0
-48.0
20.0
-42.0
-45.0
-7.0
-72.0
-81.0
-52.0
-60.0
3.0
-117.0
-81.0
57.0
-45.0
-60.0
56.0
-21.0
-24.0
-46.0
68.0
23.0
-76.0
11.0
-53.0
-111.0
-15.0
32.0
-30.0
-41.0
55.0
-69.0
12.0
-63.0
92.0
60.0
2.0
20.0
-39.0
-42.0
1.0
3.0
75.0
-144.0
1.0
1.0
-67.0
-89.0
-3.0
-89.0
30.0
-50.0
-59.0
-60.0
-117.0
-105.0
48.0
56.0
51.0
-2.0
-19.0
117.0
-178.0
-90.0
-8.0
33.0
62.0
-1.0
-34.0
-35.0
-66.0
-39.0
-215.0
-43.0
18.0
-37.0
-66.0
-2.0
-79.0
34.0
11.0
-55.0
-33.0
14.0
-17.0
-73.0
-101.0
34.0
-89.0
1.0
-61.0
-57.0
-71.0
-96.0
-69.0
-153.0
-107.0
-39.0
-26.0
-52.0
-108.0
-12.0
-105.0
-86.0
-105.0
-154.0
-57.0
-52.0
-99.0
-56.0
-69.0
-82.0
-78.0
-80.0
-111.0
-60.0
-105.0
-59.0
-127.0
-30.0
-44.0
-126.0
-42.0
-126.0
-139.0
-203.0
-137.0
-94.0
-169.0
34.0
40.0
-39.0
-63.0
-77.0
-133.0
-84.0
-50.0
-91.0
3.0
-70.0
-101.0
-66.0
-59.0
-55.0
-125.0
-190.0
-21.0
-59.0
-63.0
-26.0
-96.0
-77.0
-31.0
-111.0
-129.0
-37.0
-180.0
-30.0
45.0
7.0
30.0
-77.0
-7.0
-16.0
-126.0
-24.0
-198.0
-124.0
29.0
-88.0
-52.0
-143.0
-141.0
-111.0
-41.0
-108.0
-99.0
-174.0
-58.0
-44.0
-168.0
-4.0
-51.0
-99.0
-112.0
-163.0
6.0
-77.0
-48.0
-77.0
-127.0
-73.0
-64.0
-136.0
-51.0
-78.0
-93.0
-59.0
-12.0
-34.0
44.0
-92.0
-23.0
34.0
-148.0
-91.0
-92.0
-41.0
-7.0
17.0
24.0
12.0
13.0
27.0
-81.0
-60.0
-48.0
-59.0
-69.0
34.0
-51.0
65.0
-88.0
24.0
34.0
-192.0
-36.0
42.0
-16.0
49.0
-72.0
-57.0
-3.0
-134.0
-111.0
-187.0
-138.0
-63.0
-77.0
-48.0
-120.0
-111.0
-11.0
20.0
-24.0
22.0
-23.0
5.0
-89.0
-98.0
-63.0
-60.0
-118.0
45.0
-33.0
102.0
13.0
52.0
-21.0
-102.0
-92.0
-37.0
25.0
85.0
4.0
-34.0
31.0
-11.0
20.0
-56.0
-28.0
-5.0
79.0
-47.0
38.0
55.0
35.0
125.0
-97.0
-32.0
39.0
-41.0
-65.0
22.0
-87.0
4.0
-41.0
-46.0
118.0
27.0
49.0
-7.0
-21.0
40.0
-109.0
5.0
68.0
-8.0
94.0
58.0
-49.0
27.0
-28.0
-69.0
39.0
-46.0
20.0
-35.0
-58.0
25.0
-36.0
-11.0
-3.0
-122.0
-44.0
51.0
-26.0
49.0
-94.0
-27.0
-21.0
-3.0
-121.0
13.0
17.0
1.0
52.0
15.0
-32.0
-9.0
-41.0
27.0
111.0
139.0
8.0
-11.0
104.0
14.0
-10.0
6.0
-31.0
16.0
-63.0
-22.0
-12.0
-63.0
-12.0
49.0
14.0
20.0
-82.0
69.0
56.0
9.0
112.0
52.0
-26.0
33.0
-133.0
-88.0
-44.0
-39.0
-4.0
-87.0
31.0
35.0
28.0
-16.0
66.0
7.0
-3.0
-23.0
-2.0
12.0
45.0
78.0
7.0
-94.0
-6.0
-40.0
-47.0
103.0
42.0
62.0
23.0
5.0
44.0
-4.0
-59.0
-36.0
0.0
67.0
23.0
-35.0
20.0
-71.0
-131.0
39.0
-19.0
40.0
76.0
16.0
65.0
30.0
-34.0
-81.0
-72.0
-72.0
-1.0
-20.0
35.0
-36.0
-31.0
-28.0
3.0
5.0
-66.0
-136.0
-13.0
-16.0
5.0
79.0
-129.0
-4.0
23.0
-93.0
30.0
-39.0
-16.0
-12.0
-105.0
-45.0
31.0
-20.0
-8.0
0.0
-58.0
32.0
-6.0
34.0
24.0
-59.0
33.0
24.0
-64.0
-44.0
-114.0
-145.0
-44.0
-2.0
-29.0
-5.0
29.0
-70.0
-91.0
114.0
44.0
-51.0
92.0
-61.0
-36.0
111.0
35.0
-1.0
-11.0
-58.0
-117.0
-12.0
-25.0
-43.0
-34.0
82.0
66.0
-9.0
48.0
-149.0
-50.0
65.0
-72.0
-33.0
33.0
-52.0
37.0
-30.0
-69.0
104.0
6.0
125.0
84.0
-87.0
35.0
-60.0
112.0
97.0
43.0
38.0
2.0
-32.0
8.0
54.0
-37.0
-63.0
-59.0
76.0
12.0
46.0
3.0
-34.0
-53.0
51.0
-52.0
-108.0
52.0
14.0
84.0
-54.0
39.0
126.0
-24.0
-56.0
40.0
-67.0
124.0
49.0
17.0
52.0
-79.0
-11.0
61.0
12.0
122.0
108.0
-24.0
96.0
31.0
21.0
-39.0
-17.0
26.0
16.0
19.0
65.0
79.0
-16.0
118.0
14.0
79.0
-72.0
-83.0
68.0
-54.0
-9.0
87.0
-27.0
28.0
38.0
32.0
51.0
26.0
159.0
99.0
16.0
33.0
-21.0
-38.0
16.0
-121.0
-58.0
15.0
3.0
16.0
18.0
1.0
2.0
-105.0
45.0
7.0
34.0
70.0
-74.0
-10.0
52.0
-3.0
-6.0
1.0
10.0
19.0
34.0
-62.0
-27.0
-45.0
34.0
48.0
-24.0
-26.0
-17.0
83.0
60.0
20.0
-80.0
-13.0
-46.0
49.0
-47.0
-109.0
101.0
-50.0
-7.0
20.0
7.0
68.0
-73.0
-26.0
-22.0
-114.0
63.0
68.0
-59.0
-8.0
51.0
38.0
61.0
-52.0
-45.0
-27.0
33.0
48.0
-66.0
-84.0
-16.0
-37.0
-45.0
32.0
-78.0
-90.0
73.0
-30.0
42.0
-64.0
-91.0
44.0
-24.0
-1.0
-38.0
-74.0
-24.0
-59.0
-93.0
-33.0
-86.0
34.0
34.0
-35.0
24.0
-6.0
-150.0
-17.0
-11.0
-2.0
67.0
7.0
52.0
-23.0
-30.0
-20.0
-15.0
36.0
-32.0
23.0
116.0
-95.0
-2.0
105.0
65.0
20.0
-13.0
31.0
18.0
-97.0
-15.0
-20.0
-34.0
-81.0
-23.0
-68.0
-12.0
-3.0
-26.0
-3.0
-101.0
82.0
-154.0
15.0
47.0
-50.0
-7.0
-4.0
-91.0
-14.0
-90.0
-114.0
-1.0
-145.0
32.0
-75.0
-60.0
-105.0
33.0
-27.0
-7.0
-93.0
-52.0
-46.0
-69.0
-80.0
-86.0
-33.0
-30.0
-104.0
-92.0
-104.0
-61.0
34.0
-68.0
-106.0
-26.0
-37.0
-39.0
-23.0
-108.0
-64.0
-103.0
-121.0
-76.0
-44.0
-68.0
-17.0
-127.0
-55.0
-235.0
-22.0
-20.0
-44.0
40.0
-23.0
-31.0
-46.0
-136.0
-114.0
-219.0
1.0
-15.0
26.0
-6.0
35.0
-27.0
-118.0
48.0
-59.0
-27.0
-9.0
-49.0
-61.0
-95.0
16.0
1.0
-71.0
63.0
-42.0
-49.0
-12.0
-5.0
-102.0
44.0
102.0
24.0
39.0
8.0
109.0
-84.0
-47.0
-10.0
-33.0
-149.0
-43.0
-33.0
34.0
15.0
-116.0
125.0
-15.0
27.0
-59.0
71.0
5.0
60.0
-51.0
103.0
-19.0
-53.0
54.0
-22.0
126.0
73.0
-39.0
106.0
-46.0
-92.0
63.0
-26.0
116.0
45.0
29.0
71.0
-114.0
52.0
-14.0
-15.0
52.0
125.0
22.0
125.0
-67.0
15.0
-21.0
-58.0
-18.0
-36.0
89.0
60.0
22.0
1.0
35.0
-117.0
145.0
-3.0
-20.0
47.0
41.0
66.0
31.0
-116.0
12.0
58.0
-32.0
86.0
-159.0
-2.0
2.0
-74.0
23.0
5.0
1.0
77.0
24.0
3.0
86.0
-101.0
152.0
104.0
-11.0
30.0
-3.0
-68.0
-50.0
-6.0
44.0
45.0
-30.0
-77.0
-86.0
99.0
95.0
23.0
27.0
-23.0
51.0
53.0
-87.0
57.0
-8.0
-63.0
73.0
-45.0
-11.0
61.0
-42.0
-41.0
53.0
1.0
70.0
14.0
-42.0
-35.0
-108.0
-31.0
-13.0
-121.0
55.0
-49.0
-47.0
34.0
-95.0
-53.0
14.0
-19.0
30.0
-46.0
-13.0
-16.0
41.0
-50.0
-193.0
-85.0
-8.0
-25.0
-90.0
-24.0
-31.0
-11.0
-42.0
-87.0
25.0
77.0
-24.0
6.0
-10.0
-80.0
-32.0
-68.0
28.0
19.0
14.0
-19.0
-98.0
-25.0
4.0
-107.0
18.0
-58.0
27.0
-2.0
-79.0
-30.0
-30.0
-120.0
-23.0
14.0
26.0
78.0
-54.0
63.0
54.0
11.0
22.0
10.0
-33.0
25.0
-57.0
22.0
-40.0
-44.0
-3.0
5.0
-41.0
-95.0
4.0
71.0
42.0
-105.0
-10.0
-64.0
-108.0
-62.0
-91.0
-62.0
16.0
-44.0
-48.0
-3.0
-55.0
-83.0
18.0
16.0
39.0
-22.0
45.0
109.0
27.0
84.0
42.0
-93.0
-97.0
-131.0
8.0
-11.0
-52.0
68.0
-43.0
67.0
-12.0
-49.0
51.0
-1.0
-50.0
90.0
-90.0
-35.0
70.0
-116.0
11.0
70.0
23.0
58.0
-74.0
-89.0
30.0
-49.0
-29.0
-2.0
13.0
100.0
9.0
54.0
14.0
-150.0
-22.0
26.0
22.0
40.0
-10.0
-8.0
10.0
-73.0
46.0
-117.0
20.0
120.0
111.0
167.0
113.0
66.0
101.0
-47.0
-78.0
-86.0
17.0
-4.0
-5.0
-86.0
35.0
51.0
5.0
105.0
17.0
33.0
-13.0
-71.0
75.0
98.0
-3.0
104.0
-98.0
-26.0
-35.0
-190.0
124.0
-11.0
-2.0
144.0
59.0
89.0
49.0
-20.0
105.0
34.0
10.0
40.0
-94.0
58.0
58.0
39.0
30.0
-10.0
-116.0
17.0
45.0
-73.0
-29.0
83.0
102.0
101.0
84.0
41.0
-17.0
10.0
-3.0
-143.0
-43.0
17.0
-126.0
-29.0
11.0
69.0
56.0
-34.0
118.0
1.0
-42.0
-44.0
106.0
-1.0
127.0
13.0
-18.0
-34.0
-67.0
-23.0
-156.0
-67.0
141.0
62.0
106.0
71.0
-64.0
101.0
95.0
-57.0
26.0
76.0
92.0
-31.0
-30.0
34.0
-43.0
-48.0
17.0
-17.0
-38.0
-64.0
-16.0
140.0
47.0
107.0
74.0
51.0
-17.0
-44.0
-146.0
18.0
-157.0
28.0
70.0
-127.0
17.0
25.0
-8.0
70.0
6.0
31.0
46.0
-84.0
106.0
-13.0
-59.0
23.0
36.0
67.0
15.0
-141.0
-108.0
-75.0
-75.0
3.0
-44.0
14.0
-13.0
-26.0
-8.0
48.0
-27.0
31.0
36.0
-50.0
46.0
0.0
14.0
-37.0
-82.0
15.0
-78.0
1.0
-67.0
-32.0
131.0
27.0
-2.0
-18.0
-11.0
69.0
6.0
-65.0
-59.0
-20.0
-191.0
4.0
25.0
1.0
66.0
-71.0
24.0
-56.0
-98.0
-56.0
-23.0
-20.0
-83.0
-12.0
-64.0
-53.0
-151.0
-31.0
-112.0
-59.0
-49.0
-151.0
3.0
-167.0
-212.0
-7.0
-69.0
-124.0
-22.0
-140.0
-42.0
-101.0
-101.0
-61.0
-178.0
-175.0
-81.0
-136.0
-74.0
14.0
-145.0
-36.0
-147.0
-116.0
-22.0
-33.0
-74.0
-124.0
2.0
14.0
-90.0
-54.0
14.0
-107.0
-8.0
-11.0
-24.0
-75.0
-113.0
37.0
-11.0
-130.0
16.0
-2.0
3.0
-45.0
-35.0
-169.0
-5.0
8.0
3.0
-51.0
-29.0
54.0
-77.0
-49.0
-49.0
-145.0
-153.0
-164.0
-63.0
-68.0
-84.0
-26.0
4.0
-114.0
-89.0
16.0
-35.0
102.0
-22.0
-14.0
-16.0
-98.0
-55.0
18.0
-66.0
-11.0
-111.0
-76.0
-77.0
-168.0
-109.0
17.0
-88.0
34.0
-72.0
-33.0
-2.0
-134.0
-139.0
-151.0
-93.0
-148.0
-105.0
-95.0
-49.0
-147.0
-11.0
-89.0
-168.0
-15.0
13.0
-6.0
-78.0
-116.0
-102.0
-82.0
-156.0
-109.0
-11.0
-93.0
-36.0
-235.0
-92.0
-144.0
-185.0
46.0
-45.0
-89.0
78.0
33.0
138.0
-32.0
-83.0
-31.0
-80.0
-56.0
-13.0
-56.0
-93.0
-132.0
-140.0
-48.0
-65.0
-13.0
42.0
-59.0
-60.0
8.0
-41.0
62.0
-60.0
-31.0
81.0
6.0
69.0
-21.0
14.0
78.0
-92.0
-139.0
11.0
3.0
30.0
-22.0
1.0
125.0
72.0
66.0
114.0
-17.0
-191.0
72.0
30.0
140.0
13.0
-112.0
-35.0
-80.0
-99.0
-109.0
-109.0
-28.0
-61.0
-45.0
-4.0
-80.0
11.0
-67.0
-35.0
41.0
-3.0
-44.0
64.0
-100.0
-39.0
-67.0
-85.0
-27.0
-268.0
-142.0
-30.0
-152.0
-79.0
-69.0
-22.0
-14.0
-66.0
-26.0
-20.0
-110.0
-33.0
-80.0
-8.0
44.0
-19.0
-89.0
-142.0
-175.0
-134.0
-114.0
-57.0
32.0
-82.0
-48.0
30.0
-61.0
-58.0
-130.0
-162.0
-102.0
-166.0
-24.0
-16.0
-51.0
-50.0
-89.0
-193.0
34.0
-159.0
76.0
78.0
-45.0
-59.0
-75.0
-31.0
-93.0
-127.0
-105.0
-65.0
-90.0
-111.0
-58.0
-126.0
-70.0
-68.0
-46.0
-8.0
-148.0
-46.0
62.0
-66.0
67.0
-51.0
-117.0
-12.0
-115.0
2.0
-91.0
-84.0
-37.0
-37.0
-33.0
-40.0
1.0
-11.0
66.0
-139.0
-33.0
-18.0
-25.0
-44.0
-163.0
-9.0
2.0
-49.0
-23.0
-127.0
-108.0
-64.0
-124.0
-39.0
-44.0
22.0
59.0
-107.0
31.0
-63.0
-121.0
78.0
-19.0
-78.0
30.0
-67.0
-74.0
29.0
-54.0
77.0
-49.0
-109.0
68.0
8.0
6.0
-27.0
-182.0
-25.0
-5.0
-27.0
81.0
-23.0
-39.0
-15.0
-12.0
88.0
-2.0
-45.0
-43.0
-71.0
39.0
54.0
-117.0
-72.0
-19.0
1.0
-17.0
-39.0
51.0
68.0
-81.0
-41.0
-24.0
-1.0
16.0
38.0
25.0
-45.0
-63.0
-81.0
-100.0
-166.0
6.0
-41.0
-20.0
-8.0
-96.0
4.0
-13.0
-139.0
15.0
-11.0
13.0
-49.0
-127.0
-16.0
-80.0
-191.0
37.0
-33.0
-58.0
-17.0
-37.0
78.0
-97.0
-118.0
3.0
-50.0
-137.0
25.0
-91.0
-15.0
-36.0
-84.0
-98.0
-116.0
-56.0
-62.0
-80.0
-27.0
1.0
14.0
51.0
-37.0
-32.0
-49.0
-223.0
-58.0
-46.0
6.0
-86.0
-40.0
-59.0
-51.0
-83.0
-108.0
-2.0
-34.0
22.0
-58.0
-43.0
49.0
-64.0
-58.0
-17.0
-71.0
-48.0
-107.0
-40.0
41.0
-116.0
-79.0
-46.0
-52.0
-58.0
-112.0
77.0
90.0
-73.0
133.0
71.0
-31.0
26.0
-133.0
-54.0
18.0
-35.0
71.0
-26.0
-44.0
13.0
-1.0
-101.0
51.0
-61.0
78.0
80.0
-6.0
34.0
14.0
-65.0
3.0
-55.0
26.0
-97.0
-31.0
43.0
-19.0
-89.0
-54.0
-26.0
39.0
68.0
33.0
21.0
20.0
-107.0
-5.0
36.0
-78.0
-59.0
-64.0
63.0
-28.0
-95.0
-18.0
-78.0
1.0
11.0
-32.0
23.0
-2.0
-26.0
-43.0
-55.0
-5.0
-4.0
22.0
53.0
1.0
-213.0
-27.0
-17.0
1.0
-22.0
-105.0
3.0
-134.0
54.0
59.0
-87.0
45.0
-103.0
-70.0
-3.0
-15.0
-51.0
35.0
-43.0
-33.0
-66.0
-88.0
15.0
-73.0
-31.0
-23.0
-93.0
96.0
-84.0
-145.0
54.0
-16.0
-6.0
17.0
-100.0
71.0
18.0
-101.0
-71.0
-48.0
-23.0
5.0
-36.0
-1.0
-114.0
6.0
83.0
-6.0
-65.0
39.0
-128.0
71.0
12.0
-49.0
58.0
22.0
4.0
49.0
-73.0
8.0
-161.0
12.0
92.0
-34.0
37.0
55.0
-67.0
-17.0
44.0
73.0
52.0
-120.0
32.0
49.0
-56.0
-7.0
-49.0
-51.0
64.0
-32.0
-24.0
36.0
1.0
50.0
52.0
-29.0
10.0
-69.0
43.0
13.0
-80.0
-32.0
17.0
-38.0
12.0
-31.0
-62.0
81.0
-123.0
51.0
72.0
-60.0
30.0
-14.0
89.0
-44.0
-13.0
127.0
-12.0
-38.0
109.0
-31.0
-64.0
60.0
-15.0
40.0
-26.0
41.0
101.0
-98.0
-149.0
157.0
25.0
-11.0
73.0
2.0
-7.0
1.0
-131.0
46.0
57.0
30.0
-12.0
8.0
4.0
-69.0
-51.0
107.0
-51.0
66.0
26.0
41.0
51.0
18.0
40.0
-1.0
54.0
3.0
86.0
30.0
83.0
55.0
96.0
82.0
-138.0
-58.0
34.0
41.0
-2.0
16.0
-29.0
149.0
25.0
114.0
20.0
-107.0
46.0
52.0
106.0
77.0
21.0
54.0
-81.0
-37.0
-32.0
117.0
163.0
171.0
13.0
24.0
77.0
38.0
95.0
6.0
-18.0
30.0
-22.0
53.0
81.0
-58.0
7.0
14.0
1.0
-100.0
20.0
14.0
44.0
49.0
-34.0
13.0
47.0
50.0
7.0
69.0
14.0
-122.0
70.0
20.0
53.0
59.0
68.0
35.0
93.0
24.0
46.0
-54.0
-193.0
68.0
14.0
17.0
10.0
-35.0
11.0
-18.0
-2.0
-51.0
3.0
-17.0
-42.0
93.0
93.0
144.0
17.0
10.0
-16.0
86.0
16.0
12.0
122.0
7.0
113.0
7.0
-87.0
58.0
52.0
-71.0
50.0
-23.0
52.0
14.0
-33.0
99.0
32.0
-26.0
67.0
42.0
112.0
85.0
74.0
38.0
16.0
30.0
161.0
23.0
84.0
98.0
-42.0
46.0
-18.0
-87.0
99.0
11.0
85.0
203.0
127.0
108.0
45.0
30.0
75.0
-11.0
-20.0
117.0
105.0
109.0
90.0
21.0
139.0
72.0
58.0
60.0
-135.0
126.0
99.0
-11.0
44.0
64.0
77.0
100.0
-29.0
60.0
-9.0
18.0
228.0
98.0
91.0
159.0
68.0
104.0
21.0
-36.0
71.0
36.0
3.0
97.0
67.0
41.0
60.0
1.0
-8.0
41.0
68.0
32.0
-183.0
80.0
53.0
34.0
37.0
-35.0
-17.0
93.0
92.0
111.0
16.0
98.0
154.0
-6.0
91.0
159.0
115.0
133.0
8.0
-5.0
131.0
5.0
69.0
36.0
-93.0
126.0
41.0
-5.0
139.0
83.0
55.0
56.0
-24.0
53.0
62.0
-53.0
70.0
39.0
62.0
29.0
-21.0
90.0
97.0
-63.0
32.0
0.0
-30.0
137.0
67.0
149.0
185.0
21.0
162.0
26.0
83.0
-26.0
-48.0
-90.0
29.0
-107.0
95.0
76.0
-124.0
-65.0
26.0
-36.0
-57.0
-4.0
108.0
68.0
-99.0
17.0
5.0
-40.0
-16.0
-31.0
146.0
-53.0
-7.0
20.0
-21.0
-14.0
-31.0
-133.0
-71.0
-58.0
-3.0
17.0
-130.0
-87.0
-69.0
-120.0
-64.0
-166.0
-165.0
22.0
-68.0
-56.0
-69.0
-158.0
32.0
-114.0
-92.0
-57.0
-150.0
-153.0
-81.0
-165.0
-63.0
-84.0
-56.0
-17.0
-83.0
-60.0
-42.0
-131.0
55.0
-50.0
51.0
-39.0
-15.0
-56.0
-44.0
-93.0
-101.0
-104.0
-26.0
39.0
-109.0
-26.0
42.0
-45.0
-44.0
-94.0
-130.0
-35.0
-46.0
-31.0
-181.0
-102.0
-66.0
-59.0
-17.0
-29.0
-151.0
36.0
31.0
-57.0
26.0
-14.0
-52.0
-25.0
-51.0
-68.0
-83.0
-61.0
-27.0
31.0
-32.0
-69.0
-60.0
-52.0
-112.0
-71.0
-55.0
14.0
-82.0
8.0
-73.0
14.0
-14.0
-51.0
5.0
-79.0
-204.0
-46.0
-65.0
1.0
-40.0
-133.0
47.0
-30.0
-61.0
45.0
-159.0
-105.0
-60.0
-85.0
-41.0
-69.0
-69.0
-101.0
-133.0
-145.0
-192.0
-63.0
1.0
29.0
8.0
50.0
-21.0
-41.0
30.0
-57.0
13.0
-71.0
-81.0
8.0
-69.0
-97.0
-68.0
-179.0
-78.0
-153.0
-24.0
32.0
-22.0
53.0
-40.0
-69.0
7.0
-67.0
-72.0
-35.0
-90.0
-24.0
64.0
-13.0
-53.0
-119.0
-29.0
-40.0
-56.0
42.0
25.0
-59.0
8.0
23.0
-128.0
-35.0
-54.0
-131.0
-20.0
-97.0
-91.0
-171.0
-87.0
-3.0
31.0
12.0
-54.0
-110.0
45.0
50.0
-64.0
42.0
-58.0
9.0
8.0
-144.0
-55.0
-27.0
-113.0
87.0
-164.0
-76.0
-44.0
-61.0
-36.0
4.0
-14.0
20.0
-91.0
-5.0
-92.0
-103.0
48.0
-64.0
-3.0
-13.0
-92.0
-50.0
-89.0
-128.0
37.0
37.0
-96.0
-62.0
-125.0
18.0
-64.0
-81.0
-68.0
-96.0
-157.0
-54.0
-61.0
5.0
42.0
1.0
7.0
-45.0
-88.0
-78.0
-128.0
-64.0
-64.0
59.0
16.0
-67.0
-17.0
-3.0
-78.0
-52.0
-20.0
-93.0
34.0
-121.0
-115.0
-11.0
-107.0
-21.0
8.0
-51.0
100.0
69.0
-52.0
95.0
-41.0
-101.0
-11.0
-51.0
-7.0
-56.0
-67.0
22.0
-30.0
15.0
-2.0
-114.0
34.0
-10.0
-45.0
-25.0
-78.0
45.0
2.0
-116.0
14.0
-103.0
22.0
17.0
-41.0
21.0
-15.0
-16.0
32.0
-39.0
-23.0
19.0
2.0
100.0
-61.0
-30.0
-80.0
-27.0
18.0
29.0
-90.0
68.0
-31.0
-96.0
45.0
-15.0
-148.0
-31.0
-35.0
-9.0
-55.0
-15.0
-53.0
-76.0
-40.0
39.0
-75.0
-66.0
-43.0
-17.0
-10.0
-58.0
-64.0
60.0
-17.0
67.0
-61.0
27.0
-20.0
-90.0
38.0
31.0
13.0
23.0
44.0
3.0
-1.0
-77.0
-114.0
-49.0
84.0
39.0
19.0
30.0
29.0
14.0
33.0
11.0
-41.0
-52.0
-1.0
-66.0
115.0
-15.0
2.0
30.0
-72.0
-59.0
-84.0
-125.0
-115.0
12.0
-53.0
68.0
-18.0
6.0
-44.0
-103.0
-48.0
-136.0
-7.0
-17.0
-16.0
-48.0
-64.0
-29.0
98.0
-33.0
-89.0
-4.0
15.0
-18.0
36.0
-103.0
-11.0
-92.0
2.0
-12.0
-45.0
-49.0
7.0
-121.0
-49.0
-33.0
-70.0
11.0
39.0
56.0
50.0
-175.0
18.0
-36.0
-32.0
48.0
-7.0
50.0
-19.0
-164.0
-7.0
-43.0
-4.0
0.0
-87.0
-17.0
-109.0
-4.0
-25.0
17.0
-98.0
14.0
-41.0
-37.0
-52.0
21.0
12.0
-24.0
-22.0
-110.0
-95.0
-15.0
-28.0
-34.0
-70.0
-60.0
-84.0
40.0
-119.0
-47.0
31.0
-31.0
-22.0
-56.0
-98.0
31.0
-35.0
-58.0
-39.0
-29.0
53.0
-68.0
-165.0
-6.0
-48.0
-99.0
-71.0
-25.0
87.0
-79.0
-35.0
-8.0
-46.0
-173.0
-106.0
-133.0
73.0
-49.0
42.0
9.0
-91.0
24.0
-44.0
-126.0
-58.0
-128.0
-122.0
-117.0
-62.0
25.0
-50.0
-126.0
-22.0
-42.0
-141.0
-70.0
-108.0
-32.0
32.0
-67.0
-82.0
-112.0
-68.0
-78.0
-206.0
-28.0
-44.0
-135.0
-125.0
-107.0
-65.0
-33.0
-53.0
-47.0
-74.0
-112.0
-37.0
-68.0
-91.0
-99.0
-53.0
-87.0
-72.0
-40.0
-12.0
-162.0
-107.0
-91.0
-112.0
3.0
-81.0
-90.0
-72.0
-131.0
-152.0
-147.0
-206.0
-101.0
-106.0
-44.0
-48.0
-82.0
-69.0
26.0
-46.0
-84.0
-30.0
-27.0
-1.0
-102.0
-107.0
-71.0
-154.0
-98.0
-136.0
-178.0
81.0
-96.0
-79.0
-36.0
-83.0
-45.0
-152.0
-162.0
8.0
-218.0
-40.0
-46.0
-111.0
-41.0
-40.0
-195.0
7.0
-115.0
-100.0
-40.0
-97.0
-36.0
18.0
-161.0
-120.0
-16.0
-86.0
-40.0
-7.0
-46.0
-26.0
-136.0
-102.0
-226.0
-68.0
-23.0
-115.0
-81.0
-60.0
-163.0
-61.0
-109.0
-114.0
-100.0
-50.0
-134.0
12.0
-91.0
70.0
-86.0
-109.0
-45.0
-61.0
-16.0
-50.0
-195.0
-13.0
-7.0
-144.0
-125.0
-69.0
-26.0
1.0
-106.0
-82.0
-169.0
-73.0
-5.0
-67.0
-41.0
-24.0
-90.0
-84.0
-122.0
-151.0
-44.0
-105.0
-63.0
-91.0
-129.0
-88.0
-135.0
-25.0
-111.0
-42.0
-63.0
-78.0
-136.0
-96.0
-193.0
-87.0
-65.0
-153.0
-150.0
-127.0
-113.0
-26.0
-46.0
-164.0
-194.0
-231.0
-15.0
-109.0
-201.0
5.0
-33.0
-108.0
-97.0
-149.0
-231.0
-143.0
-146.0
-50.0
-76.0
-69.0
-42.0
-124.0
-92.0
-105.0
-222.0
-166.0
-79.0
-193.0
-67.0
-61.0
-142.0
-115.0
-174.0
-148.0
-164.0
-86.0
-97.0
-80.0
-77.0
-6.0
-152.0
-86.0
-92.0
-91.0
-125.0
-108.0
-55.0
-166.0
-159.0
-61.0
-44.0
-118.0
-92.0
-165.0
-35.0
42.0
-117.0
-61.0
-122.0
-165.0
-77.0
-97.0
-178.0
-81.0
-160.0
-80.0
-149.0
-195.0
-103.0
-73.0
-34.0
-64.0
-184.0
-84.0
-111.0
-77.0
33.0
-98.0
-137.0
-48.0
-97.0
-96.0
-58.0
-91.0
-91.0
-166.0
-42.0
-77.0
-144.0
87.0
-120.0
-89.0
-143.0
-295.0
-50.0
-36.0
-111.0
-25.0
-125.0
-173.0
-112.0
91.0
-41.0
35.0
-73.0
-105.0
-13.0
-88.0
-30.0
-100.0
-65.0
-76.0
-134.0
-147.0
-131.0
-53.0
30.0
-147.0
-26.0
-46.0
-96.0
42.0
-176.0
-104.0
-18.0
-24.0
-68.0
-43.0
-69.0
-65.0
-119.0
-135.0
20.0
-34.0
-35.0
35.0
-7.0
-49.0
-49.0
-89.0
-127.0
-51.0
-3.0
14.0
-99.0
36.0
-49.0
-92.0
27.0
-29.0
-68.0
-164.0
-6.0
-43.0
-60.0
-31.0
49.0
-61.0
2.0
-37.0
-104.0
-116.0
-40.0
-7.0
23.0
-68.0
24.0
-43.0
-112.0
-22.0
-169.0
-153.0
-1.0
-165.0
-30.0
25.0
-153.0
-59.0
-79.0
-143.0
-43.0
-94.0
-67.0
60.0
32.0
115.0
30.0
-81.0
-100.0
-184.0
-17.0
18.0
-23.0
-58.0
-87.0
-134.0
-152.0
-27.0
-136.0
-111.0
-122.0
-17.0
-32.0
-122.0
-36.0
-33.0
-9.0
-54.0
-67.0
-89.0
-27.0
-158.0
-51.0
-148.0
-94.0
3.0
-127.0
-107.0
-209.0
-116.0
-26.0
-148.0
-73.0
-20.0
-64.0
-81.0
-182.0
-140.0
-111.0
-254.0
-112.0
-134.0
-191.0
-174.0
-130.0
-156.0
-34.0
-103.0
-65.0
-132.0
7.0
-14.0
-9.0
-172.0
-126.0
-100.0
-162.0
-87.0
-251.0
-1.0
-92.0
-81.0
-11.0
-170.0
-101.0
-124.0
-93.0
-47.0
-103.0
-144.0
-58.0
-99.0
-73.0
-106.0
-220.0
-126.0
-117.0
-70.0
-31.0
-55.0
-70.0
-22.0
-137.0
-133.0
-148.0
-159.0
-130.0
-168.0
-106.0
-82.0
-118.0
-181.0
-52.0
-188.0
-61.0
-113.0
-52.0
-128.0
-124.0
-195.0
-80.0
-93.0
-76.0
-43.0
-96.0
-112.0
-223.0
-123.0
-155.0
-138.0
-97.0
-117.0
-98.0
-58.0
-107.0
-100.0
-154.0
-253.0
-203.0
-37.0
-41.0
-33.0
-121.0
-116.0
-87.0
-96.0
-76.0
-192.0
-41.0
-95.0
-78.0
3.0
32.0
-72.0
-93.0
-126.0
-107.0
-24.0
-148.0
-120.0
-25.0
-65.0
-8.0
-126.0
-45.0
-35.0
-130.0
-64.0
-84.0
-71.0
-34.0
-65.0
-6.0
-86.0
-132.0
-157.0
-157.0
-119.0
28.0
-45.0
-42.0
-85.0
-92.0
-117.0
-56.0
-94.0
-48.0
-75.0
-63.0
-64.0
-107.0
-80.0
-26.0
-107.0
-64.0
-126.0
-137.0
-58.0
-124.0
-87.0
-79.0
-65.0
-111.0
-149.0
-125.0
-74.0
-90.0
-33.0
-68.0
-77.0
-15.0
-98.0
-117.0
-65.0
-92.0
-76.0
-68.0
-52.0
4.0
-141.0
-93.0
-64.0
-269.0
-45.0
-80.0
-72.0
-55.0
-53.0
-27.0
-86.0
-31.0
-16.0
30.0
-22.0
39.0
-122.0
-79.0
-7.0
-61.0
1.0
-77.0
-80.0
-15.0
-103.0
-66.0
56.0
-26.0
-6.0
-32.0
-59.0
81.0
-24.0
-42.0
-35.0
-41.0
-66.0
40.0
-67.0
-6.0
-53.0
49.0
42.0
-139.0
-101.0
15.0
-57.0
-21.0
-94.0
-53.0
26.0
-50.0
-20.0
-23.0
-46.0
17.0
-23.0
-52.0
39.0
2.0
72.0
54.0
51.0
53.0
-65.0
24.0
36.0
-56.0
50.0
-15.0
-26.0
48.0
4.0
27.0
-10.0
-26.0
33.0
40.0
35.0
13.0
-154.0
-3.0
36.0
-79.0
13.0
70.0
17.0
41.0
-35.0
-150.0
35.0
-108.0
-10.0
119.0
17.0
77.0
24.0
32.0
1.0
-21.0
67.0
-101.0
-21.0
13.0
-18.0
-36.0
69.0
-73.0
53.0
-75.0
-111.0
46.0
-68.0
-61.0
13.0
-57.0
-22.0
-48.0
-68.0
62.0
-149.0
-143.0
-71.0
-1.0
77.0
48.0
-48.0
45.0
-68.0
-175.0
-59.0
-55.0
11.0
59.0
-27.0
108.0
-86.0
-33.0
-11.0
-181.0
-31.0
-25.0
-40.0
67.0
-30.0
-15.0
-33.0
-158.0
-164.0
-44.0
115.0
14.0
-21.0
-150.0
23.0
4.0
46.0
60.0
-31.0
8.0
-125.0
95.0
16.0
-70.0
37.0
-30.0
-25.0
-108.0
-8.0
-21.0
21.0
-125.0
-74.0
-107.0
-17.0
27.0
-26.0
-44.0
1.0
-87.0
-39.0
-178.0
-37.0
62.0
6.0
-5.0
-31.0
31.0
-33.0
-28.0
-93.0
1.0
-36.0
-124.0
-79.0
-5.0
-21.0
24.0
-18.0
-30.0
-23.0
-14.0
118.0
-12.0
51.0
2.0
-49.0
-16.0
-108.0
-41.0
120.0
-64.0
43.0
-20.0
-54.0
28.0
-70.0
-126.0
42.0
11.0
-35.0
60.0
-31.0
-112.0
3.0
17.0
-20.0
-97.0
8.0
-83.0
-44.0
49.0
-2.0
-24.0
61.0
-113.0
-47.0
4.0
-22.0
38.0
-21.0
-97.0
48.0
4.0
-97.0
28.0
-60.0
24.0
23.0
26.0
-34.0
-30.0
56.0
69.0
-152.0
-11.0
8.0
-39.0
43.0
-71.0
-10.0
-10.0
-118.0
-33.0
7.0
13.0
-21.0
-14.0
12.0
-39.0
6.0
46.0
-109.0
-130.0
-16.0
-33.0
33.0
-64.0
-5.0
-24.0
-66.0
-64.0
31.0
-17.0
15.0
-92.0
26.0
20.0
-77.0
49.0
41.0
-58.0
-23.0
17.0
-50.0
-48.0
-126.0
147.0
89.0
79.0
18.0
-37.0
-128.0
-24.0
-2.0
-23.0
8.0
-193.0
-51.0
-1.0
-145.0
-40.0
-52.0
38.0
-61.0
-189.0
-106.0
-170.0
-125.0
13.0
-58.0
-40.0
-26.0
-65.0
-31.0
16.0
-83.0
-7.0
-27.0
-37.0
-9.0
-16.0
89.0
-73.0
-35.0
65.0
-53.0
-106.0
-36.0
-68.0
-29.0
-122.0
-58.0
46.0
-12.0
-36.0
-21.0
-29.0
-105.0
-117.0
-108.0
71.0
-63.0
34.0
4.0
-31.0
-18.0
-87.0
-27.0
-99.0
26.0
-30.0
26.0
-42.0
-28.0
27.0
-32.0
89.0
-48.0
-14.0
-76.0
-31.0
26.0
38.0
-37.0
130.0
-29.0
25.0
24.0
-45.0
29.0
38.0
28.0
24.0
-15.0
27.0
165.0
20.0
49.0
-42.0
53.0
0.0
28.0
2.0
1.0
-27.0
-20.0
51.0
-63.0
145.0
108.0
-6.0
78.0
-19.0
-42.0
45.0
-20.0
2.0
52.0
63.0
12.0
-18.0
99.0
80.0
31.0
36.0
-32.0
52.0
11.0
-87.0
3.0
32.0
-59.0
-5.0
-59.0
-81.0
42.0
-100.0
7.0
92.0
15.0
31.0
-6.0
42.0
119.0
9.0
57.0
-22.0
17.0
-3.0
-62.0
-37.0
31.0
-24.0
20.0
20.0
-43.0
52.0
34.0
-25.0
51.0
15.0
69.0
73.0
3.0
-55.0
-51.0
25.0
-13.0
-101.0
26.0
103.0
41.0
82.0
-26.0
-174.0
94.0
30.0
-49.0
67.0
52.0
32.0
-33.0
1.0
32.0
-35.0
21.0
20.0
-29.0
138.0
34.0
-68.0
37.0
-89.0
17.0
10.0
-30.0
49.0
49.0
-43.0
47.0
-20.0
42.0
81.0
-26.0
-16.0
-1.0
-10.0
-39.0
35.0
92.0
72.0
1.0
32.0
-11.0
-13.0
149.0
80.0
133.0
39.0
8.0
106.0
-20.0
-3.0
89.0
-87.0
139.0
85.0
37.0
93.0
91.0
25.0
125.0
-24.0
94.0
121.0
54.0
144.0
42.0
44.0
31.0
-20.0
36.0
30.0
-65.0
92.0
80.0
15.0
70.0
37.0
23.0
28.0
-74.0
69.0
-16.0
117.0
93.0
-18.0
108.0
-1.0
-49.0
73.0
-16.0
20.0
139.0
23.0
83.0
104.0
49.0
183.0
54.0
49.0
42.0
-9.0
119.0
177.0
92.0
86.0
118.0
33.0
91.0
63.0
81.0
47.0
-10.0
80.0
30.0
95.0
102.0
-105.0
77.0
105.0
-17.0
88.0
-20.0
36.0
177.0
4.0
89.0
61.0
67.0
25.0
67.0
17.0
124.0
142.0
164.0
112.0
37.0
33.0
22.0
-42.0
153.0
56.0
-1.0
45.0
80.0
35.0
-58.0
-39.0
79.0
-96.0
13.0
15.0
29.0
201.0
5.0
-15.0
22.0
12.0
-12.0
59.0
-36.0
72.0
-42.0
24.0
61.0
0.0
46.0
86.0
-23.0
91.0
-68.0
-17.0
65.0
-40.0
43.0
116.0
12.0
59.0
-118.0
-59.0
-63.0
-4.0
4.0
13.0
-72.0
38.0
-24.0
-22.0
7.0
-72.0
-65.0
-58.0
-3.0
65.0
-34.0
-91.0
-2.0
51.0
-22.0
-95.0
-35.0
-82.0
15.0
-70.0
-65.0
-113.0
-120.0
-46.0
-52.0
48.0
5.0
-51.0
-5.0
78.0
81.0
-1.0
-33.0
-24.0
57.0
-51.0
-10.0
-25.0
81.0
4.0
-30.0
-83.0
-111.0
-63.0
-39.0
14.0
8.0
42.0
-66.0
-19.0
18.0
44.0
9.0
-22.0
123.0
-26.0
58.0
155.0
-27.0
36.0
97.0
31.0
91.0
173.0
19.0
54.0
18.0
-17.0
71.0
-39.0
90.0
26.0
-9.0
45.0
-66.0
52.0
29.0
23.0
97.0
131.0
86.0
10.0
32.0
-13.0
54.0
-85.0
68.0
101.0
-65.0
108.0
-20.0
31.0
16.0
-10.0
105.0
33.0
112.0
41.0
41.0
-41.0
91.0
-69.0
66.0
81.0
-109.0
29.0
96.0
18.0
39.0
20.0
102.0
79.0
-56.0
36.0
17.0
-1.0
56.0
35.0
-1.0
-16.0
-60.0
27.0
47.0
-142.0
49.0
80.0
99.0
17.0
-83.0
9.0
-77.0
54.0
52.0
-19.0
-45.0
-114.0
-23.0
90.0
5.0
11.0
-20.0
-126.0
119.0
77.0
-120.0
62.0
-63.0
-2.0
-110.0
-77.0
-3.0
-8.0
-48.0
26.0
95.0
93.0
134.0
-13.0
-67.0
-47.0
-32.0
43.0
-101.0
36.0
48.0
-65.0
-26.0
99.0
1.0
116.0
53.0
-117.0
-46.0
-37.0
61.0
61.0
-15.0
95.0
28.0
69.0
86.0
-90.0
79.0
10.0
-30.0
27.0
12.0
-96.0
76.0
-51.0
60.0
-13.0
-30.0
99.0
-6.0
-31.0
-48.0
-15.0
78.0
36.0
-38.0
37.0
3.0
85.0
32.0
-48.0
76.0
91.0
-101.0
-88.0
-7.0
60.0
-34.0
26.0
6.0
-2.0
-24.0
109.0
80.0
84.0
59.0
10.0
54.0
121.0
46.0
-13.0
-16.0
94.0
136.0
4.0
-6.0
30.0
25.0
-16.0
-40.0
101.0
141.0
60.0
70.0
16.0
4.0
-29.0
44.0
-15.0
100.0
-36.0
64.0
115.0
-47.0
45.0
120.0
24.0
44.0
12.0
50.0
49.0
8.0
-54.0
78.0
126.0
77.0
6.0
20.0
46.0
15.0
35.0
9.0
61.0
137.0
11.0
40.0
84.0
65.0
-76.0
-17.0
126.0
152.0
42.0
51.0
69.0
31.0
134.0
36.0
10.0
100.0
40.0
127.0
119.0
-25.0
141.0
21.0
52.0
10.0
3.0
-14.0
-11.0
-5.0
157.0
-51.0
10.0
95.0
-29.0
97.0
51.0
95.0
46.0
104.0
42.0
68.0
50.0
54.0
67.0
51.0
99.0
67.0
-17.0
30.0
28.0
56.0
95.0
12.0
138.0
67.0
51.0
134.0
115.0
107.0
183.0
33.0
52.0
33.0
35.0
127.0
121.0
18.0
80.0
11.0
66.0
13.0
53.0
37.0
101.0
37.0
87.0
35.0
76.0
74.0
-11.0
114.0
-32.0
42.0
98.0
10.0
147.0
70.0
16.0
102.0
-22.0
-11.0
-25.0
29.0
61.0
83.0
150.0
165.0
1.0
2.0
69.0
67.0
132.0
98.0
72.0
161.0
34.0
-4.0
39.0
8.0
106.0
-11.0
12.0
145.0
-5.0
39.0
99.0
16.0
75.0
101.0
-14.0
133.0
101.0
32.0
44.0
82.0
43.0
27.0
101.0
126.0
-7.0
-43.0
-25.0
67.0
157.0
63.0
46.0
72.0
-37.0
79.0
-18.0
72.0
137.0
47.0
-4.0
136.0
-24.0
94.0
15.0
-2.0
247.0
39.0
97.0
168.0
45.0
62.0
56.0
-1.0
119.0
-25.0
-24.0
91.0
5.0
79.0
68.0
43.0
102.0
19.0
47.0
88.0
150.0
86.0
66.0
65.0
78.0
11.0
33.0
82.0
21.0
31.0
62.0
-80.0
15.0
6.0
63.0
69.0
65.0
33.0
77.0
-46.0
180.0
179.0
76.0
125.0
55.0
116.0
119.0
-41.0
56.0
93.0
59.0
138.0
45.0
55.0
122.0
60.0
111.0
-35.0
33.0
156.0
30.0
74.0
85.0
43.0
76.0
40.0
7.0
185.0
-34.0
99.0
129.0
24.0
68.0
100.0
44.0
39.0
30.0
39.0
139.0
-27.0
88.0
38.0
-48.0
-22.0
-78.0
-7.0
102.0
0.0
0.0
0.0
0.0
0.0
0.0
0.0
0.0
0.0
0.0
0.0
0.0
0.0
0.0
0.0
0.0
0.0
0.0
0.0
0.0
0.0
0.0
0.0
0.0
0.0
0.0
0.0
0.0
0.0
0.0
0.0
0.0
0.0
0.0
0.0
0.0
0.0
0.0
0.0
0.0
0.0
0.0
0.0
0.0
0.0
0.0
0.0
0.0
0.0
0.0
0.0
0.0
0.0
0.0
0.0
0.0
0.0
0.0
0.0
0.0
0.0
0.0
0.0
0.0
0.0
0.0
0.0
0.0
0.0
0.0
0.0
0.0
0.0
0.0
0.0
0.0
0.0
0.0
0.0
0.0
0.0
0.0
0.0
0.0
0.0
0.0
0.0
0.0
0.0
0.0
0.0
0.0
0.0
0.0
0.0
0.0
0.0
0.0
0.0
0.0
0.0
0.0
0.0
0.0
0.0
0.0
0.0
0.0
0.0
0.0
0.0
0.0
0.0
0.0
0.0
0.0
0.0
0.0
0.0
0.0
0.0
0.0
0.0
0.0
0.0
0.0
0.0
0.0
