-411.0
-345.0
-378.0
-415.0
-420.0
-409.0
-411.0
-312.0
-542.0
-460.0
-338.0
-393.0
-290.0
-332.0
-382.0
-383.0
-403.0
-379.0
-305.0
-428.0
-303.0
-460.0
-394.0
-353.0
-469.0
-442.0
-248.0
-407.0
-399.0
-267.0
-422.0
-335.0
-373.0
-355.0
-293.0
-338.0
-323.0
-457.0
-378.0
-267.0
-482.0
-334.0
-440.0
-482.0
-323.0
-277.0
-450.0
-218.0
-346.0
-373.0
-249.0
-422.0
-297.0
-486.0
-381.0
-231.0
-392.0
-390.0
-377.0
-348.0
-390.0
-348.0
-338.0
-389.0
-424.0
-286.0
-327.0
-320.0
-287.0
-304.0
-248.0
-248.0
-310.0
-331.0
-236.0
-322.0
-360.0
-195.0
-275.0
-212.0
-244.0
-197.0
-214.0
-215.0
-208.0
-254.0
-98.0
-109.0
-160.0
-260.0
-169.0
-219.0
-306.0
-178.0
-277.0
-159.0
-195.0
-143.0
-190.0
-254.0
-145.0
-209.0
-182.0
-163.0
-284.0
-180.0
-239.0
-257.0
-165.0
-247.0
-287.0
-218.0
-172.0
-299.0
-222.0
-247.0
-331.0
-188.0
-278.0
-208.0
-241.0
-188.0
-237.0
-285.0
-177.0
-247.0
-323.0
-275.0
-290.0
-217.0
-239.0
-281.0
-212.0
-309.0
-404.0
-225.0
-298.0
-225.0
-338.0
-225.0
-228.0
-244.0
-308.0
-253.0
-279.0
-355.0
-176.0
-305.0
-282.0
-289.0
-401.0
-303.0
-374.0
-251.0
-273.0
-326.0
-281.0
-388.0
-343.0
-303.0
-341.0
-322.0
-282.0
-348.0
-397.0
-305.0
-278.0
-224.0
-414.0
-278.0
-251.0
-336.0
-291.0
-316.0
-326.0
-217.0
-356.0
-415.0
-246.0
-299.0
-335.0
-336.0
-353.0
-258.0
-294.0
-305.0
-210.0
-306.0
-213.0
-280.0
-320.0
-200.0
-258.0
-256.0
-208.0
-257.0
-229.0
-295.0
-300.0
-229.0
-202.0
-281.0
-158.0
-261.0
-212.0
-210.0
-215.0
-168.0
-163.0
-245.0
-209.0
-263.0
-213.0
-177.0
-141.0
-105.0
-239.0
-201.0
-103.0
-219.0
-139.0
-179.0
-130.0
-77.0
-110.0
-74.0
-69.0
-98.0
-47.0
41.0
120.0
204.0
147.0
437.0
501.0
453.0
605.0
605.0
612.0
612.0
610.0
614.0
611.0
616.0
612.0
615.0
608.0
611.0
616.0
612.0
584.0
496.0
581.0
533.0
362.0
407.0
247.0
260.0
203.0
173.0
227.0
168.0
71.0
113.0
149.0
134.0
157.0
62.0
129.0
81.0
67.0
79.0
-2.0
40.0
-5.0
-192.0
-32.0
-114.0
-90.0
-97.0
-80.0
-148.0
-143.0
-319.0
-181.0
-75.0
-153.0
-88.0
-230.0
-199.0
-151.0
-261.0
-157.0
-204.0
-252.0
-159.0
-86.0
-78.0
-164.0
-241.0
-165.0
-246.0
-294.0
-127.0
-188.0
-181.0
-250.0
-193.0
-206.0
-200.0
-181.0
-153.0
-230.0
-123.0
-139.0
-161.0
-187.0
-168.0
-242.0
-87.0
-251.0
-140.0
-103.0
-269.0
-152.0
-224.0
-151.0
-196.0
-260.0
-170.0
-150.0
-194.0
-68.0
-218.0
-190.0
-134.0
-125.0
-216.0
-199.0
-221.0
-162.0
-162.0
-186.0
-116.0
-216.0
-98.0
-110.0
-168.0
-33.0
-85.0
-148.0
-54.0
-77.0
-60.0
-80.0
-62.0
-131.0
-22.0
-99.0
-85.0
-78.0
-82.0
-90.0
-129.0
-56.0
-36.0
-70.0
42.0
-93.0
-81.0
-4.0
-109.0
21.0
28.0
-105.0
-18.0
-1.0
13.0
32.0
-52.0
30.0
-127.0
-136.0
-30.0
-136.0
95.0
72.0
-41.0
102.0
75.0
-1.0
142.0
-13.0
25.0
78.0
74.0
13.0
92.0
-24.0
72.0
44.0
-2.0
8.0
59.0
80.0
10.0
41.0
61.0
-12.0
-3.0
30.0
-69.0
33.0
53.0
-13.0
87.0
-15.0
64.0
24.0
-13.0
45.0
-14.0
43.0
30.0
-52.0
52.0
87.0
24.0
68.0
80.0
-83.0
57.0
10.0
4.0
125.0
-34.0
82.0
74.0
51.0
-14.0
-50.0
52.0
52.0
19.0
15.0
-16.0
4.0
34.0
-49.0
26.0
96.0
-55.0
92.0
71.0
-26.0
53.0
36.0
8.0
0.0
-93.0
55.0
-54.0
-70.0
36.0
67.0
16.0
44.0
-27.0
-8.0
120.0
71.0
99.0
-3.0
72.0
-78.0
-17.0
97.0
70.0
-10.0
39.0
-74.0
-70.0
-3.0
-39.0
-5.0
-39.0
-21.0
-7.0
-93.0
-39.0
-3.0
-12.0
15.0
10.0
-89.0
-80.0
-53.0
-109.0
-27.0
-158.0
-55.0
-18.0
-14.0
-71.0
-63.0
-45.0
-12.0
10.0
-40.0
-30.0
-30.0
-26.0
-54.0
-5.0
45.0
-53.0
24.0
-40.0
-80.0
-14.0
-117.0
-35.0
21.0
-37.0
24.0
-111.0
-28.0
-7.0
-31.0
26.0
-43.0
-199.0
41.0
18.0
-14.0
-6.0
-58.0
-13.0
-39.0
-93.0
24.0
-6.0
-129.0
12.0
-126.0
-197.0
-49.0
-196.0
-61.0
-29.0
-1.0
-45.0
-59.0
-45.0
34.0
5.0
62.0
-41.0
-158.0
-65.0
-56.0
-74.0
-51.0
-142.0
-61.0
-147.0
-87.0
-66.0
-107.0
-35.0
23.0
-62.0
1.0
-62.0
-145.0
-48.0
-49.0
-46.0
-103.0
-115.0
-45.0
-110.0
-273.0
-3.0
-103.0
-101.0
-71.0
-117.0
-50.0
-86.0
-231.0
-11.0
-148.0
-79.0
-72.0
-101.0
-52.0
-80.0
-299.0
16.0
-111.0
-70.0
-78.0
-135.0
-61.0
-92.0
-108.0
-39.0
-101.0
-59.0
-158.0
-246.0
-238.0
-125.0
-72.0
-55.0
-120.0
-157.0
-29.0
-138.0
-54.0
-81.0
-50.0
46.0
1.0
103.0
130.0
120.0
243.0
235.0
282.0
389.0
443.0
619.0
596.0
621.0
616.0
616.0
615.0
616.0
617.0
615.0
615.0
617.0
617.0
574.0
533.0
491.0
352.0
319.0
365.0
242.0
213.0
238.0
244.0
140.0
-22.0
20.0
21.0
-72.0
5.0
-15.0
-194.0
-82.0
-183.0
-212.0
-250.0
-257.0
-183.0
-258.0
-283.0
-271.0
-361.0
-251.0
-206.0
-346.0
-474.0
-340.0
-348.0
-361.0
-370.0
-430.0
-326.0
-483.0
-371.0
-422.0
-391.0
-400.0
-523.0
-403.0
-459.0
-529.0
-493.0
-489.0
-496.0
-514.0
-559.0
-425.0
-536.0
-583.0
-484.0
-467.0
-521.0
-516.0
-524.0
-535.0
-442.0
-553.0
-543.0
-521.0
-527.0
-564.0
-523.0
-580.0
-544.0
-590.0
-454.0
-574.0
-580.0
-467.0
-534.0
-553.0
-535.0
-544.0
-459.0
-531.0
-588.0
-517.0
-544.0
-548.0
-514.0
-586.0
-472.0
-553.0
-524.0
-532.0
-472.0
-429.0
-409.0
-549.0
-475.0
-504.0
-500.0
-443.0
-465.0
-367.0
-518.0
-449.0
-568.0
-555.0
-473.0
-493.0
-473.0
-472.0
-390.0
-517.0
-449.0
-439.0
-431.0
-458.0
-466.0
-441.0
-449.0
-507.0
-532.0
-462.0
-532.0
-463.0
-531.0
-439.0
-444.0
-422.0
-425.0
-489.0
-443.0
-464.0
-429.0
-456.0
-459.0
-475.0
-490.0
-464.0
-515.0
-470.0
-540.0
-531.0
-466.0
-539.0
-402.0
-444.0
-472.0
-498.0
-576.0
-439.0
-435.0
-449.0
-395.0
-456.0
-480.0
-501.0
-565.0
-446.0
-429.0
-497.0
-349.0
-392.0
-474.0
-470.0
-447.0
-516.0
-406.0
-402.0
-383.0
-468.0
-472.0
-355.0
-479.0
-542.0
-437.0
-476.0
-418.0
-409.0
-482.0
-385.0
-504.0
-437.0
-346.0
-463.0
-458.0
-475.0
-529.0
-388.0
-534.0
-482.0
-437.0
-395.0
-441.0
-421.0
-457.0
-369.0
-591.0
-449.0
-381.0
-493.0
-435.0
-498.0
-444.0
-506.0
-514.0
-411.0
-432.0
-573.0
-449.0
-450.0
-515.0
-525.0
-545.0
-392.0
-412.0
-407.0
-375.0
-476.0
-456.0
-482.0
-425.0
-410.0
-395.0
-452.0
-426.0
-478.0
-538.0
-480.0
-487.0
-520.0
-372.0
-504.0
-390.0
-458.0
-521.0
-436.0
-503.0
-393.0
-466.0
-425.0
-410.0
-476.0
-569.0
-441.0
-456.0
-404.0
-386.0
-517.0
-410.0
-427.0
-497.0
-304.0
-534.0
-489.0
-437.0
-486.0
-535.0
-429.0
-526.0
-354.0
-420.0
-476.0
-443.0
-518.0
-379.0
-460.0
-470.0
-388.0
-393.0
-369.0
-455.0
-418.0
-395.0
-551.0
-539.0
-333.0
-474.0
-402.0
-376.0
-472.0
-373.0
-507.0
-463.0
-427.0
-399.0
-510.0
-369.0
-389.0
-365.0
-379.0
-417.0
-346.0
-391.0
-427.0
-388.0
-256.0
-371.0
-446.0
-404.0
-187.0
-315.0
-270.0
-224.0
-377.0
-233.0
-324.0
-348.0
-230.0
-390.0
-278.0
-258.0
-295.0
-321.0
-338.0
-247.0
-282.0
-368.0
-383.0
-341.0
-421.0
-409.0
-346.0
-285.0
-346.0
-332.0
-289.0
-264.0
-284.0
-297.0
-251.0
-353.0
-299.0
-355.0
-241.0
-321.0
-352.0
-283.0
-331.0
-320.0
-269.0
-334.0
-256.0
-210.0
-185.0
7.0
-67.0
-19.0
97.0
286.0
479.0
574.0
621.0
615.0
616.0
616.0
612.0
617.0
612.0
618.0
611.0
606.0
616.0
616.0
617.0
508.0
325.0
392.0
203.0
402.0
131.0
64.0
160.0
54.0
114.0
7.0
-73.0
-16.0
-166.0
-163.0
-89.0
-223.0
-175.0
-273.0
-386.0
-237.0
-371.0
-334.0
-370.0
-450.0
-380.0
-417.0
-427.0
-472.0
-491.0
-503.0
-424.0
-555.0
-429.0
-418.0
-566.0
-388.0
-482.0
-524.0
-494.0
-559.0
-510.0
-445.0
-589.0
-549.0
-555.0
-546.0
-534.0
-560.0
-504.0
-547.0
-550.0
-480.0
-558.0
-585.0
-529.0
-583.0
-536.0
-469.0
-522.0
-515.0
-474.0
-527.0
-376.0
-467.0
-504.0
-499.0
-498.0
-547.0
-464.0
-435.0
-467.0
-452.0
-589.0
-473.0
-515.0
-436.0
-573.0
-475.0
-410.0
-480.0
-505.0
-449.0
-430.0
-491.0
-416.0
-463.0
-452.0
-562.0
-518.0
-460.0
-454.0
-387.0
-475.0
-360.0
-490.0
-462.0
-498.0
-515.0
-441.0
-358.0
-419.0
-433.0
-419.0
-484.0
-532.0
-337.0
-314.0
-269.0
-345.0
-328.0
-330.0
-456.0
-474.0
-511.0
-583.0
-384.0
-394.0
-384.0
-368.0
-464.0
-458.0
-334.0
-485.0
-353.0
-349.0
-404.0
-368.0
-428.0
-430.0
-373.0
-471.0
-401.0
-427.0
-431.0
-242.0
-362.0
-327.0
-338.0
-525.0
-307.0
-397.0
-399.0
-303.0
-360.0
-277.0
-342.0
-489.0
-319.0
-351.0
-339.0
-295.0
-420.0
-306.0
-312.0
-343.0
-276.0
-325.0
-357.0
-284.0
-407.0
-346.0
-363.0
-395.0
-232.0
-429.0
-347.0
-316.0
-448.0
-308.0
-214.0
-394.0
-354.0
-303.0
-474.0
-240.0
-353.0
-320.0
-359.0
-303.0
-335.0
-348.0
-406.0
-319.0
-425.0
-416.0
-361.0
-402.0
-396.0
-386.0
-324.0
-452.0
-390.0
-393.0
-322.0
-255.0
-352.0
-312.0
-353.0
-414.0
-303.0
-288.0
-260.0
-286.0
-208.0
-455.0
-296.0
-254.0
-303.0
-207.0
-133.0
-121.0
10.0
-64.0
-87.0
202.0
-42.0
140.0
249.0
305.0
399.0
379.0
520.0
497.0
524.0
586.0
619.0
564.0
614.0
593.0
617.0
617.0
613.0
607.0
580.0
507.0
424.0
434.0
347.0
373.0
308.0
241.0
284.0
69.0
111.0
98.0
19.0
34.0
-50.0
-53.0
6.0
-77.0
-27.0
-87.0
-92.0
-129.0
-60.0
-219.0
-234.0
-234.0
-222.0
-218.0
-348.0
-241.0
-350.0
-265.0
-250.0
-340.0
-308.0
-347.0
-396.0
-294.0
-332.0
-409.0
-338.0
-286.0
-317.0
-392.0
-441.0
-352.0
-391.0
-442.0
-449.0
-477.0
-309.0
-486.0
-391.0
-302.0
-473.0
-345.0
-351.0
-437.0
-287.0
-419.0
-473.0
-332.0
-385.0
-331.0
-316.0
-376.0
-346.0
-388.0
-397.0
-461.0
-408.0
-342.0
-333.0
-345.0
-376.0
-413.0
-487.0
-334.0
-394.0
-335.0
-398.0
-433.0
-326.0
-368.0
-398.0
-329.0
-362.0
-361.0
-324.0
-407.0
-366.0
-406.0
-494.0
-338.0
-310.0
-342.0
-343.0
-279.0
-343.0
-403.0
-340.0
-242.0
-365.0
-238.0
-280.0
-417.0
-375.0
-431.0
-479.0
-274.0
-355.0
-270.0
-440.0
-322.0
-376.0
-376.0
-362.0
-338.0
-292.0
-182.0
-293.0
-394.0
-377.0
-396.0
-357.0
-289.0
-409.0
-337.0
-417.0
-497.0
-366.0
-425.0
-401.0
-295.0
-416.0
-364.0
-393.0
-418.0
-337.0
-306.0
-325.0
-337.0
-367.0
-447.0
-404.0
-484.0
-393.0
-369.0
-425.0
-398.0
-412.0
-433.0
-406.0
-425.0
-317.0
-328.0
-407.0
-448.0
-412.0
-512.0
-356.0
-408.0
-333.0
-347.0
-388.0
-343.0
-374.0
-408.0
-420.0
-362.0
-265.0
-271.0
-384.0
-243.0
-314.0
-389.0
-321.0
-438.0
-325.0
-299.0
-258.0
-355.0
-394.0
-407.0
-367.0
-335.0
-362.0
-436.0
-379.0
-294.0
-346.0
-280.0
-280.0
-429.0
-234.0
-431.0
-336.0
-312.0
-348.0
-378.0
-295.0
-393.0
-296.0
-305.0
-381.0
-221.0
-307.0
-344.0
-288.0
-334.0
-296.0
-345.0
-333.0
-297.0
-331.0
-309.0
-304.0
-461.0
-430.0
-305.0
-243.0
-221.0
-228.0
-200.0
-315.0
-395.0
-270.0
-274.0
-256.0
-177.0
-248.0
-258.0
-143.0
-239.0
-87.0
-68.0
-64.0
41.0
136.0
239.0
262.0
405.0
449.0
495.0
612.0
616.0
611.0
606.0
619.0
552.0
618.0
614.0
582.0
619.0
573.0
473.0
422.0
290.0
328.0
331.0
144.0
185.0
162.0
98.0
65.0
39.0
128.0
13.0
8.0
93.0
-99.0
35.0
-94.0
-36.0
-157.0
-214.0
-229.0
-176.0
-183.0
-293.0
-173.0
-340.0
-250.0
-211.0
-372.0
-237.0
-287.0
-212.0
-262.0
-289.0
-277.0
-334.0
-420.0
-318.0
-314.0
-304.0
-370.0
-453.0
-274.0
-343.0
-431.0
-382.0
-343.0
-336.0
-337.0
-411.0
-395.0
-389.0
-406.0
-364.0
-482.0
-354.0
-342.0
-403.0
-328.0
-473.0
-401.0
-251.0
-369.0
-362.0
-190.0
-308.0
-188.0
-358.0
-334.0
-310.0
-388.0
-347.0
-396.0
-354.0
-404.0
-446.0
-417.0
-335.0
-386.0
-323.0
-357.0
-370.0
-306.0
-351.0
-413.0
-304.0
-339.0
-301.0
-354.0
-403.0
-360.0
-423.0
-420.0
-401.0
-476.0
-401.0
-440.0
-355.0
-401.0
-471.0
-407.0
-343.0
-419.0
-394.0
-332.0
-558.0
-431.0
-382.0
-332.0
-304.0
-411.0
-267.0
-333.0
-473.0
-309.0
-365.0
-229.0
-238.0
-276.0
-300.0
-296.0
-451.0
-306.0
-427.0
-408.0
-320.0
-328.0
-300.0
-300.0
-337.0
-253.0
-374.0
-360.0
-298.0
-298.0
-219.0
-313.0
-370.0
-352.0
-351.0
-415.0
-332.0
-328.0
-324.0
-285.0
-345.0
-272.0
-290.0
-286.0
-183.0
-286.0
-258.0
-229.0
-265.0
-245.0
-193.0
-317.0
-274.0
-283.0
-338.0
-318.0
-342.0
-256.0
-362.0
-284.0
-260.0
-290.0
-233.0
-225.0
-326.0
-246.0
-240.0
-301.0
-255.0
-435.0
-228.0
-182.0
-419.0
-271.0
-252.0
-313.0
-231.0
-357.0
-269.0
-257.0
-343.0
-253.0
-213.0
-334.0
-258.0
-306.0
-228.0
-345.0
-299.0
-329.0
-266.0
-241.0
-242.0
-392.0
-270.0
-193.0
-267.0
-270.0
-247.0
-274.0
-262.0
-286.0
-260.0
-235.0
-243.0
-221.0
-186.0
-314.0
-182.0
-370.0
-233.0
-235.0
-234.0
-166.0
-356.0
-309.0
-257.0
-285.0
-148.0
-239.0
-284.0
-248.0
-238.0
-307.0
-267.0
-366.0
-140.0
-274.0
-417.0
-253.0
-274.0
-211.0
-228.0
-307.0
-234.0
-159.0
-214.0
-210.0
-229.0
-350.0
-172.0
-348.0
-208.0
-297.0
-275.0
-257.0
-388.0
-269.0
-373.0
-386.0
-246.0
-290.0
-329.0
-287.0
-290.0
-259.0
-289.0
-254.0
-329.0
-346.0
-318.0
-286.0
-303.0
-322.0
-346.0
-320.0
-321.0
-382.0
-405.0
-190.0
-352.0
-325.0
-241.0
-353.0
-263.0
-346.0
-378.0
-307.0
-301.0
-325.0
-274.0
-334.0
-272.0
-255.0
-319.0
-233.0
-347.0
-325.0
-183.0
-293.0
-298.0
-307.0
-219.0
-160.0
-185.0
-152.0
-99.0
-69.0
12.0
-19.0
28.0
195.0
320.0
343.0
485.0
458.0
604.0
616.0
617.0
617.0
615.0
615.0
612.0
597.0
620.0
591.0
498.0
592.0
351.0
315.0
383.0
221.0
243.0
132.0
115.0
98.0
154.0
106.0
28.0
27.0
10.0
-63.0
-106.0
44.0
-69.0
-13.0
-12.0
-98.0
-102.0
-166.0
-332.0
-165.0
-218.0
-253.0
-235.0
-348.0
-319.0
-337.0
-282.0
-289.0
-307.0
-281.0
-235.0
-243.0
-276.0
-398.0
-436.0
-261.0
-290.0
-298.0
-356.0
-341.0
-365.0
-374.0
-437.0
-418.0
-369.0
-411.0
-239.0
-360.0
-313.0
-289.0
-505.0
-359.0
-263.0
-441.0
-367.0
-410.0
-355.0
-402.0
-588.0
-342.0
-370.0
-453.0
-367.0
-371.0
-379.0
-395.0
-260.0
-309.0
-379.0
-410.0
-263.0
-422.0
-390.0
-374.0
-332.0
-356.0
-328.0
-359.0
-333.0
-422.0
-508.0
-273.0
-328.0
-295.0
-355.0
-408.0
-290.0
-439.0
-420.0
-455.0
-401.0
-296.0
-337.0
-307.0
-290.0
-355.0
-366.0
-362.0
-393.0
-397.0
-313.0
-351.0
-264.0
-369.0
-395.0
-366.0
-455.0
-320.0
-350.0
-354.0
-282.0
-408.0
-241.0
-371.0
-389.0
-338.0
-363.0
-371.0
-324.0
-432.0
-422.0
-380.0
-356.0
-359.0
-389.0
-460.0
-404.0
-349.0
-341.0
-328.0
-453.0
-290.0
-294.0
-360.0
-363.0
-363.0
-372.0
-289.0
-353.0
-262.0
-428.0
-346.0
-288.0
-253.0
-288.0
-263.0
-368.0
-274.0
-287.0
-269.0
-270.0
-300.0
-294.0
-267.0
-269.0
-394.0
-243.0
-279.0
-296.0
-374.0
-213.0
-299.0
-336.0
-334.0
-316.0
-299.0
-194.0
-323.0
-313.0
-236.0
-316.0
-280.0
-238.0
-374.0
-301.0
-369.0
-321.0
-328.0
-294.0
-189.0
-315.0
-258.0
-191.0
-281.0
-204.0
-154.0
-301.0
-74.0
-86.0
-33.0
46.0
-64.0
156.0
226.0
220.0
319.0
375.0
469.0
569.0
485.0
547.0
539.0
522.0
567.0
512.0
571.0
514.0
377.0
326.0
239.0
238.0
338.0
278.0
56.0
184.0
50.0
59.0
100.0
-1.0
42.0
98.0
-111.0
107.0
-60.0
-63.0
-38.0
-124.0
-58.0
-178.0
-210.0
-71.0
-149.0
-142.0
-141.0
-209.0
-58.0
-201.0
-229.0
-116.0
-241.0
-173.0
-72.0
-170.0
-223.0
-220.0
-200.0
-110.0
-128.0
-266.0
-259.0
-346.0
-168.0
-282.0
-192.0
-184.0
-243.0
-213.0
-292.0
-359.0
-175.0
-272.0
-168.0
-117.0
-186.0
-171.0
-166.0
-260.0
-205.0
-155.0
-175.0
-87.0
-125.0
102.0
-30.0
110.0
337.0
275.0
557.0
622.0
616.0
614.0
608.0
618.0
612.0
617.0
610.0
616.0
614.0
617.0
576.0
497.0
526.0
447.0
353.0
391.0
176.0
230.0
160.0
122.0
26.0
-32.0
-8.0
-85.0
-182.0
-181.0
-124.0
-255.0
-238.0
-261.0
-302.0
-296.0
-327.0
-239.0
-318.0
-380.0
-380.0
-369.0
-444.0
-300.0
-417.0
-452.0
-381.0
-447.0
-377.0
-508.0
-527.0
-399.0
-525.0
-376.0
-371.0
-485.0
-416.0
-460.0
-470.0
-469.0
-465.0
-488.0
-484.0
-457.0
-450.0
-414.0
-430.0
-410.0
-526.0
-421.0
-397.0
-525.0
-379.0
-478.0
-428.0
-437.0
-470.0
-469.0
-503.0
-502.0
-459.0
-495.0
-478.0
-348.0
-446.0
-485.0
-364.0
-447.0
-437.0
-417.0
-473.0
-290.0
-458.0
-440.0
-444.0
-436.0
-425.0
-481.0
-457.0
-458.0
-534.0
-384.0
-429.0
-447.0
-444.0
-424.0
-330.0
-335.0
-441.0
-409.0
-356.0
-458.0
-311.0
-307.0
-357.0
-345.0
-513.0
-386.0
-317.0
-360.0
-323.0
-417.0
-367.0
-316.0
-409.0
-365.0
-393.0
-438.0
-341.0
-448.0
-378.0
-355.0
-357.0
-400.0
-267.0
-387.0
-260.0
-326.0
-344.0
-404.0
-316.0
-218.0
-306.0
-388.0
-305.0
-422.0
-417.0
-292.0
-442.0
-376.0
-397.0
-385.0
-296.0
-455.0
-371.0
-248.0
-314.0
-269.0
-309.0
-345.0
-341.0
-417.0
-297.0
-229.0
-391.0
-296.0
-347.0
-411.0
-327.0
-389.0
-361.0
-296.0
-404.0
-385.0
-356.0
-395.0
-469.0
-273.0
-333.0
-240.0
-257.0
-357.0
-280.0
-370.0
-379.0
-487.0
-314.0
-224.0
-460.0
-389.0
-274.0
-438.0
-332.0
-360.0
-355.0
-352.0
-401.0
-337.0
-298.0
-359.0
-344.0
-324.0
-332.0
-414.0
-355.0
-264.0
-318.0
-390.0
-297.0
-408.0
-311.0
-374.0
-383.0
-291.0
-281.0
-420.0
-364.0
-345.0
-305.0
-285.0
-393.0
-273.0
-271.0
-341.0
-280.0
-301.0
-342.0
-302.0
-344.0
-280.0
-362.0
-357.0
-186.0
-216.0
-307.0
-289.0
-395.0
-212.0
-246.0
-317.0
-223.0
-275.0
-333.0
-296.0
-227.0
-292.0
-260.0
-323.0
-279.0
-327.0
-291.0
-238.0
-290.0
-247.0
-312.0
-390.0
-222.0
-334.0
-300.0
-225.0
-348.0
-232.0
-296.0
-317.0
-223.0
-253.0
-229.0
-269.0
-333.0
-219.0
-194.0
-237.0
-202.0
-219.0
-287.0
-178.0
-285.0
-266.0
-279.0
-290.0
-252.0
-266.0
-177.0
-97.0
-256.0
-232.0
-242.0
-295.0
-186.0
-185.0
-144.0
-197.0
-195.0
-233.0
-176.0
-268.0
-224.0
-147.0
-234.0
-45.0
-174.0
-121.0
-199.0
-288.0
-202.0
-216.0
-262.0
-181.0
-210.0
-191.0
-158.0
-237.0
-202.0
-196.0
-159.0
-72.0
-29.0
29.0
67.0
146.0
261.0
356.0
544.0
615.0
615.0
615.0
611.0
617.0
611.0
617.0
615.0
616.0
617.0
618.0
597.0
526.0
531.0
408.0
436.0
372.0
321.0
263.0
248.0
92.0
198.0
69.0
-14.0
12.0
62.0
110.0
31.0
-60.0
-181.0
-143.0
-157.0
-105.0
-180.0
-185.0
-257.0
-343.0
-289.0
-385.0
-368.0
-375.0
-411.0
-386.0
-374.0
-426.0
-321.0
-446.0
-493.0
-382.0
-496.0
-489.0
-501.0
-507.0
-468.0
-518.0
-544.0
-497.0
-510.0
-469.0
-442.0
-549.0
-469.0
-407.0
-475.0
-459.0
-522.0
-462.0
-406.0
-567.0
-512.0
-551.0
-455.0
-426.0
-496.0
-387.0
-525.0
-475.0
-356.0
-389.0
-478.0
-519.0
-506.0
-470.0
-437.0
-383.0
-400.0
-450.0
-530.0
-465.0
-497.0
-421.0
-459.0
-512.0
-386.0
-475.0
-437.0
-381.0
-422.0
-439.0
-445.0
-470.0
-393.0
-487.0
-405.0
-350.0
-497.0
-508.0
-404.0
-480.0
-383.0
-510.0
-371.0
-441.0
-494.0
-402.0
-300.0
-437.0
-372.0
-301.0
-423.0
-294.0
-300.0
-263.0
-238.0
-156.0
-26.0
-45.0
-13.0
128.0
140.0
271.0
361.0
444.0
493.0
526.0
458.0
503.0
399.0
582.0
471.0
351.0
291.0
275.0
126.0
211.0
32.0
130.0
133.0
30.0
15.0
-72.0
39.0
-16.0
-148.0
-114.0
-127.0
-218.0
8.0
-235.0
-178.0
-215.0
-212.0
-230.0
-341.0
-451.0
-316.0
-269.0
-297.0
-280.0
-366.0
-380.0
-315.0
-294.0
-246.0
-261.0
-275.0
-337.0
-411.0
-246.0
-331.0
-363.0
-284.0
-416.0
-393.0
-446.0
-466.0
-364.0
-351.0
-433.0
-371.0
-345.0
-419.0
-518.0
-443.0
-251.0
-347.0
-367.0
-390.0
-496.0
-439.0
-451.0
-457.0
-441.0
-469.0
-487.0
-508.0
-525.0
-494.0
-468.0
-441.0
-390.0
-488.0
-580.0
-479.0
-414.0
-450.0
-442.0
-550.0
-415.0
-513.0
-532.0
-534.0
-475.0
-419.0
-487.0
-523.0
-405.0
-437.0
-496.0
-432.0
-487.0
-401.0
-435.0
-465.0
-352.0
-487.0
-491.0
-351.0
-414.0
-455.0
-443.0
-416.0
-370.0
-362.0
-419.0
-331.0
-356.0
-260.0
-250.0
-453.0
-445.0
-289.0
-408.0
-390.0
-376.0
-383.0
-374.0
-385.0
-447.0
-322.0
-376.0
-308.0
-332.0
-301.0
-322.0
-394.0
-284.0
-280.0
-289.0
-235.0
-399.0
-355.0
-387.0
-296.0
-248.0
-326.0
-360.0
-278.0
-341.0
-431.0
-345.0
-391.0
-263.0
-285.0
-421.0
-276.0
-381.0
-332.0
-258.0
-305.0
-223.0
-266.0
-369.0
-354.0
-351.0
-247.0
-209.0
-303.0
-272.0
-255.0
-310.0
-116.0
-193.0
-147.0
17.0
-115.0
86.0
195.0
276.0
359.0
511.0
615.0
615.0
617.0
616.0
603.0
532.0
630.0
606.0
567.0
594.0
480.0
474.0
259.0
314.0
277.0
257.0
291.0
249.0
101.0
65.0
48.0
16.0
20.0
8.0
-3.0
13.0
-52.0
-270.0
-55.0
-320.0
-164.0
-240.0
-219.0
-130.0
-386.0
-285.0
-190.0
-259.0
-251.0
-316.0
-316.0
-270.0
-319.0
-280.0
-296.0
-421.0
-351.0
-420.0
-429.0
-378.0
-406.0
-300.0
-356.0
-373.0
-331.0
-434.0
-542.0
-376.0
-342.0
-284.0
-351.0
-450.0
-415.0
-470.0
-553.0
-516.0
-402.0
-309.0
-351.0
-394.0
-369.0
-518.0
-431.0
-437.0
-373.0
-355.0
-399.0
-473.0
-356.0
-456.0
-557.0
-445.0
-487.0
-327.0
-365.0
-451.0
-353.0
-484.0
-414.0
-342.0
-423.0
-451.0
-381.0
-504.0
-416.0
-495.0
-520.0
-440.0
-492.0
-444.0
-373.0
-511.0
-402.0
-348.0
-309.0
-328.0
-427.0
-441.0
-403.0
-381.0
-341.0
-459.0
-382.0
-419.0
-458.0
-457.0
-450.0
-470.0
-418.0
-301.0
-354.0
-230.0
-287.0
-371.0
-334.0
-487.0
-310.0
-400.0
-337.0
-314.0
-522.0
-393.0
-441.0
-534.0
-436.0
-370.0
-354.0
-285.0
-315.0
-376.0
-371.0
-396.0
-306.0
-266.0
-290.0
-338.0
-375.0
-344.0
-401.0
-364.0
-458.0
-389.0
-388.0
-382.0
-459.0
-361.0
-252.0
-355.0
-144.0
-199.0
-313.0
-234.0
-279.0
-303.0
-287.0
-281.0
-220.0
-251.0
-353.0
-353.0
-347.0
-250.0
-337.0
-223.0
-188.0
-295.0
-226.0
-313.0
-299.0
-208.0
-258.0
-242.0
-167.0
-265.0
-275.0
-239.0
-385.0
-258.0
-307.0
-344.0
-274.0
-259.0
-199.0
-157.0
-194.0
-182.0
-190.0
-287.0
-182.0
-232.0
-227.0
-202.0
-228.0
-289.0
-272.0
-261.0
-176.0
-240.0
-272.0
-219.0
-280.0
-132.0
-238.0
-174.0
-48.0
-116.0
-86.0
13.0
36.0
17.0
124.0
121.0
297.0
318.0
375.0
507.0
576.0
621.0
614.0
616.0
611.0
612.0
614.0
614.0
608.0
617.0
591.0
571.0
593.0
517.0
453.0
528.0
376.0
422.0
497.0
252.0
225.0
50.0
68.0
128.0
35.0
-11.0
-7.0
-117.0
-55.0
-115.0
-176.0
-196.0
-227.0
-335.0
-195.0
-452.0
-385.0
-357.0
-446.0
-373.0
-386.0
-398.0
-465.0
-552.0
-331.0
-450.0
-531.0
-473.0
-560.0
-426.0
-517.0
-506.0
-548.0
-509.0
-480.0
-535.0
-583.0
-524.0
-459.0
-522.0
-515.0
-472.0
-491.0
-464.0
-587.0
-512.0
-518.0
-559.0
-442.0
-509.0
-457.0
-466.0
-561.0
-483.0
-468.0
-579.0
-433.0
-477.0
-484.0
-323.0
-511.0
-421.0
-433.0
-599.0
-468.0
-431.0
-483.0
-417.0
-420.0
-417.0
-458.0
-511.0
-382.0
-394.0
-485.0
-301.0
-397.0
-322.0
-261.0
-182.0
-181.0
-220.0
-37.0
17.0
-30.0
158.0
195.0
208.0
441.0
322.0
539.0
572.0
515.0
505.0
607.0
539.0
493.0
520.0
369.0
516.0
432.0
389.0
220.0
196.0
249.0
190.0
167.0
122.0
42.0
71.0
78.0
-123.0
-76.0
-45.0
-77.0
-115.0
-154.0
-221.0
-300.0
-427.0
-246.0
-312.0
-332.0
-340.0
-332.0
-314.0
-346.0
-360.0
-228.0
-404.0
-350.0
-293.0
-444.0
-391.0
-346.0
-402.0
-298.0
-495.0
-416.0
-518.0
-522.0
-442.0
-343.0
-446.0
-364.0
-423.0
-459.0
-457.0
-461.0
-428.0
-412.0
-382.0
-365.0
-444.0
-381.0
-502.0
-489.0
-371.0
-429.0
-513.0
-395.0
-479.0
-440.0
-372.0
-370.0
-428.0
-423.0
-459.0
-422.0
-452.0
-460.0
-320.0
-410.0
-428.0
-394.0
-406.0
-360.0
-428.0
-435.0
-373.0
-528.0
-332.0
-390.0
-416.0
-335.0
-423.0
-411.0
-474.0
-451.0
-365.0
-341.0
-427.0
-341.0
-397.0
-409.0
-279.0
-491.0
-334.0
-278.0
-361.0
-421.0
-420.0
-343.0
-385.0
-520.0
-336.0
-455.0
-397.0
-281.0
-403.0
-327.0
-403.0
-437.0
-343.0
-350.0
-315.0
-343.0
-300.0
-442.0
-333.0
-356.0
-376.0
-375.0
-436.0
-280.0
-344.0
-294.0
-343.0
-357.0
-462.0
-348.0
-281.0
-243.0
-331.0
-340.0
-314.0
-405.0
-287.0
-368.0
-329.0
-331.0
-353.0
-345.0
-288.0
-299.0
-353.0
-298.0
-275.0
-244.0
-325.0
-297.0
-212.0
-228.0
-30.0
-39.0
-145.0
44.0
25.0
176.0
362.0
302.0
477.0
564.0
550.0
619.0
583.0
607.0
570.0
582.0
615.0
547.0
548.0
527.0
474.0
417.0
466.0
200.0
280.0
162.0
77.0
159.0
36.0
107.0
45.0
63.0
67.0
-90.0
-97.0
-162.0
-124.0
-44.0
-51.0
-172.0
-142.0
-241.0
-341.0
-224.0
-249.0
-268.0
-337.0
-259.0
-308.0
-270.0
-368.0
-320.0
-368.0
-323.0
-355.0
-454.0
-393.0
-423.0
-431.0
-376.0
-435.0
-379.0
-392.0
-409.0
-387.0
-410.0
-432.0
-361.0
-470.0
-418.0
-341.0
-436.0
-394.0
-373.0
-432.0
-440.0
-430.0
-460.0
-446.0
-454.0
-442.0
-384.0
-501.0
-393.0
-506.0
-406.0
-370.0
-432.0
-280.0
-403.0
-363.0
-347.0
-531.0
-398.0
-417.0
-408.0
-394.0
-399.0
-475.0
-450.0
-446.0
-469.0
-335.0
-392.0
-378.0
-400.0
-380.0
-395.0
-409.0
-462.0
-338.0
-401.0
-440.0
-393.0
-472.0
-384.0
-437.0
-485.0
-407.0
-465.0
-441.0
-373.0
-449.0
-422.0
-385.0
-461.0
-346.0
-424.0
-451.0
-385.0
-446.0
-350.0
-447.0
-481.0
-357.0
-488.0
-429.0
-397.0
-415.0
-352.0
-464.0
-412.0
-348.0
-417.0
-331.0
-320.0
-399.0
-301.0
-330.0
-376.0
-333.0
-433.0
-345.0
-418.0
-405.0
-336.0
-419.0
-446.0
-280.0
-410.0
-397.0
-445.0
-406.0
-367.0
-451.0
-326.0
-395.0
-426.0
-364.0
-288.0
-360.0
-268.0
-374.0
-352.0
-426.0
-430.0
-344.0
-332.0
-345.0
-285.0
-327.0
-407.0
-333.0
-423.0
-269.0
-318.0
-369.0
-310.0
-407.0
-258.0
-169.0
-373.0
-309.0
-230.0
-344.0
-206.0
-295.0
-326.0
-127.0
-266.0
-151.0
-162.0
-205.0
-55.0
22.0
73.0
119.0
53.0
404.0
570.0
555.0
609.0
615.0
618.0
610.0
615.0
617.0
597.0
516.0
584.0
376.0
413.0
409.0
375.0
243.0
285.0
129.0
125.0
187.0
64.0
99.0
69.0
92.0
-8.0
-96.0
-25.0
98.0
-61.0
-71.0
-60.0
-155.0
-83.0
-195.0
-73.0
-242.0
-289.0
-225.0
-272.0
-219.0
-262.0
-324.0
-319.0
-323.0
-342.0
-317.0
-351.0
-278.0
-226.0
-352.0
-273.0
-361.0
-305.0
-285.0
-366.0
-335.0
-229.0
-320.0
-339.0
-355.0
-315.0
-327.0
-410.0
-358.0
-367.0
-353.0
-290.0
-457.0
-323.0
-296.0
-316.0
-308.0
-300.0
-373.0
-323.0
-390.0
-335.0
-337.0
-381.0
-396.0
-361.0
-320.0
-293.0
-328.0
-374.0
-382.0
-395.0
-336.0
-258.0
-414.0
-356.0
-340.0
-303.0
-380.0
-373.0
-407.0
-352.0
-327.0
-285.0
-356.0
-282.0
-279.0
-382.0
-315.0
-336.0
-352.0
-260.0
-272.0
-308.0
-400.0
-353.0
-298.0
-311.0
-435.0
-345.0
-355.0
-406.0
-261.0
-333.0
-301.0
-373.0
-426.0
-253.0
-329.0
-429.0
-374.0
-318.0
-362.0
-360.0
-346.0
-297.0
-423.0
-396.0
-321.0
-369.0
-356.0
-276.0
-321.0
-273.0
-469.0
-327.0
-269.0
-323.0
-277.0
-284.0
-328.0
-404.0
-378.0
-312.0
-255.0
-345.0
-244.0
-256.0
-387.0
-278.0
-332.0
-305.0
-214.0
-240.0
-246.0
-210.0
-313.0
-252.0
-304.0
-315.0
-216.0
-350.0
-229.0
-324.0
-419.0
-308.0
-213.0
-237.0
-212.0
-232.0
-249.0
-235.0
-227.0
-246.0
-240.0
-244.0
-272.0
-293.0
-317.0
-256.0
-266.0
-308.0
-276.0
-305.0
-256.0
-232.0
-293.0
-269.0
-287.0
-202.0
-269.0
-200.0
-172.0
-267.0
-249.0
-284.0
-357.0
-240.0
-281.0
-223.0
-308.0
-291.0
-174.0
-304.0
-259.0
-133.0
-265.0
-205.0
-231.0
-265.0
-216.0
-270.0
-264.0
-242.0
-283.0
-388.0
-225.0
-264.0
-227.0
-347.0
-364.0
-231.0
-273.0
-284.0
-278.0
-287.0
-252.0
-227.0
-282.0
-252.0
-353.0
-257.0
-210.0
-317.0
-232.0
-296.0
-325.0
-282.0
-273.0
-306.0
-260.0
-353.0
-265.0
-200.0
-365.0
-347.0
-280.0
-253.0
-301.0
-375.0
-292.0
-295.0
-390.0
-363.0
-402.0
-401.0
-167.0
-369.0
-243.0
-268.0
-358.0
-238.0
-190.0
-305.0
-265.0
-309.0
-251.0
-269.0
-430.0
-255.0
-331.0
-359.0
-279.0
-368.0
-256.0
-282.0
-265.0
-257.0
-365.0
-274.0
-205.0
-298.0
-242.0
-211.0
-234.0
-325.0
-331.0
-309.0
-301.0
-310.0
-228.0
-270.0
-220.0
-230.0
-313.0
-286.0
-99.0
-264.0
-187.0
-303.0
-293.0
-206.0
-328.0
-229.0
-158.0
-188.0
-99.0
-100.0
-87.0
109.0
181.0
199.0
328.0
400.0
627.0
600.0
619.0
613.0
615.0
615.0
614.0
617.0
616.0
616.0
616.0
616.0
616.0
617.0
615.0
543.0
610.0
517.0
492.0
452.0
393.0
338.0
243.0
158.0
87.0
12.0
24.0
-20.0
27.0
1.0
14.0
-114.0
-110.0
-187.0
-175.0
-129.0
-280.0
-276.0
-195.0
-346.0
-285.0
-407.0
-379.0
-294.0
-418.0
-370.0
-371.0
-403.0
-365.0
-460.0
-409.0
-414.0
-502.0
-527.0
-418.0
-491.0
-423.0
-481.0
-517.0
-400.0
-477.0
-510.0
-497.0
-505.0
-419.0
-371.0
-529.0
-492.0
-580.0
-489.0
-558.0
-580.0
-491.0
-476.0
-516.0
-501.0
-509.0
-576.0
-502.0
-461.0
-354.0
-465.0
-478.0
-385.0
-431.0
-517.0
-486.0
-550.0
-392.0
-487.0
-473.0
-399.0
-522.0
-485.0
-421.0
-404.0
-418.0
-385.0
-457.0
-438.0
-552.0
-422.0
-378.0
-515.0
-542.0
-464.0
-566.0
-370.0
-501.0
-451.0
-381.0
-476.0
-423.0
-402.0
-481.0
-495.0
-529.0
-459.0
-432.0
-504.0
-527.0
-440.0
-507.0
-508.0
-456.0
-512.0
-479.0
-477.0
-402.0
-515.0
-493.0
-492.0
-459.0
-495.0
-452.0
-461.0
-507.0
-454.0
-414.0
-476.0
-508.0
-457.0
-380.0
-420.0
-375.0
-395.0
-452.0
-378.0
-453.0
-453.0
-330.0
-455.0
-407.0
-322.0
-383.0
-426.0
-466.0
-459.0
-431.0
-405.0
-350.0
-458.0
-386.0
-369.0
-412.0
-406.0
-321.0
-343.0
-474.0
-397.0
-440.0
-390.0
-300.0
-380.0
-282.0
-419.0
-397.0
-436.0
-508.0
-320.0
-418.0
-346.0
-319.0
-416.0
-493.0
-543.0
-522.0
-306.0
-427.0
-395.0
-381.0
-425.0
-431.0
-350.0
-367.0
-311.0
-433.0
-419.0
-318.0
-395.0
-346.0
-347.0
-409.0
-352.0
-434.0
-437.0
-331.0
-449.0
-463.0
-485.0
-326.0
-217.0
-327.0
-259.0
-269.0
-318.0
-383.0
-330.0
-369.0
-289.0
-416.0
-342.0
-385.0
-301.0
-365.0
-359.0
-379.0
-348.0
-329.0
-382.0
-373.0
-417.0
-278.0
-246.0
-367.0
-296.0
-318.0
-335.0
-319.0
-258.0
-223.0
-315.0
-387.0
-290.0
-360.0
-418.0
-206.0
-376.0
-394.0
-347.0
-403.0
-335.0
-352.0
-450.0
-279.0
-345.0
-325.0
-346.0
-365.0
-257.0
-380.0
-272.0
-291.0
-316.0
-319.0
-365.0
-274.0
-364.0
-339.0
-282.0
-303.0
-389.0
-365.0
-328.0
-340.0
-242.0
-339.0
-309.0
-195.0
-321.0
-226.0
-327.0
-380.0
-335.0
-301.0
-304.0
-287.0
-343.0
-298.0
-332.0
-347.0
-394.0
-299.0
-310.0
-275.0
-329.0
-242.0
-266.0
-399.0
-303.0
-310.0
-320.0
-222.0
-362.0
-307.0
-265.0
-309.0
-297.0
-360.0
-340.0
-165.0
-402.0
-230.0
-282.0
-314.0
-266.0
-384.0
-382.0
-249.0
-435.0
-325.0
-358.0
-235.0
-290.0
-341.0
-324.0
-228.0
-261.0
-310.0
-195.0
-252.0
-274.0
-280.0
-273.0
-260.0
-301.0
-181.0
-197.0
-268.0
-237.0
-250.0
-351.0
-237.0
-261.0
-213.0
-294.0
-275.0
-134.0
-244.0
-287.0
-181.0
-307.0
-194.0
-317.0
-241.0
-180.0
-346.0
-281.0
-147.0
-244.0
-188.0
-236.0
-206.0
-206.0
-291.0
-222.0
-182.0
-171.0
-281.0
-197.0
-237.0
-201.0
-228.0
-197.0
-135.0
-265.0
-188.0
-255.0
-328.0
-235.0
-171.0
-282.0
-200.0
-236.0
-168.0
-246.0
-282.0
-135.0
-201.0
-258.0
-188.0
-192.0
-184.0
-277.0
-241.0
-102.0
-162.0
-209.0
-189.0
-258.0
-168.0
-325.0
-286.0
-193.0
-231.0
-179.0
-129.0
-232.0
-165.0
-148.0
-272.0
-146.0
-170.0
-221.0
-210.0
-223.0
-197.0
-214.0
-254.0
-112.0
-170.0
-108.0
-174.0
-203.0
-82.0
-129.0
-219.0
-186.0
-103.0
-73.0
-77.0
-230.0
-133.0
-196.0
-203.0
-84.0
-237.0
-154.0
-127.0
-186.0
-115.0
-142.0
-161.0
-240.0
-158.0
-251.0
-106.0
-268.0
-154.0
-162.0
-240.0
-239.0
-294.0
-175.0
-191.0
-138.0
-149.0
-146.0
-166.0
-211.0
-239.0
-173.0
-145.0
-216.0
-101.0
-113.0
-158.0
-195.0
-231.0
-136.0
-156.0
-235.0
-122.0
-170.0
-158.0
-142.0
-153.0
-166.0
-91.0
-163.0
-117.0
-164.0
-179.0
-48.0
-88.0
-122.0
-101.0
-195.0
-98.0
-93.0
-154.0
-101.0
-188.0
-127.0
-119.0
-163.0
-89.0
-117.0
-186.0
-169.0
-103.0
-169.0
-138.0
-189.0
-64.0
-98.0
-168.0
-99.0
-163.0
-100.0
-126.0
-265.0
-59.0
-200.0
-128.0
-13.0
-111.0
-104.0
-137.0
-147.0
-162.0
-89.0
-116.0
-71.0
-175.0
-109.0
-79.0
-140.0
-98.0
-133.0
-152.0
-7.0
-155.0
-62.0
-131.0
-100.0
-162.0
-71.0
-131.0
-61.0
-50.0
-76.0
-119.0
-185.0
-156.0
-113.0
-117.0
-43.0
-188.0
-103.0
62.0
14.0
46.0
76.0
143.0
307.0
290.0
402.0
491.0
488.0
534.0
597.0
582.0
620.0
617.0
615.0
615.0
617.0
600.0
598.0
577.0
590.0
499.0
518.0
574.0
428.0
472.0
398.0
221.0
332.0
274.0
233.0
220.0
8.0
235.0
92.0
93.0
143.0
10.0
55.0
118.0
-65.0
3.0
-90.0
5.0
-26.0
-39.0
-55.0
-139.0
-202.0
-138.0
-136.0
-104.0
-104.0
-220.0
-156.0
-206.0
-229.0
-170.0
-224.0
-223.0
-173.0
-293.0
-214.0
-184.0
-293.0
-232.0
-237.0
-306.0
-344.0
-299.0
-257.0
-217.0
-302.0
-157.0
-240.0
-279.0
-199.0
-334.0
-259.0
-287.0
-296.0
-244.0
-240.0
-276.0
-220.0
-298.0
-309.0
-327.0
-277.0
-375.0
-371.0
-422.0
-257.0
-306.0
-318.0
-182.0
-329.0
-343.0
-288.0
-313.0
-257.0
-360.0
-475.0
-167.0
-251.0
-302.0
-206.0
-297.0
-263.0
-405.0
-351.0
-291.0
-339.0
-306.0
-226.0
-134.0
-71.0
-107.0
-113.0
32.0
-8.0
179.0
174.0
143.0
455.0
427.0
573.0
586.0
520.0
612.0
543.0
605.0
609.0
559.0
575.0
484.0
528.0
476.0
366.0
468.0
295.0
281.0
224.0
288.0
63.0
136.0
190.0
116.0
106.0
-25.0
-32.0
55.0
-96.0
-15.0
-87.0
-84.0
-34.0
-149.0
-201.0
6.0
-269.0
-110.0
-218.0
-210.0
-277.0
-241.0
-304.0
-250.0
-254.0
-213.0
-156.0
-275.0
-185.0
-353.0
-278.0
-137.0
-296.0
-261.0
-241.0
-239.0
-298.0
-350.0
-247.0
-209.0
-342.0
-257.0
-269.0
-355.0
-307.0
-421.0
-237.0
-260.0
-328.0
-321.0
-310.0
-393.0
-233.0
-283.0
-239.0
-271.0
-261.0
-277.0
-322.0
-304.0
-241.0
-357.0
-234.0
-286.0
-412.0
-271.0
-353.0
-274.0
-322.0
-235.0
-257.0
-289.0
-404.0
-283.0
-277.0
-344.0
-225.0
-355.0
-360.0
-313.0
-276.0
-291.0
-251.0
-348.0
-265.0
-294.0
-393.0
-277.0
-423.0
-232.0
-272.0
-393.0
-222.0
-418.0
-266.0
-301.0
-328.0
-392.0
-338.0
-250.0
-230.0
-352.0
-372.0
-231.0
-314.0
-251.0
-337.0
-414.0
-272.0
-391.0
-344.0
-319.0
-350.0
-285.0
-294.0
-400.0
-278.0
-384.0
-322.0
-169.0
-234.0
-291.0
-243.0
-370.0
-206.0
-265.0
-349.0
-261.0
-348.0
-295.0
-322.0
-293.0
-222.0
-342.0
-357.0
-301.0
-379.0
-250.0
-253.0
-334.0
-312.0
-285.0
-277.0
-309.0
-303.0
-374.0
-363.0
-329.0
-219.0
-339.0
-318.0
-216.0
-356.0
-405.0
-351.0
-361.0
-331.0
-300.0
-293.0
-256.0
-284.0
-237.0
-238.0
-379.0
-262.0
-279.0
-313.0
-263.0
-256.0
-270.0
-270.0
-296.0
-215.0
-381.0
-307.0
-228.0
-321.0
-315.0
-246.0
-337.0
-223.0
-373.0
-304.0
-260.0
-297.0
-232.0
-216.0
-331.0
-237.0
-353.0
-230.0
-253.0
-247.0
-190.0
-218.0
-309.0
-195.0
-365.0
-223.0
-156.0
-286.0
-266.0
-254.0
-302.0
-197.0
-228.0
-352.0
-336.0
-247.0
-253.0
-357.0
-235.0
-209.0
-220.0
-302.0
-254.0
-297.0
-207.0
-310.0
-192.0
-159.0
-260.0
-204.0
-234.0
-313.0
-278.0
-149.0
-258.0
-263.0
-218.0
-406.0
-212.0
-213.0
-211.0
-176.0
-299.0
-197.0
-362.0
-263.0
-187.0
-230.0
-271.0
-191.0
-334.0
-247.0
-264.0
-261.0
-172.0
-359.0
-220.0
-180.0
-261.0
-153.0
-277.0
-200.0
-190.0
-267.0
-111.0
-293.0
-287.0
-221.0
-334.0
-303.0
-197.0
-222.0
-175.0
-256.0
-263.0
-167.0
-320.0
-263.0
-214.0
-219.0
-171.0
-251.0
-278.0
-181.0
-247.0
-275.0
-254.0
-261.0
-250.0
-248.0
-310.0
-267.0
-298.0
-223.0
-270.0
-329.0
-304.0
-247.0
-238.0
-156.0
-289.0
-266.0
-115.0
-245.0
-118.0
-259.0
-352.0
-211.0
-271.0
-275.0
-144.0
-283.0
-216.0
-253.0
-269.0
-234.0
-290.0
-271.0
-222.0
-285.0
-228.0
-288.0
-228.0
-120.0
-293.0
-275.0
-202.0
-339.0
-152.0
-184.0
-259.0
-157.0
-202.0
-236.0
-219.0
-218.0
-334.0
-231.0
-182.0
-127.0
-318.0
-256.0
-168.0
-174.0
-90.0
-153.0
-183.0
-224.0
-223.0
-173.0
-158.0
-80.0
-63.0
-178.0
-190.0
-241.0
-252.0
-222.0
-124.0
-225.0
-126.0
-189.0
-224.0
-220.0
-242.0
-165.0
-149.0
-168.0
-223.0
-272.0
-186.0
-180.0
-295.0
-211.0
-236.0
-324.0
-177.0
-202.0
-213.0
-230.0
-214.0
-168.0
-126.0
-163.0
-190.0
-215.0
-171.0
-168.0
-172.0
-181.0
-114.0
-265.0
-143.0
-175.0
-268.0
-93.0
-128.0
-124.0
-75.0
-194.0
-225.0
-41.0
-173.0
5.0
-148.0
-142.0
-99.0
-247.0
-98.0
-35.0
-133.0
-184.0
-69.0
-189.0
-228.0
-222.0
-106.0
-91.0
-134.0
-73.0
-161.0
-93.0
-41.0
-122.0
113.0
58.0
121.0
173.0
125.0
274.0
270.0
376.0
534.0
474.0
527.0
628.0
551.0
600.0
612.0
535.0
628.0
616.0
535.0
546.0
500.0
488.0
489.0
416.0
424.0
338.0
322.0
216.0
253.0
201.0
291.0
140.0
203.0
24.0
84.0
183.0
-33.0
43.0
91.0
25.0
75.0
-29.0
-81.0
-27.0
-165.0
-129.0
-105.0
-241.0
-34.0
-135.0
-250.0
-168.0
-161.0
-108.0
-91.0
-307.0
-192.0
-316.0
-268.0
-199.0
-282.0
-342.0
-311.0
-345.0
-322.0
-237.0
-352.0
-315.0
-277.0
-289.0
-324.0
-369.0
-321.0
-298.0
-436.0
-209.0
-365.0
-380.0
-328.0
-376.0
-341.0
-253.0
-312.0
-282.0
-438.0
-319.0
-219.0
-281.0
-261.0
-260.0
-394.0
-245.0
-326.0
-262.0
-244.0
-491.0
-316.0
-330.0
-350.0
-287.0
-374.0
-413.0
-325.0
-344.0
-362.0
-267.0
-388.0
-295.0
-284.0
-241.0
-167.0
-297.0
-163.0
-123.0
-65.0
43.0
21.0
-26.0
396.0
244.0
457.0
534.0
586.0
616.0
617.0
617.0
616.0
618.0
583.0
611.0
555.0
618.0
574.0
460.0
353.0
340.0
270.0
280.0
107.0
309.0
164.0
109.0
141.0
-7.0
22.0
-61.0
-98.0
-35.0
-131.0
-88.0
-178.0
-196.0
-129.0
-199.0
-286.0
-267.0
-304.0
-235.0
-261.0
-342.0
-276.0
-310.0
-436.0
-376.0
-325.0
-389.0
-258.0
-368.0
-292.0
-411.0
-498.0
-340.0
-369.0
-350.0
-430.0
-436.0
-354.0
-331.0
-365.0
-288.0
-422.0
-383.0
-338.0
-437.0
-457.0
-376.0
-365.0
-345.0
-354.0
-308.0
-429.0
-362.0
-352.0
-465.0
-434.0
-340.0
-406.0
-523.0
-352.0
-385.0
-328.0
-396.0
-459.0
-411.0
-470.0
-428.0
-285.0
-363.0
-408.0
-446.0
-446.0
-357.0
-517.0
-461.0
-323.0
-493.0
-392.0
-411.0
-365.0
-372.0
-496.0
-389.0
-463.0
-529.0
-454.0
-445.0
-462.0
-441.0
-387.0
-463.0
-407.0
-472.0
-359.0
-477.0
-425.0
-318.0
-442.0
-440.0
-354.0
-396.0
-361.0
-421.0
-370.0
-334.0
-412.0
-339.0
-397.0
-373.0
-322.0
-347.0
-390.0
-388.0
-321.0
-340.0
-279.0
-448.0
-345.0
-355.0
-355.0
-304.0
-356.0
-324.0
-427.0
-358.0
-400.0
-367.0
-420.0
-376.0
-402.0
-325.0
-323.0
-390.0
-385.0
-414.0
-354.0
-282.0
-367.0
-331.0
-278.0
-329.0
-281.0
-359.0
-269.0
-313.0
-313.0
-297.0
-240.0
-367.0
-316.0
-372.0
-359.0
-223.0
-352.0
-318.0
-279.0
-407.0
-288.0
-357.0
-383.0
-241.0
-316.0
-223.0
-271.0
-382.0
-331.0
-266.0
-372.0
-203.0
-406.0
-303.0
-298.0
-300.0
-207.0
-266.0
-323.0
-291.0
-343.0
-274.0
-273.0
-272.0
-211.0
-230.0
-334.0
-366.0
-253.0
-173.0
-253.0
-277.0
-243.0
-312.0
-305.0
-276.0
-306.0
-244.0
-297.0
-219.0
-263.0
-275.0
-286.0
-325.0
-361.0
-318.0
-266.0
-240.0
-273.0
-170.0
-308.0
-259.0
-379.0
-301.0
-295.0
-284.0
-221.0
-311.0
-301.0
-327.0
-310.0
-279.0
-246.0
-202.0
-267.0
-171.0
-263.0
-245.0
-184.0
-350.0
-275.0
-373.0
-242.0
-247.0
-268.0
-378.0
-356.0
-240.0
-296.0
-221.0
-165.0
-281.0
-354.0
-249.0
-287.0
-252.0
-249.0
-240.0
-259.0
-380.0
-287.0
-199.0
-247.0
-269.0
-229.0
-316.0
-364.0
-266.0
-263.0
-215.0
-297.0
-258.0
-223.0
-342.0
-206.0
-255.0
-360.0
-208.0
-343.0
-323.0
-202.0
-406.0
-174.0
-263.0
-253.0
-270.0
-259.0
-316.0
-263.0
-323.0
-197.0
-268.0
-365.0
-276.0
-395.0
-276.0
-316.0
-270.0
-190.0
-201.0
-316.0
-171.0
-252.0
-270.0
-243.0
-288.0
-252.0
-327.0
-310.0
-208.0
-346.0
-329.0
-183.0
-227.0
-161.0
-284.0
-269.0
-335.0
-333.0
-296.0
-149.0
-281.0
-180.0
-293.0
-372.0
-299.0
-414.0
-258.0
-203.0
-238.0
-128.0
-246.0
-370.0
-166.0
-319.0
-146.0
-181.0
-218.0
-255.0
-299.0
-318.0
-277.0
-323.0
-293.0
-205.0
-237.0
-178.0
-250.0
-259.0
-290.0
-266.0
-266.0
-187.0
-237.0
-177.0
-282.0
-233.0
-106.0
-142.0
-110.0
15.0
45.0
-5.0
244.0
233.0
343.0
449.0
533.0
549.0
619.0
612.0
617.0
542.0
622.0
614.0
617.0
593.0
495.0
636.0
606.0
569.0
555.0
494.0
533.0
488.0
428.0
446.0
280.0
328.0
389.0
211.0
222.0
218.0
196.0
186.0
147.0
49.0
157.0
-18.0
48.0
102.0
58.0
42.0
-3.0
-18.0
71.0
-177.0
-137.0
-89.0
-143.0
-153.0
-194.0
-245.0
-191.0
-208.0
-182.0
-212.0
-216.0
-301.0
-331.0
-190.0
-194.0
-211.0
-313.0
-223.0
-346.0
-228.0
-402.0
-446.0
-275.0
-274.0
-256.0
-261.0
-366.0
-344.0
-275.0
-306.0
-254.0
-299.0
-303.0
-269.0
-380.0
-239.0
-390.0
-395.0
-371.0
-322.0
-336.0
-420.0
-337.0
-306.0
-413.0
-315.0
-322.0
-357.0
-335.0
-232.0
-357.0
-344.0
-395.0
-514.0
-339.0
-411.0
-400.0
-364.0
-344.0
-378.0
-416.0
-458.0
-313.0
-432.0
-385.0
-338.0
-418.0
-319.0
-337.0
-388.0
-366.0
-400.0
-369.0
-435.0
-346.0
-349.0
-362.0
-445.0
-306.0
-465.0
-330.0
-314.0
-433.0
-308.0
-438.0
-359.0
-319.0
-442.0
-383.0
-268.0
-380.0
-284.0
-373.0
-469.0
-332.0
-432.0
-322.0
-385.0
-416.0
-328.0
-361.0
-454.0
-242.0
-319.0
-322.0
-317.0
-252.0
-227.0
-299.0
-399.0
-297.0
-333.0
-229.0
-308.0
-338.0
-353.0
-401.0
-462.0
-356.0
-457.0
-309.0
-305.0
-361.0
-366.0
-317.0
-418.0
-319.0
-422.0
-242.0
-265.0
-358.0
-262.0
-380.0
-281.0
-350.0
-466.0
-164.0
-289.0
-388.0
-196.0
-291.0
-347.0
-278.0
-233.0
-334.0
-200.0
-270.0
-239.0
-365.0
-324.0
-175.0
-283.0
-280.0
-293.0
-291.0
-323.0
-306.0
-428.0
-320.0
-297.0
-344.0
-237.0
-373.0
-257.0
-256.0
-373.0
-238.0
-263.0
-235.0
-327.0
-374.0
-331.0
-295.0
-356.0
-236.0
-268.0
-293.0
-220.0
-337.0
-213.0
-217.0
-190.0
-176.0
-148.0
-61.0
-45.0
-65.0
77.0
142.0
206.0
458.0
421.0
499.0
624.0
614.0
615.0
612.0
616.0
614.0
607.0
618.0
615.0
571.0
552.0
539.0
305.0
513.0
336.0
403.0
252.0
208.0
259.0
228.0
34.0
137.0
-25.0
126.0
80.0
-75.0
-35.0
-144.0
-134.0
-103.0
-213.0
-177.0
-328.0
-274.0
-222.0
-318.0
-295.0
-265.0
-335.0
-348.0
-373.0
-408.0
-379.0
-288.0
-381.0
-292.0
-464.0
-469.0
-467.0
-441.0
-348.0
-508.0
-491.0
-386.0
-517.0
-457.0
-412.0
-522.0
-290.0
-473.0
-451.0
-411.0
-532.0
-351.0
-427.0
-447.0
-372.0
-454.0
-503.0
-455.0
-494.0
-480.0
-393.0
-436.0
-365.0
-542.0
-509.0
-382.0
-500.0
-293.0
-347.0
-410.0
-285.0
-555.0
-485.0
-361.0
-433.0
-397.0
-456.0
-492.0
-365.0
-327.0
-367.0
-320.0
-408.0
-394.0
-485.0
-439.0
-363.0
-409.0
-478.0
-360.0
-499.0
-428.0
-393.0
-406.0
-325.0
-296.0
-329.0
-329.0
-376.0
-274.0
-260.0
-282.0
-311.0
-314.0
-372.0
-352.0
-503.0
-363.0
-291.0
-386.0
-299.0
-385.0
-291.0
-308.0
-297.0
-170.0
-178.0
-99.0
7.0
-143.0
85.0
221.0
246.0
489.0
513.0
610.0
614.0
614.0
615.0
607.0
584.0
618.0
616.0
607.0
601.0
543.0
451.0
450.0
367.0
376.0
336.0
214.0
228.0
202.0
100.0
60.0
3.0
-50.0
29.0
-4.0
27.0
-29.0
-146.0
-116.0
-193.0
-231.0
-228.0
-177.0
-197.0
-284.0
-420.0
-356.0
-415.0
-342.0
-328.0
-343.0
-344.0
-399.0
-420.0
-342.0
-376.0
-302.0
-315.0
-489.0
-398.0
-482.0
-436.0
-393.0
-473.0
-342.0
-398.0
-483.0
-444.0
-394.0
-480.0
-415.0
-394.0
-383.0
-391.0
-419.0
-362.0
-392.0
-423.0
-476.0
-532.0
-461.0
-460.0
-520.0
-340.0
-474.0
-403.0
-311.0
-478.0
-449.0
-436.0
-465.0
-369.0
-390.0
-469.0
-389.0
-450.0
-502.0
-390.0
-537.0
-469.0
-506.0
-441.0
-380.0
-459.0
-464.0
-362.0
-489.0
-337.0
-373.0
-411.0
-388.0
-404.0
-421.0
-455.0
-499.0
-342.0
-400.0
-444.0
-433.0
-548.0
-436.0
-231.0
-459.0
-322.0
-326.0
-351.0
-341.0
-512.0
-254.0
-317.0
-436.0
-345.0
-297.0
-412.0
-415.0
-494.0
-280.0
-274.0
-343.0
-342.0
-416.0
-367.0
-401.0
-423.0
-221.0
-221.0
-297.0
-284.0
-342.0
-403.0
-348.0
-407.0
-219.0
-303.0
-367.0
-334.0
-390.0
-320.0
-275.0
-337.0
-307.0
-317.0
-469.0
-292.0
-247.0
-266.0
-201.0
-249.0
-304.0
-258.0
-173.0
-64.0
15.0
-62.0
117.0
166.0
367.0
535.0
427.0
642.0
608.0
595.0
617.0
615.0
599.0
619.0
605.0
552.0
474.0
466.0
477.0
309.0
282.0
298.0
260.0
69.0
135.0
84.0
180.0
50.0
19.0
63.0
-49.0
-67.0
-135.0
-224.0
-83.0
-204.0
-180.0
-203.0
-307.0
-269.0
-227.0
-300.0
-270.0
-371.0
-327.0
-303.0
-417.0
-293.0
-351.0
-400.0
-426.0
-412.0
-359.0
-409.0
-384.0
-412.0
-388.0
-440.0
-394.0
-449.0
-399.0
-410.0
-443.0
-394.0
-370.0
-469.0
-304.0
-417.0
-420.0
-491.0
-532.0
-419.0
-383.0
-436.0
-403.0
-440.0
-452.0
-412.0
-553.0
-401.0
-437.0
-382.0
-414.0
-374.0
-449.0
-427.0
-542.0
-325.0
-442.0
-371.0
-453.0
-460.0
-414.0
-400.0
-357.0
-361.0
-375.0
-389.0
-360.0
-361.0
-338.0
-525.0
-447.0
-409.0
-505.0
-400.0
-398.0
-480.0
-467.0
-427.0
-517.0
-270.0
-287.0
-416.0
-329.0
-272.0
-383.0
-234.0
-467.0
-381.0
-352.0
-352.0
-385.0
-426.0
-542.0
-426.0
-455.0
-254.0
-267.0
-427.0
-318.0
-342.0
-247.0
-290.0
-375.0
-313.0
-293.0
-423.0
-305.0
-338.0
-464.0
-412.0
-492.0
-335.0
-312.0
-345.0
-230.0
-317.0
-309.0
-333.0
-385.0
-155.0
-272.0
-281.0
-249.0
-380.0
-421.0
-274.0
-420.0
-402.0
-370.0
-282.0
-233.0
-363.0
-320.0
-278.0
-439.0
-275.0
-384.0
-272.0
-248.0
-343.0
-323.0
-314.0
-396.0
-412.0
-267.0
-311.0
-242.0
-272.0
-235.0
-329.0
-387.0
-344.0
-260.0
-303.0
-200.0
-360.0
-269.0
-290.0
-370.0
-315.0
-288.0
-313.0
-214.0
-356.0
-289.0
-348.0
-285.0
-254.0
-284.0
-256.0
-260.0
-325.0
-297.0
-277.0
-363.0
-268.0
-264.0
-265.0
-261.0
-370.0
-303.0
-326.0
-421.0
-142.0
-270.0
-312.0
-178.0
-230.0
-125.0
-44.0
-52.0
105.0
163.0
211.0
470.0
440.0
553.0
622.0
612.0
617.0
614.0
596.0
618.0
607.0
600.0
552.0
505.0
460.0
506.0
325.0
381.0
373.0
347.0
428.0
272.0
297.0
140.0
161.0
197.0
23.0
96.0
53.0
-31.0
17.0
-128.0
-115.0
-116.0
-193.0
-144.0
-182.0
-258.0
-203.0
-200.0
-247.0
-137.0
-331.0
-222.0
-261.0
-341.0
-235.0
-316.0
-352.0
-272.0
-346.0
-382.0
-344.0
-330.0
-344.0
-386.0
-391.0
-312.0
-362.0
-407.0
-329.0
-462.0
-410.0
-488.0
-404.0
-408.0
-362.0
-300.0
-316.0
-402.0
-236.0
-273.0
-228.0
-137.0
-252.0
-155.0
-42.0
-73.0
126.0
110.0
209.0
407.0
466.0
507.0
552.0
502.0
602.0
609.0
554.0
628.0
568.0
606.0
608.0
609.0
614.0
591.0
524.0
474.0
351.0
411.0
255.0
234.0
240.0
84.0
21.0
63.0
-52.0
18.0
-1.0
-92.0
-9.0
-156.0
-204.0
-73.0
-142.0
-272.0
-205.0
-234.0
-274.0
-337.0
-249.0
-323.0
-335.0
-407.0
-400.0
-436.0
-533.0
-366.0
-408.0
-412.0
-462.0
-533.0
-433.0
-544.0
-404.0
-416.0
-436.0
-435.0
-494.0
-426.0
-422.0
-391.0
-456.0
-448.0
-531.0
-548.0
-435.0
-448.0
-448.0
-532.0
-487.0
-506.0
-489.0
-449.0
-599.0
-424.0
-503.0
-454.0
-472.0
-452.0
-492.0
-469.0
-579.0
-533.0
-362.0
-474.0
-452.0
-549.0
-438.0
-446.0
-433.0
-349.0
-399.0
-514.0
-393.0
-471.0
-482.0
-420.0
-470.0
-439.0
-399.0
-540.0
-430.0
-427.0
-526.0
-354.0
-470.0
-462.0
-350.0
-450.0
-442.0
-417.0
-438.0
-398.0
-392.0
-388.0
-388.0
-499.0
-349.0
-427.0
-498.0
-385.0
-407.0
-385.0
-486.0
-438.0
-401.0
-428.0
-552.0
-417.0
-457.0
-489.0
-469.0
-521.0
-454.0
-359.0
-488.0
-407.0
-457.0
-315.0
-317.0
-271.0
-193.0
-209.0
-107.0
26.0
-31.0
15.0
122.0
56.0
205.0
192.0
260.0
478.0
452.0
531.0
607.0
549.0
619.0
598.0
568.0
619.0
610.0
526.0
477.0
488.0
398.0
311.0
322.0
205.0
126.0
118.0
69.0
8.0
36.0
-61.0
-18.0
-89.0
-105.0
-45.0
-62.0
-91.0
-95.0
-175.0
-241.0
-121.0
-230.0
-318.0
-311.0
-354.0
-350.0
-310.0
-338.0
-260.0
-451.0
-383.0
-378.0
-432.0
-230.0
-331.0
-338.0
-307.0
-333.0
-469.0
-389.0
-430.0
-362.0
-379.0
-367.0
-356.0
-533.0
-429.0
-333.0
-429.0
-365.0
-422.0
-391.0
-401.0
-363.0
-273.0
-305.0
-341.0
-370.0
-275.0
-375.0
-351.0
-348.0
-347.0
-303.0
-333.0
-246.0
-360.0
-345.0
-314.0
-254.0
-359.0
-271.0
-298.0
-386.0
-331.0
-365.0
-278.0
-334.0
-370.0
-325.0
-385.0
-334.0
-357.0
-296.0
-348.0
-383.0
-359.0
-337.0
-427.0
-242.0
-489.0
-395.0
-314.0
-395.0
-378.0
-360.0
-411.0
-282.0
-330.0
-369.0
-356.0
-422.0
-337.0
-370.0
-342.0
-336.0
-383.0
-365.0
-436.0
-440.0
-382.0
-305.0
-387.0
-369.0
-395.0
-371.0
-377.0
-419.0
-428.0
-385.0
-429.0
-221.0
-334.0
-416.0
-344.0
-364.0
-379.0
-418.0
-429.0
-482.0
-464.0
-380.0
-295.0
-392.0
-368.0
-395.0
-377.0
-318.0
-409.0
-338.0
-324.0
-468.0
-345.0
-400.0
-412.0
-317.0
-422.0
-340.0
-288.0
-445.0
-477.0
-362.0
-313.0
-313.0
-334.0
-274.0
-332.0
-400.0
-445.0
-323.0
-431.0
-261.0
-337.0
-344.0
-339.0
-442.0
-430.0
-388.0
-316.0
-341.0
-357.0
-392.0
-314.0
-409.0
-401.0
-314.0
-296.0
-281.0
-305.0
-345.0
-358.0
-340.0
-300.0
-312.0
-339.0
-206.0
-394.0
-379.0
-216.0
-339.0
-243.0
-342.0
-286.0
-282.0
-359.0
-337.0
-289.0
-342.0
-306.0
-326.0
-308.0
-283.0
-372.0
-248.0
-216.0
-294.0
-260.0
-247.0
-268.0
-315.0
-365.0
-328.0
-225.0
-266.0
-128.0
-96.0
-136.0
-86.0
-139.0
-50.0
119.0
12.0
-37.0
233.0
23.0
230.0
234.0
217.0
274.0
236.0
232.0
195.0
-1.0
308.0
251.0
277.0
160.0
78.0
107.0
5.0
-163.0
35.0
-77.0
-152.0
-198.0
-175.0
-264.0
-211.0
-368.0
-406.0
-404.0
-360.0
-326.0
-331.0
-433.0
-369.0
-388.0
-448.0
-445.0
-389.0
-356.0
-472.0
-423.0
-393.0
-535.0
-457.0
-486.0
-450.0
-346.0
-504.0
-442.0
-376.0
-559.0
-445.0
-424.0
-391.0
-398.0
-465.0
-337.0
-434.0
-418.0
-482.0
-456.0
-434.0
-357.0
-402.0
-385.0
-357.0
-467.0
-468.0
-401.0
-379.0
-263.0
-499.0
-427.0
-395.0
-513.0
-336.0
-363.0
-323.0
-326.0
-410.0
-398.0
-448.0
-543.0
-360.0
-357.0
-403.0
-323.0
-345.0
-382.0
-386.0
-432.0
-432.0
-450.0
-244.0
-240.0
-332.0
-307.0
-352.0
-359.0
-410.0
-395.0
-346.0
-270.0
-326.0
-248.0
-307.0
-369.0
-328.0
-300.0
-309.0
-442.0
-346.0
-272.0
-323.0
-451.0
-304.0
-337.0
-334.0
-295.0
-379.0
-390.0
-303.0
-382.0
-284.0
-298.0
-319.0
-241.0
-384.0
-319.0
-391.0
-371.0
-363.0
-266.0
-315.0
-247.0
-333.0
-261.0
-323.0
-352.0
-231.0
-329.0
-377.0
-216.0
-303.0
-324.0
-313.0
-449.0
-278.0
-282.0
-437.0
-259.0
-401.0
-288.0
-208.0
-249.0
-167.0
-206.0
-332.0
-247.0
-325.0
-154.0
-282.0
-293.0
-220.0
-237.0
-257.0
-177.0
-243.0
-255.0
-248.0
-293.0
-191.0
-276.0
-300.0
-191.0
-360.0
-251.0
-165.0
-265.0
-130.0
-234.0
-213.0
-183.0
-210.0
-169.0
-249.0
-227.0
-89.0
-22.0
-110.0
149.0
124.0
187.0
239.0
288.0
395.0
401.0
508.0
605.0
617.0
613.0
614.0
617.0
612.0
610.0
618.0
607.0
615.0
616.0
616.0
609.0
616.0
526.0
460.0
576.0
399.0
416.0
328.0
296.0
331.0
248.0
206.0
195.0
160.0
165.0
98.0
31.0
92.0
21.0
-10.0
124.0
-36.0
-49.0
-29.0
-110.0
-94.0
-165.0
-150.0
-199.0
-154.0
-98.0
-159.0
-181.0
-153.0
-322.0
-280.0
-172.0
-373.0
-238.0
-293.0
-324.0
-272.0
-356.0
-353.0
-227.0
-296.0
-270.0
-207.0
-369.0
-242.0
-274.0
-417.0
-261.0
-320.0
-350.0
-340.0
-385.0
-290.0
-433.0
-347.0
-331.0
-483.0
-323.0
-356.0
-297.0
-312.0
-274.0
-342.0
-343.0
-435.0
-350.0
-298.0
-349.0
-362.0
-377.0
-440.0
-371.0
-428.0
-383.0
-342.0
-437.0
-311.0
-316.0
-342.0
-389.0
-492.0
-283.0
-305.0
-347.0
-317.0
-411.0
-338.0
-369.0
-304.0
-207.0
-267.0
-301.0
-303.0
-178.0
-353.0
-192.0
-407.0
-240.0
-362.0
-361.0
-372.0
-323.0
-452.0
-313.0
-331.0
-328.0
-347.0
-376.0
-233.0
-385.0
-347.0
-266.0
-313.0
-316.0
-327.0
-373.0
-252.0
-343.0
-372.0
-309.0
-341.0
-370.0
-314.0
-363.0
-382.0
-358.0
-315.0
-235.0
-431.0
-325.0
-351.0
-379.0
-383.0
-332.0
-340.0
-281.0
-332.0
-278.0
-337.0
-428.0
-220.0
-333.0
-286.0
-278.0
-326.0
-357.0
-369.0
-284.0
-335.0
-370.0
-369.0
-297.0
-371.0
-276.0
-290.0
-357.0
-290.0
-293.0
-297.0
-323.0
-352.0
-277.0
-348.0
-300.0
-293.0
-314.0
-406.0
-375.0
-427.0
-256.0
-231.0
-309.0
-243.0
-241.0
-360.0
-231.0
-281.0
-400.0
-320.0
-338.0
-340.0
-388.0
-257.0
-283.0
-253.0
-324.0
-314.0
-180.0
-253.0
-346.0
-250.0
-234.0
-291.0
-283.0
-298.0
-284.0
-197.0
-427.0
-335.0
-161.0
-366.0
-303.0
-174.0
-294.0
-224.0
-246.0
-280.0
-234.0
-399.0
-428.0
-283.0
-349.0
-278.0
-276.0
-294.0
-305.0
-353.0
-402.0
-319.0
-394.0
-275.0
-323.0
-280.0
-256.0
-410.0
-364.0
-305.0
-376.0
-331.0
-371.0
-468.0
-371.0
-392.0
-335.0
-293.0
-405.0
-305.0
-389.0
-417.0
-373.0
-511.0
-390.0
-355.0
-342.0
-319.0
-470.0
-414.0
-343.0
-319.0
-294.0
-308.0
-368.0
-313.0
-379.0
-294.0
-241.0
-432.0
-330.0
-291.0
-513.0
-353.0
-364.0
-428.0
-405.0
-340.0
-356.0
-318.0
-365.0
-273.0
-279.0
-270.0
-218.0
-435.0
-367.0
-317.0
-390.0
-361.0
-419.0
-436.0
-278.0
-455.0
-331.0
-316.0
-451.0
-328.0
-278.0
-298.0
-337.0
-346.0
-319.0
-346.0
-365.0
-359.0
-351.0
-305.0
-391.0
-387.0
-354.0
-384.0
-325.0
-335.0
-301.0
-296.0
-249.0
-357.0
-314.0
-370.0
-304.0
-240.0
-233.0
-418.0
-296.0
-261.0
-300.0
-286.0
-279.0
-200.0
-303.0
-186.0
-193.0
-319.0
-209.0
-259.0
-254.0
-266.0
-312.0
-320.0
-323.0
-316.0
-272.0
-315.0
-335.0
-259.0
-331.0
-225.0
-219.0
-239.0
-316.0
-289.0
-465.0
-259.0
-299.0
-270.0
-280.0
-325.0
-243.0
-316.0
-296.0
-185.0
-319.0
-325.0
-290.0
-280.0
-222.0
-183.0
-205.0
-171.0
-281.0
-355.0
-184.0
-332.0
-136.0
-86.0
-99.0
41.0
-76.0
63.0
162.0
169.0
315.0
365.0
424.0
578.0
545.0
554.0
589.0
452.0
503.0
362.0
445.0
352.0
394.0
329.0
286.0
282.0
265.0
145.0
45.0
23.0
54.0
-35.0
20.0
-102.0
-88.0
-77.0
-121.0
-140.0
-101.0
-147.0
-135.0
-212.0
-201.0
-201.0
-223.0
-187.0
-243.0
-248.0
-275.0
-414.0
-391.0
-339.0
-402.0
-309.0
-344.0
-420.0
-239.0
-372.0
-368.0
-296.0
-315.0
-274.0
-300.0
-339.0
-317.0
-363.0
-257.0
-332.0
-433.0
-376.0
-348.0
-317.0
-286.0
-431.0
-416.0
-397.0
-324.0
-241.0
-296.0
-380.0
-281.0
-375.0
-391.0
-445.0
-385.0
-360.0
-376.0
-307.0
-316.0
-393.0
-371.0
-380.0
-451.0
-347.0
-399.0
-369.0
-341.0
-371.0
-399.0
-359.0
-426.0
-239.0
-401.0
-459.0
-345.0
-335.0
-304.0
-355.0
-409.0
-380.0
-338.0
-381.0
-418.0
-442.0
-315.0
-360.0
-493.0
-426.0
-334.0
-403.0
-338.0
-373.0
-312.0
-424.0
-342.0
-316.0
-394.0
-259.0
-304.0
-419.0
-461.0
-340.0
-417.0
-362.0
-365.0
-370.0
-281.0
-402.0
-365.0
-374.0
-447.0
-370.0
-382.0
-466.0
-341.0
-374.0
-331.0
-381.0
-414.0
-354.0
-375.0
-347.0
-375.0
-385.0
-327.0
-442.0
-391.0
-318.0
-388.0
-357.0
-350.0
-438.0
-383.0
-353.0
-487.0
-290.0
-393.0
-381.0
-389.0
-359.0
-375.0
-320.0
-369.0
-313.0
-443.0
-319.0
-305.0
-343.0
-418.0
-440.0
-417.0
-350.0
-320.0
-356.0
-330.0
-375.0
-383.0
-384.0
-399.0
-306.0
-365.0
-301.0
-306.0
-336.0
-387.0
-432.0
-393.0
-208.0
-333.0
-298.0
-314.0
-374.0
-397.0
-310.0
-336.0
-199.0
-319.0
-355.0
-272.0
-394.0
-385.0
-320.0
-353.0
-263.0
-288.0
-418.0
-204.0
-320.0
-263.0
-256.0
-353.0
-336.0
-249.0
-240.0
-243.0
-363.0
-290.0
-300.0
-337.0
-223.0
-383.0
-406.0
-252.0
-285.0
-232.0
-378.0
-253.0
-218.0
-335.0
-270.0
-248.0
-244.0
-228.0
-220.0
-256.0
-299.0
-333.0
-275.0
-244.0
-395.0
-242.0
-212.0
-249.0
-193.0
-331.0
-257.0
-234.0
-381.0
-271.0
-211.0
-314.0
-274.0
-360.0
-346.0
-298.0
-336.0
-359.0
-249.0
-304.0
-240.0
-345.0
-333.0
-175.0
-147.0
-177.0
-70.0
-105.0
-98.0
-88.0
5.0
33.0
-21.0
-19.0
111.0
194.0
227.0
234.0
320.0
526.0
414.0
616.0
568.0
577.0
621.0
606.0
596.0
614.0
561.0
498.0
604.0
455.0
410.0
384.0
332.0
306.0
265.0
265.0
299.0
145.0
260.0
67.0
142.0
183.0
166.0
173.0
85.0
36.0
-8.0
-203.0
-25.0
-2.0
-100.0
-59.0
-29.0
-114.0
-26.0
-175.0
-81.0
-55.0
-138.0
-186.0
-77.0
-185.0
-171.0
-262.0
-183.0
-231.0
-239.0
-187.0
-213.0
-302.0
-213.0
-253.0
-129.0
-156.0
-267.0
-203.0
-178.0
-260.0
-279.0
-247.0
-285.0
-230.0
-261.0
-227.0
-212.0
-297.0
-223.0
-250.0
-200.0
-92.0
-239.0
-206.0
-237.0
-256.0
-155.0
-258.0
-244.0
-178.0
-266.0
-366.0
-364.0
-191.0
-216.0
-186.0
-213.0
-238.0
-340.0
-245.0
-263.0
-318.0
-148.0
-236.0
-297.0
-250.0
-378.0
-287.0
-230.0
-238.0
-233.0
-274.0
-278.0
-285.0
-443.0
-186.0
-232.0
-272.0
-249.0
-325.0
-360.0
-327.0
-477.0
-301.0
-252.0
-319.0
-243.0
-355.0
-367.0
-291.0
-408.0
-321.0
-222.0
-295.0
-310.0
-385.0
-284.0
-257.0
-341.0
-277.0
-187.0
-381.0
-216.0
-355.0
-334.0
-216.0
-371.0
-251.0
-354.0
-314.0
-322.0
-341.0
-404.0
-172.0
-355.0
-239.0
-196.0
-292.0
-244.0
-248.0
-273.0
-214.0
-258.0
-249.0
-243.0
-288.0
-264.0
-335.0
-367.0
-296.0
-362.0
-347.0
-325.0
-297.0
-227.0
-231.0
-173.0
-229.0
-214.0
-223.0
-242.0
-272.0
-209.0
-258.0
-319.0
-219.0
-376.0
-241.0
-303.0
-339.0
-306.0
-307.0
-215.0
-217.0
-282.0
-188.0
-304.0
-201.0
-149.0
-338.0
-254.0
-267.0
-408.0
-310.0
-228.0
-241.0
-185.0
-220.0
-159.0
-257.0
-165.0
-276.0
-167.0
-234.0
-166.0
-234.0
-239.0
-191.0
-221.0
-203.0
-301.0
-241.0
-164.0
-239.0
-250.0
-157.0
-269.0
-204.0
-156.0
-297.0
-266.0
-334.0
-248.0
-239.0
-246.0
-206.0
-240.0
-281.0
-142.0
-238.0
-307.0
-186.0
-240.0
-167.0
-110.0
-222.0
-176.0
-248.0
-212.0
-249.0
-267.0
-232.0
-155.0
-221.0
-192.0
-162.0
-282.0
-121.0
-197.0
-197.0
-261.0
-192.0
-187.0
-199.0
-245.0
-107.0
-285.0
-277.0
-158.0
-313.0
-172.0
-214.0
-211.0
-140.0
-201.0
-172.0
-200.0
-296.0
-154.0
-166.0
-269.0
-121.0
-231.0
-340.0
-220.0
-275.0
-163.0
-156.0
-253.0
-230.0
-291.0
-250.0
-260.0
-221.0
-200.0
-158.0
-305.0
-195.0
-267.0
-209.0
-134.0
-241.0
-229.0
-211.0
-273.0
-200.0
-339.0
-201.0
-145.0
-333.0
-224.0
-233.0
-221.0
-173.0
-247.0
-215.0
-176.0
-247.0
-337.0
-282.0
-262.0
-211.0
-263.0
-165.0
-209.0
-279.0
-124.0
-266.0
-191.0
-254.0
-274.0
-188.0
-137.0
-230.0
-130.0
-204.0
-261.0
-126.0
-157.0
-273.0
-314.0
-350.0
-170.0
-227.0
-276.0
-150.0
-269.0
-184.0
-246.0
-177.0
-197.0
-214.0
-212.0
-171.0
-254.0
-106.0
-206.0
-192.0
-209.0
-250.0
-301.0
-176.0
-237.0
-206.0
-196.0
-319.0
-81.0
-342.0
-225.0
-79.0
-291.0
-156.0
-142.0
-160.0
-144.0
-232.0
-168.0
-80.0
-203.0
-41.0
-116.0
-180.0
-91.0
-206.0
-267.0
-229.0
-199.0
-166.0
-89.0
-177.0
-102.0
-226.0
-297.0
-56.0
-133.0
-7.0
43.0
5.0
54.0
69.0
111.0
178.0
113.0
234.0
378.0
424.0
527.0
526.0
582.0
599.0
587.0
596.0
548.0
584.0
591.0
518.0
389.0
408.0
356.0
385.0
309.0
242.0
293.0
260.0
244.0
121.0
190.0
178.0
169.0
41.0
155.0
143.0
12.0
43.0
3.0
-1.0
-46.0
-146.0
-41.0
-101.0
-93.0
-65.0
-167.0
-23.0
-20.0
-76.0
-102.0
-78.0
-105.0
-96.0
-207.0
-32.0
-92.0
-200.0
-64.0
-221.0
-153.0
-235.0
-236.0
-148.0
-231.0
-179.0
-178.0
-168.0
-240.0
-230.0
-278.0
-146.0
-164.0
-220.0
-155.0
-176.0
-199.0
-194.0
-225.0
-98.0
-117.0
-267.0
-124.0
-316.0
-114.0
-154.0
-200.0
-124.0
-142.0
-251.0
-125.0
-162.0
-181.0
-196.0
-279.0
-238.0
-176.0
-222.0
-116.0
-110.0
-238.0
-167.0
-292.0
-146.0
-183.0
-246.0
-203.0
-107.0
-216.0
-35.0
-147.0
-208.0
-72.0
-191.0
-80.0
-161.0
-229.0
-100.0
-188.0
-203.0
-46.0
-108.0
-37.0
-220.0
-159.0
-178.0
-119.0
-239.0
-139.0
-138.0
-91.0
-254.0
-229.0
-100.0
-163.0
-112.0
-167.0
-60.0
-152.0
-260.0
-138.0
-7.0
-151.0
-101.0
-89.0
-131.0
-156.0
-208.0
-100.0
-56.0
-83.0
-140.0
-126.0
-142.0
-136.0
-90.0
-169.0
-78.0
-162.0
-127.0
-68.0
-224.0
-197.0
-199.0
-120.0
-142.0
-120.0
-147.0
-159.0
-216.0
-101.0
-200.0
-152.0
-168.0
-86.0
-112.0
-117.0
-231.0
-126.0
-140.0
-130.0
-149.0
-225.0
-206.0
-173.0
-200.0
-135.0
-111.0
-125.0
-78.0
-136.0
-173.0
-121.0
-231.0
-67.0
-183.0
-91.0
-11.0
-142.0
-180.0
-112.0
-224.0
-124.0
-213.0
-50.0
6.0
-112.0
109.0
224.0
153.0
308.0
188.0
388.0
531.0
492.0
567.0
618.0
602.0
615.0
616.0
617.0
612.0
566.0
513.0
516.0
395.0
488.0
373.0
264.0
397.0
251.0
214.0
134.0
82.0
133.0
120.0
150.0
71.0
19.0
52.0
59.0
-98.0
-10.0
-34.0
-18.0
-46.0
-127.0
-125.0
-189.0
-173.0
-212.0
-212.0
-134.0
-178.0
-252.0
-180.0
-216.0
-338.0
-242.0
-309.0
-254.0
-220.0
-252.0
-226.0
-243.0
-291.0
-339.0
-280.0
-263.0
-171.0
-283.0
-145.0
-251.0
-395.0
-281.0
-340.0
-259.0
-219.0
-313.0
-258.0
-281.0
-347.0
-258.0
-313.0
-260.0
-257.0
-310.0
-227.0
-262.0
-370.0
-303.0
-365.0
-403.0
-193.0
-286.0
-187.0
-248.0
-362.0
-328.0
-422.0
-257.0
-311.0
-313.0
-284.0
-285.0
-443.0
-298.0
-343.0
-365.0
-213.0
-473.0
-316.0
-291.0
-286.0
-335.0
-311.0
-310.0
-327.0
-386.0
-307.0
-333.0
-394.0
-333.0
-325.0
-323.0
-360.0
-377.0
-281.0
-381.0
-350.0
-316.0
-446.0
-301.0
-379.0
-322.0
-320.0
-335.0
-418.0
-307.0
-373.0
-341.0
-243.0
-327.0
-230.0
-356.0
-357.0
-186.0
-391.0
-379.0
-241.0
-298.0
-288.0
-397.0
-308.0
-286.0
-250.0
-278.0
-197.0
-408.0
-257.0
-171.0
-331.0
-288.0
-270.0
-218.0
-244.0
-344.0
-309.0
-211.0
-389.0
-268.0
-251.0
-340.0
-325.0
-391.0
-209.0
-269.0
-349.0
-246.0
-294.0
-295.0
-286.0
-346.0
-347.0
-296.0
-276.0
-234.0
-297.0
-266.0
-287.0
-333.0
-250.0
-349.0
-344.0
-227.0
-351.0
-299.0
-340.0
-286.0
-317.0
-324.0
-342.0
-196.0
-308.0
-343.0
-255.0
-294.0
-317.0
-271.0
-262.0
-230.0
-334.0
-283.0
-324.0
-383.0
-324.0
-380.0
-344.0
-238.0
-323.0
-290.0
-308.0
-362.0
-209.0
-298.0
-372.0
-223.0
-303.0
-224.0
-284.0
-385.0
-230.0
-299.0
-343.0
-320.0
-386.0
-394.0
-288.0
-298.0
-266.0
-375.0
-348.0
-172.0
-294.0
-251.0
-238.0
-300.0
-279.0
-355.0
-369.0
-191.0
-235.0
-304.0
-241.0
-277.0
-277.0
-250.0
-284.0
-294.0
-298.0
-230.0
-230.0
-208.0
-214.0
-294.0
-315.0
-285.0
-201.0
-231.0
-213.0
-386.0
-281.0
-183.0
-287.0
-136.0
-284.0
-262.0
-342.0
-332.0
-260.0
-298.0
-413.0
-198.0
-307.0
-301.0
-282.0
-342.0
-225.0
-192.0
-313.0
-174.0
-262.0
-209.0
-138.0
-267.0
-290.0
-272.0
-315.0
-247.0
-259.0
-251.0
-266.0
-338.0
-265.0
-229.0
-331.0
-140.0
-266.0
-184.0
-289.0
-299.0
-199.0
-394.0
-251.0
-175.0
-285.0
-291.0
-125.0
-265.0
-230.0
-157.0
-244.0
-279.0
-232.0
-232.0
-133.0
-175.0
-178.0
-172.0
-288.0
-187.0
-269.0
-133.0
-115.0
-214.0
-186.0
-266.0
-225.0
-220.0
-258.0
-155.0
-181.0
-303.0
-159.0
-156.0
-271.0
-168.0
-185.0
-206.0
-151.0
-212.0
-210.0
-133.0
-156.0
-87.0
-111.0
-1.0
-15.0
-33.0
136.0
43.0
161.0
305.0
260.0
376.0
397.0
377.0
524.0
553.0
402.0
621.0
592.0
571.0
613.0
536.0
549.0
399.0
504.0
526.0
473.0
483.0
530.0
383.0
367.0
231.0
297.0
324.0
210.0
289.0
346.0
128.0
184.0
142.0
139.0
157.0
81.0
155.0
40.0
-75.0
-91.0
14.0
-45.0
78.0
-120.0
-109.0
-60.0
-133.0
-168.0
-130.0
-155.0
-54.0
-157.0
-165.0
-81.0
-178.0
-258.0
-127.0
-169.0
-171.0
-235.0
-246.0
-197.0
-200.0
-198.0
-139.0
-236.0
-88.0
-270.0
-264.0
-173.0
-229.0
-168.0
-193.0
-229.0
-219.0
-177.0
-303.0
-286.0
-253.0
-267.0
-343.0
-186.0
-263.0
-250.0
-284.0
-295.0
-356.0
-317.0
-297.0
-265.0
-246.0
-299.0
-287.0
-289.0
-345.0
-239.0
-317.0
-330.0
-266.0
-266.0
-256.0
-288.0
-326.0
-292.0
-285.0
-376.0
-323.0
-338.0
-231.0
-306.0
-294.0
-279.0
-271.0
-328.0
-218.0
-343.0
-289.0
-270.0
-260.0
-257.0
-229.0
-254.0
-223.0
-258.0
-279.0
-256.0
-390.0
-313.0
-327.0
-152.0
-129.0
-235.0
-342.0
-234.0
-344.0
-206.0
-300.0
-272.0
-137.0
-223.0
-231.0
-220.0
-324.0
-330.0
-222.0
-310.0
-269.0
-286.0
-310.0
-257.0
-274.0
-247.0
-247.0
-352.0
-182.0
-250.0
-267.0
-125.0
-295.0
-263.0
-172.0
-180.0
-63.0
-58.0
-64.0
59.0
52.0
192.0
152.0
244.0
426.0
463.0
544.0
599.0
605.0
616.0
615.0
615.0
616.0
587.0
570.0
624.0
609.0
561.0
573.0
426.0
425.0
325.0
346.0
359.0
198.0
195.0
206.0
161.0
205.0
73.0
-1.0
-22.0
-43.0
5.0
-65.0
-153.0
-31.0
-190.0
-101.0
-137.0
-335.0
-203.0
-262.0
-262.0
-213.0
-307.0
-301.0
-291.0
-505.0
-279.0
-274.0
-401.0
-348.0
-380.0
-461.0
-441.0
-364.0
-494.0
-397.0
-458.0
-348.0
-417.0
-431.0
-363.0
-502.0
-422.0
-491.0
-489.0
-331.0
-420.0
-495.0
-419.0
-494.0
-511.0
-465.0
-446.0
-427.0
-440.0
-447.0
-381.0
-446.0
-511.0
-361.0
-501.0
-392.0
-475.0
-464.0
-405.0
-529.0
-452.0
-427.0
-501.0
-282.0
-403.0
-429.0
-423.0
-436.0
-372.0
-366.0
-367.0
-249.0
-396.0
-314.0
-380.0
-460.0
-401.0
-378.0
-376.0
-401.0
-365.0
-410.0
-323.0
-379.0
-420.0
-478.0
-551.0
-346.0
-421.0
-463.0
-376.0
-420.0
-366.0
-312.0
-458.0
-215.0
-337.0
-389.0
-313.0
-378.0
-304.0
-341.0
-259.0
-263.0
-325.0
-324.0
-316.0
-362.0
-406.0
-466.0
-430.0
-349.0
-418.0
-341.0
-331.0
-351.0
-389.0
-429.0
-360.0
-295.0
-343.0
-222.0
-195.0
-353.0
-316.0
-277.0
-401.0
-279.0
-356.0
-284.0
-238.0
-319.0
-300.0
-342.0
-376.0
-259.0
-370.0
-429.0
-242.0
-347.0
-326.0
-299.0
-368.0
-221.0
-352.0
-420.0
-261.0
-444.0
-299.0
-231.0
-292.0
-225.0
-295.0
-314.0
-294.0
-390.0
-413.0
-320.0
-264.0
-266.0
-243.0
-265.0
-284.0
-388.0
-238.0
-248.0
-406.0
-299.0
-309.0
-364.0
-346.0
-315.0
-384.0
-288.0
-341.0
-310.0
-312.0
-362.0
-225.0
-427.0
-357.0
-294.0
-309.0
-316.0
-299.0
-295.0
-169.0
-323.0
-261.0
-207.0
-339.0
-93.0
-188.0
-250.0
72.0
-41.0
92.0
131.0
165.0
371.0
290.0
384.0
440.0
492.0
558.0
493.0
473.0
530.0
438.0
471.0
572.0
312.0
239.0
352.0
294.0
258.0
190.0
215.0
211.0
76.0
144.0
59.0
77.0
96.0
-76.0
-50.0
20.0
2.0
-26.0
-7.0
-138.0
-11.0
-88.0
-128.0
-92.0
-207.0
-33.0
-169.0
-209.0
-191.0
-186.0
-175.0
-111.0
-279.0
-136.0
-238.0
-275.0
-81.0
-206.0
-286.0
-163.0
-179.0
-110.0
-277.0
-340.0
-142.0
-278.0
-262.0
-170.0
-284.0
-222.0
-179.0
-326.0
-171.0
-246.0
-149.0
-244.0
-178.0
-117.0
-266.0
-235.0
-153.0
-155.0
-155.0
-176.0
-173.0
-279.0
-252.0
-246.0
-200.0
-198.0
-190.0
-186.0
-262.0
-255.0
-188.0
-260.0
-275.0
-253.0
-232.0
-200.0
-319.0
-222.0
-239.0
-334.0
-79.0
-194.0
-319.0
-301.0
-332.0
-214.0
-261.0
-285.0
-165.0
-280.0
-327.0
-238.0
-334.0
-304.0
-288.0
-325.0
-187.0
-307.0
-267.0
-336.0
-342.0
-361.0
-257.0
-308.0
-255.0
-265.0
-309.0
-181.0
-385.0
-229.0
-232.0
-266.0
-163.0
-268.0
-276.0
-234.0
-395.0
-197.0
-135.0
-253.0
-246.0
-237.0
-324.0
-359.0
-363.0
-197.0
-243.0
-314.0
-188.0
-244.0
-305.0
-240.0
-338.0
-227.0
-128.0
-295.0
-215.0
-329.0
-354.0
-285.0
-383.0
-305.0
-260.0
-258.0
-260.0
-364.0
-324.0
-332.0
-329.0
-202.0
-334.0
-248.0
-202.0
-360.0
-266.0
-312.0
-345.0
-283.0
-289.0
-380.0
-232.0
-440.0
-274.0
-343.0
-316.0
-237.0
-347.0
-364.0
-294.0
-256.0
-282.0
-164.0
-257.0
-228.0
-152.0
-309.0
-286.0
-284.0
-373.0
-231.0
-241.0
-277.0
-235.0
-313.0
-255.0
-243.0
-336.0
-241.0
-291.0
-185.0
-223.0
-176.0
-119.0
-243.0
-185.0
-95.0
-194.0
-183.0
-240.0
-260.0
-184.0
-300.0
-248.0
-213.0
-272.0
-198.0
-250.0
-243.0
-191.0
-261.0
-211.0
-282.0
-192.0
-180.0
-149.0
-229.0
-221.0
-188.0
-206.0
-134.0
-315.0
-205.0
-172.0
-306.0
-234.0
-165.0
-248.0
-205.0
-225.0
-206.0
-175.0
-298.0
-199.0
-172.0
-219.0
-238.0
-190.0
-168.0
-131.0
-257.0
-188.0
-178.0
-169.0
-101.0
-186.0
-279.0
-250.0
-138.0
-109.0
-166.0
-195.0
-111.0
-198.0
-245.0
-173.0
-239.0
-118.0
-20.0
-193.0
-138.0
-173.0
-220.0
-202.0
-104.0
-121.0
-228.0
-280.0
-97.0
-208.0
-193.0
-206.0
-222.0
-204.0
-150.0
-275.0
-188.0
-200.0
-180.0
-162.0
-303.0
-108.0
-219.0
-202.0
-156.0
-168.0
-213.0
-213.0
-318.0
-155.0
-196.0
-216.0
-144.0
-230.0
-123.0
-175.0
-198.0
-109.0
-200.0
-192.0
-64.0
-261.0
-224.0
-200.0
-326.0
-169.0
-190.0
-231.0
-152.0
-277.0
-201.0
-228.0
-230.0
-134.0
-119.0
-180.0
-272.0
-254.0
-80.0
-102.0
-137.0
-95.0
-179.0
-197.0
-178.0
-258.0
-193.0
-133.0
-288.0
-1.0
-153.0
-194.0
-129.0
-155.0
-164.0
-206.0
-231.0
-127.0
-188.0
-251.0
-180.0
-193.0
-134.0
-237.0
-259.0
-78.0
-227.0
-178.0
-157.0
-235.0
-211.0
-168.0
-201.0
-156.0
-184.0
-237.0
-107.0
-167.0
-90.0
-186.0
-206.0
-218.0
-101.0
-113.0
-106.0
-269.0
-106.0
-166.0
-253.0
-252.0
-168.0
-222.0
-161.0
-250.0
-192.0
-155.0
-266.0
-54.0
-133.0
-120.0
-127.0
-97.0
-214.0
-166.0
-128.0
-200.0
-130.0
-164.0
-134.0
-188.0
-133.0
-154.0
-163.0
-181.0
-258.0
-183.0
-159.0
-115.0
-92.0
-54.0
-171.0
-123.0
-176.0
-205.0
-64.0
-129.0
-117.0
-167.0
-293.0
-158.0
-190.0
-182.0
-178.0
-172.0
-101.0
-96.0
-128.0
-205.0
-201.0
-157.0
-11.0
-202.0
-98.0
-95.0
-230.0
-141.0
-143.0
-122.0
-157.0
-278.0
-206.0
-122.0
-229.0
-54.0
-199.0
-139.0
-118.0
-219.0
-86.0
-128.0
-138.0
-182.0
-74.0
-160.0
-81.0
-229.0
-193.0
-89.0
-194.0
-198.0
-227.0
-156.0
-240.0
-266.0
-217.0
-154.0
-203.0
-121.0
-225.0
-97.0
-68.0
-140.0
-215.0
-203.0
-134.0
-99.0
-155.0
-176.0
-110.0
-193.0
-129.0
-316.0
-180.0
-118.0
-265.0
-154.0
-57.0
-36.0
-139.0
-103.0
-224.0
-162.0
-178.0
-150.0
-76.0
-196.0
-174.0
-223.0
-224.0
-163.0
-74.0
-231.0
-120.0
-209.0
-127.0
-167.0
-176.0
-32.0
-119.0
-128.0
-177.0
-118.0
-181.0
-88.0
-290.0
-68.0
-209.0
-188.0
-144.0
-175.0
-166.0
-111.0
-97.0
15.0
-181.0
-124.0
-50.0
-80.0
-45.0
-18.0
-109.0
81.0
128.0
118.0
136.0
193.0
294.0
339.0
400.0
350.0
431.0
368.0
441.0
453.0
468.0
406.0
314.0
505.0
403.0
368.0
482.0
345.0
362.0
340.0
266.0
334.0
321.0
268.0
333.0
202.0
253.0
214.0
229.0
210.0
92.0
80.0
193.0
2.0
197.0
53.0
88.0
61.0
74.0
74.0
41.0
-41.0
41.0
23.0
-72.0
22.0
-87.0
-70.0
-64.0
-61.0
-109.0
-8.0
-54.0
-115.0
-230.0
-158.0
31.0
-158.0
-79.0
-12.0
-161.0
-107.0
-183.0
-116.0
-116.0
-196.0
-161.0
-111.0
-268.0
-153.0
-152.0
-71.0
-20.0
-124.0
-168.0
-86.0
-112.0
-133.0
-159.0
-91.0
-109.0
-163.0
-117.0
-142.0
-252.0
-221.0
-109.0
-143.0
-178.0
-152.0
-111.0
-156.0
-149.0
-189.0
-196.0
-158.0
-68.0
-50.0
-96.0
-76.0
-33.0
-82.0
-12.0
-52.0
-91.0
-177.0
-131.0
-122.0
-181.0
-64.0
-113.0
-137.0
-91.0
-152.0
-127.0
-150.0
-247.0
-4.0
-105.0
-183.0
-87.0
-209.0
-77.0
-147.0
-120.0
17.0
-60.0
-128.0
-80.0
-154.0
-118.0
-85.0
-135.0
-31.0
-172.0
-146.0
-99.0
-213.0
-141.0
-151.0
-64.0
-62.0
-145.0
-191.0
-100.0
-241.0
-199.0
-167.0
-86.0
-20.0
-122.0
-111.0
-81.0
-230.0
-101.0
-142.0
-173.0
-48.0
-172.0
-103.0
-96.0
-154.0
-150.0
-48.0
-108.0
-65.0
-95.0
-210.0
-191.0
-94.0
-71.0
-101.0
-194.0
-87.0
-213.0
-155.0
-148.0
-231.0
-110.0
-123.0
-226.0
-14.0
-114.0
-87.0
-122.0
-202.0
-157.0
-84.0
-85.0
-42.0
-53.0
-103.0
-45.0
-74.0
-2.0
55.0
-34.0
103.0
225.0
116.0
332.0
432.0
499.0
581.0
624.0
614.0
617.0
616.0
615.0
616.0
616.0
616.0
538.0
627.0
612.0
616.0
570.0
503.0
494.0
482.0
343.0
425.0
372.0
289.0
250.0
201.0
221.0
196.0
125.0
219.0
93.0
-1.0
-93.0
11.0
-13.0
71.0
-171.0
-100.0
-185.0
-184.0
-131.0
-172.0
-310.0
-210.0
-399.0
-205.0
-250.0
-333.0
-168.0
-329.0
-416.0
-386.0
-284.0
-176.0
-275.0
-387.0
-444.0
-371.0
-327.0
-355.0
-378.0
-392.0
-392.0
-411.0
-385.0
-441.0
-356.0
-338.0
-428.0
-358.0
-385.0
-427.0
-330.0
-417.0
-346.0
-302.0
-390.0
-391.0
-475.0
-395.0
-367.0
-499.0
-370.0
-347.0
-468.0
-382.0
-415.0
-447.0
-314.0
-386.0
-345.0
-456.0
-572.0
-338.0
-304.0
-448.0
-333.0
-442.0
-429.0
-444.0
0.0
0.0
0.0
0.0
0.0
0.0
0.0
0.0
0.0
0.0
0.0
0.0
0.0
0.0
0.0
0.0
0.0
0.0
0.0
0.0
0.0
0.0
0.0
0.0
0.0
0.0
0.0
0.0
0.0
0.0
0.0
0.0
0.0
0.0
0.0
0.0
0.0
0.0
0.0
0.0
0.0
0.0
0.0
0.0
0.0
0.0
0.0
0.0
0.0
0.0
0.0
0.0
0.0
0.0
0.0
0.0
0.0
0.0
0.0
0.0
0.0
0.0
0.0
0.0
0.0
0.0
0.0
0.0
0.0
0.0
0.0
0.0
0.0
0.0
0.0
0.0
0.0
0.0
0.0
0.0
0.0
0.0
0.0
0.0
0.0
0.0
0.0
0.0
0.0
0.0
0.0
0.0
0.0
0.0
0.0
0.0
0.0
0.0
0.0
0.0
0.0
0.0
0.0
0.0
0.0
0.0
0.0
0.0
0.0
0.0
0.0
0.0
0.0
0.0
0.0
0.0
0.0
0.0
0.0
0.0
0.0
0.0
0.0
0.0
0.0
0.0
0.0
0.0
