-34.0
-55.0
-15.0
-46.0
-45.0
-37.0
-12.0
-21.0
-9.0
-42.0
-68.0
-24.0
40.0
8.0
-14.0
-47.0
-82.0
-41.0
-29.0
28.0
-3.0
-33.0
-24.0
-18.0
-38.0
-50.0
-37.0
-10.0
-22.0
-42.0
-60.0
-26.0
-40.0
-7.0
-7.0
-63.0
-24.0
-11.0
-6.0
-38.0
-105.0
-45.0
-41.0
-30.0
-46.0
-53.0
-18.0
-67.0
-60.0
-55.0
-39.0
-90.0
-82.0
-80.0
-97.0
-130.0
-115.0
-60.0
-60.0
-49.0
-46.0
-162.0
-32.0
12.0
-63.0
-34.0
36.0
15.0
-36.0
-50.0
-36.0
-30.0
-55.0
-70.0
-47.0
-84.0
-93.0
-61.0
-77.0
-111.0
-23.0
-61.0
-75.0
-59.0
-102.0
-30.0
-48.0
10.0
-40.0
-90.0
-83.0
-97.0
-121.0
-140.0
-145.0
-128.0
-66.0
-102.0
-124.0
-138.0
-125.0
-150.0
-135.0
-109.0
-74.0
-102.0
-155.0
-59.0
-53.0
-133.0
-94.0
-32.0
-61.0
-99.0
-102.0
-219.0
-35.0
16.0
-41.0
-83.0
-99.0
-153.0
-31.0
-42.0
-45.0
-24.0
-31.0
-10.0
-15.0
-16.0
17.0
-120.0
34.0
8.0
21.0
17.0
12.0
-18.0
11.0
-24.0
8.0
-55.0
-12.0
23.0
-7.0
43.0
42.0
27.0
43.0
76.0
49.0
64.0
20.0
-39.0
-8.0
-55.0
-59.0
-33.0
-50.0
-24.0
4.0
25.0
33.0
10.0
-10.0
9.0
74.0
10.0
21.0
-23.0
-14.0
-7.0
-7.0
-33.0
-40.0
-25.0
-35.0
-108.0
23.0
12.0
48.0
88.0
50.0
-7.0
-39.0
16.0
-28.0
79.0
89.0
69.0
27.0
108.0
80.0
-5.0
31.0
-14.0
-25.0
29.0
-29.0
25.0
-14.0
52.0
68.0
31.0
-18.0
2.0
-10.0
12.0
21.0
-30.0
-5.0
-45.0
31.0
38.0
-24.0
23.0
-34.0
-11.0
-12.0
-32.0
-16.0
35.0
7.0
4.0
25.0
-50.0
34.0
79.0
55.0
12.0
-64.0
-10.0
-88.0
-59.0
-6.0
-73.0
-60.0
-3.0
-84.0
-33.0
-11.0
-16.0
-23.0
-65.0
14.0
27.0
7.0
5.0
11.0
-73.0
7.0
49.0
36.0
36.0
-14.0
-53.0
-83.0
-24.0
-50.0
-39.0
-67.0
-5.0
-40.0
-24.0
-48.0
21.0
64.0
14.0
-31.0
-70.0
-20.0
-11.0
-33.0
-24.0
25.0
-23.0
7.0
-1.0
-51.0
-52.0
-20.0
24.0
44.0
-23.0
-46.0
-60.0
-91.0
-62.0
-34.0
-12.0
-12.0
-63.0
-54.0
-56.0
-73.0
-73.0
-68.0
-59.0
-27.0
-12.0
-16.0
-35.0
-85.0
-23.0
1.0
-50.0
-59.0
-51.0
-100.0
-41.0
-16.0
58.0
50.0
56.0
62.0
166.0
209.0
308.0
385.0
464.0
512.0
531.0
523.0
590.0
447.0
541.0
587.0
596.0
501.0
417.0
404.0
364.0
304.0
206.0
217.0
196.0
137.0
115.0
76.0
35.0
17.0
-3.0
2.0
-37.0
-82.0
-103.0
-45.0
-48.0
-72.0
-91.0
-165.0
-77.0
-112.0
-201.0
-105.0
-165.0
-145.0
-208.0
-210.0
-246.0
-247.0
-180.0
-211.0
-161.0
-196.0
-220.0
-199.0
-243.0
-280.0
-295.0
-272.0
-329.0
-256.0
-280.0
-301.0
-297.0
-301.0
-290.0
-302.0
-326.0
-346.0
-353.0
-279.0
-230.0
-263.0
-266.0
-324.0
-370.0
-336.0
-389.0
-368.0
-273.0
-277.0
-306.0
-299.0
-304.0
-323.0
-328.0
-319.0
-336.0
-356.0
-295.0
-342.0
-350.0
-268.0
-270.0
-286.0
-277.0
-301.0
-296.0
-326.0
-317.0
-337.0
-359.0
-378.0
-372.0
-333.0
-328.0
-293.0
-371.0
-294.0
-347.0
-326.0
-231.0
-251.0
-304.0
-216.0
-216.0
-238.0
-256.0
-166.0
-211.0
-243.0
-171.0
-164.0
-198.0
-252.0
-215.0
-265.0
-277.0
-286.0
-310.0
-251.0
-219.0
-261.0
-338.0
-193.0
-194.0
-173.0
-166.0
-199.0
-208.0
-164.0
-146.0
-192.0
-220.0
-261.0
-276.0
-227.0
-138.0
-182.0
-181.0
-224.0
-194.0
-159.0
-157.0
-233.0
-214.0
-173.0
-191.0
-224.0
-235.0
-207.0
-231.0
-217.0
-257.0
-250.0
-259.0
-160.0
-203.0
-221.0
-162.0
-201.0
-192.0
-238.0
-177.0
-187.0
-173.0
-242.0
-169.0
-190.0
-143.0
-144.0
-168.0
-153.0
-130.0
-162.0
-129.0
-116.0
-166.0
-199.0
-109.0
-167.0
-156.0
-184.0
-128.0
-129.0
-154.0
-219.0
-138.0
-240.0
-130.0
-140.0
-99.0
-86.0
-67.0
-70.0
-84.0
-162.0
-121.0
-157.0
-121.0
-114.0
-169.0
-148.0
-157.0
-195.0
-139.0
-156.0
-136.0
-137.0
-193.0
-202.0
-114.0
-135.0
-135.0
-84.0
-55.0
-110.0
-116.0
-100.0
-107.0
-99.0
-98.0
-152.0
-108.0
-95.0
-127.0
-92.0
-125.0
-126.0
-134.0
-172.0
-173.0
-131.0
-168.0
-144.0
-122.0
-149.0
-126.0
-170.0
-212.0
-102.0
-75.0
-88.0
-87.0
-90.0
-89.0
-93.0
-151.0
-126.0
-97.0
-169.0
-121.0
-59.0
-105.0
-131.0
-134.0
-181.0
-117.0
-89.0
-102.0
-88.0
-137.0
-81.0
-49.0
-88.0
4.0
-16.0
-21.0
-81.0
-84.0
-51.0
-87.0
-40.0
-97.0
-71.0
-73.0
-92.0
-81.0
-2.0
22.0
-57.0
-44.0
-29.0
-9.0
-36.0
-27.0
-103.0
-25.0
-47.0
-67.0
-22.0
-36.0
-92.0
-51.0
34.0
24.0
-29.0
-111.0
-24.0
-29.0
-99.0
-69.0
-83.0
-62.0
-40.0
-49.0
-76.0
-64.0
-29.0
-3.0
-52.0
-59.0
-8.0
-56.0
-114.0
-109.0
-51.0
20.0
-32.0
-46.0
-52.0
-50.0
-77.0
-90.0
-114.0
-96.0
-155.0
-78.0
-77.0
-103.0
-69.0
-76.0
-85.0
-53.0
-79.0
-89.0
-51.0
-78.0
-101.0
-96.0
-43.0
-14.0
-7.0
-19.0
-39.0
-93.0
-158.0
14.0
-4.0
-35.0
-28.0
-15.0
-99.0
-105.0
-53.0
-71.0
-38.0
-38.0
-74.0
-109.0
-101.0
-135.0
-120.0
-37.0
-59.0
-85.0
-106.0
-106.0
-48.0
-55.0
-95.0
-96.0
-91.0
-96.0
-80.0
-76.0
-88.0
-77.0
-64.0
-79.0
-121.0
-89.0
-69.0
-86.0
-98.0
-43.0
-49.0
-32.0
-133.0
-72.0
-60.0
-40.0
-33.0
-56.0
-79.0
-67.0
-101.0
-107.0
-59.0
-71.0
-46.0
-45.0
-81.0
-123.0
-114.0
-49.0
-107.0
12.0
-17.0
11.0
-51.0
2.0
19.0
-58.0
-69.0
-44.0
6.0
-31.0
-98.0
-85.0
-7.0
-5.0
-24.0
-91.0
-89.0
-39.0
-24.0
-73.0
-86.0
-68.0
-4.0
-86.0
-69.0
-77.0
-41.0
-64.0
-81.0
-55.0
-58.0
-142.0
-113.0
5.0
-23.0
-16.0
-61.0
4.0
3.0
-18.0
-38.0
-69.0
-30.0
-10.0
-46.0
-50.0
-12.0
21.0
-6.0
-2.0
-22.0
-67.0
-10.0
-42.0
-63.0
-44.0
-36.0
14.0
-21.0
-15.0
-17.0
22.0
-34.0
-12.0
-26.0
10.0
-12.0
-53.0
-88.0
-10.0
-46.0
-31.0
1.0
-15.0
-18.0
-27.0
-50.0
-20.0
10.0
-3.0
16.0
-24.0
-6.0
5.0
-26.0
-44.0
-56.0
-3.0
9.0
-12.0
-18.0
-20.0
-28.0
18.0
13.0
-16.0
41.0
37.0
47.0
36.0
-30.0
-81.0
6.0
64.0
134.0
92.0
25.0
150.0
115.0
88.0
104.0
64.0
77.0
78.0
175.0
206.0
105.0
91.0
117.0
41.0
-4.0
91.0
137.0
23.0
122.0
79.0
50.0
49.0
65.0
76.0
60.0
56.0
64.0
22.0
7.0
109.0
49.0
84.0
86.0
159.0
109.0
103.0
92.0
25.0
20.0
-1.0
58.0
90.0
100.0
79.0
69.0
11.0
72.0
117.0
80.0
36.0
111.0
86.0
107.0
95.0
86.0
54.0
32.0
35.0
31.0
29.0
6.0
91.0
74.0
29.0
-17.0
40.0
18.0
15.0
-18.0
14.0
59.0
27.0
-50.0
125.0
59.0
39.0
28.0
-54.0
2.0
-40.0
30.0
48.0
-8.0
4.0
32.0
21.0
-49.0
61.0
32.0
65.0
4.0
17.0
17.0
-6.0
2.0
-25.0
29.0
17.0
52.0
34.0
16.0
22.0
73.0
82.0
92.0
53.0
81.0
62.0
16.0
28.0
37.0
41.0
38.0
29.0
20.0
66.0
2.0
43.0
10.0
30.0
16.0
47.0
1.0
8.0
61.0
35.0
30.0
-3.0
-24.0
-4.0
-10.0
-28.0
-25.0
-39.0
-24.0
-78.0
-5.0
18.0
-28.0
-7.0
18.0
-68.0
-50.0
-72.0
16.0
5.0
-27.0
-53.0
-46.0
-9.0
-40.0
-27.0
30.0
-25.0
-31.0
-14.0
-46.0
-15.0
27.0
32.0
32.0
39.0
-10.0
-4.0
54.0
54.0
56.0
-14.0
-18.0
29.0
37.0
38.0
58.0
29.0
35.0
-10.0
20.0
-45.0
24.0
-59.0
32.0
58.0
35.0
27.0
60.0
-17.0
7.0
14.0
42.0
68.0
56.0
19.0
10.0
54.0
12.0
-8.0
-1.0
-48.0
-23.0
-24.0
13.0
-18.0
-37.0
-92.0
3.0
36.0
-16.0
-50.0
-68.0
31.0
-22.0
-44.0
-45.0
6.0
-33.0
-24.0
-83.0
-39.0
-42.0
-45.0
-73.0
-23.0
-26.0
-46.0
-67.0
-74.0
-75.0
-50.0
-27.0
-105.0
-47.0
-108.0
-111.0
-68.0
-61.0
-36.0
-27.0
-65.0
-83.0
-62.0
-56.0
12.0
-32.0
-53.0
-76.0
-182.0
-27.0
-42.0
-61.0
-5.0
-55.0
-54.0
-61.0
-37.0
-92.0
-99.0
-48.0
-21.0
-80.0
-79.0
-31.0
-50.0
-68.0
-82.0
-49.0
-100.0
-180.0
-18.0
-57.0
-122.0
-86.0
-36.0
-29.0
-107.0
-71.0
-110.0
-63.0
-11.0
-32.0
-25.0
-20.0
-65.0
-73.0
-127.0
-7.0
-63.0
-33.0
-90.0
-32.0
-122.0
-58.0
-108.0
-22.0
-45.0
-23.0
-46.0
-35.0
-7.0
-13.0
4.0
-12.0
-67.0
9.0
-11.0
-32.0
-33.0
-3.0
-17.0
8.0
-73.0
-69.0
-11.0
5.0
-37.0
-41.0
-40.0
-21.0
-35.0
-5.0
-55.0
25.0
-23.0
29.0
14.0
-16.0
-10.0
-41.0
36.0
9.0
-2.0
8.0
-35.0
-18.0
3.0
23.0
-16.0
24.0
32.0
11.0
2.0
17.0
15.0
-8.0
44.0
-64.0
-37.0
-15.0
37.0
32.0
-20.0
43.0
12.0
6.0
15.0
-10.0
-8.0
21.0
-9.0
31.0
-14.0
-47.0
116.0
82.0
123.0
9.0
-39.0
43.0
-16.0
26.0
11.0
-10.0
19.0
88.0
28.0
-1.0
43.0
54.0
53.0
-6.0
-32.0
13.0
33.0
7.0
-35.0
5.0
-16.0
-28.0
12.0
18.0
31.0
-14.0
-61.0
91.0
17.0
26.0
1.0
1.0
41.0
-6.0
53.0
77.0
80.0
50.0
83.0
35.0
-12.0
80.0
51.0
1.0
62.0
44.0
83.0
49.0
24.0
-34.0
-4.0
20.0
6.0
-91.0
28.0
39.0
2.0
67.0
56.0
22.0
15.0
38.0
76.0
14.0
18.0
53.0
-23.0
-55.0
97.0
39.0
-26.0
48.0
-8.0
6.0
-51.0
4.0
-17.0
-14.0
7.0
-61.0
-53.0
-50.0
-79.0
-27.0
-12.0
4.0
-1.0
-24.0
-94.0
-72.0
-26.0
14.0
5.0
-35.0
7.0
-13.0
-37.0
-68.0
-63.0
76.0
10.0
50.0
3.0
37.0
-27.0
-45.0
-33.0
-50.0
-25.0
-30.0
63.0
4.0
-21.0
5.0
-16.0
17.0
-52.0
-76.0
18.0
42.0
44.0
53.0
-13.0
-32.0
5.0
-33.0
-74.0
73.0
74.0
28.0
42.0
-79.0
-119.0
138.0
97.0
140.0
80.0
106.0
105.0
36.0
74.0
80.0
101.0
99.0
58.0
48.0
33.0
56.0
96.0
12.0
-20.0
-13.0
-35.0
-36.0
-45.0
-1.0
56.0
21.0
61.0
56.0
13.0
23.0
49.0
65.0
68.0
34.0
72.0
26.0
14.0
13.0
10.0
31.0
88.0
32.0
55.0
-51.0
-31.0
52.0
-34.0
-1.0
42.0
-50.0
-27.0
-26.0
17.0
1.0
-10.0
-4.0
13.0
1.0
-21.0
-3.0
-24.0
-57.0
-14.0
-56.0
49.0
27.0
-5.0
-9.0
-62.0
-27.0
-16.0
-53.0
-57.0
-71.0
-28.0
-25.0
-35.0
-54.0
-25.0
-67.0
-67.0
-23.0
-16.0
-34.0
-62.0
-26.0
-30.0
-54.0
-70.0
-76.0
-102.0
-117.0
1.0
-48.0
-83.0
-101.0
-101.0
-49.0
-103.0
-103.0
-99.0
-95.0
-108.0
-90.0
-111.0
-89.0
4.0
-35.0
-26.0
-5.0
-20.0
-3.0
-5.0
-87.0
-120.0
-143.0
-141.0
-45.0
-6.0
3.0
-27.0
-104.0
-50.0
-84.0
-95.0
-66.0
-32.0
-89.0
-109.0
-146.0
-149.0
-67.0
-69.0
-92.0
-159.0
-172.0
-118.0
-80.0
-128.0
-136.0
-197.0
-146.0
-106.0
-216.0
-203.0
-143.0
-144.0
-156.0
-213.0
-154.0
-217.0
-184.0
-161.0
-158.0
-196.0
-184.0
-246.0
-301.0
-150.0
-237.0
-246.0
-212.0
-207.0
-202.0
-211.0
-261.0
-259.0
-260.0
-307.0
-235.0
-93.0
-169.0
-225.0
-238.0
-171.0
-219.0
-271.0
-175.0
-181.0
-200.0
-169.0
-163.0
-165.0
-256.0
-166.0
-136.0
-130.0
-169.0
-173.0
-164.0
-133.0
-185.0
-126.0
-174.0
-135.0
-148.0
-60.0
-119.0
-2.0
14.0
151.0
195.0
283.0
437.0
458.0
467.0
471.0
528.0
569.0
556.0
608.0
511.0
410.0
480.0
473.0
335.0
416.0
312.0
274.0
222.0
163.0
110.0
74.0
163.0
110.0
42.0
11.0
-11.0
4.0
-63.0
-155.0
-157.0
-91.0
-164.0
-158.0
-143.0
-202.0
-259.0
-226.0
-200.0
-252.0
-267.0
-306.0
-284.0
-282.0
-226.0
-293.0
-283.0
-236.0
-204.0
-242.0
-287.0
-279.0
-288.0
-322.0
-336.0
-256.0
-315.0
-309.0
-300.0
-308.0
-322.0
-323.0
-326.0
-333.0
-296.0
-260.0
-305.0
-263.0
-300.0
-313.0
-360.0
-309.0
-283.0
-354.0
-290.0
-323.0
-293.0
-307.0
-407.0
-364.0
-216.0
-272.0
-280.0
-336.0
-315.0
-334.0
-327.0
-350.0
-305.0
-272.0
-288.0
-340.0
-311.0
-244.0
-318.0
-250.0
-296.0
-258.0
-213.0
-252.0
-267.0
-222.0
-281.0
-185.0
-203.0
-237.0
-236.0
-247.0
-184.0
-260.0
-241.0
-251.0
-260.0
-211.0
-253.0
-245.0
-233.0
-269.0
-125.0
-146.0
-190.0
-164.0
-113.0
-119.0
-176.0
-178.0
-185.0
-141.0
-169.0
-220.0
-153.0
-243.0
-204.0
-135.0
-213.0
-150.0
-171.0
-163.0
-214.0
-125.0
-137.0
-175.0
-123.0
-190.0
-311.0
-213.0
-184.0
-224.0
-316.0
-201.0
-223.0
-223.0
-219.0
-145.0
-144.0
-141.0
-178.0
-167.0
-155.0
-177.0
-168.0
-60.0
-121.0
-108.0
-137.0
-116.0
-80.0
-116.0
-111.0
-128.0
-120.0
-135.0
-108.0
-111.0
-63.0
-101.0
-97.0
-120.0
-95.0
-44.0
-94.0
-152.0
-109.0
-56.0
-113.0
-135.0
-130.0
-186.0
-93.0
-140.0
-105.0
-136.0
-114.0
-72.0
-88.0
-133.0
-131.0
-93.0
-88.0
-68.0
-130.0
-144.0
-51.0
-58.0
-102.0
-43.0
-46.0
-100.0
-81.0
-55.0
-41.0
-63.0
-68.0
-88.0
-58.0
-82.0
-59.0
-55.0
-82.0
-65.0
-79.0
-50.0
-53.0
-78.0
-114.0
-64.0
-41.0
-35.0
15.0
-8.0
-24.0
-18.0
-20.0
-43.0
-12.0
-11.0
3.0
-20.0
-58.0
-34.0
-54.0
-61.0
21.0
30.0
59.0
36.0
-17.0
24.0
52.0
44.0
-6.0
62.0
131.0
114.0
48.0
-11.0
-36.0
-34.0
-3.0
-25.0
-18.0
-12.0
-44.0
-42.0
-43.0
1.0
-18.0
-1.0
-25.0
-1.0
-38.0
-44.0
-48.0
-60.0
-4.0
-34.0
-25.0
-51.0
-23.0
-21.0
-27.0
-65.0
-44.0
-17.0
-17.0
-51.0
-20.0
14.0
1.0
-37.0
-14.0
-58.0
-26.0
-9.0
-61.0
-45.0
-71.0
-41.0
-56.0
-126.0
-11.0
-30.0
-71.0
-120.0
-83.0
-67.0
-130.0
-110.0
-53.0
-50.0
-103.0
-70.0
-81.0
-93.0
-20.0
-11.0
-15.0
-46.0
-40.0
-24.0
-38.0
-90.0
-37.0
-108.0
-87.0
-95.0
-84.0
-81.0
-76.0
-65.0
-35.0
-49.0
-25.0
40.0
17.0
16.0
21.0
34.0
-3.0
-55.0
28.0
45.0
60.0
66.0
46.0
-25.0
10.0
62.0
10.0
49.0
8.0
-13.0
27.0
-27.0
17.0
-2.0
-5.0
-55.0
-42.0
52.0
-24.0
-50.0
-33.0
-12.0
-54.0
2.0
34.0
86.0
56.0
-43.0
80.0
34.0
-36.0
-15.0
22.0
-19.0
31.0
-42.0
7.0
42.0
-5.0
58.0
20.0
72.0
45.0
9.0
-2.0
-27.0
67.0
59.0
-18.0
26.0
7.0
77.0
38.0
-16.0
20.0
-14.0
-22.0
64.0
21.0
-5.0
65.0
70.0
17.0
4.0
13.0
60.0
59.0
-6.0
42.0
23.0
51.0
91.0
55.0
87.0
72.0
111.0
111.0
58.0
30.0
31.0
51.0
95.0
88.0
31.0
14.0
50.0
23.0
39.0
23.0
45.0
18.0
47.0
94.0
29.0
86.0
74.0
1.0
-31.0
26.0
65.0
-1.0
-64.0
97.0
56.0
36.0
2.0
5.0
-44.0
17.0
-16.0
40.0
-33.0
0.0
23.0
27.0
-23.0
15.0
88.0
100.0
117.0
26.0
106.0
33.0
34.0
82.0
-13.0
112.0
61.0
41.0
13.0
37.0
24.0
52.0
17.0
-10.0
23.0
6.0
60.0
-9.0
-16.0
-8.0
21.0
-41.0
68.0
23.0
-51.0
40.0
58.0
13.0
-24.0
2.0
43.0
-44.0
55.0
19.0
17.0
16.0
0.0
61.0
53.0
2.0
-39.0
-36.0
-78.0
36.0
7.0
-2.0
-45.0
-40.0
-29.0
-8.0
30.0
40.0
-6.0
22.0
-2.0
18.0
70.0
40.0
55.0
73.0
-49.0
136.0
145.0
65.0
115.0
110.0
45.0
-16.0
28.0
34.0
15.0
15.0
37.0
-16.0
-17.0
5.0
25.0
-27.0
29.0
-29.0
-41.0
6.0
-9.0
-46.0
-32.0
-23.0
-1.0
6.0
79.0
56.0
26.0
-13.0
13.0
16.0
-10.0
42.0
45.0
-13.0
-23.0
-32.0
-20.0
26.0
14.0
22.0
-5.0
14.0
-21.0
38.0
61.0
32.0
27.0
38.0
-20.0
20.0
2.0
11.0
48.0
54.0
91.0
18.0
-12.0
45.0
56.0
58.0
48.0
50.0
69.0
66.0
33.0
13.0
18.0
-27.0
24.0
17.0
40.0
1.0
24.0
33.0
-17.0
74.0
12.0
39.0
15.0
3.0
-5.0
79.0
69.0
24.0
22.0
-20.0
53.0
23.0
14.0
-5.0
32.0
61.0
44.0
49.0
114.0
45.0
24.0
14.0
78.0
50.0
19.0
42.0
126.0
60.0
49.0
41.0
-17.0
116.0
42.0
40.0
89.0
70.0
6.0
61.0
-1.0
79.0
52.0
91.0
63.0
106.0
121.0
71.0
61.0
12.0
68.0
73.0
62.0
81.0
48.0
72.0
86.0
62.0
106.0
68.0
58.0
29.0
8.0
81.0
46.0
142.0
121.0
79.0
54.0
93.0
39.0
10.0
128.0
124.0
117.0
39.0
60.0
41.0
41.0
14.0
65.0
55.0
82.0
14.0
74.0
74.0
87.0
59.0
61.0
18.0
25.0
46.0
34.0
74.0
83.0
68.0
-1.0
53.0
54.0
6.0
40.0
33.0
44.0
38.0
16.0
27.0
77.0
37.0
118.0
88.0
103.0
77.0
97.0
74.0
18.0
64.0
51.0
87.0
47.0
63.0
31.0
57.0
31.0
32.0
-40.0
24.0
84.0
26.0
71.0
93.0
84.0
81.0
82.0
2.0
36.0
83.0
14.0
-39.0
32.0
51.0
42.0
6.0
5.0
44.0
45.0
40.0
-21.0
-46.0
93.0
45.0
-6.0
31.0
52.0
4.0
25.0
11.0
-16.0
-5.0
13.0
-3.0
8.0
-16.0
12.0
82.0
46.0
24.0
-22.0
65.0
39.0
54.0
38.0
12.0
23.0
8.0
21.0
43.0
33.0
-42.0
-39.0
-60.0
-22.0
-25.0
-39.0
37.0
7.0
-47.0
-16.0
4.0
31.0
-7.0
0.0
53.0
54.0
43.0
80.0
52.0
54.0
27.0
41.0
37.0
38.0
37.0
7.0
15.0
114.0
69.0
3.0
51.0
18.0
15.0
34.0
2.0
41.0
26.0
7.0
74.0
7.0
70.0
58.0
33.0
54.0
30.0
30.0
48.0
26.0
-11.0
42.0
48.0
83.0
-30.0
39.0
135.0
77.0
18.0
30.0
55.0
-30.0
-60.0
-27.0
46.0
-35.0
-55.0
-37.0
18.0
-21.0
-72.0
29.0
34.0
29.0
14.0
-13.0
-61.0
-49.0
6.0
-33.0
-11.0
15.0
30.0
-28.0
-86.0
32.0
58.0
-26.0
-5.0
12.0
-26.0
6.0
20.0
35.0
-2.0
11.0
9.0
8.0
15.0
-33.0
-7.0
-1.0
24.0
43.0
-1.0
22.0
13.0
-6.0
39.0
12.0
36.0
19.0
50.0
53.0
16.0
25.0
24.0
51.0
-7.0
33.0
-24.0
-58.0
2.0
-32.0
-16.0
-18.0
-42.0
-46.0
-29.0
-24.0
43.0
-10.0
14.0
-22.0
-61.0
-18.0
-20.0
-65.0
-4.0
-13.0
-44.0
-64.0
-26.0
-48.0
7.0
22.0
-2.0
-27.0
-22.0
-49.0
-52.0
-92.0
-53.0
-5.0
4.0
-34.0
-72.0
-91.0
-87.0
-7.0
-12.0
-2.0
43.0
20.0
-10.0
-18.0
-62.0
-38.0
-39.0
-7.0
-10.0
-11.0
44.0
22.0
52.0
31.0
58.0
14.0
-11.0
8.0
4.0
35.0
39.0
54.0
71.0
22.0
-3.0
79.0
80.0
108.0
56.0
56.0
67.0
-43.0
31.0
20.0
-7.0
17.0
26.0
71.0
65.0
85.0
-5.0
46.0
61.0
18.0
-19.0
35.0
82.0
40.0
82.0
50.0
-2.0
34.0
6.0
32.0
53.0
46.0
46.0
-1.0
64.0
22.0
35.0
5.0
35.0
33.0
61.0
-49.0
35.0
101.0
18.0
34.0
-4.0
12.0
27.0
-20.0
-32.0
12.0
6.0
35.0
-42.0
-3.0
40.0
15.0
35.0
-18.0
63.0
42.0
45.0
36.0
62.0
105.0
45.0
62.0
82.0
52.0
4.0
64.0
110.0
67.0
9.0
9.0
29.0
54.0
67.0
40.0
108.0
68.0
112.0
85.0
66.0
40.0
45.0
8.0
81.0
46.0
98.0
75.0
4.0
20.0
25.0
19.0
18.0
-17.0
40.0
29.0
32.0
2.0
11.0
41.0
-58.0
56.0
26.0
73.0
58.0
4.0
12.0
-7.0
1.0
41.0
0.0
24.0
-43.0
10.0
0.0
-29.0
43.0
53.0
78.0
83.0
69.0
13.0
-44.0
-5.0
9.0
41.0
6.0
31.0
-16.0
-28.0
-30.0
88.0
2.0
42.0
35.0
35.0
31.0
23.0
37.0
37.0
52.0
102.0
33.0
67.0
16.0
-12.0
5.0
24.0
-6.0
-12.0
-32.0
-66.0
13.0
-15.0
8.0
-26.0
-52.0
-8.0
-25.0
2.0
-69.0
8.0
36.0
6.0
39.0
-11.0
-13.0
44.0
50.0
20.0
32.0
22.0
47.0
100.0
6.0
17.0
73.0
83.0
90.0
17.0
23.0
126.0
17.0
62.0
-17.0
11.0
31.0
15.0
76.0
57.0
31.0
32.0
-43.0
-22.0
38.0
102.0
63.0
67.0
41.0
20.0
2.0
69.0
58.0
34.0
-5.0
-13.0
30.0
82.0
67.0
25.0
59.0
66.0
20.0
29.0
15.0
-8.0
16.0
57.0
67.0
18.0
18.0
38.0
9.0
69.0
26.0
55.0
1.0
50.0
-12.0
46.0
36.0
2.0
8.0
-60.0
-1.0
-56.0
-82.0
-26.0
36.0
52.0
52.0
3.0
4.0
-106.0
-23.0
-7.0
14.0
-26.0
6.0
-39.0
-17.0
-10.0
-27.0
-34.0
-18.0
-22.0
-13.0
1.0
13.0
-39.0
-22.0
-26.0
13.0
-54.0
-27.0
-23.0
-10.0
4.0
-37.0
-41.0
-6.0
77.0
48.0
-38.0
-27.0
18.0
65.0
25.0
-27.0
83.0
50.0
33.0
14.0
4.0
6.0
3.0
22.0
22.0
28.0
5.0
-14.0
20.0
36.0
77.0
52.0
116.0
76.0
34.0
44.0
40.0
79.0
36.0
70.0
69.0
54.0
31.0
53.0
28.0
59.0
34.0
34.0
14.0
94.0
52.0
-3.0
11.0
26.0
49.0
27.0
73.0
89.0
35.0
103.0
48.0
74.0
128.0
93.0
137.0
63.0
115.0
112.0
43.0
70.0
61.0
59.0
52.0
91.0
67.0
76.0
12.0
31.0
35.0
41.0
61.0
49.0
74.0
84.0
36.0
-2.0
-12.0
-41.0
-23.0
-58.0
54.0
19.0
29.0
35.0
13.0
-13.0
-74.0
41.0
33.0
42.0
60.0
97.0
36.0
44.0
49.0
-23.0
-1.0
91.0
39.0
29.0
64.0
12.0
128.0
59.0
2.0
68.0
-3.0
-2.0
11.0
31.0
27.0
-33.0
10.0
11.0
21.0
-1.0
32.0
-33.0
-39.0
-43.0
-17.0
103.0
-24.0
33.0
97.0
72.0
-46.0
23.0
-16.0
3.0
-48.0
60.0
49.0
-58.0
57.0
49.0
44.0
101.0
85.0
11.0
17.0
77.0
11.0
6.0
-7.0
45.0
1.0
-14.0
14.0
-7.0
31.0
34.0
81.0
43.0
20.0
17.0
81.0
55.0
39.0
52.0
10.0
35.0
73.0
71.0
54.0
24.0
-17.0
-47.0
63.0
44.0
-22.0
-2.0
69.0
72.0
76.0
48.0
33.0
153.0
127.0
52.0
64.0
58.0
34.0
6.0
7.0
103.0
52.0
19.0
43.0
10.0
24.0
-12.0
50.0
8.0
-3.0
74.0
44.0
-9.0
45.0
80.0
37.0
81.0
33.0
48.0
58.0
36.0
87.0
84.0
93.0
103.0
42.0
46.0
43.0
188.0
215.0
168.0
121.0
97.0
51.0
55.0
100.0
29.0
74.0
53.0
73.0
87.0
97.0
83.0
34.0
40.0
76.0
51.0
73.0
27.0
133.0
80.0
83.0
20.0
72.0
71.0
36.0
34.0
-22.0
-46.0
147.0
63.0
128.0
120.0
105.0
39.0
164.0
103.0
57.0
32.0
-4.0
35.0
118.0
59.0
25.0
17.0
140.0
143.0
96.0
100.0
121.0
66.0
48.0
-9.0
108.0
45.0
5.0
12.0
47.0
55.0
140.0
146.0
82.0
31.0
76.0
62.0
-6.0
6.0
106.0
79.0
33.0
69.0
105.0
103.0
48.0
33.0
39.0
95.0
93.0
83.0
97.0
40.0
84.0
66.0
-32.0
115.0
117.0
39.0
53.0
60.0
40.0
-39.0
24.0
61.0
91.0
43.0
29.0
37.0
14.0
-23.0
5.0
69.0
90.0
47.0
36.0
42.0
-65.0
22.0
33.0
36.0
45.0
26.0
54.0
42.0
37.0
2.0
-19.0
-69.0
54.0
32.0
19.0
-36.0
-68.0
-88.0
-12.0
-29.0
-8.0
-22.0
9.0
-39.0
-74.0
-24.0
-84.0
-124.0
11.0
-14.0
-59.0
-70.0
-28.0
-4.0
-78.0
-27.0
-64.0
-3.0
-14.0
-51.0
-77.0
-44.0
-86.0
-56.0
-45.0
-27.0
17.0
-18.0
-14.0
-51.0
-5.0
-21.0
-49.0
-19.0
-33.0
30.0
22.0
51.0
43.0
28.0
33.0
-7.0
27.0
25.0
19.0
-8.0
-22.0
-7.0
-48.0
-77.0
-93.0
-17.0
-21.0
-33.0
-1.0
5.0
4.0
-34.0
-38.0
-17.0
-5.0
-21.0
-50.0
-63.0
-13.0
-21.0
-70.0
-70.0
-13.0
-4.0
-7.0
-54.0
-25.0
-71.0
-34.0
7.0
-24.0
-25.0
-20.0
-68.0
-75.0
-154.0
39.0
-44.0
-90.0
-15.0
-22.0
-76.0
-55.0
-102.0
12.0
52.0
-21.0
-31.0
8.0
27.0
-26.0
-25.0
-29.0
26.0
11.0
21.0
-40.0
-73.0
-5.0
-30.0
-77.0
-52.0
17.0
-31.0
31.0
-14.0
72.0
-1.0
-1.0
2.0
-19.0
-99.0
-50.0
-41.0
0.0
-75.0
-23.0
-7.0
-82.0
-60.0
-43.0
-10.0
-18.0
-61.0
-43.0
29.0
2.0
-42.0
-77.0
-14.0
-34.0
6.0
-52.0
-76.0
-95.0
-32.0
-48.0
-41.0
-90.0
-96.0
-28.0
3.0
-102.0
1.0
-34.0
-45.0
-5.0
-31.0
33.0
-31.0
-50.0
-63.0
-84.0
-67.0
-97.0
-97.0
-88.0
-103.0
-78.0
-146.0
-43.0
-73.0
-62.0
-114.0
-93.0
-27.0
-28.0
-18.0
-82.0
-84.0
-50.0
-71.0
-80.0
-24.0
-102.0
-101.0
-95.0
-110.0
-102.0
-142.0
-50.0
-45.0
-43.0
-21.0
-84.0
-92.0
-42.0
-84.0
-54.0
-68.0
-42.0
-53.0
-52.0
-64.0
-27.0
-26.0
6.0
47.0
-13.0
21.0
-26.0
-56.0
3.0
16.0
-11.0
1.0
14.0
-22.0
-35.0
17.0
14.0
-1.0
-41.0
-3.0
-3.0
16.0
-4.0
3.0
-26.0
-37.0
-31.0
-48.0
-46.0
32.0
47.0
23.0
-51.0
-110.0
-100.0
-108.0
-48.0
-64.0
-121.0
-125.0
-120.0
-49.0
-33.0
-18.0
-79.0
-43.0
-70.0
-107.0
-62.0
-62.0
-44.0
-49.0
-41.0
-61.0
-92.0
-113.0
-21.0
-50.0
-22.0
-74.0
-104.0
-76.0
-73.0
-143.0
8.0
-13.0
-59.0
42.0
34.0
82.0
153.0
197.0
251.0
326.0
418.0
435.0
479.0
498.0
552.0
526.0
580.0
575.0
515.0
563.0
529.0
605.0
560.0
525.0
540.0
493.0
404.0
383.0
317.0
326.0
303.0
251.0
174.0
132.0
156.0
110.0
120.0
74.0
38.0
38.0
40.0
-50.0
-61.0
-72.0
-64.0
-97.0
-168.0
-172.0
-212.0
-196.0
-201.0
-244.0
-267.0
-221.0
-253.0
-221.0
-221.0
-289.0
-316.0
-338.0
-297.0
-275.0
-337.0
-281.0
-292.0
-276.0
-309.0
-313.0
-308.0
-279.0
-244.0
-335.0
-269.0
-303.0
-281.0
-308.0
-335.0
-314.0
-294.0
-375.0
-361.0
-342.0
-303.0
-297.0
-339.0
-279.0
-290.0
-291.0
-325.0
-399.0
-341.0
-309.0
-296.0
-305.0
-333.0
-284.0
-284.0
-274.0
-329.0
-278.0
-304.0
-303.0
-334.0
-329.0
-344.0
-320.0
-283.0
-309.0
-296.0
-263.0
-279.0
-263.0
-281.0
-280.0
-260.0
-214.0
-253.0
-252.0
-233.0
-265.0
-234.0
-234.0
-235.0
-232.0
-229.0
-244.0
-249.0
-278.0
-254.0
-232.0
-273.0
-256.0
-291.0
-288.0
-284.0
-308.0
-279.0
-322.0
-325.0
-287.0
-337.0
-349.0
-331.0
-364.0
-298.0
-253.0
-278.0
-284.0
-315.0
-248.0
-269.0
-278.0
-307.0
-280.0
-240.0
-251.0
-251.0
-217.0
-230.0
-280.0
-216.0
-236.0
-203.0
-162.0
-204.0
-190.0
-200.0
-173.0
-129.0
-195.0
-109.0
18.0
21.0
100.0
139.0
166.0
287.0
263.0
270.0
354.0
351.0
401.0
430.0
446.0
420.0
415.0
399.0
385.0
370.0
317.0
313.0
261.0
240.0
190.0
105.0
115.0
105.0
90.0
14.0
20.0
16.0
0.0
-53.0
-41.0
-56.0
12.0
-88.0
-146.0
-121.0
-137.0
-161.0
-215.0
-267.0
-210.0
-238.0
-204.0
-176.0
-212.0
-243.0
-292.0
-270.0
-325.0
-256.0
-269.0
-235.0
-251.0
-235.0
-309.0
-281.0
-216.0
-263.0
-270.0
-262.0
-275.0
-272.0
-251.0
-258.0
-248.0
-266.0
-361.0
-234.0
-254.0
-243.0
-280.0
-268.0
-243.0
-222.0
-252.0
-251.0
-294.0
-263.0
-306.0
-256.0
-280.0
-232.0
-220.0
-266.0
-281.0
-252.0
-277.0
-291.0
-220.0
-229.0
-213.0
-207.0
-209.0
-227.0
-182.0
-194.0
-223.0
-157.0
-201.0
-215.0
-229.0
-220.0
-157.0
-219.0
-247.0
-162.0
-183.0
-153.0
-190.0
-219.0
-209.0
-262.0
-217.0
-203.0
-217.0
-199.0
-193.0
-232.0
-190.0
-178.0
-183.0
-177.0
-201.0
-142.0
-169.0
-108.0
-129.0
-164.0
-141.0
-158.0
-137.0
-120.0
-170.0
-198.0
-120.0
-143.0
-177.0
-129.0
-176.0
-194.0
-154.0
-183.0
-253.0
-236.0
-156.0
-71.0
-105.0
-62.0
-114.0
-91.0
-192.0
-183.0
-148.0
-162.0
-201.0
-218.0
-159.0
-168.0
-151.0
-193.0
-158.0
-128.0
-124.0
-121.0
-172.0
-130.0
-163.0
-152.0
-122.0
-172.0
-121.0
-186.0
-151.0
-140.0
-171.0
-149.0
-146.0
-142.0
-154.0
-174.0
-137.0
-143.0
-85.0
-154.0
-128.0
-122.0
-94.0
-70.0
-98.0
-124.0
-141.0
-135.0
-124.0
-98.0
-125.0
-173.0
-92.0
-129.0
-89.0
-111.0
-122.0
-124.0
-111.0
-88.0
-69.0
-96.0
-59.0
-86.0
-95.0
-86.0
-150.0
-107.0
-61.0
-61.0
-98.0
-102.0
-80.0
-105.0
-137.0
-87.0
-27.0
-91.0
-138.0
-88.0
-102.0
-145.0
-80.0
-110.0
-87.0
-82.0
-105.0
-95.0
-101.0
-69.0
-106.0
-63.0
13.0
-79.0
-38.0
12.0
44.0
2.0
-52.0
-32.0
-51.0
-54.0
-24.0
-68.0
-69.0
-34.0
-40.0
-19.0
-63.0
-32.0
-55.0
-60.0
-63.0
-149.0
-106.0
-70.0
-89.0
-73.0
-21.0
-49.0
-28.0
-61.0
-91.0
-68.0
-49.0
-61.0
-49.0
-32.0
5.0
16.0
42.0
13.0
-14.0
-33.0
-59.0
-17.0
-22.0
-64.0
-51.0
4.0
-30.0
7.0
-39.0
-35.0
-92.0
-62.0
-46.0
-31.0
-51.0
-106.0
-37.0
-44.0
-82.0
-114.0
-110.0
-113.0
-130.0
-120.0
-21.0
-11.0
-54.0
-107.0
-63.0
-102.0
-69.0
-153.0
-90.0
-74.0
-44.0
-19.0
-35.0
-64.0
20.0
76.0
16.0
12.0
21.0
25.0
7.0
-18.0
18.0
-19.0
-5.0
-7.0
-29.0
39.0
18.0
71.0
20.0
11.0
40.0
18.0
-17.0
22.0
-14.0
37.0
5.0
-23.0
-78.0
-74.0
-25.0
-15.0
-59.0
-65.0
29.0
4.0
-36.0
1.0
-14.0
-34.0
-34.0
-25.0
-7.0
-29.0
-46.0
-8.0
-3.0
-10.0
6.0
-89.0
-62.0
-115.0
-49.0
-23.0
11.0
-73.0
-8.0
-18.0
-77.0
-30.0
-60.0
48.0
-15.0
86.0
-53.0
-13.0
-4.0
-4.0
3.0
55.0
5.0
-20.0
21.0
-55.0
-11.0
15.0
1.0
-34.0
-34.0
-25.0
-65.0
-33.0
4.0
-7.0
-9.0
3.0
-17.0
6.0
-78.0
-66.0
16.0
23.0
55.0
11.0
-5.0
-21.0
39.0
81.0
106.0
29.0
60.0
39.0
-31.0
38.0
14.0
29.0
90.0
51.0
17.0
46.0
80.0
76.0
86.0
94.0
0.0
-25.0
-17.0
-34.0
46.0
9.0
32.0
8.0
29.0
-2.0
80.0
72.0
40.0
16.0
65.0
24.0
63.0
58.0
30.0
-45.0
18.0
88.0
59.0
41.0
36.0
93.0
66.0
34.0
7.0
29.0
25.0
44.0
43.0
68.0
42.0
19.0
42.0
85.0
26.0
2.0
117.0
105.0
94.0
34.0
7.0
63.0
27.0
6.0
49.0
30.0
-26.0
-24.0
24.0
-5.0
-26.0
-15.0
25.0
-4.0
41.0
1.0
6.0
-2.0
-1.0
77.0
133.0
85.0
87.0
34.0
15.0
-25.0
-49.0
-16.0
16.0
49.0
61.0
13.0
8.0
50.0
1.0
-22.0
30.0
22.0
-13.0
60.0
71.0
52.0
59.0
-9.0
52.0
-20.0
50.0
-36.0
34.0
33.0
-2.0
51.0
34.0
31.0
51.0
34.0
15.0
97.0
78.0
99.0
32.0
90.0
95.0
111.0
76.0
86.0
55.0
74.0
60.0
7.0
-4.0
77.0
32.0
29.0
96.0
52.0
63.0
1.0
1.0
36.0
9.0
98.0
76.0
69.0
33.0
56.0
-11.0
71.0
51.0
-6.0
-48.0
-27.0
24.0
44.0
69.0
47.0
22.0
60.0
41.0
19.0
-14.0
28.0
67.0
3.0
31.0
28.0
-32.0
13.0
-20.0
31.0
21.0
-40.0
17.0
35.0
-6.0
18.0
56.0
27.0
32.0
58.0
90.0
47.0
18.0
56.0
69.0
82.0
24.0
72.0
18.0
59.0
-2.0
-15.0
-42.0
-18.0
57.0
33.0
-26.0
4.0
99.0
68.0
70.0
98.0
38.0
18.0
22.0
51.0
-22.0
41.0
72.0
16.0
10.0
58.0
50.0
80.0
36.0
12.0
50.0
0.0
4.0
16.0
28.0
16.0
33.0
23.0
33.0
25.0
-24.0
31.0
6.0
41.0
13.0
-24.0
7.0
-47.0
8.0
45.0
24.0
19.0
18.0
37.0
100.0
79.0
49.0
19.0
17.0
127.0
72.0
-8.0
50.0
58.0
67.0
-14.0
29.0
-49.0
29.0
20.0
-6.0
87.0
49.0
-1.0
14.0
23.0
33.0
21.0
55.0
39.0
91.0
59.0
54.0
25.0
11.0
106.0
48.0
83.0
116.0
114.0
91.0
98.0
87.0
161.0
96.0
58.0
98.0
40.0
72.0
52.0
38.0
19.0
64.0
72.0
34.0
42.0
14.0
24.0
-23.0
-5.0
62.0
32.0
9.0
25.0
-4.0
37.0
22.0
37.0
95.0
28.0
22.0
-4.0
8.0
-30.0
7.0
8.0
3.0
-56.0
-1.0
-57.0
-26.0
42.0
-29.0
-3.0
14.0
9.0
104.0
21.0
1.0
-58.0
-79.0
-37.0
-53.0
-32.0
11.0
-33.0
29.0
14.0
-3.0
-10.0
29.0
26.0
35.0
1.0
-1.0
12.0
25.0
11.0
17.0
52.0
48.0
26.0
3.0
-22.0
12.0
55.0
31.0
33.0
65.0
49.0
90.0
97.0
138.0
88.0
140.0
86.0
88.0
83.0
82.0
64.0
63.0
77.0
65.0
57.0
18.0
-11.0
88.0
73.0
40.0
7.0
13.0
-60.0
5.0
50.0
46.0
81.0
-6.0
39.0
92.0
55.0
60.0
17.0
35.0
95.0
107.0
60.0
78.0
45.0
20.0
40.0
32.0
64.0
42.0
43.0
-11.0
37.0
53.0
73.0
-1.0
21.0
26.0
-7.0
-32.0
-17.0
39.0
-14.0
-8.0
-53.0
-49.0
-45.0
-19.0
-2.0
4.0
-48.0
-51.0
-51.0
-9.0
-13.0
-50.0
-34.0
-61.0
-51.0
-54.0
-37.0
-17.0
-53.0
-5.0
7.0
46.0
29.0
-52.0
74.0
24.0
23.0
90.0
37.0
11.0
4.0
-39.0
6.0
-33.0
42.0
25.0
38.0
-9.0
-75.0
-57.0
-4.0
15.0
-9.0
-43.0
3.0
-28.0
-49.0
-9.0
-51.0
13.0
-37.0
-71.0
1.0
-18.0
-41.0
-13.0
-21.0
-60.0
14.0
-64.0
-44.0
-8.0
-8.0
-17.0
-32.0
10.0
-21.0
-19.0
-69.0
0.0
-55.0
-103.0
-32.0
-33.0
-36.0
-43.0
-17.0
-65.0
-102.0
-78.0
-32.0
-2.0
-44.0
-41.0
44.0
-1.0
-28.0
-11.0
24.0
66.0
3.0
-26.0
11.0
72.0
18.0
-14.0
-33.0
34.0
33.0
57.0
17.0
-49.0
43.0
4.0
2.0
18.0
73.0
52.0
-1.0
24.0
42.0
-41.0
-102.0
-32.0
-25.0
-17.0
-31.0
-68.0
-90.0
-50.0
17.0
26.0
31.0
14.0
21.0
4.0
-96.0
-92.0
144.0
62.0
54.0
59.0
38.0
29.0
48.0
-41.0
2.0
-11.0
1.0
-34.0
-34.0
-39.0
-4.0
-14.0
-83.0
-32.0
-65.0
-42.0
-109.0
-116.0
2.0
-56.0
-2.0
-44.0
51.0
22.0
60.0
56.0
6.0
-38.0
30.0
15.0
-33.0
-60.0
-5.0
36.0
11.0
-29.0
50.0
18.0
5.0
35.0
-18.0
16.0
57.0
41.0
16.0
-45.0
5.0
71.0
62.0
117.0
105.0
44.0
70.0
72.0
50.0
-5.0
101.0
76.0
100.0
33.0
43.0
32.0
51.0
2.0
44.0
-12.0
-6.0
39.0
30.0
23.0
48.0
13.0
58.0
81.0
-25.0
21.0
19.0
44.0
-2.0
11.0
28.0
16.0
-17.0
54.0
29.0
-5.0
24.0
2.0
54.0
42.0
0.0
27.0
55.0
56.0
61.0
70.0
4.0
90.0
4.0
23.0
82.0
34.0
34.0
18.0
-32.0
22.0
69.0
40.0
-24.0
2.0
-2.0
3.0
-84.0
-29.0
-33.0
-59.0
-22.0
-42.0
-29.0
-69.0
-92.0
-77.0
-26.0
-62.0
-14.0
4.0
-80.0
-82.0
-61.0
-106.0
-82.0
-125.0
-99.0
-49.0
-37.0
-52.0
-71.0
-74.0
-71.0
-117.0
-111.0
-121.0
-51.0
-110.0
-109.0
-65.0
-62.0
-97.0
-74.0
-114.0
-118.0
-109.0
-103.0
-99.0
-100.0
-167.0
-102.0
-88.0
-96.0
-77.0
-101.0
-96.0
-46.0
-72.0
-72.0
-56.0
-95.0
-60.0
-23.0
-80.0
-81.0
-90.0
-45.0
-3.0
-27.0
-59.0
-39.0
-5.0
-59.0
2.0
-23.0
-15.0
-43.0
-49.0
-20.0
-9.0
-79.0
-48.0
-40.0
-69.0
-56.0
-84.0
-55.0
-64.0
-12.0
-7.0
16.0
14.0
-37.0
-73.0
-8.0
37.0
3.0
-25.0
-62.0
23.0
21.0
-45.0
-103.0
10.0
58.0
18.0
2.0
-19.0
20.0
-26.0
-15.0
-27.0
44.0
11.0
7.0
1.0
7.0
5.0
-36.0
-29.0
-4.0
-29.0
-5.0
21.0
28.0
50.0
32.0
44.0
52.0
14.0
-12.0
-25.0
-16.0
-44.0
20.0
25.0
-25.0
-14.0
-7.0
-27.0
-20.0
-9.0
-5.0
-41.0
-26.0
20.0
-2.0
16.0
-52.0
-54.0
-9.0
-32.0
-58.0
-51.0
-128.0
-74.0
-24.0
0.0
-16.0
-31.0
-51.0
-145.0
-19.0
-78.0
-81.0
-60.0
-51.0
-31.0
-27.0
-45.0
-42.0
-89.0
-3.0
15.0
-15.0
-112.0
-35.0
-1.0
-36.0
-87.0
-93.0
-20.0
-29.0
-81.0
-26.0
4.0
-50.0
29.0
31.0
4.0
53.0
23.0
9.0
-17.0
16.0
2.0
-10.0
-23.0
-7.0
39.0
22.0
-27.0
17.0
-5.0
-82.0
32.0
-17.0
-13.0
-42.0
42.0
10.0
-36.0
-29.0
41.0
-3.0
-24.0
-105.0
-75.0
-69.0
-57.0
-76.0
-4.0
-21.0
5.0
-7.0
-44.0
-42.0
-12.0
6.0
25.0
53.0
34.0
46.0
51.0
47.0
27.0
61.0
37.0
-21.0
-40.0
-89.0
-82.0
-50.0
-50.0
35.0
1.0
-11.0
-68.0
-44.0
-33.0
12.0
15.0
-43.0
9.0
-24.0
-48.0
-31.0
17.0
-1.0
51.0
115.0
252.0
284.0
410.0
473.0
496.0
520.0
504.0
605.0
571.0
581.0
568.0
542.0
518.0
574.0
469.0
481.0
527.0
395.0
392.0
433.0
365.0
333.0
270.0
263.0
247.0
183.0
205.0
165.0
93.0
129.0
87.0
82.0
48.0
12.0
-43.0
15.0
-21.0
-40.0
-142.0
-134.0
-87.0
-64.0
-93.0
-157.0
-117.0
-150.0
-169.0
-211.0
-190.0
-168.0
-191.0
-247.0
-215.0
-173.0
-190.0
-195.0
-177.0
-234.0
-209.0
-153.0
-214.0
-150.0
-148.0
-163.0
-240.0
-193.0
-154.0
-204.0
-269.0
-164.0
-174.0
-229.0
-252.0
-258.0
-249.0
-342.0
-272.0
-169.0
-222.0
-249.0
-262.0
-263.0
-244.0
-240.0
-271.0
-307.0
-231.0
-270.0
-252.0
-297.0
-174.0
-192.0
-308.0
-323.0
-299.0
-281.0
-233.0
-249.0
-229.0
-260.0
-256.0
-217.0
-248.0
-188.0
-221.0
-263.0
-219.0
-223.0
-241.0
-249.0
-266.0
-292.0
-199.0
-233.0
-196.0
-197.0
-242.0
-198.0
-231.0
-229.0
-223.0
-266.0
-245.0
-212.0
-252.0
-231.0
-239.0
-197.0
-196.0
-221.0
-261.0
-186.0
-179.0
-240.0
-187.0
-254.0
-213.0
-226.0
-234.0
-208.0
-262.0
-286.0
-228.0
-173.0
-199.0
-230.0
-210.0
-231.0
-229.0
-236.0
-181.0
-183.0
-183.0
-193.0
-222.0
-196.0
-269.0
-246.0
-229.0
-190.0
-218.0
-210.0
-271.0
-237.0
-250.0
-251.0
-244.0
-203.0
-266.0
-238.0
-211.0
-232.0
-272.0
-220.0
-293.0
-238.0
-139.0
-171.0
-218.0
-184.0
-204.0
-238.0
-213.0
-209.0
-251.0
-173.0
-163.0
-208.0
-195.0
-165.0
-177.0
-225.0
-216.0
-204.0
-184.0
-188.0
-177.0
-186.0
-158.0
-220.0
-254.0
-182.0
-165.0
-188.0
-229.0
-174.0
-127.0
-158.0
-147.0
-234.0
-204.0
-214.0
-258.0
-213.0
-200.0
-241.0
-181.0
-175.0
-183.0
-184.0
-169.0
-189.0
-199.0
-227.0
-193.0
-171.0
-161.0
-154.0
-201.0
-213.0
-174.0
-185.0
-223.0
-192.0
-107.0
-151.0
-128.0
-179.0
-148.0
-119.0
-150.0
-190.0
-168.0
-175.0
-194.0
-186.0
-255.0
-124.0
-100.0
-161.0
-166.0
-127.0
-177.0
-139.0
-90.0
-118.0
-127.0
-145.0
-100.0
-115.0
-171.0
-129.0
-146.0
-142.0
-146.0
-190.0
-205.0
-180.0
-197.0
-144.0
-148.0
-195.0
-106.0
-95.0
-150.0
-37.0
-19.0
72.0
180.0
179.0
269.0
303.0
406.0
480.0
493.0
463.0
510.0
491.0
495.0
605.0
588.0
565.0
548.0
562.0
553.0
489.0
590.0
578.0
499.0
458.0
550.0
563.0
533.0
533.0
578.0
491.0
483.0
518.0
458.0
480.0
433.0
564.0
503.0
437.0
501.0
604.0
516.0
440.0
586.0
590.0
502.0
463.0
576.0
576.0
369.0
574.0
548.0
350.0
419.0
418.0
348.0
386.0
361.0
390.0
465.0
376.0
374.0
520.0
485.0
442.0
398.0
361.0
240.0
431.0
475.0
354.0
221.0
520.0
456.0
404.0
293.0
444.0
403.0
390.0
282.0
428.0
392.0
323.0
369.0
377.0
469.0
438.0
248.0
363.0
320.0
166.0
285.0
33.0
465.0
345.0
182.0
-40.0
309.0
202.0
162.0
57.0
9.0
-101.0
-47.0
61.0
-158.0
-399.0
-278.0
-385.0
-501.0
-515.0
-533.0
-536.0
-418.0
-540.0
-508.0
-541.0
-496.0
-498.0
-544.0
-539.0
-522.0
-535.0
-510.0
-531.0
-462.0
-538.0
-492.0
-530.0
-535.0
-491.0
-378.0
-439.0
-390.0
-338.0
-209.0
151.0
465.0
591.0
580.0
597.0
595.0
593.0
597.0
570.0
470.0
618.0
587.0
468.0
392.0
526.0
410.0
430.0
416.0
382.0
259.0
172.0
243.0
63.0
-32.0
18.0
-144.0
-116.0
-191.0
-300.0
-427.0
-512.0
-464.0
-501.0
-530.0
-521.0
-539.0
-524.0
-476.0
-534.0
-538.0
-458.0
-477.0
-516.0
-522.0
-531.0
-527.0
-529.0
-510.0
-500.0
-514.0
-484.0
-470.0
-488.0
-473.0
-518.0
-437.0
-534.0
-446.0
-458.0
-427.0
-447.0
-487.0
-479.0
-509.0
-354.0
-334.0
-438.0
-404.0
-353.0
-367.0
-383.0
-334.0
-206.0
-229.0
-272.0
-175.0
-112.0
24.0
149.0
181.0
510.0
512.0
613.0
587.0
596.0
599.0
598.0
597.0
548.0
435.0
614.0
567.0
541.0
465.0
448.0
554.0
277.0
319.0
297.0
175.0
169.0
1.0
-97.0
-202.0
6.0
-142.0
-260.0
-366.0
-399.0
-469.0
-437.0
-474.0
-439.0
-542.0
-485.0
-496.0
-494.0
-529.0
-469.0
-493.0
-501.0
-513.0
-520.0
-497.0
-512.0
-518.0
-468.0
-425.0
-493.0
-514.0
-504.0
-447.0
-506.0
-457.0
-398.0
-396.0
-446.0
-392.0
-383.0
-380.0
-392.0
-492.0
-392.0
-399.0
-380.0
-425.0
-359.0
-363.0
-417.0
-362.0
-319.0
-383.0
-354.0
-312.0
-361.0
-399.0
-402.0
-384.0
-373.0
-359.0
-357.0
-331.0
-381.0
-379.0
-337.0
-293.0
-310.0
-301.0
-314.0
-308.0
-327.0
-292.0
-237.0
-227.0
-268.0
-265.0
-209.0
-270.0
-250.0
-310.0
-325.0
-294.0
-245.0
-227.0
-236.0
-292.0
-258.0
-303.0
-324.0
-330.0
-239.0
-226.0
-274.0
-314.0
-277.0
-238.0
-279.0
-256.0
-262.0
-193.0
-203.0
-221.0
-229.0
-195.0
-205.0
-242.0
-172.0
-199.0
-257.0
-190.0
-154.0
-143.0
-196.0
-176.0
-106.0
-146.0
-104.0
-137.0
-139.0
-168.0
-228.0
-170.0
-164.0
-148.0
-144.0
-159.0
-159.0
-148.0
-183.0
-133.0
-152.0
-215.0
-175.0
-164.0
-205.0
-171.0
-174.0
-193.0
-153.0
-138.0
-162.0
-205.0
-191.0
-172.0
-120.0
-188.0
-152.0
-131.0
-102.0
-162.0
-51.0
-41.0
-77.0
-144.0
-111.0
-119.0
-197.0
-109.0
-161.0
-93.0
-114.0
-88.0
-78.0
-136.0
-150.0
-132.0
-94.0
-145.0
-159.0
-100.0
-92.0
-108.0
-140.0
-139.0
-101.0
-78.0
-124.0
-143.0
-102.0
-126.0
-84.0
-115.0
-73.0
-93.0
-73.0
-76.0
-49.0
-73.0
-35.0
-36.0
19.0
25.0
24.0
-12.0
-35.0
29.0
48.0
-4.0
34.0
30.0
-26.0
35.0
-36.0
-35.0
14.0
6.0
-17.0
-37.0
-6.0
44.0
-50.0
24.0
54.0
-13.0
-6.0
6.0
-13.0
-24.0
49.0
-10.0
-5.0
14.0
48.0
-9.0
-52.0
-40.0
10.0
-7.0
-22.0
21.0
-47.0
-2.0
-58.0
3.0
-35.0
-53.0
14.0
-28.0
-17.0
-50.0
-11.0
-33.0
42.0
4.0
23.0
-1.0
-24.0
-55.0
-50.0
8.0
15.0
-38.0
11.0
-30.0
-33.0
-10.0
-23.0
-42.0
-20.0
-40.0
55.0
103.0
121.0
98.0
-22.0
-81.0
-19.0
54.0
79.0
14.0
-6.0
-62.0
41.0
97.0
56.0
48.0
75.0
101.0
41.0
73.0
107.0
88.0
65.0
50.0
139.0
-7.0
-24.0
85.0
64.0
80.0
43.0
54.0
95.0
125.0
104.0
107.0
64.0
109.0
112.0
136.0
108.0
108.0
22.0
61.0
164.0
150.0
116.0
183.0
204.0
216.0
411.0
508.0
595.0
581.0
570.0
563.0
604.0
597.0
599.0
593.0
594.0
589.0
523.0
441.0
543.0
392.0
362.0
334.0
304.0
281.0
293.0
246.0
221.0
216.0
196.0
33.0
102.0
59.0
51.0
36.0
-16.0
-50.0
-51.0
-57.0
-83.0
-108.0
-114.0
-119.0
-170.0
-165.0
-171.0
-246.0
-301.0
-307.0
-254.0
-210.0
-248.0
-312.0
-291.0
-277.0
-317.0
-370.0
-294.0
-340.0
-291.0
-362.0
-319.0
-352.0
-384.0
-304.0
-327.0
-411.0
-323.0
-350.0
-365.0
-399.0
-359.0
-373.0
-344.0
-319.0
-339.0
-372.0
-387.0
-374.0
-370.0
-330.0
-291.0
-251.0
-264.0
-310.0
-243.0
-233.0
-227.0
-268.0
-225.0
-242.0
-226.0
-239.0
-292.0
-254.0
-266.0
-261.0
-254.0
-261.0
-289.0
-335.0
-253.0
-271.0
-258.0
-254.0
-285.0
-244.0
-185.0
-177.0
-198.0
-250.0
-161.0
-211.0
-206.0
-248.0
-221.0
-234.0
-218.0
-246.0
-277.0
-256.0
-250.0
-243.0
-213.0
-204.0
-247.0
-243.0
-241.0
-199.0
-213.0
-256.0
-181.0
-230.0
-227.0
-199.0
-233.0
-241.0
-208.0
-204.0
-210.0
-225.0
-258.0
-231.0
-261.0
-240.0
-248.0
-236.0
-152.0
-123.0
-118.0
-167.0
-188.0
-163.0
-158.0
-165.0
-164.0
-156.0
-166.0
-214.0
-195.0
-110.0
-74.0
-133.0
-111.0
-110.0
-58.0
-90.0
-117.0
-157.0
-20.0
-91.0
-24.0
-82.0
-145.0
-120.0
-122.0
-87.0
-44.0
-56.0
-90.0
-157.0
-73.0
-106.0
-95.0
-124.0
-92.0
-104.0
-63.0
-34.0
-37.0
-36.0
-138.0
-145.0
-103.0
-116.0
-88.0
-75.0
-79.0
-38.0
-108.0
-80.0
-97.0
-65.0
-7.0
-44.0
-51.0
-43.0
-54.0
-70.0
-99.0
-93.0
-103.0
-131.0
-102.0
-76.0
-29.0
-82.0
-76.0
-76.0
-95.0
-102.0
-125.0
-92.0
-81.0
-62.0
-79.0
-92.0
-22.0
-50.0
-108.0
-132.0
-103.0
-134.0
-156.0
-113.0
-130.0
-89.0
-161.0
-78.0
-95.0
-84.0
-114.0
-102.0
-143.0
-61.0
-49.0
-82.0
-100.0
-67.0
-69.0
-114.0
-70.0
-33.0
-97.0
-52.0
-54.0
-95.0
-92.0
-99.0
-40.0
-84.0
-60.0
-78.0
-67.0
-56.0
15.0
-28.0
30.0
-10.0
-32.0
-10.0
-29.0
-1.0
-14.0
55.0
55.0
36.0
11.0
16.0
11.0
1.0
-42.0
-35.0
1.0
11.0
-70.0
-18.0
-79.0
-25.0
-80.0
-64.0
12.0
-23.0
-31.0
-18.0
-48.0
-49.0
-40.0
-86.0
-1.0
-31.0
-59.0
-2.0
38.0
-26.0
-100.0
-97.0
-68.0
-44.0
-37.0
-60.0
-26.0
-41.0
-15.0
-7.0
-13.0
-39.0
-24.0
-18.0
-43.0
-47.0
6.0
-20.0
-28.0
-40.0
13.0
-35.0
51.0
27.0
-11.0
-56.0
-14.0
-7.0
5.0
-53.0
-41.0
-86.0
-16.0
-62.0
-27.0
29.0
35.0
-39.0
-62.0
-16.0
-25.0
-43.0
5.0
50.0
3.0
32.0
39.0
22.0
26.0
34.0
91.0
7.0
-3.0
88.0
47.0
34.0
11.0
-16.0
33.0
46.0
90.0
40.0
55.0
84.0
54.0
95.0
101.0
60.0
98.0
97.0
38.0
15.0
2.0
92.0
64.0
75.0
61.0
61.0
54.0
48.0
26.0
76.0
81.0
77.0
41.0
60.0
37.0
120.0
111.0
99.0
91.0
88.0
96.0
117.0
88.0
97.0
110.0
101.0
150.0
95.0
134.0
153.0
156.0
117.0
65.0
40.0
90.0
103.0
161.0
202.0
164.0
126.0
69.0
78.0
119.0
92.0
96.0
112.0
76.0
84.0
90.0
27.0
68.0
49.0
88.0
76.0
20.0
32.0
35.0
52.0
-12.0
50.0
20.0
59.0
67.0
56.0
72.0
91.0
125.0
60.0
85.0
66.0
95.0
82.0
91.0
100.0
83.0
96.0
64.0
94.0
60.0
42.0
86.0
103.0
41.0
75.0
90.0
104.0
62.0
11.0
83.0
115.0
69.0
53.0
44.0
101.0
82.0
45.0
96.0
79.0
80.0
70.0
130.0
202.0
186.0
201.0
189.0
337.0
425.0
533.0
552.0
480.0
561.0
596.0
595.0
542.0
523.0
505.0
495.0
387.0
364.0
284.0
381.0
301.0
293.0
297.0
249.0
222.0
203.0
212.0
176.0
230.0
172.0
178.0
212.0
196.0
122.0
94.0
64.0
93.0
46.0
32.0
-26.0
45.0
-8.0
16.0
25.0
-47.0
59.0
35.0
34.0
47.0
56.0
86.0
48.0
-15.0
-76.0
-96.0
-100.0
-40.0
-46.0
-58.0
-53.0
-112.0
-90.0
-116.0
-142.0
-101.0
-126.0
-169.0
-177.0
-216.0
-137.0
-140.0
-197.0
-157.0
-143.0
-131.0
-133.0
-222.0
-184.0
-143.0
-147.0
-152.0
-163.0
-210.0
-192.0
-180.0
-175.0
-102.0
-80.0
-123.0
-128.0
-131.0
-126.0
-175.0
-172.0
-127.0
-152.0
-149.0
-142.0
-166.0
-127.0
-179.0
-172.0
-196.0
-150.0
-126.0
-180.0
-178.0
-120.0
-157.0
-121.0
-193.0
-117.0
-111.0
-145.0
-144.0
-125.0
-206.0
-201.0
-150.0
-181.0
-197.0
-188.0
-162.0
-168.0
-147.0
-124.0
-131.0
-181.0
-146.0
-171.0
-153.0
-169.0
-215.0
-153.0
-183.0
-179.0
-129.0
-101.0
-106.0
-109.0
-135.0
-82.0
-60.0
-109.0
-91.0
-15.0
-83.0
-83.0
-104.0
-44.0
-66.0
-58.0
-153.0
-108.0
-78.0
-89.0
-78.0
-55.0
-84.0
-164.0
-117.0
-166.0
-127.0
-106.0
-108.0
-85.0
-50.0
-60.0
-55.0
7.0
-8.0
-77.0
-72.0
-59.0
-33.0
-120.0
-38.0
-22.0
-77.0
-62.0
-52.0
-62.0
-35.0
-87.0
-59.0
-91.0
-49.0
-155.0
-152.0
-43.0
-72.0
-56.0
-108.0
-123.0
-97.0
-63.0
-48.0
-45.0
-49.0
-68.0
-68.0
-50.0
-59.0
23.0
-40.0
3.0
-34.0
-8.0
3.0
10.0
24.0
-5.0
8.0
-11.0
-13.0
-6.0
-22.0
-45.0
-40.0
-6.0
-56.0
-98.0
-78.0
-46.0
-59.0
-97.0
-86.0
-36.0
-30.0
-26.0
-45.0
-30.0
-31.0
-60.0
-63.0
-59.0
8.0
-7.0
-61.0
-84.0
-48.0
-101.0
-105.0
1.0
-49.0
-82.0
-75.0
-54.0
-65.0
-94.0
-35.0
-26.0
-105.0
-123.0
-6.0
-77.0
-79.0
-51.0
-65.0
-89.0
-83.0
-50.0
-17.0
5.0
-47.0
-34.0
-61.0
-29.0
-39.0
-37.0
-88.0
13.0
20.0
31.0
-7.0
24.0
-10.0
-83.0
-45.0
43.0
35.0
10.0
-20.0
-38.0
-6.0
16.0
0.0
-42.0
-1.0
33.0
11.0
-70.0
-99.0
-57.0
-60.0
-53.0
-66.0
-65.0
-39.0
-64.0
-82.0
-51.0
6.0
-29.0
-25.0
-53.0
-54.0
-74.0
-38.0
-70.0
-14.0
-58.0
-36.0
-43.0
-95.0
-96.0
-97.0
-40.0
-106.0
-49.0
-55.0
-58.0
-36.0
-6.0
-25.0
-36.0
-10.0
-14.0
-20.0
-22.0
-32.0
-16.0
-46.0
-90.0
-58.0
-53.0
-38.0
-87.0
-62.0
-87.0
-125.0
-39.0
-54.0
-54.0
-94.0
-63.0
-115.0
-75.0
-67.0
-99.0
-52.0
-122.0
-144.0
-95.0
-126.0
-36.0
-93.0
-110.0
-133.0
-118.0
-139.0
-124.0
-116.0
-110.0
-129.0
-134.0
-86.0
-60.0
-100.0
-122.0
-76.0
-103.0
-116.0
-3.0
-58.0
-84.0
-134.0
-145.0
-114.0
-138.0
-143.0
-89.0
-97.0
-152.0
-54.0
34.0
20.0
13.0
24.0
5.0
-16.0
50.0
94.0
18.0
-7.0
-39.0
-64.0
-6.0
-19.0
-63.0
7.0
25.0
40.0
47.0
13.0
39.0
98.0
81.0
81.0
173.0
153.0
112.0
69.0
12.0
68.0
43.0
75.0
61.0
34.0
87.0
62.0
30.0
52.0
29.0
59.0
117.0
63.0
51.0
-15.0
93.0
106.0
76.0
62.0
40.0
72.0
34.0
3.0
48.0
31.0
-45.0
40.0
25.0
76.0
41.0
80.0
68.0
105.0
80.0
71.0
33.0
67.0
76.0
76.0
46.0
80.0
83.0
41.0
54.0
23.0
36.0
-29.0
10.0
-6.0
-21.0
3.0
-34.0
34.0
70.0
16.0
-6.0
32.0
52.0
33.0
27.0
30.0
42.0
34.0
56.0
20.0
13.0
16.0
8.0
11.0
31.0
-5.0
-32.0
17.0
49.0
59.0
-43.0
-5.0
-8.0
-5.0
50.0
66.0
31.0
33.0
61.0
25.0
10.0
-42.0
46.0
72.0
12.0
24.0
60.0
48.0
83.0
43.0
2.0
9.0
69.0
50.0
-1.0
58.0
40.0
22.0
18.0
-32.0
79.0
54.0
45.0
95.0
100.0
91.0
120.0
-2.0
55.0
37.0
89.0
55.0
165.0
137.0
150.0
154.0
104.0
98.0
154.0
156.0
172.0
119.0
111.0
126.0
82.0
89.0
137.0
119.0
111.0
56.0
74.0
84.0
17.0
120.0
87.0
81.0
96.0
29.0
130.0
123.0
87.0
122.0
115.0
91.0
95.0
97.0
70.0
57.0
109.0
153.0
96.0
58.0
50.0
64.0
135.0
165.0
61.0
83.0
97.0
56.0
58.0
5.0
95.0
86.0
52.0
29.0
92.0
122.0
81.0
145.0
158.0
115.0
114.0
93.0
21.0
68.0
135.0
140.0
69.0
152.0
100.0
68.0
-2.0
110.0
81.0
57.0
86.0
83.0
60.0
108.0
42.0
32.0
63.0
109.0
90.0
104.0
50.0
17.0
71.0
88.0
97.0
95.0
34.0
45.0
109.0
108.0
64.0
76.0
58.0
55.0
81.0
46.0
93.0
134.0
121.0
146.0
115.0
46.0
67.0
50.0
12.0
75.0
86.0
105.0
124.0
101.0
102.0
86.0
96.0
106.0
150.0
85.0
109.0
68.0
79.0
109.0
46.0
107.0
149.0
107.0
78.0
53.0
101.0
87.0
48.0
57.0
98.0
95.0
78.0
103.0
118.0
106.0
118.0
101.0
39.0
87.0
135.0
78.0
103.0
56.0
47.0
32.0
56.0
72.0
31.0
40.0
30.0
51.0
13.0
83.0
112.0
94.0
91.0
76.0
102.0
60.0
25.0
111.0
98.0
67.0
24.0
16.0
42.0
44.0
25.0
67.0
32.0
-36.0
49.0
22.0
2.0
13.0
17.0
59.0
-20.0
-3.0
24.0
26.0
29.0
-32.0
37.0
37.0
32.0
71.0
18.0
34.0
83.0
34.0
17.0
111.0
98.0
30.0
70.0
91.0
34.0
37.0
30.0
50.0
52.0
90.0
105.0
13.0
70.0
56.0
21.0
151.0
126.0
98.0
46.0
47.0
61.0
63.0
-14.0
102.0
87.0
54.0
51.0
39.0
3.0
34.0
27.0
51.0
74.0
36.0
59.0
45.0
71.0
42.0
48.0
35.0
-8.0
-16.0
-21.0
2.0
25.0
0.0
97.0
23.0
82.0
38.0
115.0
100.0
89.0
108.0
88.0
91.0
108.0
76.0
95.0
133.0
88.0
74.0
35.0
-18.0
24.0
98.0
55.0
56.0
3.0
39.0
-18.0
14.0
52.0
64.0
49.0
35.0
54.0
85.0
23.0
-13.0
15.0
57.0
67.0
68.0
26.0
-14.0
21.0
39.0
69.0
41.0
42.0
14.0
-4.0
11.0
5.0
17.0
-5.0
29.0
12.0
-28.0
-18.0
69.0
18.0
-7.0
3.0
83.0
43.0
-25.0
1.0
-26.0
-13.0
-18.0
13.0
-42.0
46.0
58.0
-41.0
6.0
16.0
12.0
33.0
2.0
30.0
29.0
36.0
52.0
68.0
8.0
95.0
4.0
-8.0
-32.0
-35.0
38.0
41.0
8.0
-7.0
4.0
56.0
59.0
41.0
23.0
20.0
3.0
45.0
11.0
21.0
-3.0
7.0
45.0
18.0
26.0
35.0
41.0
-28.0
46.0
78.0
18.0
85.0
39.0
51.0
26.0
-5.0
37.0
-11.0
-5.0
-17.0
-77.0
17.0
46.0
23.0
16.0
-8.0
23.0
-58.0
22.0
-60.0
-22.0
7.0
33.0
14.0
-17.0
-34.0
-43.0
7.0
-17.0
-33.0
-31.0
-80.0
30.0
-20.0
27.0
38.0
12.0
5.0
8.0
-7.0
13.0
48.0
29.0
5.0
23.0
-15.0
-44.0
-16.0
-8.0
-50.0
-43.0
16.0
8.0
13.0
3.0
15.0
21.0
26.0
68.0
36.0
26.0
32.0
9.0
-40.0
-22.0
34.0
-29.0
-21.0
-4.0
36.0
26.0
22.0
25.0
34.0
-14.0
99.0
53.0
74.0
52.0
-27.0
-46.0
-9.0
-24.0
18.0
40.0
81.0
113.0
-4.0
-18.0
-35.0
-26.0
-65.0
-7.0
-33.0
-22.0
-1.0
-33.0
-40.0
-58.0
-37.0
-47.0
-39.0
-52.0
-91.0
14.0
15.0
-17.0
5.0
44.0
-56.0
-1.0
30.0
36.0
-60.0
-23.0
-25.0
-48.0
-14.0
-40.0
17.0
3.0
-25.0
10.0
41.0
-12.0
-7.0
31.0
48.0
41.0
9.0
88.0
44.0
5.0
30.0
6.0
-23.0
-28.0
-58.0
-61.0
-68.0
-46.0
-40.0
-105.0
-18.0
-75.0
-43.0
-54.0
-45.0
-49.0
-1.0
-1.0
-51.0
-2.0
4.0
-21.0
-41.0
-17.0
-23.0
-16.0
-18.0
-7.0
-1.0
-11.0
-35.0
-51.0
-6.0
21.0
-7.0
20.0
-12.0
37.0
34.0
-37.0
-11.0
-56.0
-22.0
-1.0
23.0
4.0
17.0
-43.0
-3.0
-2.0
-36.0
-13.0
1.0
31.0
49.0
20.0
-3.0
-1.0
51.0
30.0
-2.0
-15.0
-2.0
-26.0
-32.0
-56.0
-70.0
3.0
39.0
5.0
-20.0
-35.0
33.0
49.0
16.0
-1.0
-16.0
-31.0
-43.0
-39.0
-47.0
-42.0
-69.0
-81.0
-77.0
-27.0
-24.0
-40.0
-45.0
-19.0
-31.0
-48.0
-40.0
-36.0
-81.0
-65.0
-73.0
-84.0
-86.0
-132.0
-99.0
-85.0
-68.0
-136.0
-95.0
-97.0
-88.0
-128.0
-132.0
-107.0
-46.0
-79.0
-40.0
-99.0
-64.0
-21.0
-87.0
-108.0
-80.0
-72.0
-81.0
-32.0
-76.0
-85.0
-122.0
-62.0
-39.0
-118.0
-18.0
-25.0
-35.0
-38.0
-49.0
-45.0
26.0
-5.0
13.0
-28.0
-54.0
-14.0
11.0
-9.0
-16.0
-54.0
11.0
23.0
-23.0
14.0
29.0
26.0
-17.0
-58.0
-20.0
-26.0
59.0
25.0
11.0
-45.0
59.0
-21.0
4.0
-26.0
-3.0
3.0
2.0
-26.0
34.0
4.0
36.0
-9.0
-13.0
21.0
-30.0
-58.0
-20.0
7.0
3.0
33.0
-7.0
-45.0
15.0
37.0
12.0
-59.0
-63.0
-38.0
-110.0
31.0
-12.0
1.0
-56.0
-23.0
-33.0
-68.0
17.0
24.0
-42.0
-23.0
34.0
-67.0
-79.0
-26.0
-68.0
30.0
41.0
50.0
47.0
9.0
-11.0
-11.0
16.0
9.0
-12.0
12.0
1.0
-7.0
62.0
9.0
34.0
46.0
1.0
5.0
86.0
46.0
43.0
12.0
-12.0
75.0
71.0
5.0
126.0
87.0
50.0
115.0
33.0
19.0
6.0
-12.0
65.0
23.0
-18.0
-10.0
-5.0
10.0
-12.0
-1.0
-5.0
-15.0
17.0
-23.0
39.0
61.0
15.0
-31.0
20.0
-13.0
-42.0
5.0
65.0
69.0
81.0
29.0
1.0
-2.0
37.0
59.0
-12.0
15.0
32.0
-51.0
50.0
41.0
10.0
23.0
1.0
-5.0
-54.0
-40.0
-23.0
-28.0
-21.0
-31.0
-17.0
-41.0
-36.0
-15.0
2.0
-8.0
11.0
7.0
-68.0
-10.0
27.0
-5.0
-21.0
-12.0
1.0
36.0
40.0
61.0
58.0
22.0
32.0
-30.0
1.0
-4.0
-4.0
-45.0
30.0
5.0
38.0
-18.0
-23.0
16.0
-18.0
3.0
58.0
67.0
60.0
-4.0
32.0
12.0
-3.0
11.0
56.0
-42.0
60.0
71.0
63.0
41.0
59.0
53.0
-6.0
-13.0
22.0
21.0
25.0
42.0
0.0
39.0
22.0
-26.0
-3.0
-50.0
-27.0
-86.0
-27.0
8.0
-10.0
-38.0
-26.0
12.0
-2.0
-13.0
14.0
11.0
-40.0
-17.0
-2.0
-27.0
-3.0
36.0
11.0
-18.0
-3.0
12.0
-15.0
-56.0
26.0
12.0
-20.0
-49.0
18.0
-36.0
-7.0
-58.0
23.0
45.0
29.0
27.0
-48.0
-43.0
10.0
-6.0
-41.0
-24.0
24.0
-26.0
-18.0
-45.0
9.0
-1.0
-5.0
-30.0
-138.0
-3.0
-7.0
-12.0
-72.0
-70.0
-91.0
-110.0
-43.0
-56.0
-23.0
-11.0
-65.0
-96.0
-60.0
-11.0
-62.0
-7.0
-27.0
-22.0
-80.0
-78.0
-30.0
-79.0
-50.0
-22.0
-82.0
-41.0
-102.0
-137.0
-91.0
-3.0
-54.0
-68.0
-39.0
-55.0
-31.0
-86.0
-67.0
-37.0
-32.0
-42.0
37.0
13.0
-21.0
-93.0
-102.0
-68.0
-35.0
-73.0
-81.0
-88.0
-14.0
-37.0
-32.0
-6.0
-30.0
-63.0
-58.0
11.0
39.0
17.0
-25.0
6.0
25.0
-62.0
-79.0
-10.0
19.0
21.0
20.0
-24.0
-5.0
-73.0
-47.0
37.0
23.0
-17.0
-28.0
-24.0
-39.0
-17.0
-4.0
29.0
2.0
-7.0
-30.0
-10.0
-42.0
-54.0
16.0
-13.0
-57.0
-21.0
-25.0
-37.0
-102.0
43.0
16.0
-49.0
8.0
17.0
3.0
-38.0
32.0
63.0
61.0
22.0
50.0
13.0
-11.0
18.0
12.0
44.0
57.0
13.0
63.0
30.0
21.0
-15.0
77.0
69.0
72.0
95.0
66.0
40.0
40.0
54.0
56.0
63.0
62.0
54.0
56.0
-30.0
42.0
93.0
10.0
5.0
45.0
-12.0
-13.0
-39.0
-14.0
-10.0
25.0
38.0
36.0
-18.0
28.0
7.0
-23.0
58.0
73.0
54.0
67.0
62.0
46.0
13.0
68.0
46.0
37.0
102.0
81.0
34.0
76.0
71.0
70.0
35.0
13.0
8.0
64.0
35.0
33.0
98.0
95.0
54.0
30.0
-19.0
18.0
21.0
29.0
-4.0
34.0
-10.0
-95.0
31.0
85.0
1.0
-1.0
32.0
5.0
-52.0
-74.0
-27.0
-25.0
-21.0
22.0
41.0
-64.0
4.0
12.0
9.0
67.0
40.0
5.0
-21.0
-73.0
21.0
-20.0
-8.0
17.0
-38.0
-58.0
-68.0
-11.0
-25.0
-27.0
5.0
-27.0
-56.0
-17.0
53.0
-38.0
4.0
18.0
48.0
-10.0
12.0
41.0
53.0
88.0
104.0
1.0
36.0
55.0
55.0
67.0
69.0
33.0
41.0
51.0
41.0
-26.0
88.0
100.0
76.0
12.0
80.0
-16.0
-33.0
22.0
-12.0
-7.0
-3.0
-31.0
15.0
-68.0
16.0
41.0
6.0
-4.0
-45.0
27.0
7.0
-5.0
-48.0
-18.0
-27.0
-16.0
-50.0
-24.0
-27.0
-42.0
-37.0
-27.0
-30.0
-1.0
-55.0
-73.0
-99.0
-87.0
-13.0
-26.0
-111.0
-34.0
-101.0
-166.0
-76.0
-62.0
-128.0
-83.0
-91.0
-39.0
-59.0
-56.0
12.0
-77.0
-71.0
-32.0
-37.0
-59.0
-62.0
-110.0
-81.0
-50.0
-33.0
-86.0
-100.0
-112.0
-140.0
-125.0
-90.0
-115.0
-84.0
-72.0
-121.0
-100.0
-94.0
-101.0
-99.0
-130.0
-103.0
-119.0
-100.0
-125.0
-86.0
-117.0
-163.0
-137.0
-139.0
-111.0
-119.0
-128.0
-146.0
-148.0
-114.0
-138.0
-87.0
-111.0
-206.0
-103.0
-103.0
-80.0
-85.0
-85.0
-76.0
-86.0
-120.0
-155.0
-101.0
-95.0
-83.0
-106.0
-127.0
-118.0
-146.0
-37.0
-82.0
-78.0
-70.0
-38.0
-52.0
-58.0
-41.0
-5.0
-40.0
-15.0
-16.0
-105.0
-53.0
-76.0
-41.0
-81.0
-105.0
-99.0
-72.0
-95.0
-58.0
-37.0
-64.0
-93.0
-42.0
-21.0
-55.0
-131.0
-109.0
-38.0
-43.0
-25.0
-54.0
-25.0
-32.0
-71.0
-76.0
-111.0
-25.0
-35.0
-98.0
-64.0
-73.0
-66.0
-80.0
-67.0
-61.0
-46.0
-51.0
-89.0
-77.0
-59.0
-47.0
-34.0
-66.0
-37.0
-36.0
-67.0
-31.0
-47.0
-75.0
-21.0
28.0
-63.0
-32.0
-105.0
-30.0
-18.0
-23.0
-50.0
-37.0
-46.0
-36.0
-82.0
-18.0
-5.0
-11.0
-6.0
-48.0
-16.0
-63.0
-21.0
-37.0
-97.0
-49.0
-61.0
-38.0
-58.0
-85.0
-120.0
-87.0
-23.0
-67.0
-47.0
-14.0
-65.0
-44.0
-39.0
10.0
-29.0
-55.0
-97.0
-61.0
-51.0
-69.0
-60.0
-60.0
-62.0
-75.0
-7.0
-89.0
-48.0
-2.0
-14.0
-96.0
-50.0
5.0
15.0
-70.0
-5.0
52.0
11.0
2.0
50.0
18.0
-27.0
-33.0
15.0
17.0
1.0
14.0
-24.0
-33.0
4.0
34.0
-60.0
-7.0
23.0
8.0
-75.0
-10.0
-2.0
-28.0
-60.0
-92.0
-24.0
-7.0
-54.0
-28.0
-36.0
-37.0
-19.0
9.0
-23.0
-16.0
-21.0
46.0
26.0
-7.0
43.0
34.0
-6.0
25.0
14.0
5.0
-31.0
-9.0
54.0
32.0
-6.0
-3.0
11.0
14.0
-21.0
11.0
21.0
7.0
69.0
56.0
24.0
-60.0
-26.0
-20.0
-7.0
-25.0
-44.0
-42.0
2.0
-40.0
-25.0
23.0
16.0
11.0
-20.0
-21.0
13.0
-6.0
-21.0
-14.0
72.0
11.0
2.0
-30.0
-61.0
-21.0
40.0
3.0
29.0
-23.0
8.0
35.0
-10.0
-18.0
26.0
25.0
-32.0
-34.0
61.0
45.0
35.0
30.0
61.0
3.0
-13.0
-26.0
-14.0
-36.0
-20.0
-56.0
-58.0
-99.0
-15.0
-42.0
7.0
-23.0
-52.0
-46.0
-44.0
4.0
34.0
-25.0
20.0
2.0
-85.0
-3.0
-23.0
-15.0
-40.0
-10.0
-16.0
-44.0
-75.0
3.0
5.0
14.0
12.0
-45.0
-67.0
-75.0
35.0
-16.0
-1.0
-30.0
-56.0
-64.0
30.0
10.0
-29.0
-22.0
-32.0
-58.0
-5.0
-34.0
3.0
35.0
12.0
3.0
12.0
-5.0
13.0
-35.0
-31.0
-47.0
-86.0
-8.0
0.0
-33.0
-43.0
-36.0
-32.0
-32.0
13.0
40.0
60.0
-5.0
-6.0
-70.0
-18.0
0.0
-44.0
-29.0
-41.0
-99.0
-82.0
-47.0
-43.0
-41.0
-78.0
-79.0
-120.0
-138.0
-55.0
-131.0
-91.0
-33.0
-96.0
-112.0
-51.0
-71.0
-103.0
-95.0
-81.0
-17.0
-40.0
-57.0
-79.0
-42.0
-45.0
-55.0
-31.0
-100.0
-53.0
-62.0
-27.0
-62.0
-43.0
-32.0
-58.0
-18.0
-47.0
-26.0
-6.0
-93.0
-41.0
-21.0
-45.0
-37.0
-62.0
-96.0
-55.0
-69.0
5.0
-61.0
-78.0
11.0
-62.0
-24.0
-4.0
-41.0
-45.0
-50.0
-25.0
-15.0
-51.0
-63.0
-55.0
-70.0
-45.0
-45.0
-24.0
-24.0
-55.0
-27.0
-59.0
-17.0
45.0
-42.0
-7.0
46.0
14.0
-16.0
-12.0
25.0
-13.0
-58.0
-55.0
-4.0
-29.0
-55.0
-51.0
-34.0
-33.0
-32.0
-86.0
-7.0
-22.0
-48.0
-20.0
37.0
2.0
-26.0
-30.0
-28.0
-7.0
-48.0
-42.0
-1.0
-1.0
-4.0
-8.0
-16.0
-108.0
-74.0
-43.0
-71.0
-33.0
-68.0
-42.0
5.0
-32.0
-79.0
-75.0
-56.0
-39.0
-41.0
-57.0
-13.0
-27.0
-58.0
-42.0
-49.0
-43.0
18.0
-17.0
-62.0
18.0
-32.0
1.0
23.0
37.0
21.0
-1.0
15.0
-9.0
5.0
-17.0
-4.0
27.0
18.0
22.0
11.0
19.0
11.0
-36.0
8.0
-3.0
-4.0
2.0
-37.0
-75.0
-16.0
-79.0
-46.0
-71.0
-50.0
-55.0
-6.0
-76.0
-87.0
-33.0
-35.0
-40.0
-41.0
-65.0
-11.0
-32.0
-44.0
-63.0
-80.0
-42.0
-55.0
-38.0
-69.0
-110.0
-89.0
-58.0
-46.0
-60.0
-70.0
-54.0
-23.0
-17.0
-54.0
-69.0
-101.0
-30.0
-98.0
-78.0
-33.0
-31.0
-12.0
-49.0
-22.0
-33.0
-104.0
-61.0
-31.0
-96.0
-93.0
-71.0
-87.0
-106.0
-111.0
-63.0
-43.0
-108.0
-99.0
-74.0
-37.0
-30.0
-68.0
-115.0
-36.0
-80.0
-49.0
-24.0
-131.0
-116.0
-97.0
-126.0
-54.0
-73.0
-35.0
-21.0
-88.0
-103.0
-70.0
-31.0
-26.0
8.0
-55.0
-6.0
11.0
-32.0
16.0
-27.0
-12.0
-28.0
-36.0
-5.0
-30.0
-39.0
-43.0
-42.0
-13.0
-74.0
4.0
51.0
-46.0
-17.0
24.0
-12.0
15.0
-16.0
25.0
31.0
32.0
-6.0
13.0
-44.0
-21.0
-45.0
-30.0
32.0
-20.0
-14.0
-16.0
-29.0
-36.0
8.0
-33.0
-73.0
-74.0
-56.0
-34.0
-24.0
18.0
-22.0
-68.0
-11.0
-51.0
-40.0
-7.0
-55.0
8.0
-10.0
-77.0
15.0
-22.0
-70.0
6.0
-11.0
-2.0
-43.0
-1.0
-5.0
-54.0
50.0
-24.0
38.0
36.0
8.0
12.0
-6.0
14.0
-1.0
-2.0
18.0
33.0
-16.0
-6.0
12.0
24.0
-6.0
89.0
10.0
46.0
78.0
18.0
54.0
43.0
7.0
16.0
-59.0
2.0
29.0
-25.0
-36.0
-27.0
0.0
31.0
73.0
60.0
67.0
38.0
82.0
0.0
28.0
42.0
2.0
75.0
31.0
41.0
51.0
34.0
83.0
85.0
-29.0
83.0
73.0
37.0
127.0
56.0
25.0
44.0
61.0
59.0
80.0
62.0
60.0
63.0
34.0
64.0
59.0
34.0
58.0
93.0
134.0
115.0
88.0
87.0
97.0
92.0
95.0
79.0
64.0
52.0
103.0
130.0
45.0
116.0
69.0
13.0
143.0
112.0
72.0
72.0
95.0
92.0
31.0
33.0
132.0
110.0
106.0
86.0
9.0
71.0
89.0
86.0
136.0
105.0
53.0
68.0
106.0
50.0
44.0
30.0
82.0
74.0
86.0
99.0
30.0
74.0
166.0
60.0
130.0
103.0
68.0
-31.0
53.0
138.0
136.0
72.0
92.0
65.0
56.0
29.0
108.0
98.0
126.0
79.0
127.0
91.0
167.0
158.0
96.0
114.0
88.0
105.0
111.0
135.0
182.0
147.0
79.0
134.0
129.0
136.0
163.0
180.0
135.0
221.0
152.0
132.0
123.0
102.0
152.0
65.0
127.0
89.0
103.0
86.0
125.0
105.0
108.0
106.0
108.0
112.0
110.0
45.0
112.0
64.0
112.0
111.0
93.0
83.0
15.0
57.0
71.0
126.0
95.0
58.0
162.0
97.0
121.0
152.0
207.0
157.0
124.0
177.0
155.0
129.0
65.0
134.0
133.0
140.0
135.0
61.0
49.0
69.0
124.0
117.0
109.0
100.0
121.0
52.0
174.0
184.0
115.0
156.0
107.0
120.0
122.0
112.0
134.0
142.0
90.0
85.0
105.0
72.0
50.0
96.0
77.0
118.0
46.0
14.0
96.0
140.0
144.0
113.0
122.0
125.0
64.0
61.0
86.0
136.0
140.0
112.0
37.0
109.0
137.0
111.0
72.0
82.0
44.0
-25.0
93.0
130.0
94.0
44.0
79.0
4.0
42.0
-1.0
82.0
48.0
59.0
17.0
69.0
78.0
44.0
71.0
91.0
91.0
20.0
82.0
50.0
12.0
35.0
76.0
17.0
34.0
67.0
63.0
26.0
-17.0
30.0
59.0
5.0
17.0
-12.0
40.0
-23.0
24.0
45.0
49.0
67.0
47.0
-16.0
-1.0
37.0
6.0
14.0
44.0
11.0
-10.0
64.0
30.0
61.0
43.0
58.0
77.0
69.0
33.0
108.0
36.0
53.0
71.0
94.0
13.0
48.0
65.0
38.0
90.0
64.0
35.0
-5.0
79.0
-2.0
26.0
68.0
37.0
45.0
25.0
34.0
22.0
77.0
70.0
29.0
-46.0
-12.0
-54.0
27.0
-3.0
2.0
6.0
-48.0
-93.0
-61.0
-4.0
4.0
28.0
11.0
-22.0
-54.0
-15.0
-60.0
-32.0
3.0
-62.0
-33.0
-6.0
11.0
-5.0
-39.0
-29.0
-48.0
-32.0
26.0
-22.0
-8.0
-16.0
54.0
34.0
52.0
76.0
72.0
110.0
137.0
267.0
241.0
295.0
363.0
356.0
294.0
332.0
335.0
325.0
313.0
323.0
310.0
268.0
351.0
356.0
383.0
379.0
346.0
292.0
322.0
420.0
339.0
296.0
196.0
206.0
272.0
222.0
131.0
106.0
24.0
70.0
107.0
77.0
48.0
13.0
-6.0
-90.0
-73.0
-76.0
-91.0
-114.0
-121.0
-147.0
-142.0
-150.0
-63.0
-35.0
-106.0
-138.0
-158.0
-157.0
-164.0
-188.0
-135.0
-152.0
-121.0
-197.0
-248.0
-146.0
-126.0
-177.0
-190.0
-169.0
-193.0
-75.0
-101.0
-70.0
-5.0
49.0
178.0
272.0
354.0
417.0
436.0
594.0
595.0
584.0
534.0
609.0
587.0
512.0
572.0
538.0
464.0
468.0
420.0
413.0
431.0
328.0
246.0
232.0
179.0
112.0
20.0
18.0
-57.0
-133.0
-172.0
-212.0
-225.0
-260.0
-306.0
-312.0
-379.0
-366.0
-362.0
-363.0
-403.0
-479.0
-413.0
-386.0
-467.0
-424.0
-442.0
-442.0
-457.0
-394.0
-420.0
-414.0
-479.0
-454.0
-427.0
-403.0
-405.0
-433.0
-436.0
-416.0
-410.0
-353.0
-327.0
-399.0
-366.0
-415.0
-356.0
-364.0
-381.0
-339.0
-321.0
-347.0
-357.0
-370.0
-377.0
-387.0
-395.0
-366.0
-333.0
-354.0
-318.0
-322.0
-327.0
-353.0
-328.0
-266.0
-248.0
-257.0
-280.0
-270.0
-307.0
-298.0
-345.0
-280.0
-298.0
-287.0
-308.0
-329.0
-373.0
-318.0
-332.0
-303.0
-262.0
-274.0
-298.0
-258.0
-241.0
-242.0
-249.0
-223.0
-238.0
-247.0
-254.0
-275.0
-281.0
-284.0
-325.0
-348.0
-358.0
-310.0
-261.0
-265.0
-271.0
-282.0
-301.0
-280.0
-222.0
-212.0
-206.0
-240.0
-201.0
-210.0
-229.0
-224.0
-207.0
-238.0
-172.0
-163.0
-182.0
-203.0
-187.0
-200.0
-162.0
-186.0
-169.0
-168.0
-204.0
-206.0
-217.0
-185.0
-185.0
-181.0
-168.0
-211.0
-211.0
-139.0
-192.0
-149.0
-169.0
-149.0
-163.0
-140.0
-120.0
-111.0
-121.0
-93.0
-131.0
-159.0
-112.0
-128.0
-110.0
-94.0
-101.0
-92.0
-82.0
-76.0
-59.0
-93.0
-126.0
-54.0
-132.0
-137.0
-81.0
-129.0
-103.0
-101.0
-133.0
-70.0
-83.0
-125.0
-124.0
-174.0
-166.0
-78.0
-65.0
-72.0
-110.0
-84.0
-86.0
-83.0
-86.0
-101.0
-153.0
-47.0
-39.0
-26.0
-1.0
-30.0
-35.0
-44.0
-43.0
-17.0
-105.0
-124.0
-79.0
-72.0
-1.0
-22.0
-21.0
-51.0
-95.0
-65.0
-36.0
-99.0
-43.0
-59.0
16.0
-14.0
-56.0
-22.0
-5.0
-27.0
-54.0
-46.0
-37.0
-69.0
-97.0
-13.0
19.0
-29.0
-48.0
-97.0
-77.0
-5.0
3.0
-1.0
16.0
-56.0
-20.0
-46.0
-8.0
4.0
40.0
6.0
37.0
-33.0
-28.0
-32.0
-27.0
-26.0
-49.0
-28.0
-23.0
-27.0
-29.0
-31.0
-35.0
-8.0
43.0
51.0
20.0
-2.0
16.0
-26.0
10.0
-4.0
19.0
11.0
-11.0
23.0
-3.0
33.0
-37.0
-38.0
-58.0
-13.0
-29.0
-58.0
-17.0
-11.0
-12.0
-13.0
-6.0
-51.0
-113.0
-45.0
-30.0
-17.0
-52.0
-19.0
-80.0
-68.0
-33.0
-50.0
-31.0
-23.0
-86.0
-41.0
-106.0
-115.0
-51.0
-82.0
-69.0
-97.0
-50.0
-30.0
-82.0
-84.0
-35.0
-78.0
18.0
-13.0
7.0
14.0
-26.0
27.0
32.0
4.0
19.0
-5.0
10.0
-33.0
-55.0
-31.0
0.0
-8.0
36.0
10.0
-51.0
-22.0
10.0
6.0
21.0
-21.0
-85.0
-69.0
10.0
55.0
37.0
15.0
-22.0
82.0
6.0
21.0
3.0
24.0
-3.0
11.0
43.0
-11.0
-2.0
72.0
39.0
10.0
7.0
-1.0
0.0
-3.0
2.0
-8.0
3.0
1.0
-25.0
-2.0
-7.0
21.0
-16.0
-31.0
-75.0
-65.0
-48.0
-36.0
-30.0
-63.0
-118.0
-107.0
-79.0
-27.0
-81.0
-10.0
34.0
-28.0
20.0
5.0
-3.0
8.0
-59.0
-55.0
-33.0
-22.0
-43.0
-72.0
-28.0
-53.0
-17.0
-47.0
-21.0
-8.0
-32.0
-10.0
-35.0
-19.0
-51.0
-31.0
1.0
30.0
21.0
8.0
21.0
18.0
-44.0
-4.0
41.0
35.0
-10.0
34.0
-34.0
55.0
11.0
-39.0
-8.0
-13.0
49.0
-10.0
63.0
35.0
12.0
7.0
-7.0
21.0
23.0
23.0
57.0
39.0
-1.0
16.0
31.0
51.0
14.0
21.0
11.0
5.0
62.0
55.0
46.0
71.0
62.0
29.0
8.0
-32.0
26.0
49.0
24.0
-8.0
-39.0
-52.0
-23.0
37.0
34.0
-1.0
-8.0
2.0
8.0
-53.0
-57.0
-13.0
-30.0
-43.0
-3.0
-25.0
21.0
13.0
12.0
13.0
2.0
35.0
41.0
77.0
29.0
22.0
6.0
81.0
-7.0
40.0
40.0
18.0
8.0
-15.0
-43.0
-23.0
9.0
-53.0
-17.0
31.0
36.0
64.0
20.0
12.0
-10.0
-11.0
25.0
7.0
-35.0
-14.0
-25.0
52.0
33.0
31.0
25.0
21.0
28.0
24.0
5.0
26.0
-3.0
-43.0
34.0
10.0
-26.0
-21.0
33.0
1.0
1.0
1.0
-40.0
25.0
101.0
60.0
-1.0
29.0
-13.0
31.0
40.0
18.0
10.0
85.0
117.0
119.0
92.0
44.0
86.0
78.0
37.0
117.0
87.0
42.0
41.0
40.0
43.0
54.0
79.0
60.0
51.0
54.0
107.0
54.0
117.0
70.0
27.0
43.0
59.0
69.0
33.0
41.0
60.0
-28.0
-53.0
100.0
88.0
122.0
67.0
43.0
30.0
55.0
43.0
-4.0
-2.0
69.0
17.0
81.0
60.0
28.0
59.0
30.0
-1.0
54.0
108.0
69.0
59.0
39.0
21.0
45.0
-4.0
32.0
82.0
17.0
30.0
22.0
22.0
43.0
-4.0
79.0
69.0
25.0
42.0
26.0
84.0
42.0
31.0
89.0
17.0
49.0
12.0
45.0
-13.0
-19.0
-15.0
55.0
30.0
8.0
45.0
13.0
7.0
30.0
-31.0
50.0
21.0
58.0
24.0
-33.0
-20.0
22.0
25.0
12.0
-34.0
-17.0
-79.0
-37.0
18.0
0.0
0.0
0.0
0.0
0.0
0.0
0.0
0.0
0.0
0.0
0.0
0.0
0.0
0.0
0.0
0.0
0.0
0.0
0.0
0.0
0.0
0.0
0.0
0.0
0.0
0.0
0.0
0.0
0.0
0.0
0.0
0.0
0.0
0.0
0.0
0.0
0.0
0.0
0.0
0.0
0.0
0.0
0.0
0.0
0.0
0.0
0.0
0.0
0.0
0.0
0.0
0.0
0.0
0.0
0.0
0.0
0.0
0.0
0.0
0.0
0.0
0.0
0.0
0.0
0.0
0.0
0.0
0.0
0.0
0.0
0.0
0.0
0.0
0.0
0.0
0.0
0.0
0.0
0.0
0.0
0.0
0.0
0.0
0.0
0.0
0.0
0.0
0.0
0.0
0.0
0.0
0.0
0.0
0.0
0.0
0.0
0.0
0.0
0.0
0.0
0.0
0.0
0.0
0.0
0.0
0.0
0.0
0.0
0.0
0.0
0.0
0.0
0.0
0.0
0.0
0.0
0.0
0.0
0.0
0.0
0.0
0.0
0.0
0.0
0.0
0.0
0.0
0.0
