14.0
-84.0
8.0
58.0
87.0
100.0
16.0
22.0
130.0
160.0
63.0
36.0
0.0
42.0
76.0
8.0
-35.0
-21.0
46.0
48.0
30.0
-1.0
102.0
71.0
46.0
56.0
35.0
61.0
63.0
52.0
79.0
80.0
66.0
44.0
-36.0
75.0
149.0
16.0
-14.0
6.0
70.0
105.0
11.0
6.0
41.0
112.0
140.0
36.0
-13.0
73.0
21.0
8.0
72.0
27.0
99.0
117.0
79.0
65.0
42.0
37.0
16.0
-153.0
-12.0
115.0
107.0
88.0
-20.0
-50.0
37.0
42.0
101.0
78.0
74.0
89.0
10.0
-9.0
5.0
43.0
109.0
140.0
-44.0
-83.0
120.0
110.0
91.0
63.0
59.0
22.0
6.0
3.0
-68.0
-68.0
39.0
70.0
18.0
-21.0
-49.0
26.0
100.0
96.0
77.0
42.0
-4.0
-55.0
29.0
84.0
-41.0
1.0
108.0
-10.0
54.0
108.0
111.0
122.0
110.0
72.0
37.0
2.0
96.0
108.0
35.0
-73.0
143.0
188.0
104.0
42.0
22.0
84.0
102.0
106.0
95.0
8.0
29.0
97.0
66.0
81.0
118.0
101.0
90.0
100.0
89.0
119.0
147.0
128.0
36.0
34.0
8.0
11.0
64.0
185.0
125.0
-13.0
40.0
108.0
67.0
39.0
128.0
91.0
-16.0
-12.0
78.0
78.0
32.0
64.0
52.0
-56.0
-93.0
162.0
174.0
105.0
122.0
73.0
31.0
20.0
-43.0
65.0
144.0
139.0
92.0
72.0
10.0
-1.0
149.0
67.0
107.0
96.0
62.0
98.0
54.0
123.0
169.0
89.0
115.0
192.0
170.0
59.0
67.0
109.0
129.0
117.0
56.0
46.0
102.0
186.0
199.0
31.0
116.0
88.0
14.0
118.0
97.0
174.0
145.0
116.0
161.0
72.0
117.0
169.0
162.0
117.0
190.0
241.0
98.0
27.0
176.0
115.0
128.0
192.0
148.0
65.0
31.0
112.0
194.0
157.0
35.0
22.0
180.0
137.0
91.0
166.0
158.0
88.0
22.0
-6.0
106.0
115.0
127.0
157.0
104.0
4.0
95.0
171.0
131.0
118.0
189.0
161.0
143.0
74.0
124.0
135.0
105.0
55.0
50.0
40.0
45.0
121.0
116.0
70.0
27.0
-10.0
126.0
205.0
117.0
-6.0
48.0
147.0
108.0
172.0
106.0
162.0
207.0
96.0
9.0
81.0
125.0
142.0
134.0
-2.0
28.0
149.0
93.0
114.0
190.0
106.0
15.0
-70.0
44.0
167.0
88.0
-11.0
-11.0
61.0
71.0
-1.0
-46.0
-120.0
51.0
164.0
52.0
18.0
-66.0
-29.0
86.0
65.0
-79.0
-38.0
18.0
89.0
65.0
-17.0
-86.0
-22.0
34.0
89.0
-31.0
-6.0
60.0
56.0
56.0
-43.0
-69.0
68.0
-62.0
-11.0
108.0
106.0
-71.0
-160.0
-61.0
-114.0
48.0
31.0
-73.0
99.0
72.0
-65.0
-177.0
1.0
143.0
32.0
-74.0
-34.0
55.0
23.0
-6.0
-79.0
-18.0
58.0
-7.0
-6.0
-68.0
-3.0
132.0
17.0
-36.0
-32.0
-5.0
-25.0
-34.0
18.0
58.0
-32.0
-25.0
72.0
-8.0
-26.0
42.0
-108.0
-7.0
40.0
49.0
41.0
-9.0
-15.0
-78.0
-15.0
101.0
-11.0
-70.0
-53.0
-20.0
79.0
62.0
-6.0
-7.0
87.0
101.0
51.0
-54.0
-44.0
56.0
79.0
55.0
15.0
-44.0
-114.0
-8.0
88.0
64.0
10.0
-49.0
48.0
74.0
-48.0
3.0
82.0
17.0
-111.0
-103.0
-59.0
7.0
67.0
-36.0
16.0
56.0
37.0
-13.0
60.0
73.0
30.0
35.0
-67.0
-121.0
-40.0
70.0
83.0
-8.0
-87.0
-27.0
61.0
20.0
-18.0
2.0
-21.0
26.0
51.0
32.0
-40.0
-29.0
63.0
60.0
25.0
-29.0
-72.0
-69.0
-24.0
78.0
48.0
-15.0
14.0
12.0
15.0
-15.0
-81.0
3.0
84.0
88.0
3.0
33.0
-22.0
-4.0
74.0
24.0
-5.0
11.0
-34.0
-67.0
35.0
112.0
57.0
-20.0
-34.0
33.0
35.0
84.0
17.0
-7.0
8.0
-64.0
-11.0
49.0
74.0
-13.0
-47.0
37.0
14.0
26.0
102.0
67.0
-13.0
-95.0
118.0
166.0
64.0
40.0
14.0
10.0
80.0
79.0
69.0
93.0
-27.0
-11.0
17.0
59.0
24.0
38.0
75.0
41.0
-82.0
-56.0
127.0
153.0
21.0
-7.0
92.0
96.0
136.0
-42.0
-40.0
125.0
84.0
118.0
101.0
33.0
103.0
104.0
39.0
100.0
158.0
84.0
20.0
116.0
128.0
129.0
130.0
34.0
-13.0
65.0
156.0
129.0
127.0
125.0
56.0
136.0
59.0
68.0
173.0
100.0
45.0
78.0
58.0
95.0
174.0
111.0
7.0
43.0
84.0
107.0
42.0
50.0
55.0
10.0
166.0
49.0
49.0
188.0
99.0
75.0
90.0
101.0
99.0
32.0
-14.0
0.0
4.0
166.0
14.0
1.0
114.0
131.0
163.0
121.0
-53.0
48.0
167.0
98.0
116.0
81.0
65.0
48.0
38.0
64.0
55.0
99.0
109.0
34.0
124.0
93.0
24.0
136.0
163.0
148.0
122.0
99.0
31.0
61.0
18.0
78.0
153.0
110.0
84.0
3.0
69.0
122.0
121.0
63.0
86.0
40.0
47.0
108.0
58.0
-44.0
-42.0
-21.0
68.0
54.0
-11.0
34.0
69.0
-54.0
49.0
67.0
22.0
60.0
76.0
8.0
-113.0
4.0
97.0
27.0
77.0
96.0
-7.0
63.0
135.0
-10.0
-1.0
50.0
119.0
56.0
-49.0
-39.0
71.0
45.0
-37.0
159.0
93.0
16.0
-14.0
-18.0
49.0
43.0
-6.0
16.0
1.0
-29.0
-29.0
6.0
98.0
45.0
-23.0
1.0
12.0
7.0
-84.0
-22.0
80.0
1.0
-50.0
-18.0
-7.0
-43.0
47.0
14.0
-11.0
10.0
-48.0
-12.0
61.0
82.0
84.0
24.0
13.0
-7.0
-23.0
-5.0
144.0
58.0
-154.0
-80.0
170.0
102.0
17.0
-36.0
-35.0
-46.0
25.0
16.0
-52.0
-16.0
-41.0
-34.0
77.0
37.0
-45.0
-77.0
24.0
74.0
-20.0
-51.0
-21.0
-4.0
111.0
117.0
-17.0
-8.0
-33.0
-87.0
-9.0
-104.0
-72.0
1.0
-29.0
-27.0
52.0
-61.0
-10.0
99.0
-11.0
-76.0
-33.0
-37.0
-31.0
21.0
1.0
-92.0
-32.0
34.0
79.0
10.0
-58.0
-49.0
-11.0
23.0
10.0
-46.0
-105.0
-15.0
18.0
8.0
39.0
-54.0
-106.0
-125.0
91.0
135.0
-18.0
-47.0
18.0
46.0
-36.0
-81.0
-23.0
7.0
-52.0
-157.0
-22.0
20.0
36.0
14.0
1.0
-11.0
74.0
69.0
5.0
-40.0
-31.0
34.0
-35.0
3.0
40.0
-31.0
65.0
21.0
12.0
96.0
7.0
-27.0
73.0
54.0
-7.0
117.0
74.0
-20.0
-20.0
78.0
61.0
-30.0
-40.0
-20.0
84.0
104.0
57.0
90.0
21.0
-103.0
41.0
123.0
55.0
1.0
-44.0
56.0
48.0
11.0
35.0
101.0
14.0
-31.0
5.0
54.0
-31.0
17.0
44.0
49.0
-13.0
-12.0
-3.0
18.0
90.0
38.0
22.0
69.0
44.0
84.0
73.0
30.0
57.0
7.0
32.0
63.0
36.0
44.0
105.0
120.0
83.0
52.0
93.0
174.0
129.0
48.0
8.0
1.0
67.0
195.0
99.0
78.0
26.0
-36.0
60.0
151.0
188.0
35.0
-41.0
144.0
75.0
128.0
110.0
-55.0
45.0
211.0
93.0
79.0
103.0
-24.0
58.0
176.0
100.0
136.0
153.0
14.0
-14.0
115.0
126.0
142.0
100.0
25.0
136.0
211.0
77.0
-46.0
-36.0
16.0
227.0
188.0
84.0
48.0
-39.0
3.0
97.0
135.0
52.0
52.0
75.0
139.0
53.0
51.0
109.0
68.0
42.0
149.0
90.0
76.0
120.0
148.0
106.0
90.0
72.0
-7.0
-16.0
30.0
142.0
58.0
18.0
-15.0
40.0
168.0
146.0
129.0
80.0
85.0
15.0
18.0
136.0
134.0
126.0
93.0
41.0
24.0
106.0
84.0
12.0
110.0
84.0
89.0
91.0
82.0
79.0
119.0
76.0
4.0
50.0
48.0
-2.0
70.0
98.0
-2.0
6.0
-31.0
96.0
159.0
76.0
92.0
-34.0
-22.0
13.0
49.0
65.0
120.0
83.0
14.0
54.0
35.0
-31.0
-11.0
44.0
98.0
61.0
-5.0
4.0
22.0
-33.0
-8.0
24.0
77.0
-12.0
-89.0
71.0
79.0
-41.0
14.0
22.0
51.0
83.0
51.0
33.0
42.0
56.0
-72.0
-45.0
-14.0
6.0
44.0
33.0
23.0
-30.0
-70.0
93.0
110.0
35.0
58.0
-8.0
60.0
69.0
50.0
23.0
25.0
-8.0
18.0
34.0
24.0
50.0
11.0
-87.0
-14.0
72.0
119.0
116.0
-29.0
-53.0
-62.0
36.0
35.0
-62.0
-48.0
56.0
72.0
41.0
12.0
12.0
40.0
19.0
15.0
19.0
55.0
88.0
6.0
-26.0
-42.0
77.0
134.0
41.0
-70.0
-172.0
-5.0
118.0
12.0
-7.0
-13.0
-41.0
95.0
131.0
61.0
10.0
-9.0
-34.0
-73.0
26.0
57.0
-15.0
-19.0
-36.0
14.0
34.0
7.0
-29.0
-25.0
14.0
40.0
-3.0
-70.0
-115.0
-44.0
90.0
34.0
-121.0
-89.0
107.0
73.0
-4.0
51.0
50.0
-6.0
-20.0
-41.0
23.0
54.0
-63.0
-129.0
108.0
71.0
41.0
27.0
-16.0
16.0
48.0
-30.0
-35.0
36.0
-25.0
-15.0
42.0
24.0
79.0
39.0
15.0
-55.0
-17.0
98.0
54.0
33.0
-21.0
1.0
-32.0
-1.0
15.0
68.0
36.0
-30.0
-80.0
-9.0
-33.0
-75.0
-32.0
-45.0
-30.0
-27.0
83.0
94.0
22.0
-94.0
-35.0
25.0
84.0
102.0
69.0
-57.0
-84.0
-54.0
-24.0
-31.0
69.0
77.0
5.0
-22.0
-83.0
-41.0
78.0
-72.0
-83.0
46.0
87.0
0.0
14.0
8.0
-104.0
-152.0
-121.0
-44.0
-10.0
26.0
7.0
26.0
65.0
39.0
-2.0
-86.0
-21.0
90.0
47.0
15.0
44.0
17.0
1.0
53.0
24.0
-136.0
30.0
202.0
109.0
53.0
118.0
119.0
257.0
246.0
225.0
90.0
51.0
134.0
87.0
41.0
70.0
46.0
-8.0
86.0
105.0
16.0
26.0
3.0
-108.0
-75.0
-60.0
77.0
52.0
41.0
-34.0
-62.0
-35.0
-85.0
-55.0
-64.0
-95.0
-49.0
-58.0
-100.0
-58.0
-103.0
-24.0
-7.0
-82.0
29.0
42.0
-80.0
-27.0
-64.0
-166.0
-83.0
-30.0
-44.0
-88.0
-33.0
-58.0
-139.0
-122.0
-66.0
-7.0
-31.0
-83.0
-56.0
-91.0
-31.0
-16.0
-67.0
-72.0
-78.0
-68.0
-168.0
-60.0
134.0
97.0
20.0
18.0
-31.0
-89.0
-67.0
-50.0
-23.0
6.0
-16.0
-7.0
-22.0
-41.0
5.0
-35.0
-2.0
6.0
8.0
-25.0
-25.0
37.0
-11.0
-12.0
-2.0
-75.0
-69.0
-16.0
-33.0
36.0
27.0
-8.0
-14.0
-6.0
-1.0
30.0
59.0
27.0
1.0
5.0
22.0
-15.0
-24.0
35.0
41.0
-57.0
-52.0
34.0
58.0
13.0
-23.0
-4.0
39.0
16.0
43.0
-13.0
-42.0
-58.0
-16.0
24.0
9.0
51.0
43.0
-15.0
-51.0
39.0
80.0
93.0
133.0
100.0
45.0
-37.0
-23.0
13.0
41.0
20.0
-6.0
62.0
19.0
-41.0
-94.0
1.0
95.0
62.0
34.0
60.0
14.0
-83.0
-40.0
86.0
65.0
-8.0
14.0
-72.0
-6.0
124.0
65.0
15.0
46.0
4.0
46.0
-18.0
-3.0
74.0
30.0
-20.0
-67.0
-1.0
10.0
-33.0
30.0
30.0
0.0
-25.0
-3.0
13.0
-57.0
-87.0
-42.0
53.0
58.0
-150.0
-18.0
169.0
35.0
42.0
80.0
52.0
-25.0
-87.0
-40.0
-10.0
-44.0
-25.0
-72.0
-24.0
84.0
114.0
125.0
45.0
17.0
9.0
61.0
83.0
-4.0
5.0
86.0
83.0
-11.0
-106.0
-44.0
69.0
-41.0
-9.0
98.0
18.0
-54.0
45.0
21.0
-17.0
48.0
38.0
39.0
-72.0
-64.0
25.0
27.0
81.0
-35.0
-89.0
20.0
50.0
97.0
60.0
3.0
-53.0
-37.0
-18.0
-23.0
82.0
10.0
-112.0
20.0
63.0
78.0
26.0
-122.0
-50.0
130.0
68.0
-37.0
-29.0
24.0
38.0
33.0
-37.0
-76.0
10.0
26.0
-12.0
-20.0
-38.0
14.0
78.0
-14.0
-30.0
-4.0
44.0
35.0
-33.0
-7.0
-2.0
47.0
16.0
5.0
-51.0
-30.0
60.0
110.0
34.0
23.0
3.0
-3.0
-35.0
-47.0
58.0
118.0
96.0
40.0
-8.0
-34.0
6.0
11.0
-23.0
35.0
86.0
29.0
-68.0
16.0
51.0
54.0
67.0
-5.0
-98.0
0.0
91.0
-22.0
-87.0
-27.0
30.0
-16.0
-4.0
-70.0
-70.0
73.0
118.0
92.0
-8.0
-98.0
23.0
83.0
100.0
58.0
24.0
35.0
88.0
120.0
62.0
21.0
46.0
78.0
56.0
65.0
-10.0
-56.0
73.0
116.0
43.0
-77.0
-39.0
97.0
62.0
42.0
71.0
38.0
-45.0
78.0
46.0
45.0
20.0
27.0
27.0
11.0
-27.0
44.0
37.0
-81.0
49.0
143.0
78.0
17.0
46.0
34.0
37.0
3.0
-98.0
-90.0
50.0
221.0
139.0
48.0
16.0
-35.0
-68.0
80.0
120.0
47.0
63.0
29.0
26.0
10.0
-6.0
-47.0
12.0
100.0
52.0
61.0
26.0
-22.0
68.0
131.0
82.0
-4.0
-13.0
105.0
138.0
103.0
82.0
48.0
-13.0
27.0
81.0
111.0
173.0
149.0
30.0
40.0
73.0
154.0
111.0
77.0
68.0
93.0
61.0
60.0
135.0
97.0
95.0
110.0
73.0
39.0
33.0
-54.0
56.0
172.0
139.0
101.0
98.0
40.0
-10.0
42.0
138.0
92.0
-29.0
-20.0
119.0
149.0
110.0
53.0
15.0
105.0
131.0
48.0
-35.0
58.0
18.0
-21.0
23.0
-16.0
-31.0
-4.0
54.0
66.0
-42.0
58.0
102.0
5.0
10.0
-69.0
-89.0
47.0
95.0
47.0
14.0
-59.0
-71.0
41.0
51.0
-21.0
65.0
166.0
141.0
44.0
10.0
63.0
78.0
41.0
26.0
61.0
120.0
66.0
1.0
8.0
129.0
126.0
70.0
122.0
80.0
59.0
73.0
79.0
70.0
14.0
33.0
30.0
30.0
63.0
52.0
86.0
67.0
-45.0
-67.0
111.0
181.0
49.0
15.0
110.0
62.0
-34.0
19.0
56.0
68.0
6.0
-13.0
-45.0
-77.0
85.0
12.0
-7.0
26.0
93.0
91.0
82.0
23.0
-131.0
49.0
100.0
13.0
54.0
-15.0
-56.0
74.0
115.0
34.0
-40.0
-39.0
-76.0
108.0
161.0
42.0
59.0
27.0
-28.0
12.0
-34.0
18.0
13.0
-46.0
43.0
94.0
-67.0
-30.0
138.0
135.0
72.0
105.0
68.0
-12.0
67.0
54.0
100.0
95.0
46.0
-8.0
-86.0
49.0
112.0
47.0
52.0
-49.0
-50.0
144.0
133.0
52.0
24.0
-10.0
34.0
35.0
96.0
65.0
99.0
58.0
41.0
76.0
59.0
58.0
-37.0
22.0
127.0
53.0
-40.0
34.0
18.0
18.0
141.0
82.0
26.0
74.0
126.0
79.0
58.0
23.0
-33.0
-44.0
96.0
125.0
20.0
-48.0
-4.0
83.0
57.0
-13.0
12.0
78.0
-56.0
-1.0
48.0
64.0
116.0
51.0
-45.0
-30.0
37.0
106.0
74.0
1.0
-22.0
55.0
47.0
105.0
65.0
57.0
110.0
56.0
-50.0
-13.0
6.0
29.0
42.0
50.0
-3.0
-52.0
147.0
149.0
135.0
76.0
45.0
20.0
-5.0
112.0
145.0
63.0
34.0
26.0
27.0
97.0
84.0
79.0
36.0
12.0
-4.0
54.0
119.0
52.0
-71.0
-119.0
-25.0
108.0
74.0
-60.0
-72.0
2.0
16.0
44.0
42.0
42.0
-11.0
-53.0
-81.0
-18.0
33.0
42.0
-28.0
-96.0
-55.0
85.0
44.0
-14.0
-19.0
-10.0
-21.0
-29.0
10.0
-7.0
-53.0
-48.0
67.0
-8.0
49.0
93.0
21.0
7.0
-45.0
-37.0
107.0
125.0
0.0
-62.0
32.0
1.0
54.0
127.0
56.0
-75.0
81.0
154.0
77.0
112.0
61.0
2.0
69.0
60.0
55.0
96.0
4.0
1.0
147.0
112.0
58.0
-25.0
6.0
91.0
124.0
94.0
-12.0
-14.0
-29.0
83.0
98.0
98.0
72.0
52.0
-17.0
-36.0
135.0
76.0
-67.0
10.0
42.0
-9.0
-5.0
-1.0
83.0
119.0
5.0
-81.0
-37.0
44.0
59.0
68.0
68.0
-10.0
-64.0
-87.0
70.0
169.0
52.0
-23.0
43.0
39.0
45.0
57.0
51.0
-64.0
-61.0
133.0
66.0
-5.0
34.0
23.0
5.0
-26.0
72.0
34.0
-53.0
2.0
-44.0
-48.0
-33.0
-1.0
25.0
-67.0
-6.0
52.0
10.0
1.0
11.0
-1.0
21.0
1.0
-86.0
-35.0
5.0
-76.0
-7.0
64.0
37.0
-10.0
-23.0
-31.0
15.0
18.0
6.0
-30.0
6.0
26.0
7.0
11.0
4.0
-20.0
-73.0
27.0
122.0
16.0
-1.0
47.0
21.0
-21.0
-73.0
26.0
102.0
65.0
57.0
54.0
58.0
49.0
77.0
82.0
136.0
221.0
257.0
240.0
210.0
269.0
263.0
257.0
235.0
258.0
268.0
220.0
67.0
21.0
213.0
176.0
57.0
-33.0
-109.0
-106.0
-62.0
-152.0
-152.0
-148.0
-246.0
-246.0
-172.0
-221.0
-248.0
-243.0
-243.0
-242.0
-200.0
-193.0
-252.0
-229.0
-222.0
-222.0
-196.0
-215.0
-250.0
-211.0
-232.0
-212.0
-154.0
-196.0
-196.0
-219.0
-205.0
-163.0
-213.0
-194.0
-138.0
-197.0
-230.0
-137.0
-149.0
-216.0
-206.0
-153.0
-126.0
-183.0
-154.0
-193.0
-186.0
-173.0
-147.0
-184.0
-178.0
-147.0
-173.0
-168.0
-153.0
-136.0
-151.0
-128.0
-144.0
-204.0
-170.0
-105.0
-142.0
-115.0
-124.0
-157.0
-141.0
-152.0
-104.0
-94.0
-166.0
-193.0
-175.0
-92.0
-130.0
-168.0
-134.0
-178.0
-147.0
-90.0
-76.0
-90.0
-112.0
-89.0
-111.0
-214.0
-221.0
-56.0
-53.0
-97.0
-149.0
-103.0
-33.0
-80.0
-127.0
-139.0
-80.0
-77.0
-69.0
-48.0
-37.0
-34.0
-126.0
-106.0
-53.0
-59.0
-107.0
-11.0
19.0
-48.0
-156.0
-187.0
-13.0
50.0
-139.0
-77.0
-11.0
-11.0
-80.0
-50.0
-32.0
-87.0
-53.0
-32.0
-14.0
-88.0
-82.0
-103.0
-129.0
-41.0
32.0
-26.0
-73.0
-28.0
-23.0
-2.0
-27.0
-83.0
-59.0
-130.0
-1.0
81.0
-21.0
-70.0
-40.0
-27.0
-33.0
-5.0
91.0
-20.0
-55.0
11.0
-19.0
-55.0
-55.0
-37.0
-24.0
-43.0
-55.0
4.0
12.0
-31.0
-87.0
-35.0
70.0
25.0
52.0
39.0
-51.0
-96.0
31.0
91.0
-3.0
-16.0
-54.0
49.0
158.0
82.0
14.0
-54.0
-51.0
44.0
37.0
42.0
-59.0
-39.0
96.0
74.0
68.0
58.0
-35.0
-2.0
87.0
84.0
40.0
-77.0
-18.0
82.0
12.0
10.0
-10.0
-98.0
-44.0
24.0
23.0
43.0
-25.0
-97.0
61.0
85.0
2.0
-6.0
-82.0
-53.0
84.0
18.0
50.0
51.0
-29.0
-107.0
-41.0
72.0
40.0
27.0
17.0
6.0
-66.0
-83.0
54.0
69.0
-68.0
-30.0
96.0
77.0
6.0
-78.0
-15.0
122.0
155.0
19.0
-69.0
-50.0
15.0
115.0
152.0
23.0
-20.0
89.0
90.0
46.0
3.0
59.0
107.0
42.0
-2.0
100.0
82.0
-5.0
56.0
41.0
45.0
105.0
77.0
11.0
-1.0
67.0
121.0
76.0
114.0
80.0
-27.0
65.0
14.0
-24.0
114.0
89.0
11.0
71.0
82.0
78.0
-6.0
-40.0
17.0
29.0
57.0
22.0
-60.0
-10.0
-23.0
-10.0
64.0
54.0
-6.0
-97.0
-66.0
52.0
-8.0
51.0
52.0
-52.0
-91.0
62.0
39.0
22.0
-20.0
-64.0
-68.0
48.0
71.0
11.0
-114.0
-93.0
69.0
83.0
63.0
18.0
-132.0
-106.0
62.0
14.0
-31.0
-11.0
-13.0
-83.0
14.0
84.0
-20.0
-62.0
-123.0
-4.0
86.0
13.0
-16.0
-22.0
-3.0
-66.0
-37.0
1.0
-60.0
-23.0
-20.0
-55.0
-73.0
-48.0
-4.0
-72.0
-32.0
3.0
-2.0
-55.0
9.0
-8.0
-25.0
-59.0
-52.0
-21.0
-16.0
-56.0
-70.0
-14.0
30.0
-36.0
-143.0
-100.0
60.0
53.0
-36.0
-66.0
-94.0
-48.0
-96.0
-52.0
-17.0
-112.0
-18.0
27.0
-13.0
-97.0
17.0
35.0
-40.0
-1.0
36.0
29.0
-97.0
-84.0
-95.0
36.0
49.0
-105.0
-91.0
-64.0
-15.0
-25.0
-11.0
12.0
-21.0
-4.0
-23.0
-43.0
5.0
16.0
-39.0
43.0
40.0
-47.0
-8.0
51.0
-5.0
-29.0
17.0
7.0
-39.0
-68.0
-81.0
-26.0
54.0
-18.0
-15.0
87.0
22.0
-16.0
3.0
-23.0
-40.0
56.0
82.0
21.0
-25.0
-51.0
-75.0
104.0
110.0
52.0
-14.0
-2.0
74.0
59.0
28.0
61.0
99.0
82.0
79.0
-32.0
-73.0
-3.0
70.0
119.0
37.0
-58.0
90.0
106.0
13.0
-47.0
64.0
31.0
17.0
118.0
41.0
28.0
59.0
13.0
24.0
14.0
23.0
55.0
30.0
31.0
9.0
39.0
54.0
34.0
81.0
77.0
15.0
32.0
61.0
-4.0
10.0
81.0
60.0
30.0
40.0
-112.0
-49.0
126.0
94.0
53.0
29.0
46.0
22.0
46.0
24.0
35.0
-37.0
-29.0
57.0
50.0
13.0
33.0
39.0
19.0
15.0
-77.0
25.0
70.0
8.0
43.0
42.0
-45.0
43.0
77.0
49.0
5.0
-6.0
58.0
-15.0
35.0
40.0
22.0
34.0
27.0
100.0
91.0
26.0
39.0
11.0
-10.0
55.0
41.0
4.0
34.0
-8.0
-46.0
4.0
83.0
117.0
80.0
32.0
33.0
-39.0
64.0
68.0
2.0
7.0
-18.0
-23.0
41.0
22.0
-37.0
17.0
87.0
-21.0
-56.0
45.0
88.0
51.0
1.0
35.0
64.0
34.0
72.0
27.0
-31.0
-34.0
-29.0
96.0
42.0
44.0
29.0
-35.0
16.0
116.0
105.0
73.0
15.0
14.0
-3.0
93.0
78.0
77.0
73.0
1.0
5.0
-25.0
-16.0
30.0
29.0
15.0
2.0
134.0
72.0
-21.0
5.0
18.0
20.0
105.0
81.0
25.0
62.0
54.0
44.0
46.0
-31.0
4.0
11.0
83.0
117.0
8.0
3.0
-13.0
-60.0
45.0
45.0
10.0
-2.0
-56.0
-32.0
49.0
-14.0
-13.0
81.0
45.0
43.0
20.0
-26.0
-41.0
-79.0
-21.0
-14.0
37.0
10.0
-30.0
-66.0
-100.0
6.0
79.0
-88.0
-84.0
110.0
22.0
13.0
21.0
-34.0
-50.0
9.0
23.0
-52.0
-22.0
31.0
35.0
54.0
-1.0
-12.0
38.0
42.0
3.0
39.0
41.0
-30.0
-59.0
-18.0
16.0
58.0
35.0
11.0
-29.0
-71.0
70.0
13.0
25.0
84.0
40.0
23.0
50.0
-15.0
11.0
32.0
44.0
-7.0
-65.0
-71.0
5.0
100.0
84.0
-16.0
-37.0
-9.0
-71.0
-64.0
6.0
-5.0
3.0
-21.0
-73.0
-70.0
-16.0
10.0
34.0
-11.0
-110.0
-116.0
-2.0
6.0
-32.0
-80.0
-64.0
11.0
-14.0
-23.0
-48.0
-77.0
-19.0
-64.0
-22.0
54.0
-39.0
-129.0
-23.0
33.0
-48.0
-83.0
-93.0
17.0
-5.0
-21.0
-7.0
4.0
-48.0
-87.0
-5.0
45.0
15.0
-9.0
-57.0
7.0
77.0
15.0
-100.0
-51.0
-17.0
96.0
49.0
34.0
-3.0
-61.0
-92.0
-45.0
-20.0
39.0
-20.0
-40.0
-93.0
-71.0
34.0
-13.0
28.0
13.0
-25.0
-108.0
-88.0
52.0
70.0
-34.0
-53.0
-53.0
26.0
15.0
-3.0
19.0
-31.0
-110.0
-12.0
31.0
-26.0
-166.0
2.0
68.0
52.0
43.0
-32.0
-133.0
-78.0
39.0
3.0
-32.0
-14.0
-33.0
-127.0
-21.0
17.0
28.0
59.0
-73.0
-82.0
4.0
8.0
-15.0
-13.0
-41.0
-21.0
-25.0
11.0
15.0
26.0
2.0
-120.0
-121.0
6.0
54.0
14.0
-1.0
-68.0
-68.0
31.0
-28.0
-189.0
-30.0
118.0
31.0
2.0
-24.0
-96.0
-154.0
-65.0
58.0
-60.0
-83.0
-99.0
-63.0
-99.0
-77.0
21.0
-93.0
-110.0
-128.0
-102.0
-16.0
-84.0
-78.0
-95.0
-129.0
-25.0
41.0
-34.0
-125.0
30.0
60.0
-140.0
-86.0
-83.0
-79.0
-46.0
-29.0
-91.0
-98.0
-78.0
-146.0
-25.0
-37.0
-154.0
-108.0
-51.0
-73.0
-89.0
-46.0
-18.0
37.0
-107.0
-165.0
10.0
57.0
-30.0
-73.0
-46.0
-39.0
-14.0
-46.0
-67.0
-72.0
-33.0
5.0
-33.0
-55.0
-29.0
-7.0
-24.0
-63.0
-140.0
-136.0
-187.0
-86.0
-9.0
-78.0
-110.0
-141.0
-165.0
-84.0
-32.0
-64.0
-117.0
-129.0
-67.0
21.0
-64.0
-82.0
-76.0
-130.0
-46.0
-39.0
-39.0
-30.0
-74.0
-152.0
-92.0
-24.0
-58.0
-88.0
-115.0
-44.0
-24.0
-1.0
-109.0
-136.0
-136.0
-50.0
18.0
4.0
-67.0
-140.0
-102.0
-50.0
-106.0
-17.0
17.0
-31.0
-60.0
-78.0
-70.0
18.0
42.0
-70.0
-41.0
-23.0
21.0
-13.0
-12.0
-40.0
-110.0
-4.0
74.0
-9.0
-122.0
16.0
99.0
0.0
-53.0
-78.0
-86.0
18.0
105.0
-16.0
-64.0
-43.0
-43.0
-51.0
-16.0
52.0
-15.0
-42.0
49.0
43.0
24.0
-75.0
-111.0
28.0
8.0
-57.0
-45.0
-28.0
-7.0
19.0
36.0
18.0
-36.0
-100.0
-68.0
-8.0
44.0
-7.0
-16.0
-33.0
-59.0
-156.0
-97.0
40.0
-13.0
-59.0
-63.0
-27.0
-36.0
-43.0
1.0
-53.0
-44.0
-48.0
-112.0
-77.0
-34.0
-109.0
-54.0
10.0
-33.0
-12.0
-60.0
-165.0
-101.0
-58.0
39.0
33.0
-41.0
-97.0
-50.0
-2.0
-53.0
-84.0
23.0
6.0
-5.0
-18.0
-80.0
35.0
15.0
-97.0
-49.0
1.0
39.0
20.0
-43.0
-35.0
-48.0
36.0
27.0
-16.0
33.0
51.0
138.0
29.0
-125.0
-26.0
147.0
146.0
74.0
33.0
-7.0
-39.0
36.0
41.0
80.0
96.0
23.0
30.0
36.0
82.0
38.0
-10.0
65.0
77.0
37.0
1.0
34.0
124.0
100.0
76.0
50.0
60.0
110.0
120.0
150.0
220.0
253.0
170.0
135.0
284.0
273.0
257.0
215.0
126.0
248.0
251.0
149.0
156.0
253.0
202.0
111.0
21.0
52.0
119.0
84.0
32.0
-14.0
-154.0
-80.0
-31.0
-84.0
-117.0
-162.0
-164.0
-168.0
-143.0
-128.0
-208.0
-238.0
-190.0
-216.0
-235.0
-217.0
-214.0
-166.0
-197.0
-250.0
-233.0
-228.0
-237.0
-197.0
-191.0
-235.0
-228.0
-155.0
-135.0
-204.0
-199.0
-161.0
-213.0
-186.0
-123.0
-152.0
-238.0
-229.0
-163.0
-127.0
-121.0
-82.0
-124.0
-215.0
-239.0
-157.0
-146.0
-97.0
-99.0
-173.0
-184.0
-118.0
-111.0
-206.0
-133.0
24.0
-105.0
-205.0
-143.0
-150.0
-100.0
-209.0
-209.0
53.0
65.0
-38.0
-12.0
-16.0
-96.0
-79.0
-60.0
-11.0
-17.0
-62.0
-148.0
-104.0
13.0
-4.0
-69.0
-65.0
17.0
23.0
-102.0
-46.0
3.0
-4.0
-14.0
-107.0
-51.0
-8.0
-11.0
-90.0
-55.0
53.0
0.0
-4.0
-106.0
-16.0
89.0
37.0
-32.0
-67.0
-50.0
-30.0
-49.0
-43.0
-10.0
43.0
-20.0
-3.0
10.0
-82.0
-114.0
1.0
-61.0
-43.0
37.0
-31.0
26.0
13.0
-105.0
-35.0
22.0
-14.0
18.0
16.0
52.0
107.0
21.0
-6.0
8.0
-27.0
63.0
74.0
11.0
-21.0
-59.0
49.0
72.0
-11.0
-45.0
56.0
12.0
-75.0
16.0
58.0
-57.0
-12.0
119.0
-26.0
-80.0
68.0
-20.0
-48.0
67.0
39.0
11.0
-57.0
-48.0
-65.0
6.0
87.0
60.0
-78.0
-135.0
117.0
127.0
-10.0
37.0
36.0
-78.0
59.0
41.0
-58.0
17.0
-5.0
-62.0
23.0
54.0
1.0
-8.0
13.0
-35.0
17.0
56.0
27.0
-27.0
-16.0
-53.0
-103.0
-19.0
55.0
97.0
30.0
-4.0
-20.0
-22.0
-19.0
6.0
-11.0
-14.0
36.0
72.0
4.0
-12.0
36.0
1.0
-76.0
-12.0
77.0
42.0
25.0
53.0
69.0
92.0
71.0
108.0
98.0
51.0
-5.0
-6.0
93.0
45.0
73.0
77.0
39.0
109.0
78.0
22.0
75.0
127.0
89.0
82.0
-14.0
76.0
115.0
26.0
98.0
159.0
118.0
75.0
153.0
185.0
167.0
211.0
248.0
267.0
266.0
265.0
260.0
261.0
260.0
261.0
263.0
264.0
230.0
257.0
259.0
220.0
183.0
77.0
53.0
16.0
18.0
-11.0
-77.0
-90.0
-126.0
-137.0
-213.0
-201.0
-223.0
-251.0
-221.0
-238.0
-252.0
-225.0
-244.0
-253.0
-230.0
-227.0
-233.0
-252.0
-248.0
-196.0
-169.0
-239.0
-255.0
-244.0
-218.0
-186.0
-185.0
-157.0
-201.0
-251.0
-195.0
-204.0
-222.0
-176.0
-159.0
-200.0
-241.0
-210.0
-173.0
-175.0
-196.0
-208.0
-183.0
-122.0
-167.0
-188.0
-193.0
-219.0
-176.0
-122.0
-148.0
-132.0
-89.0
-177.0
-229.0
-187.0
-166.0
-127.0
-91.0
-153.0
-208.0
-203.0
-138.0
-98.0
-109.0
-150.0
-222.0
-99.0
-20.0
-86.0
-116.0
-143.0
-128.0
-144.0
-132.0
-127.0
-174.0
-212.0
-62.0
-27.0
-113.0
-92.0
-125.0
-112.0
-97.0
-118.0
-135.0
-117.0
-52.0
-120.0
-102.0
-71.0
-126.0
-197.0
-118.0
-21.0
-51.0
-91.0
-148.0
-99.0
-65.0
-73.0
-79.0
-143.0
-148.0
-50.0
-101.0
-136.0
-39.0
-61.0
-196.0
-152.0
-149.0
-67.0
-43.0
-39.0
-76.0
-96.0
-150.0
-173.0
-137.0
-91.0
-63.0
-56.0
-60.0
-102.0
-124.0
-150.0
-184.0
-146.0
-80.0
-68.0
-137.0
-125.0
-109.0
-133.0
-96.0
-69.0
-96.0
-50.0
-61.0
-114.0
-44.0
-18.0
-54.0
-110.0
-15.0
-22.0
-108.0
-34.0
-27.0
-88.0
-86.0
-81.0
-74.0
-7.0
18.0
-86.0
-99.0
-65.0
-84.0
-45.0
-61.0
-44.0
5.0
-49.0
-93.0
-10.0
-3.0
-37.0
-12.0
-1.0
53.0
34.0
-24.0
-53.0
-12.0
83.0
-23.0
-9.0
55.0
17.0
-76.0
-42.0
1.0
-15.0
2.0
-50.0
-55.0
8.0
3.0
5.0
2.0
-46.0
-77.0
-30.0
-13.0
-39.0
22.0
-7.0
44.0
-30.0
-83.0
-26.0
-46.0
-90.0
6.0
-56.0
-39.0
15.0
-63.0
-75.0
57.0
24.0
34.0
-25.0
-49.0
-36.0
-60.0
55.0
73.0
18.0
-59.0
8.0
37.0
-41.0
-6.0
31.0
42.0
51.0
-24.0
-99.0
31.0
36.0
-84.0
-37.0
79.0
36.0
-30.0
24.0
78.0
16.0
54.0
65.0
-4.0
-70.0
-34.0
59.0
36.0
1.0
33.0
23.0
-41.0
-90.0
-18.0
27.0
46.0
5.0
-44.0
-87.0
17.0
80.0
-46.0
-82.0
-103.0
-25.0
0.0
-39.0
12.0
-2.0
-53.0
-16.0
15.0
-18.0
-2.0
79.0
-20.0
-32.0
48.0
81.0
91.0
21.0
-35.0
-31.0
27.0
4.0
54.0
88.0
12.0
-26.0
27.0
12.0
-15.0
45.0
43.0
32.0
-4.0
22.0
79.0
67.0
63.0
81.0
-30.0
-3.0
93.0
55.0
15.0
35.0
63.0
37.0
-59.0
-11.0
39.0
59.0
50.0
17.0
39.0
10.0
-61.0
71.0
125.0
14.0
-40.0
-39.0
-58.0
-10.0
79.0
98.0
-5.0
-134.0
-67.0
89.0
66.0
-21.0
-30.0
15.0
-19.0
-24.0
19.0
-43.0
-125.0
31.0
90.0
18.0
-44.0
-78.0
-40.0
108.0
50.0
-17.0
17.0
63.0
-31.0
-121.0
32.0
89.0
12.0
-84.0
-107.0
49.0
109.0
39.0
-10.0
-115.0
-83.0
92.0
31.0
-53.0
-81.0
-118.0
72.0
127.0
-16.0
-108.0
-91.0
6.0
45.0
36.0
35.0
-47.0
-125.0
31.0
57.0
-51.0
-50.0
-8.0
-97.0
10.0
68.0
-42.0
-45.0
133.0
72.0
-64.0
-43.0
-19.0
-5.0
-10.0
35.0
-25.0
-84.0
-76.0
63.0
49.0
-14.0
6.0
20.0
30.0
-2.0
-15.0
-5.0
16.0
52.0
-2.0
-7.0
-39.0
-77.0
85.0
59.0
34.0
26.0
-87.0
-3.0
100.0
10.0
-49.0
-30.0
26.0
-14.0
-19.0
68.0
41.0
-33.0
-159.0
-155.0
12.0
54.0
-68.0
-64.0
13.0
-100.0
6.0
-15.0
-27.0
64.0
36.0
-57.0
-85.0
-36.0
-6.0
14.0
-22.0
-72.0
-61.0
-49.0
-52.0
-6.0
-56.0
-81.0
-48.0
5.0
-1.0
-20.0
21.0
-5.0
-48.0
-52.0
-69.0
-31.0
-2.0
-76.0
-121.0
-53.0
10.0
22.0
-35.0
-108.0
-5.0
41.0
13.0
-15.0
-82.0
-84.0
-96.0
-106.0
-67.0
-33.0
-70.0
-108.0
28.0
95.0
33.0
-59.0
-44.0
-74.0
-99.0
-8.0
14.0
-11.0
-67.0
-44.0
-27.0
41.0
-28.0
-60.0
4.0
20.0
-36.0
-59.0
-11.0
4.0
27.0
-10.0
-20.0
-43.0
-18.0
-26.0
4.0
-12.0
7.0
50.0
49.0
1.0
33.0
-15.0
-32.0
9.0
61.0
68.0
-64.0
-79.0
19.0
13.0
42.0
64.0
22.0
-37.0
-44.0
71.0
77.0
54.0
42.0
14.0
-20.0
-33.0
-5.0
-6.0
3.0
-37.0
20.0
-43.0
-43.0
-8.0
-5.0
55.0
30.0
-117.0
-96.0
18.0
54.0
-21.0
-70.0
-19.0
-20.0
-115.0
-92.0
45.0
-26.0
-3.0
-65.0
-145.0
72.0
47.0
-18.0
-86.0
-102.0
23.0
18.0
-74.0
-125.0
-14.0
-15.0
-62.0
-4.0
-29.0
-97.0
-88.0
-56.0
-7.0
53.0
38.0
-27.0
-76.0
-122.0
-21.0
39.0
-24.0
-76.0
-87.0
-132.0
-87.0
16.0
16.0
-168.0
-31.0
25.0
-20.0
-50.0
-42.0
-49.0
-21.0
-4.0
18.0
-68.0
-154.0
42.0
81.0
-29.0
-65.0
-29.0
-40.0
-33.0
-32.0
-46.0
-39.0
-36.0
-119.0
-63.0
-40.0
-55.0
-44.0
-139.0
-74.0
62.0
-3.0
-93.0
-124.0
-55.0
68.0
16.0
18.0
-52.0
-181.0
-87.0
26.0
-2.0
-78.0
-93.0
2.0
-9.0
4.0
-131.0
-152.0
-40.0
15.0
-51.0
-154.0
-111.0
-1.0
-49.0
-39.0
-17.0
-67.0
-25.0
21.0
-43.0
-171.0
-21.0
74.0
64.0
22.0
-22.0
-44.0
-45.0
-9.0
-46.0
-68.0
56.0
29.0
-29.0
-68.0
-82.0
-106.0
-70.0
-18.0
19.0
36.0
-36.0
-77.0
-2.0
-34.0
-5.0
-20.0
-57.0
-16.0
13.0
114.0
83.0
-45.0
-81.0
-20.0
5.0
-18.0
-13.0
50.0
34.0
-86.0
-128.0
-102.0
-51.0
-15.0
-54.0
-42.0
2.0
53.0
52.0
61.0
-67.0
-4.0
136.0
21.0
73.0
51.0
17.0
-61.0
-99.0
-12.0
81.0
39.0
-56.0
-88.0
-79.0
1.0
35.0
-13.0
-60.0
11.0
-44.0
-53.0
-18.0
-15.0
41.0
23.0
-61.0
-13.0
31.0
-67.0
-29.0
55.0
-37.0
-74.0
-35.0
92.0
8.0
-34.0
42.0
-41.0
-51.0
58.0
29.0
39.0
-40.0
-64.0
-20.0
22.0
31.0
-3.0
-67.0
-16.0
44.0
45.0
-32.0
-34.0
70.0
110.0
-25.0
-81.0
49.0
105.0
59.0
23.0
-45.0
-15.0
59.0
137.0
59.0
64.0
3.0
-56.0
91.0
103.0
90.0
56.0
-37.0
-2.0
71.0
-7.0
-18.0
80.0
116.0
12.0
47.0
-13.0
-65.0
77.0
146.0
82.0
2.0
45.0
27.0
-36.0
-2.0
80.0
26.0
59.0
46.0
8.0
42.0
-10.0
63.0
27.0
34.0
101.0
66.0
50.0
71.0
111.0
60.0
72.0
107.0
30.0
2.0
-10.0
83.0
51.0
84.0
148.0
124.0
75.0
19.0
-21.0
60.0
92.0
91.0
95.0
42.0
15.0
42.0
128.0
100.0
67.0
116.0
91.0
51.0
116.0
169.0
159.0
135.0
10.0
65.0
105.0
38.0
65.0
62.0
-32.0
33.0
125.0
71.0
123.0
65.0
99.0
90.0
33.0
41.0
52.0
82.0
129.0
98.0
48.0
96.0
43.0
47.0
107.0
81.0
13.0
103.0
130.0
65.0
42.0
-5.0
50.0
140.0
135.0
26.0
-70.0
-14.0
97.0
146.0
111.0
27.0
59.0
69.0
76.0
130.0
126.0
85.0
-31.0
-71.0
4.0
84.0
93.0
87.0
48.0
61.0
145.0
63.0
-63.0
-8.0
69.0
78.0
116.0
15.0
-17.0
101.0
161.0
-7.0
-27.0
106.0
94.0
128.0
108.0
69.0
32.0
56.0
35.0
63.0
49.0
90.0
36.0
24.0
70.0
79.0
40.0
53.0
79.0
105.0
103.0
74.0
51.0
88.0
30.0
115.0
167.0
69.0
91.0
76.0
30.0
121.0
114.0
59.0
104.0
126.0
-10.0
78.0
178.0
109.0
90.0
37.0
72.0
144.0
43.0
25.0
81.0
115.0
93.0
68.0
-14.0
64.0
77.0
24.0
80.0
105.0
109.0
133.0
131.0
43.0
25.0
61.0
120.0
177.0
72.0
-29.0
143.0
137.0
36.0
82.0
73.0
61.0
141.0
118.0
2.0
67.0
97.0
26.0
32.0
67.0
48.0
86.0
63.0
60.0
72.0
70.0
140.0
106.0
85.0
136.0
91.0
29.0
-3.0
-24.0
89.0
157.0
67.0
35.0
-47.0
-17.0
58.0
112.0
146.0
102.0
-5.0
29.0
73.0
61.0
23.0
8.0
52.0
79.0
24.0
74.0
63.0
-25.0
67.0
178.0
125.0
36.0
2.0
70.0
107.0
115.0
99.0
-35.0
-41.0
130.0
111.0
114.0
98.0
-17.0
81.0
66.0
110.0
71.0
38.0
42.0
52.0
65.0
99.0
163.0
53.0
-16.0
84.0
103.0
105.0
93.0
36.0
-35.0
40.0
82.0
78.0
77.0
99.0
84.0
109.0
58.0
67.0
83.0
88.0
136.0
122.0
51.0
26.0
7.0
121.0
136.0
164.0
89.0
-15.0
51.0
119.0
115.0
143.0
74.0
54.0
175.0
134.0
56.0
61.0
77.0
177.0
103.0
35.0
166.0
177.0
103.0
127.0
178.0
117.0
15.0
85.0
158.0
64.0
73.0
127.0
101.0
91.0
140.0
68.0
32.0
43.0
73.0
130.0
136.0
99.0
105.0
-10.0
-2.0
134.0
121.0
26.0
73.0
84.0
63.0
63.0
24.0
-10.0
59.0
12.0
50.0
124.0
108.0
33.0
12.0
101.0
136.0
82.0
4.0
56.0
51.0
118.0
115.0
11.0
20.0
1.0
78.0
12.0
-43.0
52.0
39.0
-9.0
35.0
37.0
-5.0
43.0
30.0
-108.0
-122.0
17.0
46.0
-16.0
-63.0
-42.0
-16.0
-23.0
-37.0
11.0
12.0
-118.0
-62.0
-17.0
-46.0
14.0
33.0
-38.0
-102.0
-70.0
-15.0
-56.0
-57.0
-51.0
-112.0
-39.0
51.0
-25.0
-32.0
-61.0
-174.0
-51.0
58.0
-19.0
23.0
35.0
-33.0
-24.0
-67.0
-32.0
62.0
19.0
-115.0
-3.0
18.0
-14.0
74.0
48.0
-34.0
-67.0
-8.0
130.0
69.0
-14.0
-5.0
-25.0
-32.0
-33.0
14.0
82.0
19.0
-58.0
-24.0
6.0
-44.0
-16.0
4.0
12.0
-45.0
-56.0
78.0
50.0
-46.0
-42.0
-44.0
67.0
8.0
-33.0
33.0
-4.0
-89.0
-84.0
2.0
-40.0
-49.0
-86.0
-18.0
64.0
-6.0
-64.0
-31.0
-41.0
50.0
-3.0
17.0
-8.0
-65.0
6.0
-53.0
-102.0
47.0
-7.0
-116.0
-70.0
-23.0
-17.0
-5.0
-22.0
-67.0
-17.0
4.0
-92.0
-135.0
3.0
-33.0
-52.0
12.0
58.0
69.0
60.0
33.0
-41.0
-17.0
18.0
5.0
-12.0
46.0
-7.0
-74.0
-51.0
-23.0
3.0
2.0
6.0
-35.0
-95.0
-91.0
15.0
50.0
-40.0
-29.0
11.0
-59.0
-84.0
-8.0
33.0
-39.0
-40.0
37.0
21.0
-99.0
-98.0
-40.0
29.0
-53.0
-30.0
-4.0
-41.0
-75.0
-41.0
-25.0
7.0
-65.0
-21.0
53.0
31.0
-100.0
-101.0
-34.0
30.0
20.0
-36.0
-87.0
-74.0
68.0
37.0
-24.0
-20.0
-46.0
-31.0
-33.0
-32.0
-21.0
-67.0
-92.0
-67.0
14.0
16.0
-1.0
-20.0
-40.0
1.0
21.0
-55.0
-51.0
-39.0
-80.0
5.0
38.0
-29.0
-77.0
-77.0
-68.0
-47.0
23.0
-8.0
-111.0
-92.0
-34.0
23.0
-24.0
-56.0
-110.0
10.0
95.0
-16.0
-60.0
-49.0
-59.0
-72.0
-27.0
33.0
11.0
25.0
-62.0
-119.0
-48.0
-44.0
-77.0
-23.0
32.0
-24.0
15.0
17.0
-78.0
-67.0
-34.0
-92.0
-35.0
-19.0
-22.0
1.0
-46.0
-5.0
7.0
-88.0
-75.0
-44.0
-116.0
-51.0
21.0
-23.0
-92.0
-87.0
-97.0
-101.0
-55.0
-15.0
7.0
-35.0
-18.0
-30.0
-125.0
-73.0
10.0
8.0
-51.0
-86.0
-25.0
-55.0
-40.0
-41.0
-29.0
26.0
-51.0
-44.0
-103.0
23.0
126.0
23.0
-25.0
-50.0
-34.0
30.0
29.0
18.0
-47.0
-45.0
20.0
-7.0
-31.0
18.0
-6.0
-168.0
-115.0
94.0
53.0
-20.0
-17.0
-52.0
-45.0
41.0
3.0
-108.0
5.0
97.0
19.0
-87.0
-97.0
-158.0
56.0
126.0
-27.0
-134.0
17.0
71.0
36.0
-31.0
-6.0
-13.0
-66.0
30.0
131.0
95.0
-27.0
-157.0
-56.0
38.0
64.0
17.0
-50.0
-23.0
18.0
3.0
-28.0
-84.0
-92.0
41.0
23.0
-12.0
-59.0
-78.0
-44.0
74.0
29.0
-88.0
-90.0
91.0
66.0
-26.0
-83.0
-32.0
-42.0
27.0
20.0
-64.0
-44.0
-46.0
-44.0
36.0
76.0
26.0
-48.0
-120.0
-142.0
30.0
82.0
-64.0
-61.0
18.0
28.0
-71.0
-158.0
20.0
73.0
12.0
-3.0
16.0
-70.0
-117.0
78.0
59.0
13.0
69.0
-44.0
-70.0
95.0
41.0
0.0
-24.0
-1.0
20.0
53.0
80.0
-59.0
-35.0
84.0
53.0
13.0
18.0
-49.0
31.0
98.0
43.0
27.0
-20.0
-52.0
5.0
92.0
57.0
-65.0
-70.0
52.0
148.0
27.0
24.0
-62.0
-72.0
44.0
86.0
46.0
-8.0
-21.0
1.0
46.0
84.0
89.0
35.0
-74.0
-73.0
91.0
137.0
-9.0
-29.0
51.0
105.0
73.0
38.0
-9.0
-50.0
25.0
40.0
44.0
54.0
20.0
-32.0
-56.0
-92.0
79.0
108.0
50.0
8.0
-61.0
-64.0
29.0
-8.0
-33.0
-30.0
13.0
35.0
10.0
-71.0
-10.0
116.0
63.0
59.0
52.0
-78.0
-82.0
-41.0
91.0
48.0
-23.0
17.0
-66.0
-71.0
-40.0
48.0
18.0
-1.0
17.0
-79.0
-31.0
56.0
-23.0
-44.0
-55.0
-64.0
-43.0
35.0
78.0
27.0
-87.0
-69.0
52.0
-43.0
-69.0
5.0
8.0
-124.0
-17.0
45.0
30.0
5.0
-9.0
-55.0
-39.0
-47.0
-58.0
61.0
26.0
-36.0
-46.0
-38.0
7.0
4.0
13.0
16.0
-40.0
-31.0
-2.0
41.0
-8.0
-87.0
-103.0
28.0
40.0
-13.0
-31.0
-33.0
23.0
63.0
18.0
45.0
17.0
-17.0
-16.0
86.0
92.0
78.0
96.0
117.0
147.0
174.0
143.0
154.0
257.0
274.0
260.0
267.0
263.0
256.0
239.0
262.0
259.0
262.0
211.0
147.0
112.0
141.0
147.0
42.0
26.0
59.0
32.0
-80.0
-74.0
-98.0
-149.0
-180.0
-149.0
-147.0
-174.0
-205.0
-218.0
-234.0
-116.0
-91.0
-157.0
-182.0
-227.0
-239.0
-108.0
-90.0
-187.0
-124.0
-135.0
-246.0
-233.0
-152.0
-133.0
-204.0
-224.0
-159.0
-115.0
-214.0
-251.0
-201.0
-96.0
-79.0
-126.0
-170.0
-148.0
-158.0
-237.0
-196.0
-89.0
-108.0
-223.0
-157.0
-68.0
-102.0
-128.0
-119.0
-106.0
-33.0
-44.0
-140.0
-115.0
-123.0
-121.0
-92.0
-68.0
-130.0
-98.0
-51.0
-27.0
-92.0
-125.0
-65.0
-47.0
-55.0
-69.0
-33.0
-36.0
-100.0
-105.0
-88.0
-26.0
-15.0
-18.0
-1.0
-31.0
-32.0
-93.0
-71.0
-116.0
-35.0
-37.0
-57.0
-55.0
-54.0
-45.0
-60.0
-109.0
-134.0
-63.0
-58.0
-34.0
-13.0
-102.0
-95.0
-60.0
-90.0
-111.0
-45.0
-8.0
-80.0
-157.0
-154.0
-101.0
-7.0
16.0
-39.0
-129.0
-67.0
8.0
-26.0
-76.0
-182.0
-86.0
-46.0
-53.0
-21.0
-35.0
-65.0
-33.0
21.0
-32.0
-116.0
-114.0
-37.0
-69.0
-28.0
9.0
-71.0
-109.0
-70.0
-25.0
-63.0
-126.0
-118.0
-60.0
-66.0
-63.0
-73.0
-50.0
-141.0
-148.0
-67.0
-29.0
-35.0
-12.0
-77.0
-180.0
-58.0
22.0
-45.0
-43.0
-72.0
-146.0
-134.0
-37.0
26.0
-50.0
-129.0
-107.0
-13.0
51.0
-6.0
-63.0
-153.0
-74.0
23.0
12.0
-12.0
-129.0
-95.0
39.0
11.0
-33.0
-59.0
-69.0
77.0
-2.0
-22.0
-1.0
-62.0
-116.0
-95.0
-32.0
-18.0
-21.0
-148.0
-21.0
4.0
-64.0
-69.0
-102.0
-40.0
32.0
-50.0
-39.0
-4.0
-17.0
-61.0
2.0
-17.0
-6.0
-8.0
2.0
-37.0
25.0
75.0
44.0
-51.0
-18.0
27.0
-51.0
7.0
-58.0
9.0
121.0
111.0
-42.0
18.0
45.0
72.0
58.0
-1.0
66.0
-15.0
26.0
112.0
31.0
64.0
22.0
-69.0
72.0
90.0
47.0
34.0
-46.0
-83.0
64.0
90.0
17.0
-22.0
3.0
18.0
33.0
-12.0
42.0
93.0
59.0
11.0
-106.0
-65.0
22.0
-15.0
34.0
22.0
-110.0
-38.0
70.0
29.0
-45.0
-184.0
12.0
37.0
11.0
30.0
-2.0
9.0
-13.0
-94.0
-53.0
52.0
66.0
5.0
-2.0
2.0
14.0
-11.0
-64.0
-2.0
88.0
73.0
-85.0
-81.0
122.0
78.0
65.0
39.0
-97.0
10.0
131.0
108.0
32.0
-33.0
-73.0
50.0
72.0
61.0
-23.0
-25.0
-35.0
52.0
78.0
-15.0
-7.0
21.0
-54.0
42.0
120.0
11.0
-52.0
-96.0
-27.0
128.0
49.0
-59.0
-21.0
40.0
35.0
49.0
3.0
-15.0
20.0
53.0
74.0
-11.0
-33.0
48.0
15.0
72.0
-30.0
-51.0
134.0
87.0
16.0
-37.0
-124.0
1.0
87.0
-32.0
-68.0
-14.0
-26.0
-34.0
-29.0
-46.0
-78.0
-49.0
13.0
62.0
72.0
-21.0
-40.0
39.0
-18.0
-11.0
-8.0
-27.0
76.0
20.0
-7.0
1.0
-63.0
-114.0
-32.0
-32.0
63.0
83.0
-32.0
-137.0
-101.0
11.0
116.0
18.0
-98.0
-64.0
31.0
12.0
-14.0
-11.0
-63.0
-111.0
-140.0
7.0
59.0
-11.0
-147.0
-110.0
11.0
-25.0
-72.0
-110.0
-45.0
7.0
-70.0
-43.0
-17.0
-29.0
-24.0
-82.0
-121.0
22.0
-3.0
-80.0
-149.0
-44.0
43.0
-23.0
-115.0
-83.0
-118.0
-94.0
-48.0
-84.0
-76.0
-53.0
-60.0
-98.0
-59.0
17.0
-16.0
-106.0
-48.0
-35.0
-118.0
5.0
65.0
-18.0
-99.0
-21.0
23.0
-42.0
-53.0
10.0
-2.0
29.0
54.0
-55.0
-33.0
15.0
-18.0
88.0
72.0
-52.0
-88.0
-41.0
103.0
40.0
-36.0
-40.0
15.0
-43.0
-115.0
20.0
5.0
-84.0
-54.0
5.0
28.0
-41.0
-120.0
-85.0
-73.0
20.0
52.0
-69.0
-213.0
-46.0
104.0
45.0
-36.0
-156.0
5.0
119.0
-14.0
-122.0
-41.0
12.0
-68.0
2.0
-17.0
-95.0
-128.0
-25.0
89.0
-5.0
-59.0
3.0
1.0
-34.0
-24.0
-99.0
-78.0
-52.0
-29.0
10.0
-16.0
-110.0
-100.0
-14.0
-20.0
-34.0
-23.0
-42.0
-48.0
-17.0
21.0
-51.0
-116.0
-69.0
31.0
72.0
-40.0
-55.0
-71.0
-146.0
-64.0
13.0
-61.0
-34.0
44.0
-79.0
-122.0
-59.0
49.0
49.0
13.0
-45.0
-52.0
-40.0
-91.0
-108.0
-152.0
-150.0
34.0
-12.0
-49.0
-78.0
-93.0
5.0
60.0
-28.0
-81.0
-186.0
-142.0
17.0
-48.0
-5.0
-59.0
-96.0
-29.0
35.0
53.0
-122.0
-128.0
7.0
44.0
11.0
-49.0
-119.0
-69.0
-59.0
-78.0
-45.0
73.0
40.0
-27.0
-65.0
-117.0
-37.0
8.0
-33.0
-27.0
-34.0
-37.0
-30.0
-38.0
-17.0
-56.0
-80.0
-7.0
53.0
-34.0
-132.0
-120.0
65.0
84.0
-18.0
-25.0
-95.0
26.0
71.0
-63.0
-64.0
-22.0
-30.0
-42.0
-22.0
24.0
-3.0
-44.0
-77.0
-21.0
34.0
44.0
-32.0
-62.0
-131.0
-67.0
-52.0
-6.0
-60.0
-90.0
17.0
7.0
-24.0
-41.0
-25.0
11.0
19.0
12.0
-61.0
-81.0
19.0
-40.0
34.0
64.0
13.0
-81.0
-60.0
3.0
-6.0
32.0
-32.0
-151.0
63.0
91.0
8.0
-73.0
-146.0
-89.0
55.0
56.0
-114.0
-191.0
44.0
140.0
54.0
-57.0
-153.0
-87.0
60.0
16.0
-74.0
-37.0
77.0
42.0
-10.0
-36.0
-113.0
-101.0
-2.0
5.0
-43.0
-87.0
-55.0
91.0
-30.0
-147.0
-102.0
-45.0
58.0
-11.0
-53.0
-73.0
-154.0
-152.0
-41.0
-30.0
-78.0
-116.0
-26.0
59.0
-111.0
-180.0
-88.0
-10.0
-17.0
-29.0
-83.0
-112.0
-54.0
-57.0
-71.0
-88.0
-37.0
-10.0
-24.0
-83.0
-81.0
-56.0
-55.0
29.0
-5.0
-90.0
-62.0
30.0
90.0
58.0
7.0
-91.0
-102.0
-27.0
-42.0
-1.0
-33.0
-115.0
14.0
29.0
-70.0
-60.0
-75.0
-117.0
24.0
47.0
-10.0
-73.0
-107.0
-83.0
-54.0
1.0
-48.0
-65.0
-34.0
-4.0
17.0
-54.0
-35.0
-29.0
-25.0
18.0
-39.0
-60.0
-36.0
-48.0
-45.0
-27.0
-12.0
-23.0
-143.0
-94.0
-63.0
-27.0
-61.0
-93.0
-7.0
-93.0
-62.0
-29.0
-150.0
-128.0
-18.0
-30.0
-87.0
-118.0
-101.0
-4.0
4.0
-51.0
-176.0
-152.0
4.0
-36.0
-119.0
-59.0
13.0
-26.0
6.0
-28.0
-64.0
-76.0
-20.0
-27.0
-25.0
-19.0
-118.0
-31.0
84.0
-4.0
-69.0
-93.0
-75.0
17.0
24.0
-8.0
-54.0
-37.0
35.0
65.0
19.0
-14.0
-53.0
-36.0
-72.0
-60.0
81.0
30.0
11.0
11.0
13.0
55.0
29.0
-48.0
-26.0
57.0
21.0
-3.0
-4.0
8.0
-1.0
52.0
34.0
-9.0
-68.0
-80.0
26.0
48.0
-1.0
15.0
-73.0
10.0
-3.0
44.0
71.0
2.0
-13.0
-13.0
67.0
37.0
-56.0
87.0
89.0
51.0
58.0
7.0
-67.0
-58.0
-42.0
22.0
26.0
-56.0
-59.0
25.0
24.0
-72.0
-53.0
-19.0
12.0
-57.0
11.0
16.0
37.0
91.0
-35.0
-106.0
-97.0
18.0
99.0
16.0
-11.0
8.0
-62.0
-95.0
26.0
40.0
37.0
27.0
-47.0
-20.0
59.0
86.0
58.0
0.0
-59.0
1.0
-53.0
51.0
45.0
17.0
24.0
47.0
-10.0
-35.0
26.0
56.0
-34.0
-71.0
-38.0
-4.0
22.0
56.0
58.0
-22.0
-68.0
-51.0
39.0
103.0
73.0
-1.0
-58.0
-34.0
4.0
-14.0
-11.0
0.0
-13.0
16.0
22.0
-30.0
-71.0
38.0
44.0
-35.0
42.0
54.0
-80.0
-8.0
82.0
-4.0
-24.0
17.0
38.0
16.0
-16.0
-29.0
31.0
102.0
3.0
-51.0
-2.0
100.0
68.0
-23.0
-50.0
15.0
30.0
31.0
46.0
-11.0
-46.0
-23.0
74.0
64.0
-5.0
-50.0
50.0
71.0
27.0
-24.0
-49.0
-93.0
-37.0
61.0
-36.0
-7.0
26.0
-62.0
-11.0
73.0
52.0
36.0
-14.0
-22.0
-7.0
47.0
52.0
20.0
45.0
103.0
67.0
10.0
51.0
-18.0
2.0
139.0
55.0
37.0
79.0
35.0
-33.0
1.0
31.0
91.0
67.0
7.0
-70.0
-25.0
104.0
102.0
85.0
42.0
-27.0
29.0
129.0
133.0
69.0
25.0
46.0
10.0
18.0
-5.0
-105.0
48.0
119.0
74.0
17.0
5.0
-18.0
6.0
34.0
82.0
112.0
102.0
4.0
-1.0
82.0
63.0
75.0
53.0
51.0
168.0
122.0
129.0
53.0
119.0
182.0
157.0
130.0
100.0
50.0
110.0
155.0
120.0
155.0
114.0
34.0
95.0
79.0
123.0
160.0
164.0
49.0
68.0
51.0
108.0
167.0
55.0
95.0
127.0
154.0
67.0
14.0
90.0
109.0
169.0
138.0
43.0
62.0
95.0
152.0
44.0
12.0
161.0
102.0
51.0
17.0
27.0
105.0
182.0
62.0
-65.0
-6.0
107.0
161.0
14.0
51.0
99.0
31.0
69.0
47.0
105.0
-5.0
-21.0
155.0
138.0
-57.0
-48.0
-16.0
140.0
173.0
29.0
-67.0
-47.0
44.0
128.0
15.0
-74.0
-13.0
61.0
59.0
-17.0
-58.0
42.0
98.0
-8.0
53.0
46.0
34.0
41.0
40.0
-75.0
-10.0
152.0
38.0
-25.0
-11.0
-1.0
40.0
8.0
51.0
50.0
-4.0
-43.0
-61.0
25.0
82.0
-25.0
-154.0
-33.0
114.0
35.0
15.0
-37.0
-4.0
-22.0
-27.0
-31.0
-13.0
14.0
18.0
-39.0
-82.0
-24.0
-26.0
15.0
0.0
12.0
18.0
-5.0
46.0
59.0
52.0
38.0
37.0
49.0
41.0
83.0
146.0
235.0
228.0
248.0
269.0
262.0
263.0
261.0
265.0
267.0
261.0
215.0
103.0
111.0
130.0
90.0
72.0
25.0
-91.0
-87.0
-4.0
-59.0
-124.0
-145.0
-229.0
-257.0
-248.0
-211.0
-162.0
-223.0
-258.0
-243.0
-241.0
-249.0
-238.0
-225.0
-241.0
-236.0
-223.0
-250.0
-249.0
-229.0
-187.0
-187.0
-164.0
-169.0
-223.0
-178.0
-183.0
-137.0
-147.0
-173.0
-213.0
-213.0
-185.0
-214.0
-144.0
-102.0
-132.0
-131.0
-125.0
-145.0
-153.0
-147.0
-125.0
-178.0
-208.0
-92.0
-190.0
-166.0
-73.0
-118.0
-119.0
-77.0
-98.0
-186.0
-195.0
-187.0
-134.0
-41.0
-33.0
-63.0
-142.0
-225.0
-148.0
-55.0
-64.0
-28.0
-106.0
-117.0
-54.0
-68.0
-83.0
-72.0
-118.0
-191.0
-91.0
-15.0
-81.0
-50.0
-98.0
-218.0
-146.0
-4.0
-16.0
-53.0
-136.0
-70.0
-27.0
-41.0
-51.0
-99.0
-80.0
10.0
-3.0
17.0
-39.0
-46.0
-46.0
-39.0
67.0
31.0
-33.0
-53.0
-59.0
-61.0
-149.0
-42.0
-6.0
-14.0
-4.0
-31.0
-64.0
-11.0
-31.0
-49.0
-9.0
-52.0
-21.0
64.0
12.0
-18.0
21.0
-8.0
-15.0
4.0
9.0
13.0
109.0
65.0
19.0
-22.0
33.0
-10.0
-38.0
-41.0
-71.0
-52.0
72.0
21.0
-55.0
-67.0
-14.0
11.0
-21.0
-37.0
-21.0
-53.0
-76.0
-103.0
-52.0
47.0
50.0
-55.0
-26.0
-12.0
39.0
55.0
2.0
-13.0
-74.0
-34.0
-22.0
16.0
77.0
-76.0
-73.0
95.0
66.0
-17.0
-19.0
-56.0
-30.0
65.0
-36.0
-106.0
-51.0
-59.0
-36.0
-7.0
-46.0
-95.0
-27.0
13.0
15.0
-27.0
-46.0
-44.0
-61.0
-22.0
15.0
-23.0
-67.0
-57.0
-27.0
-41.0
-81.0
-46.0
-104.0
-103.0
-90.0
-118.0
-103.0
5.0
-30.0
-36.0
-50.0
-88.0
-176.0
-196.0
-73.0
8.0
-59.0
-171.0
-46.0
40.0
-56.0
-130.0
-74.0
-59.0
-95.0
-37.0
-103.0
-134.0
-50.0
-69.0
-89.0
-90.0
-79.0
-133.0
-55.0
-90.0
-143.0
-81.0
-31.0
-36.0
-70.0
-116.0
-147.0
-177.0
-101.0
-5.0
-68.0
-187.0
-194.0
-80.0
-93.0
-55.0
-44.0
-208.0
-163.0
-36.0
-23.0
-49.0
-106.0
-72.0
-53.0
-112.0
-102.0
-89.0
-142.0
-132.0
-13.0
-64.0
-100.0
-33.0
-35.0
-97.0
-83.0
-97.0
-96.0
-45.0
-95.0
-137.0
-98.0
-45.0
-6.0
10.0
-82.0
-84.0
-59.0
-55.0
-31.0
-77.0
-79.0
-48.0
-51.0
-14.0
20.0
-23.0
-36.0
-23.0
-23.0
-18.0
-16.0
19.0
39.0
59.0
81.0
133.0
219.0
214.0
241.0
271.0
257.0
262.0
244.0
253.0
265.0
191.0
117.0
160.0
138.0
50.0
64.0
107.0
-16.0
-29.0
-64.0
-69.0
5.0
-29.0
-84.0
-160.0
-202.0
-146.0
-246.0
-224.0
-197.0
-222.0
-159.0
-191.0
-253.0
-245.0
-245.0
-231.0
-238.0
-183.0
-141.0
-220.0
-204.0
-163.0
-228.0
-216.0
-190.0
-200.0
-186.0
-181.0
-151.0
-215.0
-212.0
-89.0
-91.0
-187.0
-112.0
-60.0
-163.0
-201.0
-177.0
-119.0
-113.0
-125.0
-165.0
-143.0
-106.0
-163.0
-178.0
-138.0
-162.0
-134.0
-95.0
-114.0
-178.0
-165.0
-203.0
-179.0
-59.0
-97.0
-114.0
-144.0
-183.0
-221.0
-126.0
-72.0
-156.0
-95.0
-78.0
-132.0
-116.0
-112.0
-145.0
-162.0
-106.0
-114.0
-117.0
-217.0
-195.0
1.0
-8.0
-95.0
-160.0
-153.0
-107.0
-55.0
-42.0
-21.0
-72.0
-120.0
-79.0
-29.0
-118.0
-140.0
-27.0
-67.0
-106.0
-88.0
-57.0
-95.0
-126.0
-99.0
-133.0
-155.0
-97.0
-34.0
-50.0
-128.0
-100.0
-36.0
-38.0
-40.0
-35.0
-111.0
-125.0
-28.0
-71.0
-51.0
-7.0
-24.0
-23.0
-20.0
-58.0
-65.0
-76.0
-75.0
-27.0
-23.0
-59.0
-32.0
-48.0
-71.0
-56.0
-53.0
-48.0
-46.0
-48.0
-52.0
-19.0
-13.0
-36.0
-72.0
-25.0
-17.0
-51.0
-6.0
-10.0
-43.0
-122.0
-72.0
-98.0
-108.0
23.0
21.0
-49.0
-84.0
-51.0
-30.0
-82.0
-63.0
-33.0
3.0
3.0
-10.0
7.0
17.0
11.0
39.0
16.0
1.0
-125.0
-149.0
48.0
118.0
98.0
73.0
88.0
122.0
87.0
55.0
19.0
4.0
52.0
124.0
32.0
61.0
120.0
59.0
54.0
36.0
31.0
50.0
80.0
60.0
19.0
35.0
52.0
52.0
-13.0
-25.0
3.0
40.0
55.0
45.0
64.0
88.0
75.0
74.0
54.0
56.0
20.0
-43.0
1.0
83.0
101.0
74.0
74.0
42.0
83.0
37.0
15.0
108.0
97.0
84.0
92.0
125.0
115.0
116.0
162.0
186.0
222.0
270.0
246.0
244.0
270.0
262.0
263.0
253.0
208.0
243.0
274.0
246.0
252.0
238.0
256.0
210.0
149.0
128.0
118.0
134.0
117.0
90.0
-6.0
-79.0
-59.0
-119.0
-107.0
-91.0
-120.0
-167.0
-183.0
-210.0
-244.0
-238.0
-235.0
-243.0
-226.0
-232.0
-247.0
-247.0
-233.0
-227.0
-251.0
-247.0
-242.0
-210.0
-144.0
-175.0
-240.0
-240.0
-213.0
-196.0
-230.0
-233.0
-171.0
-187.0
-212.0
-218.0
-198.0
-220.0
-223.0
-210.0
-203.0
-198.0
-172.0
-139.0
-174.0
-168.0
-154.0
-176.0
-202.0
-247.0
-182.0
-88.0
-100.0
-115.0
-158.0
-212.0
-188.0
-136.0
-97.0
-115.0
-163.0
-124.0
-149.0
-182.0
-198.0
-220.0
-194.0
-142.0
-162.0
-81.0
-74.0
-77.0
-115.0
-191.0
-223.0
-164.0
-127.0
-108.0
-129.0
-155.0
-175.0
-52.0
-64.0
-111.0
-104.0
-81.0
-81.0
-91.0
-143.0
-211.0
-93.0
-27.0
-54.0
-51.0
-44.0
-20.0
-66.0
-125.0
-33.0
15.0
-17.0
-31.0
-13.0
-35.0
-65.0
12.0
-6.0
35.0
42.0
-4.0
-51.0
-68.0
11.0
16.0
36.0
-26.0
-21.0
11.0
-40.0
-43.0
20.0
-10.0
-18.0
5.0
-78.0
-57.0
21.0
-12.0
-41.0
-26.0
20.0
56.0
1.0
14.0
42.0
21.0
-10.0
-36.0
-4.0
-33.0
1.0
24.0
-45.0
-74.0
-22.0
-21.0
-33.0
30.0
-3.0
-23.0
-30.0
-137.0
-69.0
77.0
3.0
-55.0
-14.0
-14.0
-34.0
-77.0
-51.0
9.0
3.0
21.0
16.0
-54.0
-117.0
-7.0
97.0
71.0
11.0
-61.0
-112.0
21.0
98.0
114.0
81.0
-17.0
-34.0
-2.0
35.0
40.0
-12.0
31.0
61.0
26.0
2.0
42.0
70.0
1.0
30.0
81.0
6.0
-84.0
-31.0
78.0
86.0
55.0
8.0
-24.0
-14.0
-45.0
-25.0
51.0
50.0
12.0
-30.0
-66.0
10.0
53.0
63.0
49.0
-64.0
-81.0
-4.0
36.0
11.0
-31.0
-58.0
-45.0
-78.0
-29.0
83.0
11.0
-21.0
-15.0
-14.0
-19.0
-64.0
-82.0
-1.0
-26.0
-41.0
-32.0
-80.0
7.0
-3.0
-23.0
36.0
-1.0
-19.0
-29.0
18.0
1.0
-39.0
-98.0
-68.0
38.0
9.0
-6.0
-4.0
-35.0
-28.0
-4.0
-45.0
13.0
40.0
13.0
-35.0
-94.0
49.0
41.0
28.0
63.0
18.0
-112.0
-96.0
-22.0
24.0
62.0
-17.0
-91.0
11.0
-30.0
-116.0
-91.0
-3.0
40.0
5.0
10.0
-82.0
-31.0
-21.0
2.0
4.0
15.0
-30.0
-67.0
4.0
33.0
1.0
-15.0
-8.0
-7.0
28.0
28.0
-6.0
6.0
-18.0
-40.0
39.0
29.0
12.0
21.0
-1.0
-34.0
43.0
86.0
27.0
33.0
65.0
15.0
35.0
58.0
-42.0
-64.0
17.0
5.0
-52.0
34.0
66.0
31.0
37.0
60.0
23.0
12.0
3.0
43.0
30.0
52.0
-1.0
-72.0
-3.0
51.0
106.0
103.0
22.0
22.0
48.0
-29.0
-4.0
63.0
41.0
-67.0
-4.0
84.0
46.0
-24.0
11.0
58.0
35.0
44.0
-14.0
-33.0
46.0
-1.0
-29.0
38.0
-8.0
-16.0
-50.0
12.0
30.0
-11.0
-35.0
69.0
57.0
-60.0
-7.0
34.0
68.0
81.0
-11.0
-40.0
29.0
51.0
97.0
56.0
-17.0
-11.0
49.0
32.0
-50.0
-43.0
81.0
107.0
102.0
5.0
-30.0
-5.0
60.0
93.0
79.0
53.0
32.0
34.0
2.0
-3.0
-27.0
-16.0
84.0
103.0
58.0
-29.0
43.0
7.0
33.0
-20.0
-18.0
56.0
90.0
36.0
49.0
61.0
-36.0
-27.0
79.0
14.0
-17.0
-72.0
33.0
155.0
109.0
16.0
3.0
-4.0
-32.0
5.0
20.0
4.0
-8.0
5.0
34.0
-7.0
-10.0
-46.0
24.0
42.0
25.0
7.0
-55.0
-91.0
-21.0
43.0
19.0
20.0
15.0
-48.0
-65.0
40.0
91.0
-33.0
5.0
16.0
76.0
44.0
60.0
111.0
31.0
-116.0
-36.0
30.0
20.0
82.0
25.0
-11.0
-44.0
-26.0
73.0
28.0
5.0
63.0
43.0
64.0
-25.0
-70.0
76.0
71.0
42.0
72.0
-6.0
-9.0
85.0
83.0
10.0
-30.0
15.0
33.0
-33.0
40.0
67.0
85.0
3.0
-13.0
66.0
73.0
97.0
71.0
46.0
33.0
4.0
96.0
57.0
16.0
-12.0
38.0
53.0
33.0
64.0
48.0
-12.0
25.0
75.0
127.0
74.0
8.0
40.0
11.0
-6.0
95.0
48.0
59.0
67.0
56.0
56.0
45.0
77.0
29.0
50.0
62.0
17.0
-14.0
48.0
1.0
-69.0
-29.0
85.0
122.0
37.0
-43.0
-21.0
31.0
22.0
-14.0
34.0
99.0
105.0
60.0
18.0
18.0
46.0
7.0
108.0
82.0
0.0
-18.0
13.0
2.0
124.0
107.0
30.0
-66.0
6.0
70.0
1.0
22.0
34.0
-5.0
-29.0
70.0
23.0
27.0
-21.0
-3.0
114.0
31.0
8.0
20.0
-19.0
46.0
20.0
4.0
39.0
-11.0
21.0
71.0
28.0
51.0
41.0
-14.0
46.0
46.0
-25.0
-27.0
42.0
23.0
13.0
-17.0
-2.0
40.0
10.0
7.0
41.0
30.0
-39.0
-11.0
4.0
-16.0
1.0
-11.0
8.0
-51.0
-91.0
-5.0
11.0
19.0
13.0
-50.0
-103.0
-38.0
50.0
-23.0
-89.0
-97.0
-21.0
46.0
43.0
-43.0
-96.0
-7.0
59.0
-15.0
4.0
-9.0
-74.0
-61.0
8.0
13.0
26.0
-78.0
-60.0
18.0
10.0
6.0
-40.0
-72.0
81.0
21.0
-2.0
23.0
-48.0
-103.0
-17.0
52.0
0.0
6.0
-18.0
-101.0
-137.0
-30.0
-28.0
-16.0
20.0
-71.0
-146.0
-140.0
-16.0
1.0
-47.0
-118.0
-178.0
-100.0
6.0
-27.0
-18.0
-24.0
-67.0
-95.0
-78.0
-24.0
-30.0
-60.0
-60.0
-14.0
-84.0
-135.0
-16.0
53.0
15.0
-44.0
-177.0
-133.0
12.0
27.0
32.0
-22.0
-53.0
-94.0
-90.0
-6.0
-30.0
-56.0
-157.0
-44.0
56.0
37.0
-8.0
-74.0
-59.0
-112.0
-144.0
-46.0
-24.0
-3.0
-52.0
-46.0
-50.0
4.0
-29.0
-54.0
-56.0
-86.0
-81.0
-31.0
5.0
-54.0
-126.0
-69.0
-9.0
-55.0
-35.0
-77.0
-169.0
-37.0
58.0
-13.0
-65.0
-33.0
-116.0
-106.0
15.0
18.0
-81.0
-84.0
-102.0
-133.0
-9.0
3.0
-46.0
-36.0
-9.0
-135.0
-92.0
-26.0
-87.0
-43.0
-79.0
-118.0
-19.0
28.0
-3.0
-14.0
-53.0
-120.0
-69.0
-22.0
-26.0
-77.0
-49.0
19.0
37.0
1.0
-73.0
-78.0
-8.0
30.0
-20.0
-50.0
-140.0
-175.0
-18.0
47.0
-31.0
-36.0
-93.0
-19.0
-10.0
-6.0
18.0
18.0
-60.0
-150.0
-92.0
20.0
59.0
-21.0
-71.0
-80.0
-16.0
-14.0
-12.0
-15.0
-127.0
59.0
93.0
-16.0
-42.0
-27.0
26.0
59.0
6.0
-11.0
-71.0
-93.0
21.0
44.0
22.0
-12.0
-7.0
-15.0
-62.0
-6.0
34.0
-8.0
-14.0
4.0
-33.0
-102.0
-56.0
1.0
-102.0
-130.0
-100.0
-22.0
55.0
-12.0
-5.0
-43.0
-80.0
-7.0
26.0
17.0
3.0
-78.0
-89.0
-41.0
15.0
-80.0
-70.0
-17.0
-41.0
-14.0
-48.0
-74.0
-56.0
-41.0
-26.0
55.0
-15.0
-25.0
-83.0
-56.0
6.0
40.0
-23.0
-22.0
-67.0
-86.0
-24.0
2.0
27.0
-3.0
-70.0
-42.0
34.0
16.0
22.0
-24.0
-8.0
-24.0
-44.0
-26.0
2.0
-64.0
-61.0
-2.0
6.0
-18.0
-17.0
-43.0
-42.0
-49.0
-85.0
13.0
54.0
44.0
20.0
-54.0
-69.0
-10.0
8.0
16.0
-31.0
-65.0
-31.0
35.0
51.0
37.0
32.0
-79.0
-51.0
29.0
47.0
-17.0
-51.0
-77.0
48.0
112.0
24.0
-37.0
-66.0
-9.0
32.0
73.0
13.0
-37.0
-35.0
10.0
66.0
39.0
0.0
-70.0
-41.0
15.0
6.0
-1.0
-2.0
-59.0
-28.0
-40.0
-50.0
52.0
-25.0
-59.0
-43.0
26.0
41.0
-60.0
-85.0
-31.0
36.0
15.0
-23.0
-23.0
-6.0
-21.0
33.0
43.0
38.0
99.0
38.0
16.0
58.0
7.0
5.0
14.0
43.0
46.0
53.0
53.0
1.0
-38.0
-54.0
30.0
64.0
15.0
29.0
37.0
3.0
-50.0
60.0
84.0
-67.0
-34.0
82.0
71.0
33.0
-15.0
19.0
78.0
45.0
31.0
52.0
-14.0
-78.0
8.0
96.0
70.0
31.0
-100.0
21.0
66.0
8.0
59.0
40.0
80.0
114.0
37.0
11.0
-6.0
69.0
115.0
72.0
37.0
28.0
36.0
48.0
125.0
118.0
89.0
13.0
30.0
48.0
95.0
95.0
-6.0
55.0
174.0
51.0
-71.0
82.0
197.0
110.0
61.0
-7.0
-3.0
91.0
81.0
24.0
49.0
42.0
93.0
98.0
48.0
-10.0
50.0
62.0
105.0
121.0
58.0
49.0
-5.0
-104.0
77.0
174.0
77.0
-2.0
-43.0
54.0
54.0
74.0
42.0
86.0
92.0
72.0
34.0
-31.0
-46.0
26.0
103.0
36.0
-18.0
15.0
-40.0
-93.0
8.0
101.0
-1.0
-59.0
17.0
30.0
60.0
79.0
-22.0
-76.0
12.0
50.0
66.0
45.0
-47.0
-91.0
-61.0
44.0
45.0
-75.0
-18.0
95.0
46.0
-62.0
-44.0
-43.0
68.0
105.0
44.0
-41.0
-89.0
-4.0
115.0
6.0
-3.0
-8.0
-83.0
7.0
78.0
43.0
-15.0
-85.0
-26.0
69.0
93.0
57.0
0.0
-49.0
8.0
22.0
72.0
116.0
61.0
-7.0
-36.0
49.0
57.0
62.0
30.0
-45.0
2.0
-16.0
-71.0
-26.0
1.0
18.0
55.0
3.0
-5.0
-33.0
-12.0
26.0
79.0
86.0
2.0
-52.0
5.0
1.0
25.0
51.0
-18.0
-81.0
39.0
69.0
-25.0
-41.0
-27.0
-20.0
-31.0
64.0
4.0
-25.0
-23.0
-17.0
51.0
13.0
-25.0
42.0
49.0
-15.0
-78.0
-57.0
26.0
30.0
29.0
-2.0
-13.0
23.0
-25.0
-31.0
51.0
42.0
22.0
13.0
-16.0
14.0
-30.0
22.0
-11.0
-35.0
58.0
65.0
-40.0
-136.0
-73.0
29.0
-13.0
14.0
8.0
-27.0
-62.0
-30.0
-5.0
0.0
23.0
31.0
-71.0
-22.0
84.0
65.0
-21.0
-12.0
30.0
4.0
-34.0
-27.0
-20.0
32.0
69.0
-7.0
-69.0
-21.0
54.0
43.0
25.0
27.0
-2.0
-42.0
-36.0
79.0
58.0
-6.0
52.0
-19.0
-81.0
-12.0
-15.0
4.0
74.0
59.0
-16.0
-106.0
-22.0
20.0
21.0
-12.0
-55.0
-2.0
13.0
86.0
67.0
40.0
15.0
25.0
32.0
-52.0
-13.0
10.0
18.0
-35.0
-34.0
92.0
133.0
62.0
20.0
-46.0
-72.0
-21.0
49.0
36.0
-7.0
-95.0
-7.0
126.0
55.0
-33.0
-55.0
-95.0
62.0
163.0
63.0
-73.0
-101.0
79.0
98.0
42.0
71.0
-43.0
-92.0
6.0
118.0
125.0
68.0
36.0
-79.0
-43.0
72.0
92.0
61.0
-28.0
-34.0
91.0
93.0
24.0
1.0
45.0
-39.0
-42.0
61.0
93.0
57.0
26.0
-50.0
-16.0
24.0
59.0
17.0
-101.0
1.0
139.0
42.0
-6.0
43.0
-7.0
-66.0
40.0
37.0
36.0
16.0
-92.0
58.0
85.0
20.0
24.0
-22.0
47.0
8.0
26.0
68.0
53.0
-17.0
-25.0
44.0
42.0
77.0
56.0
-17.0
-27.0
65.0
51.0
10.0
-1.0
-63.0
4.0
50.0
53.0
50.0
-14.0
84.0
149.0
62.0
41.0
1.0
10.0
116.0
127.0
125.0
107.0
38.0
93.0
15.0
40.0
106.0
51.0
88.0
60.0
-14.0
91.0
133.0
105.0
33.0
-26.0
35.0
122.0
88.0
49.0
-12.0
3.0
148.0
157.0
29.0
28.0
5.0
-31.0
17.0
84.0
65.0
40.0
-15.0
-72.0
37.0
16.0
-14.0
65.0
53.0
-39.0
-41.0
55.0
50.0
45.0
22.0
17.0
45.0
17.0
-34.0
-7.0
13.0
-23.0
3.0
114.0
61.0
-81.0
-50.0
112.0
75.0
31.0
14.0
-14.0
-65.0
4.0
29.0
-5.0
50.0
10.0
24.0
41.0
-37.0
-33.0
83.0
77.0
5.0
-9.0
24.0
85.0
30.0
-69.0
-7.0
71.0
26.0
7.0
2.0
51.0
10.0
7.0
48.0
-10.0
-18.0
45.0
10.0
17.0
7.0
-6.0
-5.0
-18.0
-26.0
50.0
32.0
11.0
52.0
32.0
32.0
-16.0
-30.0
-55.0
-36.0
98.0
23.0
10.0
-37.0
-78.0
5.0
68.0
26.0
-44.0
67.0
125.0
1.0
-30.0
32.0
44.0
23.0
-21.0
-81.0
-26.0
82.0
51.0
-64.0
-39.0
-72.0
-45.0
64.0
22.0
-11.0
-76.0
-109.0
-47.0
17.0
44.0
-85.0
-203.0
-68.0
116.0
83.0
-40.0
-115.0
-165.0
99.0
98.0
-6.0
-62.0
-128.0
-72.0
-35.0
23.0
3.0
-65.0
-92.0
-105.0
-62.0
-39.0
2.0
-52.0
-111.0
-149.0
-165.0
-90.0
39.0
50.0
-6.0
-47.0
-99.0
-119.0
-66.0
-8.0
-3.0
-46.0
-88.0
-137.0
3.0
9.0
-14.0
-30.0
-34.0
-143.0
-95.0
-22.0
-67.0
-16.0
-53.0
-30.0
31.0
-52.0
-72.0
-78.0
-76.0
-25.0
-16.0
-99.0
-23.0
-39.0
-62.0
23.0
40.0
-48.0
-19.0
18.0
4.0
68.0
26.0
-46.0
30.0
108.0
85.0
112.0
30.0
-13.0
19.0
-30.0
24.0
128.0
39.0
-16.0
-30.0
48.0
67.0
100.0
-12.0
12.0
30.0
43.0
90.0
73.0
-9.0
-83.0
16.0
97.0
81.0
20.0
66.0
30.0
-52.0
-2.0
90.0
40.0
51.0
28.0
11.0
19.0
23.0
22.0
48.0
68.0
80.0
59.0
49.0
9.0
-27.0
-23.0
39.0
17.0
25.0
3.0
14.0
42.0
36.0
43.0
25.0
6.0
50.0
57.0
12.0
4.0
-30.0
24.0
1.0
-85.0
28.0
29.0
-58.0
17.0
-42.0
5.0
81.0
8.0
-7.0
45.0
-41.0
-1.0
102.0
60.0
67.0
-42.0
21.0
130.0
51.0
-36.0
-16.0
171.0
152.0
15.0
-97.0
84.0
202.0
91.0
31.0
34.0
63.0
47.0
21.0
64.0
81.0
42.0
19.0
-9.0
11.0
52.0
92.0
34.0
56.0
46.0
34.0
133.0
96.0
-9.0
71.0
96.0
72.0
81.0
9.0
1.0
82.0
68.0
76.0
14.0
-53.0
103.0
128.0
98.0
90.0
5.0
84.0
125.0
48.0
54.0
58.0
21.0
2.0
28.0
73.0
115.0
54.0
-47.0
-2.0
28.0
20.0
39.0
69.0
51.0
31.0
-22.0
-6.0
12.0
7.0
14.0
17.0
13.0
1.0
59.0
62.0
-6.0
-1.0
63.0
22.0
-87.0
33.0
83.0
61.0
64.0
29.0
25.0
-23.0
-7.0
22.0
23.0
35.0
-2.0
5.0
-44.0
-2.0
54.0
29.0
-1.0
-16.0
-41.0
-71.0
-3.0
42.0
36.0
70.0
-9.0
-62.0
-46.0
64.0
61.0
6.0
33.0
-59.0
-140.0
62.0
136.0
28.0
-23.0
-27.0
2.0
5.0
124.0
76.0
39.0
61.0
-62.0
-86.0
62.0
100.0
74.0
6.0
-21.0
90.0
3.0
-44.0
24.0
61.0
83.0
63.0
30.0
-56.0
35.0
125.0
67.0
26.0
-27.0
56.0
77.0
103.0
84.0
73.0
-3.0
-26.0
47.0
56.0
-1.0
22.0
23.0
26.0
73.0
78.0
16.0
1.0
31.0
79.0
-21.0
-33.0
61.0
46.0
90.0
82.0
29.0
-18.0
128.0
44.0
-59.0
-13.0
29.0
20.0
48.0
97.0
-2.0
6.0
108.0
5.0
-90.0
-16.0
12.0
31.0
-9.0
-58.0
-26.0
62.0
-11.0
-83.0
-51.0
86.0
52.0
-15.0
-51.0
-73.0
-17.0
13.0
-6.0
-34.0
-15.0
-14.0
-23.0
-55.0
2.0
53.0
36.0
-26.0
-3.0
-26.0
-28.0
-21.0
-26.0
-46.0
-18.0
-59.0
-41.0
-15.0
-9.0
-24.0
15.0
-8.0
-42.0
-10.0
-1.0
36.0
-54.0
-7.0
33.0
-22.0
42.0
87.0
-73.0
-86.0
17.0
74.0
56.0
-20.0
8.0
-15.0
1.0
8.0
-22.0
-20.0
-48.0
-42.0
39.0
42.0
-36.0
-41.0
7.0
-22.0
-11.0
-45.0
-19.0
1.0
-10.0
38.0
28.0
-102.0
-13.0
76.0
42.0
0.0
32.0
15.0
-24.0
-33.0
100.0
98.0
17.0
3.0
-92.0
19.0
78.0
6.0
-52.0
-23.0
-33.0
-79.0
17.0
71.0
43.0
-7.0
-60.0
-102.0
-23.0
59.0
67.0
-2.0
-56.0
-64.0
-6.0
47.0
61.0
83.0
-2.0
-82.0
31.0
57.0
0.0
-7.0
-22.0
1.0
8.0
-37.0
27.0
20.0
11.0
61.0
33.0
5.0
15.0
-17.0
6.0
31.0
50.0
83.0
23.0
-6.0
32.0
-10.0
-11.0
56.0
52.0
21.0
16.0
70.0
65.0
67.0
127.0
68.0
46.0
117.0
118.0
3.0
67.0
82.0
42.0
129.0
75.0
-30.0
37.0
181.0
109.0
111.0
117.0
97.0
84.0
41.0
90.0
102.0
102.0
140.0
172.0
67.0
53.0
139.0
66.0
114.0
124.0
61.0
100.0
116.0
64.0
-39.0
80.0
140.0
128.0
82.0
-5.0
-13.0
87.0
149.0
157.0
111.0
122.0
115.0
115.0
125.0
110.0
146.0
165.0
216.0
257.0
267.0
253.0
257.0
262.0
261.0
261.0
261.0
261.0
266.0
245.0
196.0
130.0
64.0
46.0
115.0
52.0
58.0
-4.0
-20.0
15.0
-58.0
-214.0
-136.0
-74.0
-96.0
-183.0
-220.0
-236.0
-211.0
-173.0
-201.0
-222.0
-249.0
-251.0
-249.0
-250.0
-246.0
-215.0
-185.0
-208.0
-235.0
-203.0
-204.0
-246.0
-245.0
-226.0
-232.0
-241.0
-238.0
-237.0
-232.0
-177.0
-207.0
-200.0
-178.0
-233.0
-223.0
-235.0
-181.0
-189.0
-218.0
-209.0
-187.0
-196.0
-189.0
-175.0
-174.0
-232.0
-200.0
-167.0
-153.0
-145.0
-180.0
-200.0
-146.0
-111.0
-144.0
-173.0
-169.0
-116.0
-159.0
-192.0
-97.0
-70.0
-97.0
-92.0
-105.0
-187.0
-131.0
-84.0
-76.0
-108.0
-100.0
-89.0
-128.0
-155.0
-183.0
-95.0
-24.0
-32.0
-85.0
-121.0
-105.0
-110.0
-121.0
-121.0
-148.0
-136.0
-98.0
-145.0
-164.0
-117.0
-161.0
-172.0
-61.0
-90.0
-134.0
-127.0
-181.0
-101.0
-33.0
-52.0
-151.0
-190.0
-121.0
-96.0
-39.0
-131.0
-156.0
-153.0
-84.0
-40.0
-101.0
-88.0
-65.0
-146.0
-182.0
-81.0
-68.0
-70.0
-32.0
-102.0
-226.0
-56.0
37.0
-26.0
-104.0
-127.0
-105.0
-69.0
-34.0
-38.0
-76.0
-145.0
-128.0
-120.0
-143.0
-71.0
-62.0
-146.0
-104.0
-52.0
1.0
5.0
-122.0
-135.0
50.0
45.0
-5.0
10.0
-52.0
-117.0
-37.0
-41.0
-63.0
-31.0
-37.0
15.0
-16.0
-30.0
-45.0
-27.0
-126.0
-16.0
72.0
62.0
-4.0
-51.0
-10.0
-94.0
-106.0
77.0
44.0
-111.0
-19.0
91.0
40.0
-26.0
-25.0
-49.0
52.0
92.0
31.0
23.0
-55.0
-119.0
-39.0
26.0
68.0
61.0
-33.0
-122.0
-51.0
64.0
42.0
21.0
-55.0
-131.0
-29.0
69.0
28.0
-52.0
-84.0
-59.0
-26.0
11.0
-7.0
7.0
-41.0
-84.0
-46.0
-37.0
-32.0
51.0
-9.0
-87.0
-41.0
11.0
39.0
34.0
-84.0
-86.0
51.0
-24.0
-44.0
72.0
13.0
-21.0
27.0
10.0
-12.0
47.0
-20.0
5.0
51.0
84.0
36.0
-31.0
71.0
48.0
58.0
5.0
71.0
112.0
43.0
58.0
58.0
31.0
5.0
82.0
77.0
23.0
42.0
108.0
22.0
18.0
135.0
129.0
67.0
34.0
-30.0
15.0
74.0
71.0
73.0
47.0
54.0
101.0
35.0
20.0
62.0
93.0
26.0
41.0
68.0
63.0
59.0
40.0
-3.0
-84.0
-19.0
112.0
87.0
64.0
56.0
-21.0
-62.0
22.0
97.0
91.0
8.0
3.0
65.0
20.0
37.0
36.0
48.0
-2.0
-5.0
58.0
60.0
50.0
55.0
33.0
-6.0
23.0
65.0
37.0
-3.0
-20.0
33.0
-44.0
70.0
110.0
14.0
34.0
26.0
-35.0
-62.0
46.0
81.0
80.0
50.0
18.0
-11.0
-64.0
-29.0
59.0
80.0
2.0
-10.0
33.0
126.0
110.0
-8.0
-50.0
-53.0
16.0
122.0
81.0
28.0
11.0
97.0
76.0
65.0
72.0
31.0
89.0
154.0
104.0
73.0
72.0
102.0
88.0
27.0
5.0
34.0
66.0
103.0
145.0
80.0
163.0
243.0
147.0
114.0
38.0
-3.0
128.0
200.0
73.0
-3.0
65.0
100.0
24.0
-23.0
14.0
83.0
78.0
106.0
101.0
53.0
-1.0
48.0
121.0
65.0
66.0
98.0
114.0
82.0
84.0
52.0
50.0
58.0
21.0
65.0
96.0
10.0
20.0
80.0
68.0
-56.0
-18.0
42.0
38.0
55.0
102.0
99.0
-44.0
5.0
84.0
-11.0
42.0
36.0
-8.0
3.0
27.0
75.0
37.0
23.0
-26.0
44.0
115.0
107.0
50.0
-27.0
-46.0
3.0
99.0
109.0
69.0
-17.0
-66.0
31.0
58.0
19.0
2.0
33.0
-28.0
17.0
155.0
103.0
30.0
41.0
31.0
3.0
58.0
61.0
52.0
110.0
19.0
-11.0
75.0
77.0
44.0
26.0
-48.0
75.0
74.0
-26.0
-6.0
56.0
71.0
62.0
18.0
-71.0
-58.0
56.0
-7.0
-4.0
73.0
111.0
70.0
25.0
48.0
38.0
58.0
59.0
137.0
88.0
74.0
91.0
-9.0
-18.0
48.0
-4.0
22.0
10.0
61.0
79.0
31.0
16.0
-13.0
2.0
14.0
14.0
-65.0
-59.0
-5.0
19.0
41.0
-10.0
21.0
77.0
58.0
35.0
-26.0
-47.0
-8.0
-11.0
45.0
16.0
-15.0
8.0
71.0
-7.0
-130.0
-62.0
88.0
78.0
36.0
16.0
39.0
-10.0
-33.0
22.0
36.0
-33.0
-1.0
-48.0
72.0
120.0
37.0
15.0
21.0
20.0
2.0
-12.0
45.0
6.0
40.0
68.0
32.0
-24.0
-3.0
60.0
126.0
106.0
102.0
100.0
130.0
186.0
222.0
254.0
270.0
263.0
265.0
262.0
255.0
259.0
267.0
266.0
239.0
183.0
233.0
278.0
246.0
167.0
141.0
143.0
33.0
4.0
80.0
61.0
-23.0
-68.0
-153.0
-159.0
-147.0
-209.0
-234.0
-233.0
-243.0
-251.0
-241.0
-227.0
-237.0
-250.0
-239.0
-248.0
-251.0
-249.0
-228.0
-209.0
-235.0
-248.0
-242.0
-225.0
-211.0
-182.0
-196.0
-223.0
-198.0
-219.0
-228.0
-195.0
-220.0
-247.0
-220.0
-195.0
-162.0
-125.0
-121.0
-114.0
-147.0
-184.0
0.0
0.0
0.0
0.0
0.0
0.0
0.0
0.0
0.0
0.0
0.0
0.0
0.0
0.0
0.0
0.0
0.0
0.0
0.0
0.0
0.0
0.0
0.0
0.0
0.0
0.0
0.0
0.0
0.0
0.0
0.0
0.0
0.0
0.0
0.0
0.0
0.0
0.0
0.0
0.0
0.0
0.0
0.0
0.0
0.0
0.0
0.0
0.0
0.0
0.0
0.0
0.0
0.0
0.0
0.0
0.0
0.0
0.0
0.0
0.0
0.0
0.0
0.0
0.0
0.0
0.0
0.0
0.0
0.0
0.0
0.0
0.0
0.0
0.0
0.0
0.0
0.0
0.0
0.0
0.0
0.0
0.0
0.0
0.0
0.0
0.0
0.0
0.0
0.0
0.0
0.0
0.0
0.0
0.0
0.0
0.0
0.0
0.0
0.0
0.0
0.0
0.0
0.0
0.0
0.0
0.0
0.0
0.0
0.0
0.0
0.0
0.0
0.0
0.0
0.0
0.0
0.0
0.0
0.0
0.0
0.0
0.0
0.0
0.0
0.0
0.0
0.0
0.0
