25.0
74.0
60.0
34.0
-11.0
-22.0
-17.0
-58.0
-23.0
18.0
27.0
-1.0
-12.0
-2.0
-26.0
-22.0
-33.0
-65.0
-60.0
-28.0
8.0
8.0
21.0
7.0
-6.0
-51.0
-69.0
17.0
18.0
-40.0
-83.0
-104.0
-74.0
-20.0
44.0
56.0
-42.0
-64.0
-40.0
-82.0
-60.0
-7.0
27.0
11.0
-24.0
-13.0
-22.0
-40.0
-28.0
-37.0
-39.0
-106.0
-118.0
1.0
8.0
-36.0
-64.0
-53.0
-65.0
-69.0
-49.0
-46.0
-22.0
-8.0
-67.0
-134.0
-61.0
32.0
-8.0
-54.0
-82.0
-58.0
3.0
-25.0
-137.0
-58.0
53.0
41.0
-38.0
-76.0
-39.0
-92.0
-91.0
-83.0
-70.0
-30.0
-44.0
-127.0
-133.0
-34.0
-6.0
-70.0
-95.0
-116.0
-100.0
-58.0
-20.0
-45.0
-55.0
-13.0
-64.0
-112.0
-74.0
-56.0
-67.0
-81.0
-43.0
7.0
-33.0
-72.0
-77.0
-90.0
-66.0
-33.0
-51.0
-72.0
-42.0
6.0
65.0
-22.0
-96.0
-96.0
-145.0
-125.0
-80.0
-13.0
-28.0
-52.0
-43.0
-30.0
-52.0
-55.0
-54.0
-40.0
-42.0
-18.0
-33.0
-41.0
-16.0
-25.0
-52.0
-42.0
24.0
-69.0
-102.0
20.0
28.0
5.0
-17.0
-42.0
18.0
14.0
-26.0
12.0
24.0
58.0
29.0
2.0
-65.0
-70.0
-21.0
3.0
-34.0
-30.0
-23.0
-63.0
-35.0
-38.0
-45.0
-34.0
-45.0
-8.0
15.0
-10.0
-10.0
-16.0
16.0
5.0
-16.0
-52.0
-16.0
55.0
160.0
248.0
430.0
581.0
579.0
563.0
568.0
568.0
508.0
540.0
542.0
430.0
286.0
109.0
-61.0
-76.0
-97.0
-236.0
-371.0
-425.0
-460.0
-463.0
-465.0
-488.0
-490.0
-483.0
-469.0
-466.0
-467.0
-492.0
-491.0
-456.0
-501.0
-521.0
-529.0
-492.0
-471.0
-472.0
-411.0
-374.0
-410.0
-399.0
-387.0
-402.0
-365.0
-303.0
-300.0
-380.0
-288.0
-250.0
-307.0
-327.0
-323.0
-342.0
-318.0
-323.0
-312.0
-322.0
-319.0
-325.0
-309.0
-289.0
-314.0
-288.0
-226.0
-208.0
-222.0
-217.0
-231.0
-269.0
-232.0
-229.0
-222.0
-264.0
-235.0
-191.0
-212.0
-193.0
-181.0
-171.0
-203.0
-268.0
-162.0
-131.0
-148.0
-115.0
-128.0
-164.0
-190.0
-172.0
-169.0
-183.0
-159.0
-137.0
-132.0
-112.0
-110.0
-136.0
-127.0
-147.0
-128.0
-120.0
-138.0
-128.0
-133.0
-144.0
-146.0
-122.0
-100.0
-89.0
-124.0
-105.0
-83.0
-90.0
-99.0
-121.0
-117.0
-79.0
-84.0
-60.0
-43.0
2.0
-35.0
-63.0
-48.0
-87.0
-72.0
-49.0
-57.0
-52.0
-69.0
-124.0
-142.0
-119.0
-101.0
-144.0
-135.0
-83.0
-77.0
-105.0
-83.0
-60.0
-51.0
-67.0
-51.0
-32.0
-69.0
-67.0
-37.0
-14.0
-23.0
-1.0
-29.0
-40.0
-57.0
-29.0
-26.0
-44.0
-32.0
-73.0
-114.0
-76.0
-15.0
-51.0
-46.0
6.0
-6.0
-16.0
-23.0
4.0
-16.0
-45.0
-34.0
-29.0
-51.0
-28.0
-4.0
-18.0
-60.0
-40.0
-23.0
-63.0
-19.0
-18.0
-36.0
-49.0
-12.0
16.0
27.0
-9.0
42.0
113.0
152.0
286.0
437.0
578.0
582.0
569.0
573.0
567.0
557.0
550.0
545.0
470.0
355.0
292.0
154.0
51.0
-34.0
-133.0
-180.0
-248.0
-337.0
-398.0
-425.0
-464.0
-507.0
-527.0
-517.0
-527.0
-527.0
-510.0
-494.0
-482.0
-503.0
-516.0
-487.0
-461.0
-427.0
-423.0
-413.0
-421.0
-413.0
-379.0
-404.0
-424.0
-426.0
-390.0
-400.0
-352.0
-287.0
-290.0
-290.0
-319.0
-329.0
-319.0
-305.0
-265.0
-261.0
-270.0
-270.0
-240.0
-218.0
-201.0
-206.0
-225.0
-227.0
-210.0
-222.0
-214.0
-185.0
-162.0
-170.0
-218.0
-216.0
-194.0
-211.0
-230.0
-196.0
-139.0
-127.0
-158.0
-159.0
-154.0
-133.0
-142.0
-143.0
-109.0
-76.0
-83.0
-84.0
-100.0
-96.0
-78.0
-80.0
-46.0
-41.0
-80.0
-102.0
-129.0
-175.0
-130.0
-72.0
-60.0
-73.0
-86.0
-69.0
-79.0
-132.0
-127.0
-81.0
-65.0
-79.0
-93.0
-61.0
-67.0
-97.0
-52.0
-40.0
-118.0
-82.0
-63.0
-53.0
-11.0
-55.0
-68.0
-53.0
-37.0
-22.0
-40.0
-27.0
-4.0
-4.0
-18.0
-30.0
-34.0
10.0
1.0
-10.0
-53.0
-27.0
-6.0
-23.0
-15.0
-13.0
-17.0
-7.0
-33.0
-41.0
-51.0
-41.0
16.0
48.0
12.0
-24.0
-50.0
-92.0
-103.0
-99.0
-78.0
-72.0
-6.0
-47.0
-125.0
-60.0
-23.0
-21.0
-54.0
-52.0
46.0
21.0
-69.0
-54.0
-37.0
-72.0
-80.0
-87.0
-171.0
-117.0
-30.0
-42.0
-62.0
-54.0
-64.0
-23.0
20.0
-4.0
-49.0
-48.0
-36.0
5.0
-18.0
-60.0
-45.0
-5.0
15.0
-6.0
-41.0
-62.0
-26.0
1.0
-33.0
-17.0
-84.0
-79.0
-10.0
-27.0
-58.0
-70.0
-59.0
-7.0
-26.0
-58.0
-42.0
-40.0
-8.0
-28.0
-48.0
-24.0
-37.0
-91.0
-66.0
-84.0
-89.0
-19.0
-36.0
-92.0
-105.0
-11.0
12.0
-32.0
-8.0
44.0
12.0
-35.0
-42.0
-26.0
13.0
4.0
-31.0
-58.0
-44.0
-58.0
-81.0
-73.0
-44.0
-26.0
-4.0
15.0
-49.0
-98.0
-26.0
-26.0
-26.0
-32.0
-26.0
-47.0
-44.0
3.0
-22.0
-60.0
-52.0
-7.0
-10.0
-8.0
-23.0
-1.0
15.0
6.0
7.0
0.0
-13.0
-24.0
-39.0
-10.0
-6.0
-9.0
1.0
-8.0
3.0
-26.0
-15.0
8.0
-3.0
3.0
-15.0
-32.0
-42.0
-56.0
-54.0
-23.0
-39.0
45.0
51.0
12.0
40.0
40.0
37.0
18.0
-30.0
11.0
31.0
21.0
45.0
17.0
-22.0
10.0
33.0
-17.0
-63.0
-44.0
-25.0
-29.0
-23.0
-30.0
-5.0
18.0
13.0
-54.0
-69.0
-34.0
34.0
44.0
54.0
48.0
44.0
28.0
-20.0
-63.0
-65.0
-57.0
-33.0
-17.0
19.0
-1.0
-19.0
-9.0
-60.0
-123.0
-40.0
-10.0
-57.0
-42.0
-26.0
11.0
-14.0
-37.0
-1.0
-2.0
-24.0
-29.0
-32.0
-27.0
-63.0
-52.0
-5.0
19.0
21.0
12.0
-5.0
-5.0
-80.0
-84.0
3.0
-11.0
-12.0
-63.0
-97.0
-62.0
21.0
12.0
-48.0
-37.0
-29.0
-27.0
-67.0
-98.0
-56.0
-33.0
15.0
40.0
-32.0
-85.0
-49.0
-56.0
-2.0
33.0
31.0
4.0
-39.0
-8.0
29.0
5.0
-22.0
-3.0
-17.0
-29.0
-72.0
-80.0
-11.0
-9.0
6.0
13.0
-4.0
-22.0
12.0
16.0
1.0
-32.0
-30.0
-1.0
20.0
42.0
42.0
2.0
-6.0
-55.0
-70.0
-46.0
-35.0
-25.0
-15.0
9.0
4.0
43.0
42.0
17.0
-5.0
-36.0
1.0
50.0
23.0
-8.0
-36.0
-10.0
2.0
27.0
35.0
-24.0
-37.0
-16.0
-31.0
-30.0
-21.0
4.0
8.0
-24.0
-44.0
-21.0
-58.0
15.0
48.0
40.0
24.0
-27.0
-16.0
-4.0
-15.0
-2.0
-44.0
-13.0
12.0
2.0
-7.0
-45.0
-46.0
-3.0
-15.0
-86.0
-115.0
-46.0
15.0
15.0
-33.0
-31.0
-23.0
-30.0
-35.0
-45.0
-23.0
26.0
50.0
34.0
24.0
22.0
11.0
-10.0
6.0
48.0
47.0
36.0
1.0
0.0
18.0
3.0
-11.0
37.0
60.0
44.0
-21.0
-23.0
-18.0
68.0
73.0
25.0
31.0
12.0
21.0
77.0
129.0
103.0
3.0
-22.0
10.0
41.0
18.0
6.0
36.0
23.0
-24.0
-28.0
-54.0
-30.0
5.0
-48.0
-35.0
21.0
-3.0
12.0
45.0
74.0
31.0
-13.0
72.0
48.0
32.0
7.0
-5.0
-9.0
-35.0
33.0
26.0
23.0
39.0
-28.0
-43.0
15.0
53.0
40.0
26.0
13.0
-1.0
-7.0
-25.0
-12.0
-11.0
-5.0
16.0
30.0
11.0
-24.0
-24.0
11.0
43.0
7.0
-13.0
-38.0
-42.0
-29.0
-9.0
31.0
6.0
-2.0
-15.0
-73.0
-72.0
-25.0
5.0
35.0
50.0
32.0
1.0
30.0
-17.0
-42.0
14.0
-10.0
-48.0
-18.0
3.0
-22.0
-46.0
-41.0
-17.0
7.0
98.0
106.0
124.0
116.0
148.0
212.0
274.0
298.0
343.0
370.0
380.0
378.0
354.0
347.0
338.0
313.0
248.0
212.0
193.0
209.0
143.0
103.0
56.0
6.0
-15.0
-28.0
-35.0
-21.0
-15.0
-45.0
-105.0
-147.0
-87.0
-53.0
-91.0
-129.0
-100.0
-134.0
-156.0
-135.0
-145.0
-177.0
-148.0
-139.0
-167.0
-167.0
-148.0
-119.0
-117.0
-126.0
-119.0
-106.0
-126.0
-128.0
-124.0
-100.0
-110.0
-125.0
-96.0
-111.0
-117.0
-110.0
-101.0
-87.0
-116.0
-125.0
-84.0
-83.0
-92.0
-81.0
-90.0
-81.0
-120.0
-109.0
-65.0
-56.0
-59.0
-73.0
-70.0
-54.0
-55.0
-76.0
-68.0
-83.0
-120.0
-91.0
-68.0
-82.0
-70.0
-49.0
-83.0
-83.0
-56.0
-20.0
-35.0
-73.0
-52.0
-33.0
-6.0
-21.0
-64.0
-66.0
-47.0
-37.0
-65.0
-62.0
-17.0
-23.0
-83.0
-70.0
-50.0
-15.0
-11.0
-45.0
-47.0
-8.0
-11.0
7.0
27.0
32.0
40.0
18.0
5.0
18.0
34.0
17.0
3.0
-12.0
-46.0
-6.0
-16.0
-42.0
-37.0
-39.0
-29.0
4.0
16.0
1.0
7.0
-18.0
-35.0
-43.0
-58.0
-19.0
26.0
-18.0
-41.0
8.0
13.0
-2.0
-24.0
-11.0
-28.0
0.0
13.0
5.0
-8.0
-10.0
-35.0
-18.0
-17.0
-62.0
-58.0
-5.0
0.0
-27.0
-45.0
-17.0
-44.0
-77.0
-35.0
-29.0
-37.0
-70.0
-68.0
-74.0
-117.0
-113.0
-97.0
-88.0
-110.0
-116.0
-90.0
-86.0
-65.0
-79.0
-77.0
-37.0
-31.0
-49.0
-91.0
-117.0
-89.0
-9.0
25.0
-30.0
-80.0
-38.0
-14.0
-64.0
-72.0
-81.0
-76.0
-27.0
16.0
8.0
16.0
14.0
-7.0
6.0
-34.0
-37.0
-2.0
-27.0
-70.0
-22.0
-11.0
-46.0
-72.0
-59.0
-51.0
-51.0
-33.0
-48.0
-27.0
-50.0
-74.0
-34.0
-51.0
-54.0
-84.0
-34.0
10.0
-40.0
-70.0
-65.0
-93.0
-78.0
-43.0
-65.0
-71.0
-27.0
-12.0
-42.0
-35.0
-45.0
-33.0
-20.0
-41.0
-44.0
-40.0
-43.0
-15.0
22.0
-3.0
7.0
1.0
-35.0
-28.0
-39.0
6.0
76.0
51.0
43.0
25.0
17.0
26.0
1.0
-31.0
-12.0
-7.0
4.0
-21.0
-62.0
-15.0
24.0
-3.0
15.0
-3.0
-11.0
25.0
49.0
32.0
22.0
45.0
57.0
40.0
2.0
4.0
35.0
50.0
23.0
4.0
20.0
14.0
25.0
7.0
-30.0
-60.0
-79.0
-35.0
-11.0
-58.0
-82.0
-48.0
-58.0
-59.0
-24.0
-34.0
-15.0
-49.0
-56.0
13.0
4.0
-19.0
-7.0
18.0
20.0
13.0
-2.0
22.0
30.0
-8.0
-12.0
-55.0
24.0
53.0
-29.0
-70.0
-36.0
-25.0
-11.0
24.0
-33.0
-33.0
-10.0
14.0
52.0
43.0
31.0
-1.0
-25.0
-49.0
-21.0
-15.0
-34.0
-20.0
-25.0
-25.0
-34.0
15.0
24.0
7.0
-28.0
-38.0
-5.0
8.0
-7.0
16.0
23.0
7.0
-14.0
-32.0
-43.0
-84.0
-41.0
-31.0
-72.0
-39.0
-37.0
2.0
-11.0
-23.0
5.0
44.0
44.0
28.0
12.0
23.0
3.0
9.0
50.0
43.0
19.0
-7.0
-25.0
-1.0
23.0
31.0
26.0
-2.0
24.0
30.0
65.0
42.0
3.0
1.0
39.0
40.0
22.0
11.0
11.0
23.0
33.0
10.0
19.0
47.0
75.0
31.0
12.0
33.0
-20.0
-37.0
-8.0
2.0
11.0
-16.0
54.0
62.0
23.0
45.0
18.0
8.0
29.0
25.0
26.0
-1.0
-12.0
-31.0
-74.0
-37.0
5.0
63.0
16.0
10.0
-4.0
-33.0
-16.0
-9.0
-19.0
-30.0
-27.0
-50.0
-28.0
-10.0
6.0
-28.0
-51.0
-29.0
-44.0
-58.0
-51.0
-26.0
-13.0
-39.0
-55.0
-58.0
-23.0
-18.0
-23.0
-35.0
-8.0
-17.0
-23.0
1.0
-26.0
-22.0
-23.0
-17.0
35.0
74.0
206.0
319.0
421.0
530.0
576.0
577.0
575.0
569.0
559.0
543.0
380.0
243.0
136.0
70.0
15.0
-60.0
-169.0
-229.0
-277.0
-295.0
-325.0
-329.0
-373.0
-378.0
-369.0
-376.0
-386.0
-396.0
-411.0
-390.0
-374.0
-399.0
-390.0
-392.0
-397.0
-406.0
-415.0
-384.0
-360.0
-392.0
-360.0
-327.0
-361.0
-378.0
-350.0
-374.0
-361.0
-335.0
-351.0
-310.0
-295.0
-300.0
-263.0
-263.0
-278.0
-253.0
-231.0
-242.0
-271.0
-251.0
-214.0
-229.0
-251.0
-295.0
-306.0
-273.0
-258.0
-239.0
-235.0
-232.0
-240.0
-218.0
-200.0
-194.0
-205.0
-235.0
-233.0
-197.0
-164.0
-178.0
-201.0
-187.0
-234.0
-226.0
-220.0
-271.0
-274.0
-216.0
-220.0
-214.0
-194.0
-204.0
-225.0
-208.0
-194.0
-197.0
-214.0
-212.0
-206.0
-191.0
-201.0
-240.0
-223.0
-182.0
-176.0
-163.0
-180.0
-190.0
-151.0
-176.0
-237.0
-210.0
-191.0
-187.0
-183.0
-168.0
-142.0
-127.0
-124.0
-138.0
-145.0
-156.0
-167.0
-142.0
-105.0
-104.0
-70.0
-111.0
-154.0
-107.0
-154.0
-140.0
-81.0
-90.0
-86.0
-110.0
-128.0
-84.0
-67.0
-89.0
-66.0
-45.0
-89.0
-132.0
-67.0
-44.0
-87.0
-86.0
-105.0
-109.0
-74.0
-82.0
-69.0
-31.0
-44.0
-91.0
-24.0
-8.0
-54.0
-55.0
-36.0
-53.0
-23.0
-78.0
-105.0
-105.0
-112.0
-129.0
-111.0
-80.0
-102.0
-120.0
-151.0
-168.0
-124.0
-100.0
-99.0
-97.0
-103.0
-101.0
-96.0
-54.0
-80.0
-75.0
-84.0
-121.0
-134.0
-118.0
-87.0
-60.0
-89.0
-106.0
-82.0
-100.0
-65.0
-83.0
-82.0
-63.0
-62.0
-110.0
-105.0
-71.0
-60.0
-82.0
-136.0
-127.0
-79.0
-57.0
-65.0
-67.0
-30.0
-16.0
-39.0
-46.0
-63.0
-81.0
-58.0
-7.0
-11.0
7.0
10.0
-21.0
14.0
31.0
31.0
5.0
6.0
10.0
19.0
18.0
-6.0
10.0
33.0
1.0
-3.0
7.0
30.0
7.0
-17.0
-32.0
-16.0
-41.0
-13.0
7.0
-21.0
-29.0
-35.0
-76.0
-72.0
-93.0
-73.0
-7.0
-42.0
-37.0
-14.0
-13.0
-40.0
-43.0
-60.0
-79.0
-55.0
-90.0
-135.0
-136.0
-63.0
-71.0
-120.0
-114.0
-74.0
-34.0
-23.0
-46.0
-44.0
-62.0
-74.0
-51.0
-28.0
-36.0
-55.0
-63.0
-104.0
-139.0
-126.0
-100.0
-76.0
-46.0
-46.0
-64.0
-65.0
-66.0
-38.0
-32.0
-50.0
-67.0
-50.0
-33.0
-58.0
-39.0
-83.0
-87.0
-46.0
-65.0
-59.0
-72.0
-96.0
-61.0
-42.0
-60.0
-82.0
-68.0
-86.0
-107.0
-125.0
-104.0
-79.0
-109.0
-120.0
-101.0
-90.0
-89.0
-102.0
-89.0
-82.0
-88.0
-50.0
-47.0
-53.0
-22.0
-33.0
-41.0
-29.0
-48.0
-4.0
-15.0
-40.0
-37.0
-21.0
-4.0
-12.0
-40.0
-2.0
18.0
-43.0
-33.0
15.0
22.0
8.0
18.0
36.0
10.0
1.0
-21.0
4.0
-4.0
-40.0
-5.0
-40.0
-23.0
19.0
5.0
-14.0
-46.0
-77.0
-34.0
7.0
1.0
-32.0
-26.0
42.0
35.0
13.0
-2.0
3.0
12.0
7.0
-13.0
-38.0
-58.0
-90.0
-19.0
6.0
3.0
-33.0
-48.0
-52.0
-6.0
-19.0
-45.0
21.0
16.0
-22.0
-14.0
-17.0
-3.0
-20.0
-60.0
-61.0
-78.0
-85.0
-106.0
-98.0
-82.0
-69.0
-34.0
-35.0
-20.0
-18.0
-27.0
5.0
-13.0
-16.0
-1.0
-29.0
-69.0
-41.0
-45.0
-60.0
-65.0
-86.0
-70.0
-30.0
-28.0
-1.0
30.0
12.0
20.0
2.0
-22.0
-30.0
-35.0
-17.0
-56.0
-58.0
5.0
-23.0
-35.0
-45.0
-50.0
-37.0
-27.0
-51.0
-40.0
-26.0
-28.0
-38.0
-43.0
-35.0
-51.0
-59.0
-58.0
-58.0
-46.0
-36.0
-74.0
-115.0
-79.0
-59.0
-59.0
-49.0
-39.0
-60.0
-28.0
-20.0
-44.0
-21.0
14.0
-2.0
-23.0
-28.0
-17.0
-7.0
-21.0
-50.0
-33.0
-11.0
-29.0
-78.0
-108.0
-91.0
-51.0
-24.0
-42.0
-35.0
-21.0
-43.0
-12.0
2.0
10.0
2.0
42.0
24.0
23.0
11.0
-30.0
-7.0
-15.0
-31.0
-39.0
-31.0
-62.0
-34.0
-2.0
-12.0
-45.0
-12.0
-5.0
-1.0
8.0
6.0
20.0
2.0
-8.0
-16.0
-33.0
-28.0
-11.0
-61.0
-118.0
-102.0
-16.0
-8.0
-49.0
-15.0
-40.0
-60.0
-38.0
-18.0
-16.0
-28.0
-22.0
23.0
20.0
1.0
-26.0
-21.0
18.0
56.0
26.0
20.0
19.0
-14.0
-33.0
-20.0
1.0
-23.0
-31.0
-41.0
11.0
1.0
-32.0
-20.0
-8.0
-52.0
-57.0
-51.0
-20.0
-11.0
-18.0
-27.0
-6.0
9.0
10.0
5.0
-8.0
10.0
31.0
14.0
-3.0
-26.0
-31.0
2.0
4.0
-2.0
1.0
-7.0
11.0
-9.0
-48.0
-63.0
-67.0
-14.0
20.0
8.0
-14.0
-8.0
-6.0
-34.0
-16.0
9.0
23.0
15.0
25.0
-6.0
-35.0
-20.0
-29.0
-15.0
22.0
23.0
15.0
35.0
10.0
-40.0
12.0
18.0
-15.0
-5.0
-13.0
-23.0
-22.0
-25.0
-55.0
-35.0
-34.0
-1.0
8.0
-14.0
-46.0
-36.0
-1.0
-29.0
-26.0
1.0
-24.0
-28.0
1.0
-54.0
-59.0
-2.0
11.0
-29.0
-39.0
-23.0
-5.0
-23.0
-59.0
-53.0
-28.0
-44.0
-63.0
-32.0
-48.0
-62.0
-60.0
-70.0
-41.0
-58.0
-50.0
-39.0
-25.0
-21.0
-52.0
-51.0
-70.0
-15.0
26.0
7.0
-4.0
-35.0
-95.0
-106.0
-29.0
-11.0
-11.0
-2.0
-27.0
-67.0
-70.0
-9.0
2.0
5.0
25.0
17.0
-53.0
-21.0
17.0
2.0
-11.0
-11.0
2.0
-7.0
-34.0
-20.0
-11.0
-30.0
-6.0
21.0
19.0
17.0
-14.0
-37.0
-40.0
-88.0
-97.0
-17.0
8.0
43.0
29.0
-21.0
-2.0
29.0
50.0
78.0
67.0
49.0
76.0
53.0
24.0
59.0
89.0
119.0
219.0
350.0
470.0
597.0
574.0
568.0
578.0
574.0
552.0
462.0
359.0
290.0
197.0
68.0
-24.0
-68.0
-124.0
-185.0
-274.0
-320.0
-340.0
-369.0
-380.0
-385.0
-416.0
-460.0
-469.0
-454.0
-478.0
-474.0
-471.0
-489.0
-493.0
-451.0
-432.0
-450.0
-470.0
-465.0
-473.0
-409.0
-353.0
-354.0
-375.0
-376.0
-375.0
-373.0
-351.0
-345.0
-360.0
-350.0
-379.0
-374.0
-344.0
-371.0
-380.0
-341.0
-325.0
-322.0
-304.0
-296.0
-269.0
-297.0
-303.0
-265.0
-257.0
-241.0
-238.0
-261.0
-248.0
-252.0
-272.0
-262.0
-262.0
-229.0
-218.0
-203.0
-208.0
-233.0
-208.0
-142.0
-149.0
-169.0
-191.0
-185.0
-166.0
-177.0
-141.0
-128.0
-186.0
-187.0
-173.0
-178.0
-151.0
-121.0
-114.0
-126.0
-150.0
-137.0
-123.0
-111.0
-101.0
-102.0
-119.0
-106.0
-137.0
-121.0
-107.0
-105.0
-129.0
-155.0
-175.0
-122.0
-86.0
-98.0
-73.0
-102.0
-149.0
-167.0
-154.0
-126.0
-122.0
-135.0
-112.0
-98.0
-151.0
-196.0
-193.0
-143.0
-138.0
-157.0
-88.0
-77.0
-89.0
-96.0
-119.0
-142.0
-140.0
-129.0
-97.0
-120.0
-130.0
-95.0
-106.0
-112.0
-101.0
-45.0
-58.0
-95.0
-107.0
-135.0
-129.0
-109.0
-63.0
-59.0
-109.0
-69.0
-46.0
-89.0
-95.0
-70.0
-85.0
-97.0
-97.0
-98.0
-100.0
-85.0
-48.0
-71.0
-108.0
-81.0
-69.0
-56.0
-68.0
-72.0
-59.0
-44.0
-33.0
-30.0
-54.0
-71.0
-76.0
-56.0
-113.0
-124.0
-58.0
-71.0
-122.0
-129.0
-86.0
-81.0
-97.0
-52.0
-43.0
-62.0
-37.0
-47.0
-36.0
-14.0
-20.0
-39.0
-8.0
-23.0
-37.0
-39.0
-31.0
-28.0
-17.0
-54.0
-60.0
-76.0
-71.0
-25.0
-22.0
-20.0
-29.0
-44.0
-15.0
6.0
6.0
-36.0
-12.0
-8.0
-45.0
-35.0
2.0
5.0
27.0
10.0
-25.0
-18.0
-34.0
-54.0
-54.0
-40.0
-30.0
-32.0
-16.0
-3.0
1.0
-19.0
-87.0
-81.0
-81.0
-88.0
-48.0
-34.0
-30.0
-20.0
-61.0
-59.0
-64.0
-87.0
-60.0
-60.0
-82.0
-84.0
-70.0
-94.0
-131.0
-135.0
-99.0
-92.0
-92.0
-102.0
-88.0
-126.0
-152.0
-106.0
-92.0
-93.0
-120.0
-88.0
-69.0
-46.0
-70.0
-70.0
-55.0
-71.0
-95.0
-46.0
-39.0
-71.0
-58.0
-57.0
-77.0
-104.0
-95.0
-43.0
-35.0
-76.0
-81.0
-62.0
-29.0
-14.0
-24.0
-54.0
-72.0
-70.0
-21.0
-4.0
-15.0
-69.0
-33.0
-36.0
-82.0
-87.0
-78.0
-51.0
-52.0
-31.0
14.0
18.0
7.0
-49.0
-72.0
-31.0
31.0
9.0
-49.0
-59.0
-95.0
-110.0
-59.0
-46.0
-59.0
-39.0
-2.0
12.0
-5.0
-21.0
-5.0
-26.0
-36.0
-24.0
-31.0
-24.0
-56.0
-68.0
-22.0
-45.0
-23.0
-19.0
-65.0
-107.0
-77.0
-58.0
-26.0
-3.0
3.0
-29.0
-44.0
-54.0
-39.0
-23.0
-51.0
-56.0
-49.0
-37.0
-41.0
-90.0
-90.0
-65.0
-69.0
-57.0
12.0
-6.0
-64.0
-21.0
5.0
-57.0
-90.0
-52.0
6.0
23.0
18.0
25.0
-23.0
-31.0
-21.0
-65.0
-48.0
15.0
18.0
-17.0
35.0
13.0
-7.0
-8.0
3.0
2.0
7.0
2.0
9.0
8.0
10.0
-22.0
-10.0
7.0
0.0
-4.0
0.0
-29.0
-17.0
8.0
-19.0
9.0
-11.0
-31.0
-13.0
-15.0
-17.0
42.0
53.0
18.0
30.0
4.0
-16.0
-5.0
18.0
1.0
0.0
-1.0
-18.0
-41.0
-48.0
-29.0
-71.0
-56.0
26.0
42.0
39.0
33.0
-4.0
-8.0
16.0
-17.0
-42.0
-13.0
-26.0
-26.0
14.0
-22.0
-58.0
-59.0
-31.0
-46.0
-16.0
-44.0
-82.0
-47.0
-71.0
-88.0
-35.0
2.0
-35.0
10.0
-3.0
-46.0
-11.0
41.0
6.0
-38.0
-34.0
-45.0
-17.0
-22.0
-24.0
-21.0
-20.0
-40.0
-5.0
44.0
21.0
-1.0
15.0
-7.0
-33.0
-26.0
0.0
20.0
40.0
34.0
-21.0
-27.0
-33.0
-109.0
-137.0
-55.0
5.0
22.0
4.0
-23.0
-72.0
-42.0
8.0
4.0
-48.0
-29.0
-8.0
4.0
3.0
-26.0
-18.0
-20.0
-10.0
-17.0
-13.0
-51.0
-46.0
-51.0
-7.0
6.0
11.0
21.0
4.0
-22.0
-12.0
8.0
-16.0
35.0
-6.0
-39.0
-31.0
-38.0
-27.0
3.0
29.0
-24.0
-11.0
-27.0
-20.0
9.0
-4.0
-1.0
1.0
-13.0
-15.0
1.0
13.0
-4.0
-31.0
-37.0
-48.0
-12.0
-3.0
-57.0
-62.0
-36.0
-42.0
-35.0
-30.0
-46.0
-32.0
3.0
-44.0
-46.0
-43.0
-59.0
-67.0
-40.0
-17.0
-44.0
-16.0
3.0
-5.0
-41.0
-57.0
-16.0
-30.0
-45.0
-46.0
-10.0
-22.0
-58.0
-49.0
-54.0
-78.0
-78.0
-53.0
-74.0
-103.0
-65.0
-74.0
-88.0
-107.0
-102.0
-84.0
-76.0
-69.0
-60.0
-79.0
-88.0
-119.0
-95.0
-21.0
-8.0
27.0
76.0
78.0
12.0
-4.0
22.0
61.0
88.0
154.0
261.0
349.0
453.0
559.0
580.0
569.0
565.0
565.0
513.0
432.0
407.0
333.0
228.0
138.0
86.0
51.0
-9.0
-133.0
-148.0
-158.0
-185.0
-190.0
-224.0
-218.0
-265.0
-302.0
-253.0
-289.0
-298.0
-262.0
-307.0
-310.0
-316.0
-329.0
-339.0
-358.0
-348.0
-322.0
-318.0
-335.0
-357.0
-335.0
-337.0
-352.0
-318.0
-293.0
-329.0
-328.0
-317.0
-309.0
-269.0
-272.0
-234.0
-162.0
-31.0
97.0
248.0
409.0
473.0
478.0
558.0
544.0
516.0
498.0
460.0
375.0
340.0
308.0
203.0
109.0
32.0
-22.0
-131.0
-216.0
-252.0
-308.0
-334.0
-374.0
-416.0
-413.0
-436.0
-451.0
-445.0
-478.0
-485.0
-469.0
-460.0
-426.0
-403.0
-390.0
-403.0
-392.0
-394.0
-421.0
-373.0
-337.0
-355.0
-335.0
-323.0
-324.0
-280.0
-289.0
-334.0
-327.0
-277.0
-281.0
-280.0
-284.0
-285.0
-257.0
-258.0
-276.0
-320.0
-297.0
-232.0
-222.0
-236.0
-206.0
-217.0
-193.0
-195.0
-246.0
-228.0
-178.0
-158.0
-146.0
-167.0
-188.0
-155.0
-127.0
-129.0
-143.0
-112.0
-133.0
-136.0
-113.0
-109.0
-128.0
-127.0
-124.0
-134.0
-132.0
-110.0
-105.0
-109.0
-61.0
-49.0
-92.0
-124.0
-112.0
-79.0
-96.0
-94.0
-86.0
-62.0
-49.0
-76.0
-65.0
-83.0
-64.0
-62.0
-86.0
-82.0
-88.0
-63.0
-95.0
-119.0
-89.0
-66.0
-102.0
-126.0
-115.0
-67.0
-70.0
-86.0
-73.0
-55.0
-84.0
-35.0
-53.0
-14.0
-40.0
-87.0
-72.0
-60.0
-58.0
-63.0
-82.0
-94.0
-88.0
-106.0
-74.0
-27.0
-59.0
-58.0
-21.0
11.0
-21.0
-58.0
-23.0
-14.0
-22.0
-6.0
-25.0
-26.0
-7.0
-23.0
-33.0
-4.0
2.0
-20.0
-5.0
-29.0
-11.0
-34.0
-66.0
-52.0
-19.0
-15.0
-41.0
-39.0
6.0
-31.0
-24.0
8.0
11.0
-23.0
-37.0
-3.0
34.0
37.0
35.0
33.0
8.0
36.0
36.0
-14.0
17.0
37.0
46.0
36.0
-25.0
-7.0
20.0
-7.0
1.0
8.0
20.0
29.0
-4.0
2.0
-14.0
22.0
39.0
23.0
14.0
-6.0
-9.0
-22.0
-47.0
-41.0
-33.0
-14.0
-20.0
-52.0
-65.0
-37.0
-49.0
-87.0
-71.0
-91.0
-83.0
-54.0
-58.0
-87.0
-78.0
-81.0
-65.0
-26.0
-34.0
-11.0
-53.0
-55.0
1.0
-12.0
-21.0
-8.0
1.0
-21.0
-68.0
-29.0
37.0
7.0
-5.0
-11.0
-15.0
5.0
-29.0
-67.0
-41.0
-32.0
-25.0
-25.0
-33.0
-31.0
-37.0
-12.0
16.0
-45.0
-20.0
25.0
30.0
36.0
0.0
12.0
-3.0
-25.0
-13.0
21.0
1.0
15.0
-8.0
-15.0
-29.0
-18.0
-15.0
-27.0
11.0
56.0
45.0
13.0
-14.0
36.0
42.0
-10.0
-15.0
-22.0
-10.0
39.0
59.0
77.0
51.0
-27.0
12.0
16.0
-12.0
32.0
36.0
25.0
33.0
4.0
-5.0
1.0
17.0
35.0
39.0
23.0
3.0
25.0
-1.0
-29.0
-27.0
-6.0
-6.0
-15.0
1.0
-20.0
-15.0
-35.0
-23.0
41.0
7.0
-15.0
-9.0
-47.0
-38.0
-22.0
-50.0
-27.0
-41.0
-84.0
-43.0
17.0
-8.0
-21.0
14.0
31.0
23.0
19.0
-4.0
-1.0
39.0
50.0
27.0
-1.0
14.0
36.0
-3.0
-15.0
59.0
35.0
-27.0
-8.0
9.0
-14.0
-2.0
7.0
-28.0
-39.0
-39.0
-51.0
-73.0
-33.0
-35.0
-27.0
-32.0
-21.0
-30.0
-34.0
-31.0
-41.0
-28.0
13.0
52.0
51.0
6.0
-11.0
-14.0
1.0
-21.0
-5.0
-6.0
3.0
-13.0
-24.0
-24.0
-53.0
-50.0
-8.0
28.0
12.0
-33.0
-19.0
-2.0
-60.0
-47.0
-21.0
16.0
7.0
-45.0
-21.0
-4.0
-43.0
-2.0
1.0
-24.0
-47.0
-31.0
-42.0
-17.0
6.0
18.0
2.0
4.0
13.0
-11.0
-39.0
-13.0
4.0
39.0
-20.0
-56.0
-51.0
-57.0
4.0
-23.0
-46.0
-18.0
-52.0
-97.0
-98.0
-48.0
-13.0
-25.0
-29.0
-50.0
-33.0
-21.0
8.0
51.0
24.0
19.0
34.0
3.0
-4.0
-49.0
-53.0
-63.0
-59.0
-23.0
-11.0
-38.0
-50.0
-57.0
-32.0
8.0
8.0
-8.0
4.0
4.0
0.0
-18.0
-59.0
-71.0
-20.0
-7.0
-7.0
16.0
16.0
-19.0
-40.0
-39.0
-32.0
-14.0
39.0
67.0
37.0
31.0
11.0
-36.0
-32.0
-22.0
10.0
30.0
13.0
-1.0
45.0
21.0
13.0
64.0
59.0
53.0
43.0
39.0
31.0
7.0
4.0
17.0
14.0
6.0
-15.0
-42.0
-25.0
-43.0
-37.0
-14.0
-13.0
-33.0
-26.0
-29.0
-76.0
-92.0
-66.0
-45.0
-15.0
15.0
48.0
3.0
-34.0
11.0
50.0
42.0
-8.0
-17.0
-34.0
-67.0
-68.0
-10.0
-2.0
-32.0
-51.0
-6.0
25.0
3.0
-15.0
6.0
3.0
11.0
39.0
29.0
-21.0
-11.0
-24.0
-49.0
-42.0
-29.0
-25.0
-22.0
-18.0
7.0
-30.0
-26.0
-9.0
-2.0
10.0
-4.0
-11.0
-16.0
37.0
20.0
-16.0
-33.0
-37.0
-4.0
23.0
6.0
-3.0
-5.0
-19.0
-4.0
-23.0
1.0
24.0
30.0
29.0
30.0
14.0
29.0
32.0
25.0
8.0
-1.0
-2.0
-8.0
16.0
21.0
-26.0
-21.0
-27.0
-8.0
51.0
14.0
19.0
24.0
4.0
16.0
5.0
50.0
80.0
63.0
45.0
50.0
24.0
11.0
16.0
53.0
84.0
-1.0
-22.0
1.0
3.0
36.0
43.0
16.0
9.0
-16.0
-29.0
-41.0
-18.0
2.0
-21.0
-45.0
-27.0
6.0
-16.0
-58.0
-18.0
17.0
50.0
39.0
-9.0
-36.0
-42.0
-36.0
1.0
29.0
7.0
-32.0
-53.0
-52.0
-18.0
-20.0
-76.0
-53.0
-25.0
-8.0
-17.0
-88.0
-41.0
-27.0
-43.0
-13.0
29.0
35.0
48.0
32.0
31.0
35.0
31.0
-34.0
-44.0
18.0
42.0
43.0
23.0
3.0
-6.0
3.0
31.0
40.0
23.0
19.0
54.0
44.0
-7.0
24.0
55.0
53.0
65.0
33.0
26.0
44.0
57.0
22.0
-48.0
-35.0
44.0
-3.0
-14.0
13.0
11.0
-8.0
-34.0
-24.0
14.0
-3.0
19.0
27.0
6.0
27.0
26.0
27.0
46.0
22.0
-15.0
4.0
-3.0
-13.0
17.0
82.0
131.0
39.0
63.0
121.0
133.0
93.0
60.0
69.0
51.0
15.0
15.0
65.0
52.0
-7.0
-43.0
-28.0
33.0
50.0
-4.0
-15.0
14.0
-4.0
-19.0
-81.0
-71.0
-24.0
-28.0
-37.0
-32.0
-41.0
7.0
128.0
274.0
414.0
593.0
583.0
563.0
573.0
563.0
555.0
534.0
457.0
329.0
214.0
69.0
1.0
-60.0
-177.0
-271.0
-345.0
-371.0
-414.0
-481.0
-473.0
-455.0
-463.0
-498.0
-472.0
-462.0
-498.0
-525.0
-473.0
-474.0
-474.0
-483.0
-487.0
-454.0
-439.0
-488.0
-494.0
-450.0
-414.0
-428.0
-432.0
-408.0
-403.0
-387.0
-371.0
-358.0
-322.0
-322.0
-322.0
-316.0
-334.0
-337.0
-296.0
-305.0
-322.0
-291.0
-274.0
-289.0
-305.0
-241.0
-232.0
-233.0
-250.0
-246.0
-225.0
-219.0
-206.0
-207.0
-219.0
-229.0
-202.0
-212.0
-188.0
-176.0
-196.0
-212.0
-217.0
-230.0
-197.0
-178.0
-181.0
-192.0
-202.0
-143.0
-105.0
-132.0
-161.0
-146.0
-124.0
-156.0
-156.0
-109.0
-127.0
-144.0
-117.0
-107.0
-127.0
-99.0
-74.0
-88.0
-83.0
-91.0
-93.0
-91.0
-122.0
-129.0
-100.0
-135.0
-160.0
-119.0
-124.0
-146.0
-130.0
-143.0
-135.0
-126.0
-144.0
-130.0
-125.0
-137.0
-93.0
-78.0
-78.0
-129.0
-100.0
-86.0
-116.0
-107.0
-135.0
-114.0
-35.0
-45.0
-89.0
-49.0
-65.0
-119.0
-111.0
-58.0
-69.0
-91.0
-40.0
-46.0
-65.0
-93.0
-102.0
-63.0
-42.0
-81.0
-136.0
-125.0
-71.0
-30.0
-70.0
-102.0
-90.0
-71.0
-29.0
-32.0
-53.0
-52.0
-67.0
-48.0
-8.0
7.0
-7.0
-6.0
-55.0
-85.0
-105.0
-109.0
-75.0
-72.0
-77.0
-67.0
-117.0
-103.0
-67.0
-25.0
-25.0
-82.0
-58.0
-6.0
-30.0
-40.0
-86.0
-109.0
-81.0
-28.0
-23.0
-83.0
-90.0
-51.0
-52.0
-88.0
-51.0
14.0
4.0
-40.0
-85.0
-71.0
-41.0
-34.0
-32.0
-2.0
9.0
-74.0
-71.0
-47.0
-59.0
-49.0
-56.0
-48.0
-74.0
-81.0
-65.0
-33.0
-58.0
-91.0
-44.0
-4.0
-52.0
-51.0
-35.0
-8.0
-66.0
-79.0
-9.0
-38.0
-90.0
-96.0
-101.0
-98.0
-131.0
-105.0
-70.0
-39.0
-31.0
-13.0
-20.0
-65.0
-106.0
-80.0
-37.0
35.0
14.0
-23.0
-21.0
-1.0
42.0
21.0
-16.0
-49.0
-10.0
9.0
-7.0
-14.0
-20.0
-79.0
-58.0
-48.0
-59.0
-30.0
-14.0
-51.0
-82.0
-56.0
-44.0
-24.0
-23.0
-40.0
-5.0
15.0
-13.0
-44.0
30.0
75.0
32.0
18.0
18.0
-15.0
-26.0
-3.0
14.0
17.0
-31.0
-57.0
-63.0
-40.0
-23.0
-23.0
-30.0
-60.0
-74.0
-59.0
-12.0
-24.0
-44.0
18.0
33.0
-1.0
21.0
-13.0
14.0
30.0
-2.0
-22.0
-40.0
-36.0
15.0
52.0
-18.0
-42.0
-13.0
-11.0
-35.0
-39.0
-63.0
-20.0
29.0
32.0
-4.0
-30.0
-10.0
-10.0
-25.0
-36.0
-42.0
-6.0
22.0
37.0
-4.0
-37.0
-3.0
-27.0
20.0
-16.0
-10.0
17.0
-31.0
-33.0
6.0
39.0
20.0
-14.0
-70.0
-95.0
-69.0
-17.0
25.0
25.0
2.0
-2.0
32.0
12.0
-24.0
-34.0
-40.0
22.0
29.0
-11.0
10.0
-34.0
-59.0
-17.0
3.0
15.0
34.0
32.0
-27.0
-29.0
21.0
-6.0
18.0
49.0
29.0
-45.0
6.0
62.0
29.0
22.0
39.0
-3.0
20.0
54.0
41.0
25.0
14.0
-23.0
-11.0
-3.0
2.0
39.0
40.0
16.0
10.0
8.0
8.0
-14.0
-42.0
-48.0
14.0
9.0
-31.0
-25.0
-75.0
-135.0
-64.0
-22.0
-37.0
-42.0
-53.0
-64.0
-62.0
-2.0
-12.0
-31.0
-4.0
-23.0
-73.0
-37.0
20.0
-14.0
-60.0
-45.0
-56.0
-4.0
5.0
-11.0
-27.0
-71.0
-82.0
-71.0
-58.0
-20.0
32.0
-4.0
-24.0
-29.0
-50.0
-62.0
-49.0
5.0
-15.0
-40.0
-29.0
43.0
41.0
-17.0
-6.0
11.0
-5.0
-44.0
-14.0
-32.0
-29.0
10.0
-21.0
-24.0
-20.0
-64.0
-89.0
-76.0
-52.0
-34.0
-8.0
-36.0
-79.0
-90.0
-5.0
6.0
-25.0
-26.0
-53.0
-89.0
-52.0
3.0
-15.0
-65.0
-15.0
-16.0
-73.0
-35.0
35.0
4.0
-7.0
-12.0
-29.0
-33.0
-15.0
-40.0
-73.0
-36.0
-20.0
-26.0
-11.0
23.0
-14.0
-47.0
-65.0
-41.0
-27.0
-5.0
26.0
4.0
-1.0
-5.0
-27.0
-20.0
4.0
6.0
32.0
30.0
16.0
22.0
-21.0
-14.0
12.0
-30.0
-12.0
83.0
64.0
26.0
36.0
28.0
-15.0
-41.0
-29.0
2.0
-4.0
-11.0
-43.0
-102.0
-19.0
-10.0
-22.0
-26.0
-3.0
18.0
-32.0
-84.0
-58.0
-62.0
-66.0
-60.0
-12.0
-26.0
-26.0
-30.0
-48.0
-60.0
-1.0
-10.0
-19.0
6.0
5.0
-1.0
4.0
-17.0
1.0
34.0
-6.0
11.0
-36.0
-55.0
-22.0
-16.0
4.0
10.0
-2.0
-19.0
-14.0
-32.0
-39.0
-16.0
8.0
-2.0
-15.0
49.0
16.0
6.0
27.0
-24.0
-49.0
-12.0
-26.0
-61.0
-26.0
-5.0
-27.0
-4.0
6.0
-8.0
-40.0
-37.0
12.0
9.0
-22.0
-18.0
-44.0
-22.0
-10.0
0.0
7.0
-32.0
-10.0
-25.0
-51.0
2.0
8.0
-23.0
-38.0
-72.0
-56.0
-32.0
-26.0
-4.0
-19.0
-19.0
7.0
-41.0
-31.0
10.0
-19.0
-34.0
-35.0
-36.0
-37.0
-46.0
-11.0
23.0
24.0
37.0
58.0
-10.0
-49.0
-34.0
7.0
48.0
-3.0
38.0
73.0
65.0
26.0
-24.0
7.0
-9.0
-90.0
12.0
16.0
-34.0
1.0
21.0
21.0
9.0
-3.0
18.0
87.0
50.0
35.0
71.0
52.0
-1.0
-4.0
41.0
44.0
93.0
85.0
51.0
60.0
29.0
-8.0
-11.0
-19.0
-21.0
-26.0
-2.0
-37.0
-102.0
-34.0
16.0
-7.0
-29.0
-12.0
-8.0
-18.0
-39.0
-5.0
39.0
9.0
-10.0
-8.0
-47.0
-55.0
-62.0
-19.0
-18.0
20.0
61.0
19.0
-17.0
-26.0
-34.0
-64.0
-62.0
-11.0
-8.0
-6.0
9.0
42.0
41.0
25.0
44.0
28.0
-5.0
23.0
67.0
73.0
32.0
17.0
26.0
-5.0
-53.0
-6.0
16.0
-5.0
-20.0
-63.0
-91.0
-40.0
-16.0
-3.0
-18.0
-8.0
-4.0
-26.0
-14.0
-15.0
-7.0
-5.0
0.0
-8.0
-32.0
-47.0
-35.0
-58.0
-56.0
-45.0
-67.0
-69.0
-26.0
2.0
-24.0
-73.0
-37.0
10.0
4.0
-16.0
-46.0
-50.0
-22.0
-14.0
-10.0
-45.0
7.0
68.0
-1.0
10.0
35.0
4.0
-16.0
12.0
35.0
-27.0
-22.0
-2.0
-12.0
-41.0
-40.0
-27.0
-17.0
6.0
-7.0
-12.0
19.0
8.0
58.0
77.0
36.0
56.0
41.0
-14.0
-34.0
-1.0
31.0
17.0
31.0
9.0
-13.0
-7.0
14.0
37.0
46.0
11.0
-13.0
-19.0
11.0
34.0
31.0
21.0
34.0
-2.0
10.0
22.0
11.0
-35.0
-36.0
-21.0
2.0
-4.0
1.0
23.0
-53.0
-75.0
9.0
-1.0
-63.0
-65.0
-51.0
-43.0
-40.0
-56.0
-44.0
-10.0
-26.0
-37.0
-52.0
-47.0
-36.0
-53.0
-72.0
-67.0
-62.0
-95.0
-54.0
-34.0
-35.0
-44.0
-39.0
-73.0
-78.0
-16.0
-45.0
-49.0
-28.0
-82.0
-48.0
-25.0
-30.0
-54.0
-26.0
-30.0
-58.0
-51.0
-45.0
-30.0
-62.0
-105.0
-10.0
32.0
-33.0
-48.0
-84.0
-119.0
-72.0
-72.0
-98.0
-80.0
-45.0
-64.0
-46.0
-53.0
-61.0
-61.0
-93.0
-86.0
-3.0
49.0
4.0
-37.0
-80.0
-119.0
-42.0
21.0
-14.0
-34.0
16.0
12.0
-28.0
-40.0
-52.0
-33.0
-27.0
-48.0
-57.0
-64.0
-20.0
1.0
7.0
-15.0
-13.0
-6.0
27.0
4.0
-25.0
20.0
6.0
-15.0
-3.0
-76.0
-64.0
-11.0
22.0
22.0
-4.0
-35.0
-12.0
1.0
-23.0
-7.0
21.0
20.0
-28.0
-3.0
18.0
-20.0
-37.0
-12.0
-27.0
22.0
23.0
8.0
-4.0
-69.0
-98.0
-67.0
-55.0
-48.0
-17.0
-26.0
-33.0
-39.0
-33.0
15.0
33.0
20.0
14.0
22.0
-15.0
-45.0
-22.0
-18.0
-34.0
-25.0
-49.0
-35.0
-29.0
-3.0
39.0
25.0
-20.0
-47.0
6.0
52.0
16.0
-31.0
-17.0
-7.0
-43.0
-17.0
-18.0
-32.0
-43.0
-53.0
-61.0
-61.0
-48.0
-6.0
-12.0
3.0
-14.0
31.0
25.0
2.0
4.0
16.0
10.0
-23.0
16.0
13.0
-7.0
2.0
0.0
-60.0
-40.0
25.0
-10.0
-60.0
2.0
-14.0
-108.0
-63.0
7.0
19.0
50.0
46.0
3.0
-29.0
-23.0
-5.0
5.0
-17.0
-23.0
-93.0
-86.0
11.0
7.0
-21.0
-6.0
-10.0
-4.0
-17.0
33.0
26.0
-9.0
25.0
-10.0
-12.0
22.0
-2.0
3.0
10.0
-26.0
-29.0
-12.0
-48.0
-62.0
-17.0
-35.0
-16.0
41.0
23.0
38.0
42.0
19.0
-21.0
-24.0
44.0
27.0
18.0
-21.0
-51.0
-52.0
-7.0
20.0
33.0
76.0
45.0
20.0
10.0
24.0
39.0
47.0
68.0
40.0
13.0
5.0
63.0
65.0
45.0
24.0
-5.0
-2.0
18.0
58.0
45.0
45.0
33.0
-5.0
23.0
41.0
21.0
5.0
-4.0
-2.0
5.0
25.0
23.0
-40.0
-49.0
-24.0
32.0
1.0
-15.0
-35.0
-21.0
-18.0
-2.0
4.0
13.0
-9.0
-36.0
22.0
10.0
24.0
46.0
19.0
-10.0
-26.0
15.0
18.0
20.0
31.0
27.0
-26.0
-61.0
-59.0
-6.0
11.0
-8.0
25.0
54.0
7.0
-20.0
-24.0
-21.0
-21.0
-25.0
-1.0
-14.0
8.0
31.0
16.0
33.0
58.0
74.0
48.0
-5.0
2.0
43.0
20.0
8.0
-2.0
-51.0
-50.0
-56.0
8.0
24.0
20.0
-6.0
-48.0
-56.0
-46.0
-18.0
7.0
32.0
24.0
-18.0
-15.0
30.0
45.0
12.0
17.0
-6.0
-25.0
-10.0
10.0
14.0
48.0
42.0
-41.0
-29.0
29.0
29.0
20.0
54.0
46.0
86.0
88.0
54.0
20.0
27.0
65.0
45.0
49.0
48.0
45.0
-2.0
-18.0
18.0
-1.0
-17.0
-5.0
-30.0
-56.0
-62.0
-98.0
-112.0
-31.0
-5.0
-63.0
-91.0
-63.0
-7.0
-3.0
-20.0
-49.0
-82.0
-80.0
-82.0
-55.0
-26.0
-3.0
-3.0
-44.0
-41.0
-9.0
-15.0
-17.0
-10.0
-23.0
-31.0
-16.0
-50.0
-63.0
-1.0
41.0
-12.0
-59.0
-28.0
-39.0
-69.0
-17.0
-32.0
-108.0
-98.0
-98.0
-115.0
-71.0
-91.0
-83.0
-67.0
-98.0
-89.0
-107.0
-112.0
-90.0
-76.0
-31.0
-26.0
-27.0
-65.0
-70.0
-42.0
-20.0
12.0
-26.0
-70.0
-80.0
-47.0
12.0
15.0
-7.0
-27.0
-75.0
-46.0
-6.0
14.0
71.0
84.0
62.0
15.0
-8.0
-14.0
-4.0
7.0
18.0
27.0
3.0
-39.0
-6.0
12.0
-36.0
-41.0
-2.0
3.0
-5.0
-1.0
-1.0
26.0
41.0
20.0
-2.0
24.0
77.0
22.0
23.0
35.0
-6.0
-17.0
-5.0
13.0
17.0
26.0
39.0
-6.0
-36.0
-18.0
24.0
23.0
-7.0
21.0
-12.0
-26.0
-9.0
-21.0
-30.0
-27.0
0.0
12.0
-22.0
8.0
5.0
-29.0
-22.0
-3.0
50.0
54.0
43.0
-6.0
-63.0
-89.0
-62.0
-59.0
-42.0
-20.0
-7.0
-24.0
-50.0
-34.0
-48.0
-79.0
-5.0
23.0
14.0
46.0
13.0
-36.0
-39.0
-41.0
-63.0
-27.0
31.0
23.0
18.0
15.0
28.0
6.0
-29.0
-13.0
65.0
42.0
-47.0
-30.0
6.0
30.0
31.0
7.0
-20.0
-36.0
-13.0
7.0
10.0
-5.0
19.0
4.0
-3.0
23.0
-24.0
-31.0
8.0
-10.0
-97.0
-97.0
4.0
7.0
-23.0
-23.0
-83.0
-81.0
-49.0
-25.0
3.0
-14.0
-5.0
15.0
-4.0
-64.0
-9.0
13.0
-18.0
18.0
3.0
-33.0
-32.0
-8.0
-8.0
-3.0
-8.0
-12.0
-2.0
-32.0
-23.0
10.0
54.0
11.0
-21.0
25.0
19.0
-13.0
-24.0
24.0
25.0
16.0
21.0
30.0
20.0
18.0
27.0
25.0
2.0
36.0
76.0
82.0
124.0
178.0
262.0
326.0
391.0
565.0
596.0
567.0
574.0
574.0
573.0
576.0
548.0
469.0
385.0
315.0
243.0
165.0
96.0
54.0
-26.0
-155.0
-235.0
-286.0
-349.0
-415.0
-393.0
-382.0
-437.0
-474.0
-490.0
-470.0
-473.0
-468.0
-470.0
-455.0
-491.0
-530.0
-475.0
-419.0
-426.0
-441.0
-453.0
-446.0
-390.0
-385.0
-416.0
-386.0
-387.0
-388.0
-354.0
-338.0
-356.0
-331.0
-294.0
-284.0
-313.0
-306.0
-275.0
-254.0
-249.0
-251.0
-291.0
-259.0
-254.0
-269.0
-238.0
-237.0
-212.0
-191.0
-218.0
-229.0
-253.0
-203.0
-171.0
-149.0
-102.0
-159.0
-205.0
-159.0
-140.0
-152.0
-136.0
-145.0
-146.0
-118.0
-144.0
-182.0
-204.0
-252.0
-238.0
-145.0
-167.0
-213.0
-209.0
-201.0
-185.0
-172.0
-96.0
-62.0
-111.0
-114.0
-101.0
-110.0
-116.0
-86.0
-92.0
-102.0
-83.0
-125.0
-152.0
-106.0
-119.0
-134.0
-160.0
-125.0
-73.0
-68.0
-73.0
-88.0
-125.0
-128.0
-150.0
-109.0
-62.0
-88.0
-101.0
-99.0
-108.0
-134.0
-130.0
-51.0
-31.0
-65.0
-81.0
-24.0
-45.0
-80.0
-8.0
-18.0
-76.0
-97.0
-86.0
-111.0
-100.0
-92.0
-98.0
-127.0
-101.0
-80.0
-106.0
-87.0
-60.0
-51.0
-10.0
-41.0
-69.0
-60.0
-83.0
-40.0
-7.0
-19.0
-5.0
-29.0
-49.0
-26.0
-45.0
-82.0
-65.0
-39.0
-62.0
-40.0
-27.0
-66.0
-87.0
-81.0
-107.0
-47.0
-10.0
-27.0
-23.0
-61.0
-8.0
-27.0
-80.0
-97.0
-88.0
-52.0
-11.0
-61.0
-68.0
-25.0
-39.0
-29.0
-36.0
-45.0
-52.0
-49.0
-52.0
-58.0
-72.0
-45.0
-27.0
-90.0
-62.0
-49.0
-54.0
-63.0
-51.0
-41.0
-63.0
-96.0
-61.0
3.0
-33.0
-44.0
-7.0
-38.0
-62.0
-89.0
-27.0
29.0
-11.0
-52.0
-45.0
-77.0
-84.0
-41.0
11.0
-34.0
-54.0
-64.0
-54.0
7.0
-3.0
-33.0
-15.0
-26.0
-78.0
-49.0
-40.0
-50.0
-31.0
-49.0
-18.0
-18.0
-44.0
-77.0
-86.0
-59.0
-42.0
-40.0
-2.0
7.0
-12.0
-81.0
-97.0
-56.0
-44.0
-17.0
-13.0
-76.0
-18.0
16.0
6.0
-17.0
-62.0
-71.0
-54.0
-27.0
-13.0
-31.0
-39.0
-46.0
-72.0
-105.0
-35.0
21.0
-10.0
-32.0
-59.0
-41.0
5.0
-1.0
14.0
-34.0
-90.0
-30.0
-59.0
-76.0
2.0
-6.0
-37.0
-24.0
-26.0
-32.0
-56.0
-44.0
-36.0
-64.0
-39.0
-40.0
-97.0
-62.0
-37.0
-73.0
-62.0
-81.0
-69.0
-21.0
-41.0
-87.0
-44.0
-49.0
-52.0
-67.0
-37.0
-30.0
-71.0
-44.0
-16.0
-9.0
-46.0
-61.0
-89.0
-121.0
-89.0
-79.0
-63.0
-58.0
-37.0
-52.0
-74.0
-50.0
-47.0
-54.0
-45.0
-64.0
-88.0
-93.0
-88.0
-47.0
-44.0
-67.0
-13.0
7.0
-14.0
-62.0
-89.0
-99.0
-32.0
26.0
32.0
-1.0
-58.0
-77.0
-17.0
20.0
-35.0
-53.0
-49.0
-55.0
-67.0
-88.0
-67.0
-87.0
-96.0
-109.0
-79.0
-52.0
-40.0
-62.0
-78.0
-78.0
-76.0
-70.0
-22.0
46.0
11.0
-63.0
-44.0
-34.0
-51.0
-29.0
-22.0
-45.0
-66.0
-59.0
-53.0
-77.0
-8.0
-8.0
-64.0
-59.0
-40.0
-45.0
-43.0
-10.0
-8.0
6.0
-18.0
-42.0
-44.0
-8.0
-10.0
-44.0
-71.0
-27.0
-17.0
-60.0
-20.0
4.0
-21.0
-17.0
-10.0
-23.0
5.0
-1.0
-51.0
-50.0
-16.0
-29.0
-38.0
-51.0
-59.0
-10.0
-1.0
-11.0
16.0
9.0
-81.0
-90.0
-72.0
-27.0
1.0
-48.0
-49.0
-13.0
21.0
21.0
-26.0
-33.0
4.0
16.0
36.0
52.0
2.0
-26.0
-27.0
-39.0
-13.0
-2.0
-14.0
-30.0
-50.0
-8.0
7.0
-3.0
-12.0
-77.0
-76.0
-35.0
-27.0
-31.0
-44.0
-39.0
-26.0
-87.0
0.0
1.0
-49.0
-76.0
-27.0
-8.0
-54.0
-66.0
-67.0
-8.0
-13.0
-4.0
7.0
-62.0
-42.0
36.0
23.0
-60.0
-97.0
-60.0
-20.0
-27.0
-40.0
-59.0
-101.0
-121.0
-47.0
-1.0
-27.0
-44.0
-46.0
-55.0
-69.0
-22.0
61.0
21.0
-29.0
33.0
55.0
11.0
-68.0
-95.0
-33.0
8.0
4.0
-33.0
-65.0
-21.0
-14.0
-7.0
-11.0
14.0
10.0
7.0
52.0
54.0
23.0
1.0
-4.0
14.0
46.0
-2.0
-54.0
-43.0
35.0
33.0
18.0
-21.0
-20.0
-54.0
-58.0
-99.0
-76.0
-35.0
-87.0
-57.0
-55.0
-79.0
-36.0
-13.0
-31.0
-101.0
-100.0
-64.0
-53.0
-51.0
-30.0
-5.0
-2.0
-37.0
-33.0
-29.0
-8.0
15.0
6.0
-30.0
-28.0
7.0
-25.0
-54.0
-28.0
-28.0
-35.0
-45.0
-84.0
-18.0
7.0
-25.0
-64.0
-56.0
-36.0
-19.0
26.0
-3.0
-41.0
-32.0
-18.0
-4.0
3.0
-2.0
16.0
24.0
3.0
33.0
47.0
-11.0
-15.0
32.0
13.0
-26.0
-33.0
-1.0
-5.0
-4.0
-29.0
-58.0
-27.0
-27.0
-52.0
-48.0
2.0
5.0
3.0
-10.0
-26.0
-21.0
-62.0
-28.0
10.0
-10.0
-67.0
-96.0
-64.0
-50.0
-58.0
-88.0
-32.0
17.0
11.0
-35.0
-80.0
-99.0
-62.0
-37.0
-52.0
-61.0
-22.0
34.0
54.0
15.0
-20.0
1.0
-7.0
-12.0
-1.0
-33.0
-13.0
-26.0
-55.0
-39.0
-37.0
-7.0
7.0
21.0
6.0
39.0
72.0
-11.0
11.0
95.0
63.0
16.0
23.0
29.0
23.0
31.0
7.0
1.0
20.0
52.0
20.0
-35.0
16.0
45.0
52.0
33.0
51.0
46.0
-6.0
-29.0
-30.0
-43.0
25.0
41.0
19.0
12.0
-15.0
-18.0
-32.0
-42.0
-43.0
-6.0
-2.0
-11.0
15.0
4.0
-25.0
-32.0
-2.0
-24.0
-79.0
-72.0
24.0
8.0
-27.0
6.0
-56.0
-63.0
-49.0
-40.0
-7.0
3.0
16.0
-21.0
-83.0
-84.0
-11.0
-48.0
-19.0
0.0
-16.0
-27.0
-42.0
-59.0
-45.0
-45.0
-82.0
-104.0
-76.0
-55.0
-12.0
38.0
-4.0
-52.0
-50.0
-59.0
-80.0
-43.0
7.0
-14.0
0.0
26.0
-39.0
-44.0
-54.0
-69.0
-11.0
27.0
3.0
-17.0
-7.0
-28.0
-63.0
-50.0
-52.0
-26.0
17.0
-18.0
-11.0
-39.0
-54.0
-76.0
-46.0
45.0
15.0
1.0
-4.0
-37.0
-85.0
-86.0
-37.0
16.0
4.0
-36.0
-54.0
-60.0
-6.0
11.0
-43.0
-26.0
15.0
22.0
57.0
43.0
-30.0
-62.0
-63.0
-35.0
17.0
41.0
18.0
7.0
-4.0
19.0
-20.0
-6.0
33.0
3.0
1.0
5.0
-7.0
-5.0
-32.0
-33.0
-16.0
-25.0
-12.0
-3.0
-16.0
-8.0
9.0
16.0
-31.0
-35.0
-58.0
-21.0
-48.0
-50.0
-4.0
15.0
20.0
-14.0
-68.0
-40.0
-81.0
-64.0
35.0
-2.0
-61.0
-23.0
-32.0
-50.0
-56.0
-43.0
11.0
-17.0
-15.0
7.0
16.0
-36.0
-84.0
-64.0
50.0
23.0
-27.0
-42.0
-69.0
-69.0
-32.0
-13.0
13.0
62.0
56.0
3.0
-4.0
-8.0
36.0
9.0
14.0
30.0
37.0
52.0
34.0
44.0
58.0
91.0
21.0
12.0
41.0
10.0
-18.0
13.0
25.0
-6.0
-3.0
37.0
13.0
-15.0
22.0
18.0
30.0
24.0
27.0
-7.0
3.0
44.0
84.0
68.0
21.0
10.0
-9.0
-56.0
-42.0
-17.0
-24.0
-16.0
-15.0
-8.0
-65.0
-41.0
-14.0
-17.0
-6.0
2.0
-10.0
-8.0
-17.0
-48.0
-15.0
21.0
18.0
-30.0
-12.0
61.0
46.0
13.0
5.0
0.0
-20.0
10.0
30.0
20.0
27.0
44.0
53.0
1.0
-30.0
-29.0
-15.0
-10.0
-24.0
-7.0
27.0
27.0
5.0
48.0
56.0
24.0
7.0
-11.0
8.0
18.0
9.0
54.0
53.0
12.0
-5.0
0.0
-17.0
-71.0
-37.0
43.0
4.0
-29.0
-1.0
-32.0
-48.0
-23.0
16.0
-18.0
-65.0
-19.0
43.0
22.0
-47.0
-10.0
33.0
26.0
10.0
13.0
-6.0
-18.0
-37.0
-26.0
-17.0
1.0
33.0
8.0
-3.0
2.0
51.0
19.0
-8.0
30.0
-8.0
-29.0
-40.0
-37.0
-16.0
-63.0
-54.0
12.0
-17.0
-57.0
-17.0
-18.0
-49.0
-2.0
24.0
3.0
-11.0
-13.0
-41.0
-44.0
-8.0
-25.0
-41.0
-32.0
-2.0
-16.0
-11.0
-22.0
-51.0
-43.0
0.0
9.0
9.0
3.0
8.0
-41.0
-27.0
-11.0
-14.0
3.0
-13.0
-37.0
-35.0
-34.0
-71.0
-53.0
2.0
32.0
-11.0
-4.0
6.0
49.0
81.0
30.0
-10.0
-45.0
-73.0
-78.0
-120.0
-94.0
-15.0
-30.0
-25.0
-30.0
-62.0
-59.0
-21.0
-27.0
-38.0
-24.0
-1.0
-3.0
-6.0
6.0
-26.0
-15.0
34.0
14.0
-33.0
-87.0
-49.0
-39.0
-94.0
-74.0
-48.0
-76.0
-77.0
-90.0
-86.0
-71.0
-78.0
-65.0
-26.0
-13.0
-30.0
-32.0
-34.0
-34.0
-18.0
6.0
-20.0
4.0
44.0
-25.0
-40.0
10.0
-8.0
-8.0
-15.0
4.0
45.0
32.0
10.0
6.0
6.0
27.0
35.0
13.0
-5.0
27.0
83.0
167.0
265.0
390.0
525.0
588.0
572.0
573.0
576.0
573.0
572.0
483.0
378.0
269.0
190.0
108.0
-11.0
-31.0
-46.0
-121.0
-205.0
-265.0
-313.0
-349.0
-311.0
-316.0
-360.0
-418.0
-411.0
-416.0
-438.0
-433.0
-431.0
-457.0
-480.0
-464.0
-473.0
-444.0
-431.0
-432.0
-441.0
-477.0
-466.0
-420.0
-430.0
-453.0
-414.0
-366.0
-396.0
-406.0
-418.0
-394.0
-336.0
-285.0
-309.0
-319.0
-335.0
-332.0
-293.0
-281.0
-272.0
-271.0
-256.0
-248.0
-232.0
-219.0
-237.0
-181.0
-193.0
-217.0
-187.0
-207.0
-209.0
-248.0
-225.0
-165.0
-153.0
-181.0
-155.0
-123.0
-158.0
-181.0
-116.0
-115.0
-157.0
-142.0
-83.0
-111.0
-122.0
-100.0
-71.0
-75.0
-75.0
-76.0
-93.0
-178.0
-178.0
-69.0
-109.0
-135.0
-111.0
-105.0
-170.0
-165.0
-138.0
-162.0
-136.0
-82.0
-93.0
-151.0
-109.0
-80.0
-122.0
-49.0
-33.0
-89.0
-92.0
-64.0
-83.0
-62.0
-1.0
-27.0
-49.0
-67.0
-88.0
-105.0
-60.0
-80.0
-61.0
-63.0
-97.0
-91.0
-110.0
-86.0
-86.0
-93.0
-62.0
-78.0
-80.0
-96.0
-111.0
-77.0
-45.0
-21.0
-10.0
-53.0
-120.0
-146.0
-148.0
-125.0
-94.0
-90.0
-108.0
-88.0
-139.0
-117.0
-80.0
-52.0
-44.0
-65.0
-84.0
-89.0
-96.0
-111.0
-82.0
-24.0
-65.0
-110.0
-120.0
-79.0
-46.0
-94.0
-129.0
-134.0
-60.0
-70.0
-164.0
-109.0
-78.0
-102.0
-138.0
-165.0
-168.0
-164.0
-109.0
-73.0
-74.0
-103.0
-86.0
-103.0
-129.0
-133.0
-43.0
-22.0
-92.0
-127.0
-148.0
-138.0
-149.0
-124.0
-83.0
-63.0
-127.0
-168.0
-129.0
-90.0
-80.0
-77.0
-78.0
-97.0
-99.0
-89.0
-78.0
-87.0
-95.0
-102.0
-123.0
-90.0
-65.0
-46.0
-24.0
-78.0
-96.0
-119.0
-99.0
-106.0
-89.0
-88.0
-96.0
-64.0
-71.0
-118.0
-112.0
-92.0
-107.0
-114.0
-42.0
-19.0
-73.0
-82.0
-70.0
-48.0
2.0
-10.0
-18.0
6.0
-49.0
-46.0
-27.0
1.0
-29.0
-37.0
-16.0
-12.0
-23.0
15.0
5.0
4.0
0.0
1.0
13.0
10.0
17.0
26.0
30.0
-11.0
-41.0
-58.0
37.0
58.0
12.0
4.0
-31.0
-36.0
-57.0
-74.0
-26.0
-18.0
24.0
36.0
5.0
-42.0
-63.0
-18.0
2.0
-33.0
-58.0
-55.0
-48.0
-17.0
-23.0
-6.0
13.0
8.0
1.0
-15.0
-17.0
-63.0
-92.0
-57.0
-31.0
-11.0
28.0
43.0
-5.0
-47.0
-99.0
-128.0
-118.0
-83.0
-28.0
-50.0
-62.0
-67.0
-126.0
-143.0
-81.0
-43.0
-21.0
-10.0
-37.0
-53.0
-76.0
-48.0
-58.0
-77.0
-82.0
-55.0
-62.0
-69.0
-61.0
-57.0
-54.0
-37.0
-16.0
-18.0
-44.0
-24.0
-24.0
13.0
11.0
-15.0
-54.0
-63.0
-45.0
-5.0
-34.0
-56.0
-38.0
-18.0
-16.0
-70.0
-72.0
-33.0
-30.0
15.0
37.0
3.0
-2.0
-23.0
-34.0
-45.0
-37.0
-24.0
-27.0
-58.0
-63.0
-43.0
-68.0
-84.0
-43.0
-4.0
-23.0
-61.0
-36.0
-42.0
-86.0
-68.0
-1.0
6.0
-32.0
-85.0
-87.0
-39.0
-11.0
27.0
16.0
-54.0
-68.0
-47.0
-43.0
-16.0
-50.0
-69.0
-50.0
-50.0
-49.0
-72.0
-68.0
-40.0
-44.0
-20.0
10.0
-48.0
-46.0
-16.0
-4.0
-49.0
-50.0
51.0
15.0
4.0
-5.0
-42.0
20.0
35.0
-27.0
-74.0
-56.0
-5.0
-16.0
-60.0
-64.0
-43.0
-38.0
-21.0
-4.0
-15.0
3.0
3.0
-15.0
-12.0
-52.0
-53.0
-55.0
-46.0
-59.0
-93.0
-63.0
-39.0
-60.0
-61.0
-42.0
-70.0
-91.0
-24.0
23.0
29.0
14.0
-15.0
-23.0
-31.0
5.0
6.0
-15.0
-35.0
-76.0
-109.0
-74.0
-8.0
-11.0
20.0
8.0
-41.0
-96.0
-76.0
-17.0
-1.0
12.0
-9.0
-64.0
-31.0
-38.0
-79.0
-39.0
48.0
58.0
42.0
-20.0
-38.0
-37.0
-51.0
-37.0
21.0
41.0
5.0
-52.0
-75.0
-39.0
8.0
-8.0
-15.0
11.0
-22.0
-26.0
-10.0
-18.0
-28.0
24.0
-13.0
-64.0
-10.0
25.0
-16.0
-54.0
-40.0
-12.0
-25.0
-31.0
-7.0
-15.0
-22.0
-35.0
-46.0
-60.0
-63.0
-36.0
-5.0
-3.0
-43.0
-32.0
-33.0
-46.0
-28.0
-23.0
7.0
-9.0
-70.0
-56.0
-20.0
-51.0
-38.0
-43.0
-28.0
10.0
-16.0
-62.0
-67.0
-37.0
-17.0
-46.0
-8.0
12.0
-12.0
-51.0
-96.0
-83.0
-53.0
-62.0
-34.0
8.0
-6.0
-50.0
-33.0
-3.0
23.0
32.0
21.0
-32.0
-43.0
7.0
26.0
8.0
-1.0
-2.0
18.0
49.0
19.0
3.0
20.0
9.0
25.0
101.0
105.0
73.0
74.0
20.0
23.0
72.0
17.0
16.0
27.0
10.0
11.0
-1.0
12.0
-7.0
30.0
54.0
-3.0
-25.0
-2.0
-20.0
-13.0
23.0
-4.0
25.0
-4.0
-43.0
-54.0
-26.0
-12.0
15.0
-7.0
-50.0
-25.0
17.0
20.0
-14.0
4.0
6.0
7.0
-18.0
2.0
-3.0
-61.0
-84.0
-61.0
-62.0
-43.0
-9.0
-27.0
-71.0
-91.0
-15.0
-21.0
-44.0
-29.0
-25.0
-26.0
-10.0
-25.0
-50.0
-57.0
-92.0
-101.0
-17.0
-36.0
-87.0
-67.0
-27.0
-4.0
-30.0
-56.0
-64.0
-71.0
-48.0
-56.0
-30.0
35.0
-4.0
-55.0
-14.0
-15.0
-19.0
1.0
31.0
23.0
-30.0
-34.0
-36.0
8.0
22.0
-8.0
-21.0
-84.0
-126.0
-39.0
-1.0
8.0
31.0
-5.0
-25.0
-64.0
-46.0
-8.0
-8.0
-1.0
-36.0
-46.0
2.0
43.0
62.0
40.0
-44.0
-49.0
3.0
-25.0
-6.0
20.0
17.0
39.0
-2.0
-74.0
-62.0
-54.0
-92.0
-71.0
-52.0
-50.0
-40.0
-11.0
-45.0
-71.0
-48.0
-14.0
-21.0
-49.0
-14.0
-12.0
-21.0
-24.0
-33.0
21.0
51.0
17.0
-19.0
8.0
45.0
32.0
4.0
-9.0
37.0
40.0
9.0
-17.0
14.0
46.0
-12.0
-26.0
-32.0
18.0
50.0
11.0
-45.0
-51.0
-25.0
34.0
50.0
15.0
21.0
4.0
22.0
-20.0
-10.0
73.0
74.0
70.0
57.0
48.0
32.0
-12.0
-43.0
19.0
-1.0
-12.0
20.0
-31.0
-39.0
-21.0
-40.0
-45.0
17.0
22.0
22.0
8.0
7.0
-15.0
-31.0
-10.0
1.0
-33.0
-21.0
8.0
34.0
6.0
-32.0
-67.0
-48.0
-32.0
-30.0
-15.0
-5.0
4.0
-6.0
-21.0
-39.0
-13.0
-26.0
-22.0
29.0
1.0
-34.0
-4.0
-15.0
-60.0
-42.0
-13.0
-17.0
34.0
41.0
12.0
-7.0
-15.0
-8.0
35.0
52.0
30.0
23.0
17.0
11.0
19.0
60.0
63.0
40.0
30.0
77.0
58.0
7.0
-7.0
7.0
-5.0
11.0
11.0
14.0
-19.0
-36.0
-21.0
-28.0
-16.0
-20.0
-5.0
-52.0
-37.0
-18.0
-4.0
1.0
-12.0
-41.0
-65.0
-22.0
-6.0
-37.0
-51.0
-27.0
-2.0
42.0
18.0
-26.0
-12.0
-29.0
-80.0
-90.0
-20.0
-4.0
0.0
-14.0
-36.0
-17.0
-12.0
-41.0
-89.0
-33.0
-14.0
-26.0
-5.0
-13.0
-13.0
7.0
-29.0
-7.0
13.0
-8.0
-15.0
20.0
41.0
34.0
5.0
-22.0
-34.0
-7.0
16.0
-7.0
-6.0
20.0
-8.0
-21.0
-29.0
-49.0
-44.0
10.0
9.0
-20.0
-53.0
-73.0
-21.0
-6.0
21.0
7.0
-26.0
-12.0
-8.0
-24.0
-22.0
-25.0
21.0
22.0
17.0
-4.0
18.0
45.0
33.0
12.0
-35.0
-37.0
-78.0
-32.0
29.0
-3.0
8.0
6.0
-51.0
-42.0
2.0
-8.0
-38.0
-22.0
-21.0
-31.0
-34.0
-63.0
-20.0
-22.0
-74.0
-18.0
-13.0
-31.0
-51.0
-23.0
-2.0
37.0
16.0
-39.0
-45.0
-64.0
-67.0
18.0
7.0
-21.0
-29.0
-32.0
-18.0
-27.0
-35.0
-48.0
-68.0
-10.0
33.0
53.0
52.0
13.0
-21.0
-14.0
-12.0
8.0
10.0
8.0
-1.0
14.0
48.0
4.0
-7.0
-7.0
-27.0
-68.0
5.0
23.0
40.0
65.0
44.0
-18.0
-57.0
8.0
29.0
1.0
-14.0
-51.0
-59.0
-29.0
26.0
13.0
-6.0
-21.0
11.0
-6.0
-19.0
22.0
19.0
-13.0
-12.0
-10.0
-3.0
28.0
-4.0
-73.0
-85.0
-20.0
-4.0
-14.0
4.0
-6.0
-41.0
-54.0
-14.0
26.0
12.0
-1.0
53.0
92.0
24.0
-7.0
14.0
14.0
3.0
-54.0
-32.0
22.0
80.0
65.0
16.0
-1.0
-75.0
-100.0
3.0
51.0
68.0
77.0
-9.0
-69.0
2.0
41.0
28.0
12.0
-9.0
-69.0
-55.0
-21.0
8.0
8.0
-37.0
30.0
37.0
24.0
109.0
87.0
58.0
-5.0
7.0
3.0
-12.0
-16.0
-32.0
-15.0
54.0
49.0
12.0
13.0
-29.0
-23.0
-43.0
25.0
52.0
61.0
74.0
68.0
39.0
-46.0
-48.0
-4.0
-16.0
-6.0
44.0
89.0
63.0
68.0
102.0
79.0
26.0
1.0
-1.0
-12.0
1.0
26.0
22.0
4.0
-13.0
-6.0
-26.0
-52.0
-32.0
17.0
50.0
16.0
-5.0
-10.0
17.0
-12.0
-13.0
10.0
-16.0
-20.0
0.0
-31.0
-21.0
16.0
-18.0
-52.0
-26.0
-29.0
-29.0
-4.0
-2.0
-56.0
-83.0
-21.0
-39.0
-62.0
-42.0
-54.0
-24.0
-15.0
-55.0
-70.0
1.0
28.0
52.0
65.0
15.0
-36.0
-55.0
-11.0
63.0
87.0
73.0
20.0
-46.0
41.0
79.0
55.0
32.0
26.0
14.0
18.0
86.0
90.0
40.0
14.0
25.0
38.0
87.0
59.0
21.0
28.0
43.0
12.0
-6.0
-3.0
-25.0
-51.0
-27.0
18.0
-7.0
-31.0
-48.0
-5.0
11.0
-18.0
-58.0
-101.0
-81.0
-6.0
-54.0
-29.0
15.0
-60.0
-87.0
-24.0
-39.0
-44.0
-10.0
3.0
15.0
11.0
36.0
34.0
-46.0
-61.0
-61.0
-79.0
-79.0
-88.0
-67.0
-20.0
-28.0
-24.0
-23.0
-11.0
-21.0
-46.0
-36.0
10.0
62.0
45.0
-12.0
-20.0
23.0
-40.0
-5.0
67.0
27.0
22.0
23.0
-12.0
19.0
74.0
74.0
67.0
45.0
-6.0
-40.0
-18.0
32.0
10.0
1.0
18.0
2.0
26.0
-4.0
-13.0
30.0
24.0
-10.0
-23.0
-58.0
2.0
30.0
7.0
-27.0
-32.0
-6.0
-28.0
-33.0
29.0
9.0
-23.0
1.0
-49.0
-26.0
43.0
26.0
-1.0
-46.0
-34.0
-8.0
-25.0
14.0
27.0
-14.0
-33.0
-18.0
-5.0
2.0
48.0
69.0
44.0
-1.0
8.0
35.0
-21.0
-3.0
4.0
27.0
-18.0
-48.0
-10.0
-2.0
-23.0
-34.0
-8.0
-11.0
-34.0
-75.0
-84.0
-30.0
42.0
6.0
-24.0
3.0
20.0
15.0
8.0
-28.0
-26.0
15.0
-15.0
-42.0
-35.0
-47.0
-6.0
6.0
-17.0
20.0
9.0
-3.0
12.0
15.0
-7.0
-43.0
18.0
59.0
41.0
11.0
30.0
29.0
-61.0
-45.0
13.0
20.0
11.0
-2.0
-5.0
-7.0
-30.0
-17.0
25.0
17.0
-33.0
-24.0
-13.0
22.0
40.0
10.0
27.0
39.0
1.0
17.0
22.0
9.0
45.0
67.0
63.0
45.0
44.0
69.0
54.0
11.0
55.0
66.0
32.0
63.0
58.0
27.0
30.0
15.0
40.0
87.0
94.0
76.0
11.0
18.0
71.0
65.0
84.0
78.0
57.0
56.0
12.0
23.0
58.0
56.0
26.0
-23.0
-41.0
3.0
-43.0
-39.0
3.0
-36.0
-53.0
-15.0
21.0
39.0
-18.0
-7.0
28.0
-45.0
-37.0
20.0
-10.0
-15.0
-26.0
-26.0
-42.0
-24.0
30.0
21.0
12.0
33.0
-8.0
-17.0
-5.0
-18.0
-3.0
12.0
15.0
-12.0
-14.0
5.0
-42.0
-11.0
11.0
14.0
52.0
74.0
32.0
54.0
29.0
22.0
11.0
48.0
5.0
-19.0
24.0
-2.0
-19.0
-10.0
-28.0
-52.0
-10.0
25.0
16.0
-29.0
-29.0
16.0
-30.0
-75.0
-32.0
29.0
19.0
-11.0
-38.0
-9.0
23.0
-3.0
-31.0
-7.0
16.0
31.0
-1.0
15.0
40.0
-23.0
-52.0
7.0
23.0
22.0
50.0
39.0
-12.0
-21.0
-2.0
12.0
46.0
70.0
35.0
-8.0
-6.0
36.0
49.0
51.0
74.0
98.0
99.0
221.0
299.0
326.0
396.0
536.0
595.0
569.0
563.0
559.0
519.0
474.0
430.0
364.0
327.0
282.0
188.0
114.0
79.0
43.0
-15.0
-72.0
-125.0
-112.0
-105.0
-135.0
-157.0
-193.0
-197.0
-216.0
-205.0
-188.0
-258.0
-290.0
-307.0
-292.0
-271.0
-301.0
-280.0
-238.0
-249.0
-277.0
-266.0
-316.0
-321.0
-282.0
-272.0
-313.0
-299.0
-279.0
-264.0
-212.0
-220.0
-268.0
-306.0
-297.0
-308.0
-312.0
-293.0
-261.0
-251.0
-285.0
-304.0
-294.0
-273.0
-257.0
-222.0
-244.0
-278.0
-256.0
-259.0
-221.0
-211.0
-246.0
-262.0
-275.0
-271.0
-243.0
-225.0
-223.0
-233.0
-206.0
-204.0
-250.0
-198.0
-148.0
-162.0
-206.0
-210.0
-152.0
-168.0
-214.0
-208.0
-157.0
-178.0
-175.0
-163.0
-156.0
-156.0
-138.0
-178.0
-157.0
-161.0
-150.0
-193.0
-212.0
-171.0
-172.0
-150.0
-176.0
-188.0
-109.0
-96.0
-155.0
-184.0
-163.0
-140.0
-127.0
-160.0
-176.0
-116.0
-119.0
-140.0
-141.0
-180.0
-159.0
-116.0
-139.0
-127.0
-68.0
-67.0
-128.0
-138.0
-143.0
-184.0
-145.0
-109.0
-115.0
-140.0
-181.0
-145.0
-155.0
-186.0
-175.0
-145.0
-104.0
-89.0
-111.0
-95.0
-31.0
-91.0
-104.0
-50.0
-75.0
-45.0
-14.0
-58.0
-106.0
-93.0
-87.0
-71.0
-73.0
-46.0
-37.0
-82.0
-68.0
-56.0
-79.0
-35.0
-13.0
-20.0
-77.0
-63.0
-68.0
-103.0
-61.0
-55.0
-55.0
-60.0
-35.0
-56.0
-99.0
-98.0
-100.0
-16.0
6.0
-32.0
-36.0
-74.0
-64.0
-55.0
-65.0
-75.0
-53.0
-78.0
-67.0
-40.0
-55.0
-71.0
-52.0
-50.0
-40.0
-20.0
-29.0
-51.0
-42.0
-29.0
-39.0
-26.0
-22.0
-42.0
-79.0
-103.0
-125.0
-133.0
-43.0
-15.0
-52.0
-88.0
-89.0
-63.0
-48.0
-52.0
22.0
55.0
-29.0
-78.0
-104.0
-76.0
-58.0
-14.0
-5.0
-40.0
-91.0
-109.0
-130.0
-165.0
-140.0
-126.0
-93.0
-81.0
-30.0
14.0
-17.0
1.0
17.0
-13.0
-35.0
-78.0
-83.0
-51.0
-18.0
-10.0
-13.0
-20.0
-48.0
-67.0
-73.0
-67.0
-67.0
-77.0
-89.0
-62.0
-42.0
-31.0
-67.0
-92.0
-72.0
-53.0
-35.0
-30.0
14.0
-6.0
-12.0
-20.0
-76.0
-32.0
-14.0
-69.0
-72.0
-72.0
-89.0
-45.0
-49.0
-23.0
-10.0
-57.0
-83.0
-59.0
-19.0
-5.0
-52.0
-28.0
-27.0
-40.0
-18.0
27.0
-6.0
-19.0
-32.0
-17.0
-20.0
-65.0
-30.0
-25.0
-75.0
-64.0
-21.0
-22.0
-45.0
-44.0
-15.0
-42.0
-47.0
-11.0
-16.0
-16.0
-22.0
-10.0
-32.0
-35.0
14.0
13.0
-2.0
23.0
16.0
-8.0
-3.0
7.0
12.0
44.0
40.0
-6.0
-20.0
-7.0
5.0
-5.0
-2.0
1.0
-19.0
-63.0
-22.0
22.0
-7.0
-36.0
-61.0
-105.0
-74.0
-51.0
-40.0
-3.0
-2.0
-51.0
-57.0
-18.0
-12.0
-39.0
1.0
-23.0
-31.0
-19.0
-18.0
-34.0
-49.0
-38.0
-37.0
-50.0
-28.0
-20.0
-63.0
-33.0
-27.0
-41.0
-48.0
-70.0
-61.0
-74.0
-70.0
-98.0
-64.0
-29.0
6.0
12.0
-24.0
-84.0
-75.0
-29.0
-54.0
-16.0
23.0
12.0
-18.0
-71.0
-53.0
-41.0
-62.0
-56.0
-25.0
-33.0
-68.0
-90.0
-42.0
-10.0
-22.0
-20.0
-32.0
-32.0
-72.0
-99.0
-66.0
-74.0
-67.0
-10.0
-2.0
-30.0
-41.0
-58.0
-49.0
-50.0
-82.0
-61.0
-42.0
-69.0
-48.0
-41.0
-78.0
-63.0
-83.0
-82.0
-70.0
-54.0
-29.0
-55.0
-73.0
-53.0
-55.0
-70.0
-13.0
36.0
-11.0
-48.0
-68.0
-40.0
5.0
-7.0
-13.0
-37.0
-59.0
19.0
34.0
25.0
3.0
24.0
23.0
-36.0
-8.0
26.0
10.0
-18.0
-74.0
-41.0
-56.0
-53.0
-37.0
-56.0
-32.0
-41.0
-36.0
-4.0
8.0
-35.0
-58.0
-20.0
-4.0
-26.0
-56.0
0.0
49.0
30.0
11.0
-14.0
-8.0
17.0
11.0
40.0
40.0
22.0
23.0
1.0
-12.0
48.0
52.0
-1.0
33.0
52.0
17.0
15.0
0.0
42.0
37.0
-5.0
-5.0
18.0
-53.0
-73.0
-16.0
-3.0
-29.0
-61.0
-30.0
-33.0
-69.0
-13.0
-35.0
-72.0
-53.0
-40.0
-11.0
-56.0
-81.0
-42.0
-23.0
-39.0
-41.0
-33.0
-30.0
-46.0
-93.0
-71.0
2.0
-79.0
-106.0
-48.0
-36.0
-69.0
-59.0
-34.0
-31.0
-53.0
-64.0
-62.0
-63.0
-73.0
-81.0
-29.0
9.0
-30.0
-35.0
-26.0
-17.0
-17.0
-48.0
-60.0
-61.0
-22.0
2.0
4.0
-1.0
-4.0
-34.0
-21.0
21.0
41.0
56.0
-6.0
-37.0
3.0
-33.0
-62.0
-49.0
-11.0
-30.0
-56.0
-56.0
-43.0
-46.0
-62.0
-55.0
-64.0
-42.0
-75.0
-50.0
-18.0
-40.0
1.0
4.0
-26.0
-15.0
-39.0
-52.0
-3.0
1.0
1.0
2.0
20.0
17.0
-15.0
-25.0
-25.0
7.0
2.0
-15.0
-9.0
-40.0
-63.0
-37.0
-39.0
1.0
11.0
-28.0
-14.0
3.0
-29.0
-24.0
-33.0
-44.0
-24.0
-12.0
-30.0
-64.0
-88.0
-107.0
-69.0
-59.0
-33.0
26.0
25.0
16.0
3.0
14.0
19.0
-9.0
12.0
19.0
37.0
18.0
-25.0
-34.0
-14.0
-20.0
-26.0
-87.0
-77.0
20.0
-14.0
-42.0
-43.0
-64.0
-55.0
-27.0
-22.0
-70.0
-65.0
-34.0
-43.0
-73.0
-85.0
-113.0
-86.0
-48.0
-54.0
-56.0
-24.0
-22.0
-31.0
-29.0
-39.0
-4.0
-73.0
-69.0
-33.0
-37.0
-32.0
-6.0
-11.0
14.0
1.0
13.0
14.0
25.0
23.0
-21.0
-18.0
13.0
5.0
-5.0
15.0
-12.0
-22.0
-61.0
-91.0
-45.0
-51.0
-45.0
-13.0
18.0
-14.0
-49.0
-61.0
-43.0
-37.0
-31.0
-13.0
-27.0
-13.0
-23.0
-21.0
-3.0
-8.0
-23.0
-15.0
-1.0
2.0
-44.0
-39.0
13.0
6.0
18.0
-24.0
-14.0
-11.0
-42.0
-8.0
0.0
21.0
-1.0
3.0
45.0
66.0
74.0
69.0
33.0
-2.0
22.0
69.0
81.0
12.0
-6.0
37.0
43.0
33.0
31.0
23.0
1.0
-14.0
7.0
11.0
2.0
24.0
99.0
129.0
218.0
336.0
476.0
571.0
578.0
569.0
573.0
574.0
573.0
565.0
544.0
445.0
347.0
260.0
161.0
59.0
-56.0
-203.0
-303.0
-363.0
-472.0
-527.0
-514.0
-531.0
-538.0
-535.0
-527.0
-529.0
-524.0
-511.0
-514.0
-524.0
-523.0
-511.0
-521.0
-516.0
-479.0
-460.0
-464.0
-450.0
-437.0
-418.0
-429.0
-410.0
-367.0
-380.0
-368.0
-334.0
-305.0
-311.0
-306.0
-265.0
-281.0
-260.0
-250.0
-308.0
-306.0
-253.0
-211.0
-175.0
-167.0
-194.0
-244.0
-236.0
-199.0
-167.0
-162.0
-161.0
-162.0
-164.0
-185.0
-181.0
-141.0
-82.0
-86.0
-90.0
-89.0
-114.0
-154.0
-109.0
-85.0
-77.0
-87.0
-61.0
-62.0
-67.0
-115.0
-116.0
-85.0
-91.0
-113.0
-137.0
-93.0
-75.0
-93.0
-80.0
-82.0
-77.0
-68.0
-39.0
-31.0
-50.0
-63.0
-27.0
15.0
10.0
16.0
44.0
43.0
9.0
16.0
35.0
32.0
30.0
14.0
21.0
3.0
-28.0
-20.0
2.0
-11.0
10.0
49.0
15.0
-56.0
-39.0
-16.0
-43.0
-71.0
-61.0
-7.0
15.0
20.0
21.0
10.0
31.0
28.0
35.0
62.0
99.0
86.0
83.0
110.0
115.0
87.0
80.0
87.0
86.0
109.0
108.0
65.0
65.0
78.0
107.0
61.0
-3.0
-6.0
33.0
44.0
58.0
47.0
4.0
-14.0
2.0
3.0
2.0
21.0
-24.0
-41.0
11.0
-16.0
-61.0
-30.0
-7.0
8.0
-14.0
-20.0
6.0
3.0
-17.0
-42.0
-75.0
-35.0
-11.0
-1.0
-23.0
-60.0
-47.0
-39.0
-19.0
-8.0
5.0
-24.0
-25.0
-24.0
-91.0
-58.0
-34.0
-14.0
-12.0
2.0
-5.0
-49.0
-74.0
-97.0
-71.0
-36.0
-55.0
-45.0
-10.0
22.0
32.0
-36.0
-45.0
-24.0
-14.0
22.0
27.0
5.0
-46.0
-94.0
-83.0
-75.0
-96.0
-64.0
-40.0
-22.0
-37.0
-55.0
-27.0
-38.0
-27.0
-41.0
-1.0
-3.0
-53.0
-40.0
-6.0
-43.0
-88.0
-37.0
18.0
15.0
-36.0
-46.0
-20.0
-32.0
-26.0
-2.0
22.0
31.0
-1.0
32.0
106.0
104.0
89.0
31.0
36.0
54.0
63.0
45.0
14.0
11.0
21.0
-14.0
15.0
31.0
16.0
26.0
37.0
-15.0
-27.0
16.0
43.0
15.0
39.0
53.0
46.0
23.0
2.0
12.0
47.0
35.0
20.0
36.0
42.0
52.0
40.0
47.0
29.0
-12.0
-15.0
-5.0
-59.0
-40.0
-13.0
-59.0
-32.0
12.0
-53.0
-79.0
-25.0
2.0
1.0
-18.0
-14.0
21.0
-2.0
-15.0
39.0
60.0
15.0
-7.0
-25.0
-67.0
-22.0
-35.0
-24.0
-3.0
-36.0
-40.0
-36.0
-84.0
-81.0
-45.0
-48.0
-73.0
-84.0
-65.0
-58.0
-96.0
-96.0
-54.0
-28.0
-51.0
-55.0
-13.0
-31.0
-67.0
-14.0
-14.0
-52.0
-54.0
-46.0
-85.0
-95.0
-61.0
-20.0
-13.0
17.0
29.0
43.0
-25.0
-44.0
-34.0
-63.0
-55.0
-22.0
-20.0
-11.0
-13.0
-18.0
-78.0
-82.0
17.0
-8.0
-34.0
-34.0
-25.0
-33.0
-55.0
-55.0
-29.0
-40.0
-59.0
-44.0
13.0
-18.0
-49.0
-25.0
6.0
-11.0
-1.0
16.0
43.0
53.0
-21.0
-51.0
-17.0
12.0
14.0
-19.0
-48.0
-27.0
-23.0
2.0
13.0
6.0
24.0
-18.0
-45.0
6.0
-2.0
-23.0
28.0
13.0
-34.0
-70.0
-32.0
-14.0
-41.0
-43.0
-73.0
-37.0
-37.0
-92.0
-114.0
-50.0
-48.0
-76.0
-79.0
-56.0
-7.0
-6.0
-19.0
-32.0
-57.0
-14.0
6.0
18.0
-4.0
7.0
3.0
-15.0
-30.0
-28.0
-75.0
13.0
62.0
-8.0
-26.0
11.0
-15.0
-4.0
-11.0
-7.0
-2.0
11.0
14.0
-2.0
5.0
48.0
82.0
51.0
50.0
51.0
18.0
-21.0
-40.0
-6.0
32.0
53.0
59.0
29.0
-5.0
-13.0
-16.0
16.0
23.0
41.0
30.0
57.0
34.0
8.0
-6.0
-20.0
38.0
69.0
50.0
29.0
38.0
31.0
35.0
28.0
1.0
8.0
21.0
21.0
24.0
23.0
5.0
25.0
26.0
1.0
-40.0
-18.0
27.0
34.0
36.0
27.0
22.0
29.0
11.0
-14.0
-58.0
15.0
28.0
23.0
36.0
10.0
4.0
-6.0
11.0
25.0
21.0
45.0
25.0
-30.0
14.0
26.0
-21.0
-13.0
30.0
-6.0
-35.0
-48.0
-74.0
-8.0
10.0
-34.0
-43.0
-44.0
-105.0
-99.0
4.0
83.0
76.0
43.0
18.0
-20.0
-50.0
-66.0
-25.0
8.0
17.0
-14.0
-17.0
-32.0
-62.0
-55.0
-5.0
-29.0
-35.0
-2.0
-40.0
-11.0
-30.0
-42.0
-4.0
14.0
4.0
-10.0
-12.0
14.0
20.0
0.0
34.0
24.0
15.0
3.0
-33.0
-39.0
-4.0
-3.0
-32.0
-48.0
-21.0
62.0
59.0
3.0
-31.0
-30.0
-31.0
-23.0
33.0
40.0
5.0
-1.0
73.0
72.0
18.0
35.0
21.0
-12.0
15.0
31.0
39.0
-1.0
9.0
27.0
27.0
41.0
34.0
22.0
51.0
68.0
53.0
38.0
39.0
29.0
20.0
30.0
2.0
49.0
99.0
59.0
43.0
3.0
-23.0
10.0
61.0
67.0
61.0
70.0
31.0
11.0
40.0
97.0
72.0
25.0
15.0
-2.0
-31.0
34.0
91.0
99.0
84.0
-10.0
-47.0
-23.0
-1.0
31.0
44.0
17.0
-25.0
-24.0
-42.0
-33.0
-14.0
14.0
-7.0
21.0
4.0
-6.0
-4.0
22.0
43.0
12.0
-11.0
-22.0
-48.0
-33.0
-62.0
-37.0
8.0
27.0
43.0
-17.0
-88.0
3.0
62.0
49.0
12.0
15.0
6.0
-38.0
10.0
14.0
-23.0
23.0
12.0
-33.0
-55.0
3.0
11.0
6.0
-17.0
1.0
-5.0
-37.0
-17.0
-8.0
-23.0
-50.0
16.0
5.0
-67.0
-41.0
47.0
49.0
29.0
-6.0
-26.0
-3.0
-18.0
13.0
26.0
20.0
54.0
34.0
-2.0
-20.0
-5.0
14.0
26.0
18.0
29.0
50.0
36.0
22.0
12.0
60.0
105.0
102.0
71.0
52.0
32.0
60.0
57.0
61.0
44.0
55.0
55.0
25.0
35.0
61.0
14.0
-16.0
-65.0
-45.0
-57.0
-31.0
17.0
-36.0
-54.0
-23.0
-17.0
-53.0
-66.0
-13.0
25.0
15.0
4.0
-18.0
-33.0
-4.0
23.0
-11.0
-16.0
5.0
7.0
25.0
-17.0
-28.0
-20.0
-28.0
-11.0
-18.0
-53.0
-48.0
8.0
36.0
28.0
-22.0
-59.0
-51.0
-5.0
33.0
10.0
-42.0
-77.0
-55.0
-66.0
-52.0
-10.0
4.0
-29.0
-50.0
-61.0
-40.0
12.0
-1.0
-36.0
-90.0
-92.0
-105.0
-77.0
-52.0
-39.0
-11.0
-24.0
-64.0
-65.0
-52.0
-62.0
-70.0
-54.0
-86.0
-82.0
-35.0
-15.0
-25.0
-23.0
34.0
37.0
3.0
4.0
29.0
16.0
-31.0
6.0
36.0
4.0
-55.0
-34.0
29.0
-22.0
-55.0
28.0
44.0
23.0
-14.0
-33.0
32.0
13.0
-63.0
10.0
67.0
42.0
65.0
45.0
41.0
26.0
30.0
12.0
-29.0
-27.0
-66.0
-43.0
-53.0
-50.0
-25.0
-74.0
-111.0
-8.0
-10.0
-2.0
31.0
16.0
-7.0
-54.0
-24.0
-6.0
-39.0
9.0
37.0
-21.0
-50.0
-17.0
-26.0
-20.0
-16.0
12.0
-30.0
-41.0
-16.0
-29.0
-45.0
-52.0
-25.0
-34.0
-30.0
5.0
26.0
16.0
-11.0
-17.0
-10.0
6.0
42.0
49.0
-8.0
13.0
52.0
-1.0
-20.0
-18.0
-2.0
37.0
35.0
-6.0
-43.0
-24.0
-21.0
-10.0
14.0
-28.0
-18.0
5.0
-36.0
-20.0
-16.0
-17.0
4.0
-7.0
-28.0
-68.0
-58.0
-31.0
-52.0
-38.0
-18.0
-36.0
-48.0
-65.0
-32.0
-31.0
17.0
18.0
-3.0
24.0
53.0
39.0
46.0
46.0
22.0
23.0
41.0
18.0
-8.0
-33.0
-41.0
-37.0
-20.0
-1.0
-35.0
-55.0
-46.0
-37.0
-54.0
-25.0
-42.0
-91.0
-67.0
-27.0
-46.0
2.0
56.0
53.0
23.0
8.0
12.0
24.0
30.0
10.0
77.0
95.0
64.0
48.0
29.0
-1.0
6.0
11.0
-2.0
15.0
8.0
-15.0
11.0
-1.0
-7.0
52.0
-3.0
-35.0
22.0
15.0
-47.0
-19.0
30.0
42.0
-11.0
-51.0
-60.0
-46.0
-25.0
4.0
36.0
6.0
-25.0
-32.0
-29.0
-34.0
18.0
7.0
-30.0
-36.0
-35.0
-2.0
-27.0
-53.0
-48.0
-42.0
22.0
21.0
6.0
12.0
-1.0
-25.0
4.0
31.0
3.0
-12.0
-6.0
11.0
-6.0
-40.0
-33.0
-18.0
-41.0
32.0
23.0
-12.0
-11.0
-55.0
-65.0
20.0
35.0
4.0
-10.0
-27.0
-5.0
-10.0
-16.0
-6.0
-25.0
-29.0
-50.0
-3.0
-53.0
-21.0
16.0
-17.0
-66.0
-120.0
-56.0
-19.0
-56.0
-72.0
-31.0
-70.0
-98.0
-109.0
-131.0
-97.0
-65.0
-44.0
3.0
-19.0
-48.0
-62.0
-58.0
-59.0
-57.0
-35.0
-58.0
-16.0
4.0
-31.0
-37.0
-53.0
-89.0
-78.0
-94.0
-115.0
-36.0
24.0
-17.0
-39.0
-19.0
-18.0
-46.0
-63.0
-47.0
-56.0
-50.0
-21.0
-14.0
-17.0
-40.0
-68.0
-95.0
-78.0
-65.0
-45.0
-68.0
-98.0
-87.0
-100.0
-62.0
12.0
-7.0
-30.0
-63.0
-15.0
-3.0
-39.0
-37.0
-54.0
-50.0
-33.0
-29.0
15.0
-22.0
-49.0
-31.0
-24.0
-52.0
-82.0
-74.0
-12.0
32.0
-17.0
-15.0
-17.0
-25.0
-16.0
-11.0
-45.0
-90.0
8.0
67.0
5.0
26.0
48.0
-31.0
-35.0
-16.0
-31.0
-25.0
40.0
43.0
36.0
-12.0
-4.0
-13.0
-27.0
1.0
35.0
24.0
-11.0
-65.0
-95.0
-92.0
-63.0
-15.0
0.0
-8.0
2.0
-25.0
-55.0
-24.0
48.0
25.0
9.0
3.0
5.0
15.0
18.0
34.0
10.0
-8.0
-23.0
-33.0
17.0
61.0
23.0
-4.0
13.0
5.0
30.0
44.0
30.0
23.0
7.0
42.0
18.0
14.0
25.0
35.0
57.0
84.0
24.0
26.0
18.0
16.0
18.0
3.0
-34.0
-17.0
-41.0
-49.0
-42.0
-20.0
0.0
-43.0
-41.0
-2.0
-27.0
-20.0
-11.0
15.0
-3.0
4.0
5.0
-22.0
7.0
40.0
32.0
31.0
20.0
20.0
31.0
2.0
16.0
22.0
28.0
48.0
18.0
-25.0
5.0
43.0
-4.0
8.0
41.0
6.0
-21.0
4.0
44.0
24.0
37.0
54.0
-1.0
-36.0
-11.0
-15.0
-17.0
-20.0
-10.0
23.0
-1.0
-25.0
16.0
12.0
-4.0
9.0
-9.0
-26.0
-24.0
4.0
3.0
-18.0
-43.0
-63.0
-79.0
-37.0
-25.0
-32.0
-41.0
-35.0
-21.0
-11.0
24.0
40.0
5.0
13.0
17.0
-15.0
-5.0
-14.0
13.0
50.0
37.0
-10.0
25.0
-2.0
10.0
55.0
33.0
24.0
24.0
54.0
45.0
6.0
-4.0
11.0
7.0
14.0
28.0
0.0
0.0
0.0
0.0
0.0
0.0
0.0
0.0
0.0
0.0
0.0
0.0
0.0
0.0
0.0
0.0
0.0
0.0
0.0
0.0
0.0
0.0
0.0
0.0
0.0
0.0
0.0
0.0
0.0
0.0
0.0
0.0
0.0
0.0
0.0
0.0
0.0
0.0
0.0
0.0
0.0
0.0
0.0
0.0
0.0
0.0
0.0
0.0
0.0
0.0
0.0
0.0
0.0
0.0
0.0
0.0
0.0
0.0
0.0
0.0
0.0
0.0
0.0
0.0
0.0
0.0
0.0
0.0
0.0
0.0
0.0
0.0
0.0
0.0
0.0
0.0
0.0
0.0
0.0
0.0
0.0
0.0
0.0
0.0
0.0
0.0
0.0
0.0
0.0
0.0
0.0
0.0
0.0
0.0
0.0
0.0
0.0
0.0
0.0
0.0
0.0
0.0
0.0
0.0
0.0
0.0
0.0
0.0
0.0
0.0
0.0
0.0
0.0
0.0
0.0
0.0
0.0
0.0
0.0
0.0
0.0
0.0
0.0
0.0
0.0
0.0
0.0
0.0
