-41.0
-46.0
-44.0
-16.0
-17.0
-46.0
-27.0
-25.0
-37.0
-35.0
-22.0
-13.0
-14.0
-7.0
-31.0
-30.0
-55.0
-69.0
-59.0
-24.0
-20.0
-31.0
-60.0
-17.0
-36.0
-99.0
-72.0
-49.0
-21.0
-55.0
-60.0
-51.0
-63.0
-62.0
-39.0
-75.0
-66.0
-33.0
-40.0
-84.0
-61.0
-77.0
-84.0
-67.0
-60.0
-71.0
-47.0
-62.0
-37.0
-41.0
-72.0
-60.0
-53.0
-49.0
-77.0
-38.0
-64.0
-45.0
-61.0
-92.0
-21.0
-14.0
-52.0
-29.0
-19.0
-31.0
-47.0
-70.0
-73.0
-45.0
-56.0
-47.0
-49.0
-49.0
-83.0
-52.0
-51.0
-48.0
-69.0
-37.0
-46.0
-68.0
-35.0
-27.0
-41.0
-37.0
-54.0
-42.0
-49.0
-52.0
-58.0
-51.0
-29.0
-35.0
-83.0
-49.0
-61.0
-62.0
-77.0
-26.0
-39.0
-67.0
-48.0
-44.0
-65.0
-64.0
-8.0
-52.0
-16.0
6.0
-12.0
-14.0
-39.0
-27.0
-9.0
-28.0
-40.0
-31.0
-13.0
-22.0
-21.0
10.0
-15.0
-20.0
-11.0
13.0
-5.0
-6.0
-11.0
4.0
-8.0
-11.0
-3.0
-14.0
-70.0
-7.0
-11.0
-65.0
-22.0
-11.0
-35.0
-32.0
-43.0
-48.0
-38.0
-38.0
-31.0
-68.0
-37.0
-36.0
-40.0
-41.0
-68.0
-61.0
-50.0
-54.0
-52.0
-63.0
-46.0
-74.0
-64.0
-54.0
-48.0
-52.0
-61.0
-63.0
-59.0
-55.0
-55.0
-68.0
-61.0
-26.0
-6.0
-26.0
-33.0
-16.0
-22.0
-22.0
-31.0
-21.0
-52.0
-40.0
-46.0
-48.0
-51.0
-54.0
-31.0
-61.0
-40.0
-61.0
-45.0
-63.0
-43.0
-37.0
-37.0
-46.0
-35.0
-31.0
-21.0
-35.0
-24.0
-45.0
0.0
-8.0
-52.0
-61.0
-59.0
-50.0
-59.0
-68.0
-59.0
-62.0
-63.0
-73.0
-25.0
-22.0
-20.0
-24.0
-3.0
-10.0
-12.0
-16.0
-15.0
3.0
7.0
-7.0
-34.0
-41.0
-67.0
-51.0
-125.0
-39.0
-37.0
-67.0
-69.0
-46.0
-33.0
-27.0
-27.0
-25.0
-36.0
-26.0
1.0
-6.0
-24.0
-16.0
-32.0
-22.0
-66.0
-62.0
11.0
-24.0
-53.0
-21.0
-41.0
-46.0
-40.0
-31.0
-21.0
-52.0
-60.0
-24.0
-22.0
-17.0
-26.0
-58.0
-39.0
-73.0
-34.0
-47.0
-48.0
-56.0
-36.0
-31.0
-27.0
-23.0
-87.0
-15.0
-11.0
-14.0
-38.0
-17.0
-29.0
-24.0
-31.0
-31.0
-33.0
-50.0
-67.0
-39.0
-13.0
-22.0
-12.0
-44.0
-32.0
-9.0
-4.0
7.0
-21.0
-73.0
-48.0
10.0
-2.0
-36.0
7.0
-25.0
-69.0
-26.0
-40.0
-22.0
-59.0
-10.0
-16.0
-29.0
-24.0
-15.0
-43.0
6.0
-11.0
-14.0
-21.0
-27.0
-21.0
-37.0
-24.0
-53.0
-61.0
-9.0
-30.0
-31.0
-48.0
-50.0
-53.0
-98.0
-44.0
-9.0
-1.0
16.0
2.0
-21.0
-26.0
-50.0
-49.0
-31.0
-28.0
-30.0
-27.0
-16.0
-51.0
-56.0
-68.0
-67.0
-29.0
-87.0
-57.0
-73.0
-26.0
-84.0
-44.0
-36.0
-30.0
-25.0
-42.0
-48.0
-78.0
-70.0
-61.0
-68.0
-51.0
-53.0
-55.0
-50.0
-62.0
-56.0
-58.0
-1.0
-26.0
-17.0
-6.0
4.0
3.0
-8.0
-45.0
13.0
-37.0
3.0
-16.0
-39.0
-38.0
-34.0
-57.0
-51.0
-45.0
-62.0
-12.0
-33.0
-22.0
-37.0
-10.0
-34.0
-39.0
-25.0
-58.0
11.0
-6.0
-20.0
-20.0
-12.0
12.0
-21.0
10.0
4.0
-23.0
-2.0
-31.0
-53.0
-2.0
-31.0
-37.0
-31.0
-18.0
-31.0
-67.0
-27.0
9.0
-13.0
-8.0
-30.0
-6.0
9.0
-26.0
-16.0
18.0
-18.0
-58.0
-1.0
-44.0
-62.0
-52.0
-16.0
-23.0
-28.0
-16.0
-1.0
-12.0
8.0
-10.0
1.0
23.0
12.0
5.0
-16.0
-7.0
-12.0
-29.0
-69.0
-58.0
-20.0
-40.0
-42.0
-61.0
-53.0
-5.0
2.0
8.0
-22.0
11.0
-20.0
-11.0
-29.0
-46.0
-50.0
-52.0
-28.0
-14.0
-40.0
-27.0
-47.0
-42.0
-37.0
-48.0
-43.0
-33.0
-41.0
-27.0
-9.0
-9.0
-44.0
-4.0
-18.0
-35.0
-32.0
-58.0
-28.0
-41.0
-43.0
-43.0
-56.0
-50.0
-61.0
-62.0
-48.0
-3.0
-33.0
-10.0
-18.0
-49.0
-78.0
-58.0
-41.0
-62.0
-61.0
-68.0
-54.0
-39.0
-56.0
-30.0
-48.0
-39.0
-53.0
-35.0
-45.0
-1.0
-52.0
-41.0
-64.0
-66.0
-80.0
-59.0
-107.0
-84.0
-67.0
-62.0
-65.0
-67.0
-74.0
-45.0
-89.0
-92.0
-55.0
-70.0
-69.0
-64.0
-73.0
-65.0
-79.0
-78.0
-44.0
-55.0
-51.0
-53.0
-73.0
-51.0
-31.0
-81.0
-48.0
-56.0
-57.0
-61.0
-59.0
-103.0
-51.0
-52.0
-88.0
-51.0
-77.0
-41.0
-53.0
-33.0
-65.0
-67.0
-57.0
-50.0
-24.0
-25.0
-34.0
-37.0
-50.0
-63.0
-33.0
-40.0
-26.0
-49.0
-26.0
-61.0
-30.0
-87.0
-27.0
-46.0
-69.0
-24.0
-44.0
-46.0
-59.0
-58.0
-28.0
-32.0
-26.0
-34.0
-67.0
-5.0
-20.0
-35.0
-25.0
-21.0
-23.0
-3.0
-2.0
-24.0
-35.0
-15.0
4.0
-23.0
-33.0
-31.0
-15.0
-6.0
-29.0
-37.0
-78.0
7.0
-40.0
1.0
-15.0
-45.0
-51.0
-38.0
-54.0
-36.0
-32.0
-54.0
-52.0
-48.0
-28.0
-89.0
1.0
-10.0
-17.0
-21.0
-30.0
-4.0
-24.0
-53.0
-40.0
-33.0
-43.0
-32.0
-50.0
-58.0
-64.0
-46.0
-45.0
-39.0
-36.0
-62.0
-41.0
-39.0
-51.0
-63.0
-33.0
-29.0
-37.0
-38.0
-34.0
-18.0
11.0
-7.0
-3.0
-3.0
-18.0
-72.0
-42.0
-52.0
-35.0
-52.0
-44.0
-90.0
-48.0
-38.0
-70.0
-85.0
-35.0
-91.0
-44.0
-47.0
-17.0
-65.0
-55.0
-12.0
-12.0
-21.0
-42.0
-7.0
-32.0
-28.0
-54.0
-42.0
-52.0
-39.0
-74.0
-47.0
-33.0
-50.0
-48.0
-36.0
-48.0
-44.0
-2.0
-17.0
-11.0
2.0
-16.0
-48.0
-27.0
-20.0
-29.0
-46.0
-55.0
-5.0
-25.0
-42.0
-16.0
-33.0
-14.0
-1.0
-26.0
-32.0
-9.0
-1.0
1.0
-2.0
-11.0
-13.0
-8.0
-34.0
-32.0
-35.0
-46.0
-48.0
-57.0
-16.0
-19.0
-20.0
-17.0
-62.0
-39.0
-32.0
-53.0
-44.0
-36.0
-6.0
-29.0
-30.0
-11.0
-26.0
-23.0
-14.0
-42.0
-9.0
-27.0
-32.0
-52.0
-31.0
-45.0
-50.0
-41.0
-32.0
-42.0
-17.0
-7.0
-17.0
22.0
6.0
-14.0
23.0
-8.0
37.0
12.0
-21.0
-42.0
-33.0
-109.0
11.0
-3.0
-13.0
-20.0
-37.0
-21.0
-61.0
5.0
-6.0
-4.0
3.0
1.0
-9.0
-48.0
-72.0
-31.0
-48.0
-56.0
-46.0
-59.0
-26.0
-34.0
-35.0
-72.0
-55.0
-50.0
-33.0
-64.0
-18.0
-68.0
-33.0
-61.0
-40.0
-33.0
-39.0
-32.0
-74.0
-46.0
-27.0
-41.0
-50.0
-14.0
5.0
-10.0
-43.0
-8.0
-29.0
-30.0
-81.0
-39.0
-20.0
-26.0
-41.0
-39.0
-58.0
-39.0
-18.0
-25.0
-33.0
-25.0
-17.0
-8.0
-21.0
-34.0
-25.0
-52.0
-14.0
-23.0
-45.0
-15.0
-40.0
-35.0
-48.0
-69.0
-10.0
-8.0
-19.0
-31.0
-20.0
-30.0
-18.0
-25.0
-17.0
-30.0
-39.0
-40.0
-26.0
-19.0
-73.0
-24.0
-24.0
-38.0
-37.0
-37.0
-36.0
-15.0
-25.0
-35.0
-24.0
-29.0
-35.0
-47.0
-44.0
-35.0
-49.0
-59.0
-54.0
-41.0
-67.0
-50.0
-15.0
-15.0
-1.0
-4.0
-7.0
-34.0
-17.0
-20.0
-64.0
-24.0
-14.0
-20.0
-13.0
-35.0
-42.0
-22.0
-17.0
-27.0
-53.0
-36.0
-28.0
-8.0
-5.0
-15.0
-27.0
-45.0
-31.0
-22.0
-22.0
-21.0
-29.0
-13.0
-21.0
-20.0
-45.0
-46.0
-31.0
-50.0
-4.0
-22.0
-37.0
-35.0
-3.0
-15.0
-16.0
-15.0
9.0
9.0
-18.0
-2.0
-10.0
-3.0
-37.0
23.0
-9.0
-11.0
-23.0
-34.0
-17.0
-22.0
-8.0
-39.0
-19.0
-24.0
-26.0
-12.0
23.0
11.0
5.0
-14.0
-36.0
-46.0
-32.0
-70.0
-8.0
-13.0
-33.0
-23.0
-54.0
-18.0
-27.0
-20.0
-23.0
-32.0
-8.0
-30.0
-32.0
-21.0
-89.0
-45.0
-38.0
-54.0
-43.0
-86.0
-30.0
-35.0
-49.0
-66.0
-28.0
-44.0
-48.0
-31.0
-50.0
-35.0
-34.0
-41.0
-17.0
-5.0
-1.0
-19.0
-37.0
-24.0
-46.0
-34.0
-21.0
-48.0
-51.0
-38.0
-39.0
-51.0
-48.0
-33.0
-69.0
-53.0
-26.0
-39.0
-56.0
-61.0
25.0
-33.0
-20.0
-29.0
-38.0
-55.0
-67.0
-57.0
-50.0
-49.0
-65.0
-45.0
-32.0
-46.0
-58.0
-62.0
-42.0
-57.0
-104.0
-23.0
-32.0
-54.0
-41.0
-19.0
-36.0
-42.0
-46.0
-77.0
-70.0
-39.0
-51.0
-61.0
-45.0
-33.0
-1.0
-24.0
-37.0
-14.0
-52.0
-68.0
-77.0
-64.0
-74.0
-67.0
-41.0
-38.0
-30.0
-25.0
-29.0
-28.0
-27.0
-34.0
1.0
-32.0
-14.0
-62.0
-76.0
-2.0
-36.0
-23.0
-46.0
-16.0
-32.0
-38.0
-52.0
-58.0
-63.0
-92.0
-60.0
-22.0
-46.0
-41.0
-44.0
-55.0
-54.0
-79.0
-48.0
-10.0
-16.0
-56.0
-13.0
-10.0
-33.0
-4.0
-56.0
-34.0
36.0
8.0
17.0
44.0
14.0
1.0
24.0
5.0
10.0
-12.0
7.0
26.0
7.0
-2.0
6.0
-18.0
15.0
-29.0
-12.0
-11.0
-8.0
-44.0
-41.0
-14.0
-50.0
-38.0
-31.0
15.0
-6.0
-14.0
-32.0
-20.0
-4.0
-6.0
-22.0
-45.0
-19.0
-30.0
-13.0
-27.0
-25.0
-20.0
-33.0
-90.0
-21.0
-37.0
-17.0
-33.0
-41.0
-18.0
-23.0
-47.0
-56.0
-17.0
-15.0
-18.0
-44.0
-28.0
-5.0
-15.0
-14.0
-39.0
-45.0
-69.0
-64.0
-48.0
-65.0
-63.0
10.0
-29.0
-6.0
-4.0
-17.0
-17.0
-13.0
-33.0
8.0
-20.0
-16.0
-64.0
-78.0
-24.0
-49.0
-51.0
-45.0
-51.0
-52.0
-40.0
-33.0
-24.0
-36.0
-43.0
-37.0
-42.0
-38.0
-33.0
-15.0
-33.0
-42.0
-55.0
-17.0
-44.0
-57.0
-17.0
-20.0
-25.0
-52.0
-12.0
-31.0
-46.0
5.0
-49.0
-51.0
-11.0
-18.0
-17.0
-5.0
-37.0
-6.0
-26.0
-46.0
-22.0
-8.0
-20.0
-30.0
-18.0
-22.0
-37.0
-38.0
-25.0
-6.0
-6.0
-12.0
-20.0
-29.0
-26.0
-33.0
-46.0
-33.0
-35.0
-44.0
-51.0
-7.0
-24.0
-23.0
-3.0
-24.0
-15.0
-17.0
1.0
-17.0
-29.0
1.0
-29.0
-11.0
-39.0
-28.0
-20.0
-15.0
-20.0
-100.0
16.0
-18.0
-22.0
-37.0
-30.0
-14.0
-23.0
-23.0
-16.0
-22.0
-15.0
18.0
-30.0
16.0
16.0
-14.0
-62.0
-32.0
-27.0
-22.0
-84.0
11.0
-4.0
-23.0
-39.0
-14.0
-13.0
-31.0
1.0
-4.0
-9.0
-32.0
-18.0
13.0
20.0
18.0
29.0
20.0
42.0
48.0
14.0
-3.0
-1.0
0.0
-32.0
-16.0
-36.0
-30.0
-35.0
-46.0
-25.0
-14.0
-8.0
-30.0
-27.0
16.0
2.0
-12.0
-4.0
-6.0
2.0
6.0
-28.0
-71.0
-48.0
-61.0
-39.0
-48.0
-55.0
-51.0
-54.0
-51.0
-44.0
-32.0
-52.0
-32.0
3.0
-37.0
-30.0
1.0
-12.0
-53.0
-35.0
-24.0
-30.0
-33.0
-49.0
-17.0
-26.0
-40.0
-31.0
-51.0
-50.0
-57.0
-35.0
-37.0
-15.0
-57.0
-13.0
-6.0
-31.0
-39.0
-36.0
-61.0
-27.0
-26.0
-24.0
-18.0
-48.0
-10.0
-40.0
2.0
17.0
1.0
-6.0
-6.0
-11.0
-10.0
-14.0
-23.0
-44.0
-10.0
-24.0
-14.0
-46.0
-15.0
-9.0
-21.0
-46.0
0.0
-31.0
-2.0
6.0
4.0
23.0
10.0
-29.0
-14.0
-1.0
-18.0
-22.0
-32.0
-16.0
-24.0
-39.0
-53.0
-16.0
-33.0
-13.0
-6.0
-44.0
-12.0
-19.0
-3.0
-1.0
-26.0
4.0
-21.0
-35.0
-8.0
-16.0
-32.0
-20.0
-63.0
-68.0
-45.0
-25.0
-63.0
-44.0
-25.0
-43.0
-11.0
-33.0
-45.0
-13.0
-11.0
-25.0
-20.0
-17.0
-26.0
-20.0
-45.0
-3.0
-33.0
-7.0
-10.0
-10.0
13.0
-1.0
18.0
15.0
24.0
3.0
12.0
-7.0
10.0
-6.0
9.0
1.0
-39.0
-11.0
-14.0
-49.0
-7.0
-29.0
-34.0
-46.0
-23.0
-40.0
-36.0
-24.0
-59.0
-10.0
-30.0
-40.0
-22.0
-24.0
-20.0
-27.0
-2.0
-8.0
-29.0
-3.0
6.0
-31.0
0.0
-21.0
16.0
-8.0
-25.0
-52.0
-50.0
-31.0
-46.0
-40.0
-8.0
-47.0
-25.0
-21.0
-34.0
-24.0
-18.0
-20.0
-20.0
-49.0
-12.0
-22.0
-22.0
-36.0
-32.0
-25.0
-15.0
-36.0
-31.0
-27.0
-54.0
-58.0
-28.0
-31.0
-35.0
-32.0
-18.0
-48.0
-41.0
-44.0
-37.0
-16.0
-11.0
-20.0
-27.0
-40.0
-30.0
-40.0
-48.0
-65.0
-37.0
-39.0
-46.0
-71.0
-44.0
-29.0
-26.0
-56.0
-34.0
-37.0
-23.0
-58.0
-28.0
-13.0
-25.0
-67.0
-15.0
0.0
-30.0
-20.0
-16.0
-24.0
-21.0
-44.0
-2.0
-3.0
-4.0
-5.0
4.0
-4.0
3.0
-12.0
7.0
-28.0
2.0
7.0
0.0
2.0
-26.0
-45.0
-4.0
-1.0
1.0
17.0
9.0
-3.0
-2.0
-12.0
-36.0
-51.0
-8.0
-7.0
2.0
-18.0
-17.0
-11.0
-33.0
-19.0
0.0
3.0
-12.0
-1.0
-4.0
-17.0
-18.0
-30.0
-51.0
-6.0
-7.0
-36.0
-16.0
-31.0
-5.0
-39.0
-12.0
-3.0
-17.0
-44.0
-10.0
-31.0
-53.0
-1.0
-18.0
-22.0
-26.0
-23.0
-46.0
-33.0
-32.0
-18.0
-12.0
-21.0
-31.0
-18.0
-35.0
-17.0
-50.0
-45.0
-63.0
-40.0
-73.0
-16.0
-18.0
-4.0
-17.0
-15.0
-4.0
-18.0
-26.0
2.0
15.0
7.0
20.0
8.0
18.0
-13.0
-8.0
-28.0
-23.0
-24.0
-17.0
-18.0
-5.0
-5.0
-39.0
-7.0
-10.0
-10.0
-22.0
-7.0
2.0
4.0
-1.0
-4.0
-21.0
-41.0
-17.0
-20.0
-29.0
-29.0
-50.0
-50.0
-37.0
-53.0
-30.0
-35.0
-54.0
-3.0
1.0
-42.0
-19.0
-43.0
-5.0
-53.0
-14.0
-55.0
-68.0
-66.0
-83.0
-69.0
-44.0
-44.0
-48.0
-23.0
-35.0
-72.0
-50.0
-42.0
-45.0
-61.0
-41.0
-52.0
-80.0
-25.0
-43.0
-45.0
-30.0
-50.0
-33.0
-48.0
-23.0
-26.0
-5.0
-21.0
-18.0
-18.0
-6.0
5.0
3.0
1.0
34.0
17.0
32.0
-2.0
-11.0
-32.0
-52.0
-23.0
-8.0
-23.0
-11.0
-24.0
-25.0
-25.0
-6.0
-12.0
11.0
5.0
5.0
6.0
4.0
-6.0
-13.0
-12.0
-4.0
-21.0
16.0
-26.0
-13.0
-10.0
-8.0
-10.0
-42.0
1.0
-27.0
-1.0
-27.0
-35.0
-22.0
6.0
-34.0
-25.0
-34.0
-15.0
-24.0
-18.0
-21.0
-30.0
-27.0
-6.0
-10.0
-12.0
-11.0
-18.0
-30.0
-12.0
-8.0
-32.0
-12.0
-36.0
4.0
-15.0
-18.0
-41.0
-29.0
-10.0
1.0
-17.0
-25.0
-16.0
-32.0
-15.0
-18.0
-27.0
-2.0
-10.0
-25.0
-31.0
-21.0
-18.0
-23.0
-3.0
-32.0
-30.0
-32.0
-32.0
-26.0
-18.0
-8.0
10.0
43.0
20.0
30.0
42.0
7.0
-3.0
-11.0
-35.0
6.0
1.0
-13.0
-23.0
-27.0
-36.0
-21.0
-35.0
-27.0
-34.0
-18.0
-10.0
-2.0
-17.0
-7.0
-15.0
-23.0
-55.0
-52.0
-52.0
-48.0
-66.0
-105.0
-67.0
-80.0
-80.0
-73.0
-35.0
-42.0
-49.0
-27.0
-33.0
4.0
-21.0
-24.0
-4.0
-22.0
-36.0
-49.0
-39.0
-56.0
-50.0
-41.0
-29.0
-22.0
-17.0
-39.0
-29.0
-11.0
-8.0
-23.0
-33.0
-16.0
-19.0
-20.0
-28.0
-18.0
-13.0
-24.0
-24.0
-27.0
-22.0
-2.0
-43.0
-19.0
11.0
-3.0
-24.0
-29.0
-53.0
-37.0
-13.0
-21.0
-11.0
-24.0
-62.0
3.0
-48.0
-15.0
-37.0
-24.0
-20.0
-30.0
17.0
-21.0
-32.0
-60.0
-11.0
-41.0
-42.0
-15.0
-34.0
-8.0
-24.0
-22.0
-43.0
-11.0
-41.0
17.0
-18.0
-6.0
-22.0
-17.0
-29.0
-18.0
-39.0
-30.0
-11.0
-12.0
10.0
-24.0
-33.0
-20.0
-18.0
-42.0
-18.0
9.0
-43.0
-20.0
-14.0
-33.0
-64.0
-4.0
-34.0
-41.0
-28.0
-33.0
5.0
-52.0
4.0
13.0
22.0
-10.0
-21.0
-14.0
-36.0
-39.0
-66.0
-48.0
-16.0
-23.0
-35.0
-25.0
-48.0
-5.0
2.0
-22.0
6.0
6.0
11.0
-14.0
-12.0
-5.0
5.0
-5.0
0.0
-19.0
15.0
41.0
79.0
119.0
122.0
217.0
248.0
289.0
291.0
286.0
310.0
280.0
225.0
175.0
108.0
87.0
46.0
20.0
46.0
-13.0
-33.0
-38.0
-39.0
-71.0
-96.0
-84.0
-91.0
-88.0
-119.0
-128.0
-138.0
-126.0
-135.0
-138.0
-135.0
-112.0
-133.0
-125.0
-105.0
-120.0
-125.0
-119.0
-104.0
-95.0
-102.0
-99.0
-103.0
-111.0
-112.0
-91.0
-112.0
-31.0
40.0
149.0
248.0
314.0
298.0
295.0
296.0
304.0
305.0
306.0
278.0
219.0
193.0
82.0
-19.0
-105.0
-152.0
-227.0
-291.0
-288.0
-294.0
-293.0
-294.0
-294.0
-294.0
-294.0
-294.0
-294.0
-294.0
-294.0
-294.0
-294.0
-294.0
-294.0
-292.0
-294.0
-293.0
-293.0
-293.0
-292.0
-291.0
-290.0
-286.0
-286.0
-281.0
-280.0
-279.0
-225.0
-237.0
-227.0
-242.0
-238.0
-235.0
-223.0
-194.0
-191.0
-197.0
-201.0
-208.0
-216.0
-196.0
-196.0
-202.0
-195.0
-203.0
-196.0
-207.0
-223.0
-193.0
-169.0
-172.0
-175.0
-162.0
-158.0
-167.0
-163.0
-163.0
-158.0
-162.0
-153.0
-171.0
-176.0
-190.0
-124.0
-139.0
-154.0
-155.0
-139.0
-147.0
-153.0
-142.0
-137.0
-153.0
-139.0
-119.0
-118.0
-144.0
-153.0
-125.0
-127.0
-139.0
-140.0
-150.0
-129.0
-120.0
-133.0
-126.0
-138.0
-120.0
-110.0
-72.0
-87.0
-98.0
-128.0
-121.0
-128.0
-122.0
-129.0
-135.0
-132.0
-134.0
-131.0
-135.0
-132.0
-129.0
-116.0
-126.0
-135.0
-112.0
-107.0
-92.0
-118.0
-109.0
-114.0
-83.0
-97.0
-91.0
-110.0
-128.0
-124.0
-144.0
-106.0
-118.0
-122.0
-124.0
-139.0
-92.0
-116.0
-93.0
-105.0
-111.0
-120.0
-136.0
-128.0
-158.0
-114.0
-92.0
-118.0
-91.0
-96.0
-122.0
-118.0
-124.0
-111.0
-125.0
-113.0
-132.0
-109.0
-115.0
-119.0
-128.0
-127.0
-128.0
-125.0
-142.0
-103.0
-119.0
-134.0
-88.0
-73.0
-80.0
-110.0
-101.0
-109.0
-110.0
-124.0
-109.0
-81.0
-95.0
-98.0
-97.0
-82.0
-81.0
-76.0
-95.0
-70.0
-75.0
-91.0
-87.0
-87.0
-68.0
-72.0
-73.0
-98.0
-111.0
-87.0
-89.0
-80.0
-91.0
-90.0
-91.0
-84.0
-64.0
-95.0
-70.0
-42.0
-58.0
-67.0
-41.0
-45.0
-51.0
-81.0
-85.0
-71.0
-74.0
-89.0
-63.0
-42.0
-49.0
-67.0
-65.0
-66.0
-91.0
-79.0
-96.0
-85.0
-112.0
-97.0
-104.0
-97.0
-126.0
-128.0
-70.0
-84.0
-79.0
-73.0
-70.0
-64.0
-60.0
-71.0
-62.0
-66.0
-86.0
-101.0
-83.0
-85.0
-90.0
-84.0
-89.0
-77.0
-91.0
-109.0
-78.0
-43.0
-70.0
-56.0
-91.0
-84.0
-77.0
-71.0
-98.0
-114.0
-108.0
-84.0
-99.0
-82.0
-80.0
-55.0
-78.0
-74.0
-81.0
-88.0
-75.0
-81.0
-75.0
-94.0
-101.0
-71.0
-76.0
-85.0
-99.0
-103.0
-131.0
-85.0
-84.0
-83.0
-93.0
-90.0
-86.0
-89.0
-92.0
-115.0
-102.0
-69.0
-80.0
-115.0
-86.0
-77.0
-101.0
-113.0
-137.0
-100.0
-121.0
-156.0
-122.0
-158.0
-165.0
-95.0
-134.0
-138.0
-105.0
-131.0
-93.0
-115.0
-90.0
-92.0
-92.0
-118.0
-104.0
-107.0
-119.0
-133.0
-144.0
-101.0
-121.0
-125.0
-121.0
-150.0
-104.0
-106.0
-117.0
-127.0
-89.0
-91.0
-112.0
-99.0
-100.0
-103.0
-94.0
-90.0
-100.0
-109.0
-89.0
-96.0
-97.0
-124.0
-112.0
-119.0
-105.0
-92.0
-116.0
-104.0
-90.0
-101.0
-103.0
-81.0
-86.0
-69.0
-87.0
-107.0
-59.0
-83.0
-79.0
-98.0
-135.0
-100.0
-111.0
-116.0
-117.0
-115.0
-110.0
-85.0
-87.0
-63.0
-82.0
-61.0
-55.0
-75.0
-79.0
-96.0
-103.0
-112.0
-81.0
-101.0
-70.0
-84.0
-87.0
-77.0
-80.0
-96.0
-80.0
-78.0
-80.0
-79.0
-63.0
-71.0
-81.0
-82.0
-69.0
-67.0
-77.0
-88.0
-95.0
-67.0
-83.0
-89.0
-86.0
-88.0
-98.0
-106.0
-74.0
-98.0
-75.0
-73.0
-68.0
-68.0
-97.0
-74.0
-80.0
-120.0
-114.0
-52.0
-90.0
-84.0
-92.0
-102.0
-83.0
-95.0
-92.0
-92.0
-73.0
-60.0
-80.0
-80.0
-47.0
-50.0
-74.0
-86.0
-78.0
-69.0
-90.0
-82.0
-79.0
-95.0
-103.0
-67.0
-64.0
-78.0
-95.0
-100.0
-72.0
-95.0
-74.0
-83.0
-88.0
-79.0
-91.0
-94.0
-76.0
-106.0
-82.0
-102.0
-68.0
-104.0
-87.0
-93.0
-106.0
-103.0
-102.0
-99.0
-88.0
-95.0
-122.0
-93.0
-98.0
-93.0
-116.0
-105.0
-104.0
-92.0
-116.0
-77.0
-89.0
-60.0
-84.0
-77.0
-62.0
-82.0
-95.0
-71.0
-59.0
-90.0
-106.0
-75.0
-79.0
-98.0
-113.0
-70.0
-84.0
-108.0
-87.0
-102.0
-102.0
-80.0
-93.0
-104.0
-78.0
-93.0
-71.0
-61.0
-55.0
-72.0
-61.0
-57.0
-84.0
-102.0
-82.0
-39.0
-77.0
-88.0
-67.0
-91.0
-82.0
-64.0
-60.0
-54.0
-76.0
-71.0
-81.0
-90.0
-70.0
-87.0
-68.0
-80.0
-86.0
-86.0
-78.0
-107.0
-106.0
-61.0
-50.0
-70.0
-95.0
-67.0
-48.0
-74.0
-64.0
-79.0
-68.0
-81.0
-64.0
-78.0
-64.0
-60.0
-33.0
-53.0
-60.0
-56.0
-72.0
-55.0
-48.0
-52.0
-52.0
-81.0
-73.0
-71.0
-56.0
-68.0
-109.0
-45.0
-66.0
-69.0
-81.0
-87.0
-85.0
-88.0
-98.0
-91.0
-87.0
-89.0
-118.0
-77.0
-121.0
-102.0
-114.0
-114.0
-124.0
-101.0
-105.0
-85.0
-93.0
-107.0
-80.0
-80.0
-61.0
-56.0
-93.0
-65.0
-58.0
-69.0
-100.0
-82.0
-76.0
-83.0
-111.0
-103.0
-105.0
-68.0
-80.0
-76.0
-63.0
-73.0
-89.0
-99.0
-81.0
-125.0
-92.0
-73.0
-85.0
-93.0
-81.0
-105.0
-111.0
-88.0
-87.0
-91.0
-78.0
-91.0
-87.0
-71.0
-68.0
-103.0
-65.0
-94.0
-109.0
-118.0
-85.0
-81.0
-93.0
-88.0
-87.0
-104.0
-100.0
-106.0
-113.0
-119.0
-147.0
-142.0
-157.0
-144.0
-125.0
-119.0
-110.0
-86.0
-106.0
-83.0
-73.0
-76.0
-86.0
-89.0
-73.0
-96.0
-126.0
-124.0
-97.0
-97.0
-93.0
-63.0
-98.0
-66.0
-49.0
-41.0
-15.0
-50.0
-53.0
-42.0
-71.0
-66.0
-56.0
-64.0
-72.0
-76.0
-68.0
-43.0
-40.0
-35.0
-44.0
-56.0
-54.0
-29.0
-54.0
-50.0
-62.0
-81.0
-3.0
-56.0
-40.0
-42.0
-52.0
-64.0
-56.0
-68.0
-46.0
-46.0
-45.0
-46.0
-43.0
-31.0
-50.0
-48.0
-14.0
-31.0
-37.0
-58.0
-69.0
-78.0
-97.0
-77.0
-87.0
-77.0
-81.0
-92.0
-74.0
-88.0
-84.0
-80.0
-73.0
-78.0
-55.0
-55.0
-83.0
-91.0
-79.0
-91.0
-99.0
-58.0
-75.0
-94.0
-55.0
-65.0
-79.0
-65.0
-52.0
-63.0
-40.0
-44.0
-39.0
-54.0
-50.0
-42.0
-59.0
-82.0
-83.0
-91.0
-82.0
-92.0
-56.0
-57.0
-71.0
-58.0
-49.0
-75.0
-56.0
-26.0
-49.0
-64.0
-93.0
-52.0
-69.0
-83.0
-67.0
-65.0
-66.0
-64.0
-77.0
-67.0
-56.0
-59.0
-60.0
-59.0
-77.0
-70.0
-72.0
-56.0
-80.0
-76.0
-108.0
-74.0
-79.0
-63.0
-88.0
-94.0
-113.0
-101.0
-89.0
-99.0
-94.0
-89.0
-100.0
-100.0
-70.0
-86.0
-101.0
-95.0
-75.0
-89.0
-80.0
-96.0
-96.0
-119.0
-130.0
-75.0
-90.0
-96.0
-98.0
-93.0
-103.0
-64.0
-68.0
-88.0
-104.0
-83.0
-87.0
-61.0
-82.0
-59.0
-59.0
-84.0
-97.0
-101.0
-103.0
-87.0
-81.0
-100.0
-68.0
-79.0
-86.0
-89.0
-98.0
-95.0
-52.0
-81.0
-67.0
-55.0
-58.0
-52.0
-55.0
-51.0
-86.0
-82.0
-91.0
-78.0
-95.0
-78.0
-77.0
-89.0
-87.0
-73.0
-35.0
-47.0
-73.0
-76.0
-78.0
-71.0
-72.0
-81.0
-100.0
-80.0
-68.0
-39.0
-37.0
-65.0
-64.0
-70.0
-78.0
-81.0
-62.0
-77.0
-93.0
-81.0
-76.0
-64.0
-81.0
-91.0
-91.0
-53.0
-61.0
-67.0
-64.0
-73.0
-62.0
-80.0
-64.0
-70.0
-78.0
-78.0
-86.0
-76.0
-82.0
-78.0
-78.0
-74.0
-73.0
-74.0
-90.0
-116.0
-99.0
-91.0
-81.0
-100.0
-87.0
-87.0
-99.0
-102.0
-79.0
-75.0
-81.0
-95.0
-106.0
-80.0
-73.0
-69.0
-77.0
-77.0
-69.0
-73.0
-45.0
-61.0
-35.0
-53.0
-49.0
-49.0
-56.0
-57.0
-80.0
-72.0
-91.0
-78.0
-59.0
-86.0
-84.0
-84.0
-66.0
-77.0
-81.0
-78.0
-78.0
-87.0
-97.0
-76.0
-103.0
-130.0
-81.0
-76.0
-80.0
-100.0
-62.0
-62.0
-68.0
-95.0
-114.0
-68.0
-103.0
-77.0
-82.0
-85.0
-81.0
-88.0
-110.0
-88.0
-87.0
-77.0
-72.0
-73.0
-80.0
-65.0
-44.0
-48.0
-77.0
-76.0
-72.0
-80.0
-77.0
-77.0
-90.0
-92.0
-100.0
-131.0
-51.0
-52.0
-77.0
-82.0
-61.0
-65.0
-81.0
-98.0
-84.0
-78.0
-120.0
-72.0
-67.0
-82.0
-58.0
-63.0
-83.0
-47.0
-55.0
-59.0
-67.0
-86.0
-46.0
-76.0
-107.0
-51.0
-63.0
-53.0
-58.0
-65.0
-21.0
-18.0
-39.0
-62.0
-77.0
-84.0
-63.0
-93.0
-107.0
-63.0
-87.0
-67.0
-46.0
-52.0
-55.0
-62.0
-73.0
-75.0
-83.0
-119.0
-49.0
-70.0
-53.0
-70.0
-61.0
-79.0
-71.0
-61.0
-90.0
-45.0
-63.0
-98.0
-45.0
-47.0
-44.0
-55.0
-39.0
-44.0
-51.0
-72.0
-66.0
-90.0
-73.0
-107.0
-76.0
-42.0
-63.0
-83.0
-69.0
-57.0
-73.0
-72.0
-93.0
-45.0
-62.0
-67.0
-77.0
-67.0
-86.0
-95.0
-71.0
-82.0
-77.0
-67.0
-88.0
-68.0
-84.0
-114.0
-87.0
-117.0
-78.0
-93.0
-50.0
-56.0
-40.0
-24.0
-8.0
-31.0
-32.0
-81.0
-35.0
-84.0
-66.0
-94.0
-88.0
-102.0
-75.0
-98.0
-100.0
-107.0
-95.0
-54.0
-72.0
-58.0
-39.0
-55.0
-37.0
-55.0
-60.0
-59.0
-103.0
-91.0
-88.0
-87.0
-72.0
-85.0
-135.0
-91.0
-100.0
-105.0
-83.0
-71.0
-82.0
-89.0
-111.0
-74.0
-86.0
-94.0
-71.0
-57.0
-49.0
-63.0
-78.0
-55.0
-54.0
-56.0
-37.0
-76.0
-47.0
-69.0
-84.0
-78.0
-88.0
-83.0
-72.0
-84.0
-70.0
-64.0
-60.0
-58.0
-54.0
-68.0
-90.0
-66.0
-60.0
-66.0
-99.0
-83.0
-71.0
-61.0
-39.0
-77.0
-54.0
-45.0
-76.0
-53.0
-57.0
-65.0
-69.0
-59.0
-75.0
-84.0
-63.0
-73.0
-90.0
-78.0
-64.0
-44.0
-61.0
-68.0
-64.0
-44.0
-74.0
-92.0
-65.0
-40.0
-54.0
-43.0
-63.0
-61.0
-77.0
-62.0
-51.0
-72.0
-62.0
-67.0
-70.0
-91.0
-88.0
-60.0
-39.0
-79.0
-71.0
-67.0
-75.0
-66.0
-103.0
-46.0
-54.0
-56.0
-29.0
-18.0
-22.0
-13.0
-47.0
-13.0
-15.0
-31.0
-29.0
-31.0
-61.0
-40.0
-53.0
-52.0
-71.0
-49.0
-63.0
-57.0
-78.0
-72.0
-56.0
-55.0
-69.0
-66.0
-54.0
-79.0
-63.0
-58.0
-75.0
-91.0
-61.0
-87.0
-91.0
-102.0
-39.0
-43.0
-35.0
-24.0
-29.0
-38.0
-50.0
-52.0
-54.0
-23.0
-53.0
-69.0
-54.0
-32.0
-45.0
-56.0
-56.0
-65.0
-89.0
-29.0
-52.0
-71.0
-78.0
-95.0
-80.0
-83.0
-49.0
-59.0
-57.0
-58.0
-60.0
-40.0
-25.0
-11.0
-33.0
-68.0
-71.0
-88.0
-87.0
-79.0
-86.0
-98.0
-80.0
-66.0
-76.0
-75.0
-51.0
-52.0
-59.0
-49.0
-61.0
-62.0
-74.0
-77.0
-84.0
-34.0
-66.0
-62.0
-77.0
-76.0
-49.0
-58.0
-75.0
-70.0
-88.0
-71.0
-93.0
-74.0
-68.0
-95.0
-78.0
-46.0
-60.0
-64.0
-61.0
-48.0
-53.0
-53.0
-57.0
-60.0
-54.0
-27.0
-21.0
-39.0
-32.0
-39.0
-29.0
-40.0
-20.0
-43.0
-20.0
-20.0
-58.0
-45.0
-73.0
-48.0
-67.0
-66.0
-65.0
-35.0
-40.0
-40.0
-44.0
-26.0
-17.0
-31.0
-27.0
-51.0
-50.0
-57.0
-51.0
-32.0
-35.0
-32.0
-56.0
-58.0
-72.0
-56.0
-55.0
-51.0
-31.0
-30.0
-54.0
-18.0
-31.0
-34.0
-36.0
-27.0
-42.0
-26.0
-33.0
-23.0
-33.0
-64.0
-48.0
-54.0
-70.0
-63.0
-90.0
-65.0
-65.0
-71.0
-59.0
-58.0
-60.0
-46.0
-49.0
-49.0
-67.0
-50.0
-62.0
-59.0
-49.0
-50.0
-60.0
-60.0
-74.0
-57.0
-65.0
-59.0
-51.0
-64.0
-65.0
-101.0
-75.0
-69.0
-76.0
-72.0
-81.0
-91.0
-62.0
-52.0
-34.0
-52.0
-44.0
-51.0
-88.0
-74.0
-100.0
-95.0
-77.0
-93.0
-105.0
-90.0
-100.0
-94.0
-87.0
-79.0
-77.0
-71.0
-69.0
-81.0
-65.0
-67.0
-87.0
-64.0
-81.0
-97.0
-95.0
-95.0
-125.0
-53.0
-81.0
-97.0
-83.0
-79.0
-86.0
-64.0
-96.0
-101.0
-59.0
-65.0
-82.0
-85.0
-79.0
-92.0
-102.0
-86.0
-106.0
-70.0
-62.0
-79.0
-82.0
-62.0
-75.0
-54.0
-101.0
-94.0
-67.0
-68.0
-69.0
-61.0
-51.0
-39.0
-52.0
-69.0
-23.0
-29.0
-65.0
-31.0
-42.0
-31.0
-60.0
-79.0
-52.0
-36.0
-32.0
-64.0
-53.0
-53.0
-46.0
-25.0
-60.0
-59.0
-86.0
-39.0
-39.0
-62.0
-53.0
-49.0
-48.0
-95.0
-25.0
-36.0
-19.0
-41.0
-39.0
-73.0
-57.0
-88.0
-107.0
-103.0
-79.0
-63.0
-48.0
-51.0
-81.0
-55.0
-46.0
-59.0
-62.0
-63.0
-36.0
-58.0
-21.0
-59.0
-43.0
-56.0
-88.0
-76.0
-90.0
-67.0
-76.0
-64.0
-69.0
-62.0
-68.0
-92.0
-75.0
-46.0
-74.0
-54.0
-24.0
-23.0
-38.0
-43.0
-41.0
-33.0
-43.0
-65.0
-14.0
-61.0
-53.0
-68.0
-73.0
-76.0
-42.0
-69.0
-98.0
-92.0
-93.0
-83.0
-92.0
-105.0
-65.0
-77.0
-82.0
-89.0
-107.0
-76.0
-65.0
-65.0
-64.0
-37.0
-37.0
-70.0
-36.0
-66.0
-29.0
-58.0
-83.0
-41.0
-58.0
-69.0
-91.0
-67.0
-87.0
-76.0
-55.0
-48.0
-55.0
-26.0
-47.0
-80.0
-88.0
-60.0
-77.0
-74.0
-76.0
-113.0
-79.0
-80.0
-107.0
-149.0
-103.0
18.0
-20.0
-40.0
-71.0
-96.0
-88.0
-80.0
-39.0
-70.0
-108.0
-85.0
-92.0
-110.0
-105.0
-131.0
-72.0
-101.0
-83.0
-114.0
-59.0
-81.0
-86.0
-101.0
-133.0
-214.0
-13.0
-67.0
-61.0
-99.0
-58.0
-54.0
-126.0
-164.0
-11.0
-74.0
-123.0
-46.0
-30.0
-64.0
-97.0
-41.0
-63.0
-58.0
-85.0
-84.0
-65.0
-104.0
-87.0
-63.0
-67.0
-78.0
-98.0
-45.0
-70.0
-62.0
-59.0
-66.0
-52.0
-89.0
-41.0
-30.0
-129.0
-103.0
-26.0
-35.0
-29.0
-55.0
-50.0
-49.0
-36.0
-67.0
-45.0
-51.0
-46.0
-41.0
-75.0
-67.0
-73.0
-45.0
-11.0
-16.0
-21.0
-35.0
-16.0
-10.0
-39.0
-69.0
-60.0
-20.0
-20.0
-27.0
-13.0
-10.0
-44.0
-49.0
-43.0
-33.0
-18.0
-43.0
-28.0
-46.0
-40.0
-21.0
-26.0
-7.0
-68.0
-28.0
-25.0
9.0
4.0
-21.0
-36.0
-21.0
-59.0
-68.0
-69.0
-78.0
-77.0
-65.0
-55.0
-61.0
-50.0
-39.0
-55.0
-6.0
7.0
5.0
8.0
-3.0
-22.0
-23.0
-43.0
-83.0
-58.0
-58.0
-39.0
-52.0
-60.0
-39.0
-54.0
-63.0
-36.0
-36.0
-37.0
-78.0
-50.0
-48.0
-55.0
-97.0
-61.0
-54.0
-70.0
-79.0
-95.0
-63.0
-80.0
-63.0
-62.0
-70.0
-56.0
-51.0
-61.0
-56.0
-85.0
-67.0
-70.0
-77.0
-49.0
-43.0
-65.0
-96.0
-66.0
-50.0
-37.0
-58.0
-67.0
-75.0
-43.0
-62.0
-67.0
-64.0
-73.0
-96.0
-87.0
-124.0
-78.0
-71.0
-77.0
-49.0
-26.0
-50.0
-50.0
-51.0
-72.0
-52.0
-35.0
-44.0
-81.0
-53.0
-62.0
-55.0
-76.0
-55.0
-71.0
-60.0
-58.0
-43.0
-49.0
-39.0
-40.0
-54.0
-69.0
-60.0
-47.0
-59.0
-43.0
-69.0
-51.0
-46.0
-52.0
-35.0
-73.0
-53.0
-20.0
-48.0
-60.0
-77.0
-86.0
-42.0
-77.0
-40.0
-58.0
-41.0
-39.0
-67.0
-79.0
-44.0
-43.0
-72.0
-31.0
-54.0
-62.0
-67.0
-77.0
-76.0
-54.0
-65.0
-54.0
-77.0
-41.0
-53.0
-48.0
-68.0
-54.0
-52.0
-42.0
-63.0
-55.0
-77.0
-83.0
-34.0
-37.0
-34.0
-55.0
-39.0
-34.0
-64.0
-54.0
-42.0
-55.0
-60.0
-75.0
-67.0
-67.0
-88.0
-71.0
-50.0
-66.0
-55.0
-59.0
-54.0
-72.0
-62.0
-49.0
-62.0
-57.0
-12.0
-14.0
-36.0
-44.0
-52.0
-57.0
-48.0
-82.0
-97.0
-105.0
-71.0
-75.0
-74.0
-68.0
-64.0
-63.0
-87.0
-73.0
-73.0
-47.0
-43.0
-25.0
-29.0
-45.0
-62.0
-84.0
-82.0
-72.0
-62.0
-90.0
-103.0
-59.0
-79.0
-59.0
-68.0
-68.0
-74.0
-53.0
-55.0
-50.0
-56.0
-75.0
-79.0
-66.0
-40.0
-49.0
-74.0
-48.0
-45.0
-53.0
-67.0
-44.0
-55.0
-60.0
-72.0
-74.0
-48.0
-63.0
-51.0
-43.0
-51.0
-72.0
-60.0
-64.0
-45.0
-63.0
-50.0
-45.0
-39.0
-65.0
-51.0
-44.0
-26.0
-46.0
-62.0
-35.0
-48.0
-88.0
-46.0
-37.0
-57.0
-57.0
-52.0
-72.0
-50.0
-16.0
-26.0
-12.0
-15.0
-7.0
-2.0
14.0
-25.0
-39.0
-53.0
-42.0
-74.0
-76.0
-72.0
-50.0
-47.0
-35.0
-45.0
3.0
-20.0
2.0
-14.0
-15.0
-35.0
-48.0
-77.0
-35.0
-36.0
-43.0
-40.0
-15.0
-39.0
-13.0
-29.0
-31.0
-55.0
-35.0
-27.0
-53.0
-34.0
-52.0
-48.0
-77.0
-79.0
-61.0
-89.0
-47.0
-53.0
-53.0
-54.0
-32.0
-16.0
-22.0
3.0
-13.0
-12.0
-15.0
-22.0
-42.0
-33.0
-30.0
-29.0
-47.0
-44.0
-46.0
-45.0
-59.0
-64.0
-20.0
-17.0
-15.0
-6.0
-34.0
-70.0
-84.0
-61.0
-70.0
-76.0
-62.0
-53.0
-38.0
-30.0
-44.0
-71.0
-10.0
-33.0
3.0
-26.0
-34.0
-51.0
-80.0
-95.0
-58.0
-98.0
-33.0
-47.0
-48.0
-76.0
-89.0
-75.0
-55.0
-68.0
-73.0
-72.0
-87.0
-44.0
-53.0
-41.0
-54.0
-65.0
-92.0
-105.0
-86.0
-76.0
-69.0
-60.0
-49.0
-67.0
-60.0
-76.0
-92.0
-89.0
-89.0
-96.0
-93.0
-87.0
-87.0
-103.0
-72.0
-63.0
-36.0
-60.0
-69.0
-73.0
-70.0
-65.0
-71.0
-65.0
-62.0
-40.0
-50.0
-49.0
-63.0
-22.0
-69.0
-75.0
-82.0
-70.0
-79.0
-61.0
-63.0
-65.0
-31.0
-31.0
-11.0
-13.0
-22.0
-44.0
-2.0
1.0
11.0
-12.0
-28.0
-1.0
-25.0
-14.0
-21.0
-15.0
-21.0
-20.0
-49.0
-59.0
-3.0
-25.0
-15.0
-29.0
-16.0
-4.0
-26.0
-36.0
-50.0
-39.0
-53.0
-44.0
-39.0
-11.0
-33.0
-64.0
-27.0
-41.0
-44.0
-39.0
-58.0
-20.0
-18.0
-20.0
-30.0
18.0
2.0
5.0
-28.0
-21.0
-19.0
-39.0
1.0
-16.0
-5.0
-20.0
-4.0
3.0
-7.0
-16.0
-12.0
-21.0
2.0
12.0
-32.0
-20.0
-36.0
-18.0
-45.0
-32.0
-10.0
-31.0
-42.0
-31.0
-82.0
-44.0
-56.0
-77.0
-67.0
-64.0
-73.0
-59.0
-53.0
-42.0
-14.0
-42.0
-30.0
17.0
-16.0
-24.0
-23.0
-6.0
-44.0
-52.0
-81.0
-26.0
-26.0
-24.0
-16.0
-46.0
-49.0
-49.0
-57.0
-52.0
-50.0
-8.0
-28.0
-28.0
-32.0
-28.0
-44.0
-53.0
-44.0
-43.0
-64.0
-68.0
-47.0
-64.0
-61.0
-52.0
-78.0
-54.0
-32.0
-54.0
-12.0
-35.0
-36.0
-69.0
-76.0
-79.0
-79.0
-92.0
-81.0
-86.0
-74.0
-61.0
-65.0
-38.0
-44.0
-41.0
-37.0
-4.0
-29.0
-17.0
-14.0
-27.0
-55.0
-26.0
-35.0
-55.0
-67.0
-64.0
-62.0
-85.0
-97.0
-96.0
-86.0
-94.0
-60.0
-59.0
-64.0
-48.0
-37.0
-23.0
-17.0
-31.0
-28.0
-41.0
-77.0
-68.0
-88.0
-70.0
-72.0
-86.0
-55.0
-55.0
-62.0
-64.0
-54.0
-46.0
-52.0
-35.0
-32.0
-36.0
-33.0
-32.0
-33.0
-25.0
-22.0
-49.0
-58.0
-10.0
-7.0
-10.0
-8.0
-15.0
-3.0
-25.0
-55.0
-70.0
-71.0
-76.0
-55.0
-86.0
-35.0
-32.0
-52.0
-1.0
-8.0
-22.0
-17.0
-46.0
-59.0
-60.0
-65.0
-69.0
-82.0
-64.0
-46.0
-15.0
-37.0
-31.0
-21.0
-42.0
-36.0
-35.0
-52.0
-59.0
-59.0
-55.0
-36.0
-59.0
-83.0
-53.0
-54.0
-54.0
-56.0
-78.0
-53.0
-42.0
-59.0
-45.0
-36.0
-54.0
-64.0
-53.0
-42.0
-35.0
-24.0
-35.0
-13.0
-29.0
-34.0
-61.0
-20.0
-23.0
-23.0
3.0
-17.0
-8.0
-6.0
-49.0
-43.0
-63.0
-51.0
-38.0
-61.0
-35.0
-49.0
-59.0
-30.0
-52.0
-16.0
-32.0
-22.0
-45.0
-34.0
-35.0
-23.0
-26.0
-58.0
-86.0
-24.0
-49.0
-65.0
-62.0
-74.0
-87.0
-58.0
-61.0
-60.0
-60.0
-33.0
-53.0
-36.0
-53.0
-68.0
-5.0
-17.0
-10.0
-23.0
-20.0
-35.0
-29.0
-30.0
-32.0
-60.0
-56.0
-81.0
-61.0
-48.0
-48.0
-48.0
-79.0
-48.0
-41.0
-72.0
-63.0
-39.0
-39.0
-21.0
-10.0
-36.0
-29.0
-29.0
-29.0
-5.0
-3.0
-14.0
-12.0
2.0
20.0
-23.0
-22.0
23.0
0.0
-4.0
-2.0
-17.0
-26.0
-21.0
-27.0
-17.0
-55.0
-46.0
-34.0
-34.0
-41.0
-21.0
-12.0
-22.0
-14.0
-8.0
-20.0
-49.0
-55.0
-36.0
-48.0
-63.0
-80.0
-48.0
-18.0
-23.0
-31.0
-49.0
4.0
-5.0
-6.0
-27.0
-7.0
-18.0
1.0
-18.0
-12.0
-51.0
-48.0
-44.0
-32.0
-44.0
-56.0
-48.0
-52.0
-19.0
-17.0
-15.0
-59.0
-1.0
-5.0
-16.0
-42.0
-40.0
-32.0
-40.0
-22.0
-2.0
-31.0
-63.0
-62.0
-55.0
-40.0
-69.0
-27.0
-35.0
-49.0
-45.0
-62.0
-71.0
-41.0
-59.0
-53.0
-32.0
-62.0
-50.0
-39.0
-30.0
-22.0
-43.0
-18.0
-11.0
-36.0
-33.0
-40.0
-45.0
-42.0
-46.0
-40.0
-11.0
-26.0
-39.0
-47.0
-32.0
-71.0
-42.0
-13.0
-44.0
-36.0
-51.0
-45.0
-29.0
-67.0
-47.0
-55.0
-82.0
-73.0
-70.0
-73.0
-73.0
-76.0
-69.0
-86.0
-12.0
-11.0
-17.0
-43.0
-32.0
-73.0
-22.0
-4.0
-34.0
-52.0
-35.0
-62.0
-54.0
-62.0
-75.0
-65.0
-37.0
-49.0
-37.0
-63.0
-54.0
-46.0
-49.0
-58.0
-61.0
-76.0
-42.0
-52.0
-58.0
-91.0
-39.0
-48.0
-50.0
-67.0
-66.0
-40.0
-53.0
-52.0
-53.0
-34.0
-70.0
-27.0
-49.0
-53.0
-42.0
-48.0
-34.0
-26.0
-19.0
-21.0
-27.0
-38.0
-29.0
-37.0
-50.0
-65.0
-62.0
-51.0
-61.0
-51.0
-22.0
-37.0
-20.0
-28.0
-45.0
-36.0
-55.0
-73.0
-55.0
-70.0
-91.0
-26.0
-41.0
-39.0
-31.0
-44.0
-15.0
-16.0
-34.0
-20.0
5.0
-21.0
-22.0
-31.0
-36.0
-25.0
-40.0
-63.0
-48.0
-13.0
-36.0
-5.0
-16.0
-16.0
-22.0
-14.0
-24.0
-56.0
-61.0
-73.0
-62.0
-47.0
-61.0
-59.0
-55.0
-49.0
-58.0
-40.0
-16.0
-16.0
-45.0
-25.0
-5.0
-41.0
-45.0
-64.0
-55.0
-64.0
-54.0
-53.0
-86.0
-15.0
-39.0
-37.0
-60.0
-45.0
-55.0
-52.0
-46.0
-31.0
-27.0
-37.0
-42.0
-43.0
-39.0
-35.0
-49.0
-60.0
-52.0
-50.0
-55.0
-56.0
-48.0
-49.0
-69.0
-21.0
-78.0
-62.0
-59.0
-32.0
-40.0
-40.0
-50.0
-41.0
-61.0
-71.0
-71.0
-71.0
-92.0
-62.0
-94.0
-66.0
-40.0
-58.0
-51.0
-37.0
-68.0
-55.0
-39.0
-26.0
-34.0
-55.0
-44.0
-44.0
-61.0
-57.0
-70.0
-40.0
-88.0
-48.0
-25.0
-36.0
-56.0
-50.0
-52.0
-51.0
-49.0
-64.0
-34.0
-31.0
-52.0
-58.0
-46.0
-21.0
-34.0
-67.0
-48.0
-51.0
-59.0
-70.0
-44.0
-31.0
-62.0
-38.0
-58.0
-28.0
-21.0
-33.0
-43.0
-30.0
-16.0
-41.0
-46.0
-30.0
-40.0
-63.0
-61.0
-67.0
-53.0
-39.0
-51.0
-23.0
-17.0
-23.0
-18.0
-15.0
-10.0
-12.0
-16.0
-39.0
-35.0
-18.0
-13.0
-34.0
-31.0
-100.0
-15.0
-67.0
-25.0
6.0
-5.0
18.0
2.0
-11.0
-36.0
-17.0
-23.0
-30.0
-52.0
-15.0
-30.0
-34.0
-73.0
-36.0
-44.0
-44.0
-49.0
-30.0
-28.0
-39.0
-68.0
-67.0
-78.0
-60.0
-64.0
-51.0
-47.0
-23.0
-30.0
-48.0
-52.0
-51.0
-30.0
-30.0
-24.0
-55.0
-43.0
-48.0
-54.0
-37.0
-72.0
-26.0
-4.0
-11.0
-22.0
-15.0
-31.0
-11.0
-41.0
-23.0
-7.0
-16.0
-25.0
-52.0
-76.0
-65.0
-83.0
-78.0
-50.0
-30.0
-20.0
-16.0
-36.0
19.0
-1.0
-16.0
-27.0
-32.0
-18.0
-40.0
-30.0
-63.0
-42.0
-26.0
-16.0
-54.0
-63.0
-50.0
-64.0
-55.0
-65.0
-43.0
-59.0
-58.0
-42.0
-36.0
-11.0
-24.0
-30.0
-68.0
-48.0
-43.0
-58.0
-57.0
-60.0
-87.0
-61.0
-59.0
-59.0
-61.0
-68.0
-49.0
-69.0
-64.0
-42.0
-53.0
-64.0
-44.0
-51.0
-44.0
-41.0
-40.0
-15.0
-60.0
-43.0
-62.0
-79.0
-90.0
-78.0
-55.0
-71.0
-42.0
-34.0
-50.0
9.0
-3.0
13.0
15.0
-10.0
0.0
-32.0
-27.0
-39.0
-67.0
-59.0
-19.0
-16.0
-30.0
-15.0
-30.0
-37.0
-31.0
-59.0
-37.0
-31.0
-29.0
-50.0
-44.0
-25.0
-24.0
-29.0
-35.0
-29.0
-29.0
-22.0
-20.0
-53.0
-27.0
-18.0
-18.0
-34.0
2.0
-15.0
-17.0
-17.0
-19.0
-35.0
-48.0
3.0
-6.0
-29.0
-51.0
-29.0
-45.0
-71.0
-67.0
-61.0
-70.0
-55.0
-60.0
-39.0
-48.0
-53.0
-42.0
-30.0
-17.0
-31.0
-54.0
-21.0
-43.0
-37.0
-36.0
-24.0
-50.0
-76.0
-63.0
-76.0
-31.0
-40.0
-25.0
-37.0
-32.0
-40.0
-48.0
-54.0
-64.0
-59.0
-19.0
-14.0
-24.0
-32.0
-53.0
-59.0
-61.0
-69.0
-58.0
-80.0
-29.0
-31.0
-39.0
-25.0
-16.0
-7.0
-11.0
-32.0
-10.0
23.0
-14.0
-49.0
-44.0
-55.0
-60.0
-64.0
-63.0
-46.0
-42.0
-55.0
-47.0
-51.0
-45.0
-39.0
-40.0
-40.0
-61.0
-33.0
-7.0
-12.0
-7.0
-24.0
-23.0
-29.0
-45.0
-30.0
-42.0
-55.0
-53.0
-48.0
-57.0
-52.0
-59.0
-59.0
-45.0
-42.0
-24.0
-59.0
-27.0
-41.0
-34.0
-31.0
-43.0
-44.0
-42.0
-46.0
-71.0
-33.0
-38.0
-41.0
-48.0
-38.0
-30.0
-17.0
-41.0
-35.0
-31.0
-28.0
-31.0
-50.0
-46.0
-45.0
-73.0
-38.0
-39.0
-57.0
-32.0
-33.0
-25.0
-44.0
-27.0
-42.0
-52.0
-45.0
-30.0
-49.0
-79.0
-55.0
-38.0
-64.0
-26.0
-30.0
-49.0
-46.0
-25.0
-36.0
-39.0
-37.0
-44.0
-55.0
-51.0
-50.0
-44.0
-37.0
-46.0
-32.0
-43.0
-16.0
-14.0
-28.0
-50.0
-50.0
-2.0
-22.0
-42.0
-35.0
-39.0
-36.0
-24.0
-32.0
-46.0
-31.0
-60.0
-44.0
-48.0
-20.0
-37.0
-50.0
-26.0
-35.0
-50.0
-14.0
-16.0
-11.0
-23.0
-20.0
-7.0
-14.0
-30.0
-14.0
-52.0
-45.0
-30.0
-53.0
-59.0
-73.0
-33.0
-18.0
-30.0
-3.0
-29.0
3.0
-2.0
-15.0
-20.0
-30.0
-35.0
-30.0
-23.0
-43.0
-42.0
-39.0
-36.0
-80.0
-48.0
-47.0
-34.0
-37.0
-54.0
-46.0
-32.0
-14.0
-22.0
-21.0
-42.0
-42.0
-46.0
-6.0
-32.0
-28.0
-43.0
-43.0
-45.0
-34.0
-20.0
11.0
-24.0
8.0
-47.0
-58.0
-60.0
-40.0
-37.0
-35.0
-31.0
-19.0
-39.0
-3.0
-42.0
-22.0
-8.0
-52.0
-2.0
-17.0
-24.0
-27.0
-43.0
-50.0
-52.0
-74.0
-80.0
-74.0
-57.0
-58.0
-31.0
-22.0
-23.0
-25.0
-37.0
-57.0
-52.0
-34.0
-43.0
-24.0
-27.0
-11.0
-34.0
-49.0
-57.0
-44.0
-35.0
-38.0
-50.0
-51.0
-62.0
-36.0
-56.0
-45.0
-46.0
-36.0
-43.0
-44.0
-34.0
-41.0
-29.0
-48.0
-43.0
-29.0
-8.0
-20.0
-26.0
-27.0
-42.0
-45.0
-42.0
-48.0
-55.0
-58.0
-64.0
-42.0
-66.0
-21.0
-23.0
-3.0
-12.0
-16.0
-5.0
-27.0
-30.0
-20.0
-31.0
-8.0
-16.0
-29.0
-8.0
0.0
-1.0
-8.0
12.0
-10.0
36.0
5.0
-7.0
-5.0
-45.0
-24.0
-27.0
-17.0
-34.0
-53.0
-33.0
-33.0
-44.0
-42.0
-28.0
-39.0
-53.0
-27.0
-51.0
-8.0
-29.0
-44.0
-9.0
11.0
-3.0
-6.0
-42.0
-48.0
-44.0
-39.0
-30.0
-64.0
-24.0
-31.0
-58.0
-34.0
-37.0
-7.0
-34.0
-35.0
-51.0
-32.0
-42.0
-74.0
-24.0
-58.0
-45.0
-49.0
-35.0
-43.0
-48.0
-55.0
-52.0
-40.0
-14.0
6.0
-32.0
-40.0
-59.0
-42.0
-44.0
-53.0
-2.0
-24.0
-47.0
-25.0
-55.0
-44.0
-9.0
-29.0
-29.0
-62.0
-25.0
-59.0
-69.0
-22.0
-41.0
-56.0
-77.0
-59.0
-48.0
-59.0
-31.0
-41.0
-40.0
-70.0
-26.0
-49.0
-15.0
-35.0
-39.0
-14.0
-28.0
-52.0
-40.0
-53.0
-85.0
-32.0
-35.0
-54.0
-72.0
-47.0
-53.0
-45.0
-22.0
-34.0
-30.0
6.0
-26.0
-50.0
-21.0
-35.0
-41.0
-41.0
-54.0
-65.0
-101.0
-18.0
-21.0
-30.0
-74.0
-40.0
-43.0
-51.0
-30.0
-44.0
-25.0
-36.0
-7.0
-38.0
-28.0
2.0
-17.0
-31.0
-41.0
-30.0
-46.0
-58.0
-44.0
-46.0
-26.0
-20.0
-26.0
-36.0
-15.0
-23.0
-25.0
-11.0
-18.0
-22.0
-24.0
-20.0
-27.0
-8.0
-12.0
-13.0
-8.0
-29.0
-39.0
-46.0
-64.0
-32.0
-46.0
-60.0
-42.0
-42.0
-10.0
-24.0
-37.0
-6.0
-41.0
-30.0
-42.0
-45.0
-37.0
-51.0
-44.0
-64.0
-13.0
-51.0
-23.0
-54.0
-60.0
-33.0
-40.0
-22.0
-30.0
-25.0
-51.0
-21.0
-10.0
2.0
-12.0
-43.0
-13.0
-23.0
-37.0
-29.0
-49.0
-79.0
-51.0
-73.0
-66.0
-41.0
-10.0
-37.0
-35.0
2.0
-26.0
-4.0
-45.0
-55.0
-10.0
-33.0
-12.0
-43.0
-78.0
-53.0
-80.0
-22.0
-42.0
-45.0
-27.0
-31.0
-41.0
-52.0
-39.0
-56.0
-17.0
-17.0
12.0
4.0
30.0
-1.0
4.0
39.0
-3.0
-29.0
-36.0
-55.0
-30.0
-33.0
-53.0
29.0
24.0
32.0
34.0
24.0
-14.0
-17.0
-22.0
-27.0
-40.0
-34.0
-44.0
-51.0
-44.0
-36.0
-54.0
-56.0
-64.0
-46.0
-29.0
-40.0
-53.0
-41.0
-35.0
-63.0
-54.0
-46.0
-52.0
-76.0
-33.0
-37.0
-44.0
-43.0
-50.0
-54.0
-65.0
-49.0
-35.0
-28.0
-60.0
-11.0
-5.0
-17.0
-27.0
-30.0
-24.0
-25.0
-45.0
-37.0
-55.0
-58.0
-40.0
-35.0
-42.0
-27.0
-31.0
-17.0
-20.0
-24.0
-14.0
-27.0
-48.0
-7.0
-16.0
-53.0
-26.0
-31.0
-32.0
-27.0
-44.0
-47.0
-41.0
-61.0
-9.0
-29.0
-26.0
-11.0
-16.0
-8.0
10.0
-13.0
4.0
4.0
-7.0
-36.0
-29.0
-39.0
-50.0
-58.0
-49.0
-21.0
-17.0
-28.0
-33.0
-23.0
-23.0
-11.0
-21.0
23.0
10.0
1.0
11.0
7.0
2.0
7.0
-13.0
-34.0
-12.0
-17.0
-32.0
-21.0
-26.0
-21.0
-34.0
-28.0
-16.0
-27.0
1.0
-24.0
-21.0
-20.0
1.0
-27.0
-33.0
-48.0
-50.0
-53.0
-44.0
-54.0
-70.0
-72.0
-69.0
-82.0
-36.0
-38.0
-34.0
-29.0
-20.0
-31.0
-49.0
-33.0
-8.0
0.0
-24.0
-14.0
-59.0
-38.0
-35.0
-58.0
-51.0
-17.0
-40.0
-36.0
-40.0
-46.0
-41.0
21.0
30.0
25.0
-2.0
-4.0
5.0
-13.0
-33.0
-30.0
-83.0
-63.0
-42.0
-4.0
29.0
158.0
237.0
315.0
302.0
299.0
300.0
300.0
304.0
306.0
307.0
298.0
265.0
196.0
139.0
69.0
45.0
-9.0
-64.0
-122.0
-178.0
-215.0
-247.0
-291.0
-290.0
-292.0
-293.0
-294.0
-294.0
-294.0
-294.0
-294.0
-294.0
-294.0
-293.0
-293.0
-294.0
-290.0
-290.0
-293.0
-291.0
-291.0
-290.0
-293.0
-293.0
-292.0
-291.0
-291.0
-291.0
-288.0
-288.0
-266.0
-276.0
-263.0
-278.0
-271.0
-270.0
-240.0
-258.0
-225.0
-212.0
-231.0
-244.0
-247.0
-248.0
-250.0
-217.0
-237.0
-237.0
-239.0
-256.0
-220.0
-206.0
-193.0
-177.0
-164.0
-167.0
-139.0
-153.0
-176.0
-146.0
-166.0
-172.0
-165.0
-156.0
-174.0
-166.0
-177.0
-169.0
-181.0
-181.0
-185.0
-164.0
-125.0
-145.0
-152.0
-137.0
-145.0
-133.0
-160.0
-153.0
-114.0
-151.0
-105.0
-121.0
-155.0
-129.0
-131.0
-142.0
-170.0
-135.0
-123.0
-124.0
-121.0
-137.0
-144.0
-124.0
-149.0
-145.0
-152.0
-165.0
-125.0
-144.0
-141.0
-164.0
-157.0
-157.0
-116.0
-135.0
-141.0
-153.0
-142.0
-109.0
-125.0
-137.0
-147.0
-104.0
-130.0
-105.0
-112.0
-142.0
-88.0
-98.0
-106.0
-118.0
-113.0
-117.0
-134.0
-115.0
-119.0
-141.0
-106.0
-86.0
-95.0
-73.0
-100.0
-100.0
-106.0
-128.0
-127.0
-110.0
-89.0
-105.0
-96.0
-92.0
-119.0
-105.0
-127.0
-133.0
-120.0
-110.0
-135.0
-125.0
-138.0
-152.0
-127.0
-134.0
-132.0
-124.0
-140.0
-125.0
-131.0
-108.0
-110.0
-111.0
-141.0
-151.0
-106.0
-105.0
-128.0
-115.0
-135.0
-127.0
-124.0
-124.0
-115.0
-121.0
-134.0
-113.0
-128.0
-93.0
-119.0
-128.0
-121.0
-116.0
-121.0
-124.0
-110.0
-117.0
-117.0
-131.0
-118.0
-134.0
-80.0
-114.0
-101.0
-109.0
-112.0
-99.0
-95.0
-102.0
-101.0
-102.0
-87.0
-95.0
-111.0
-134.0
-129.0
-144.0
-116.0
-59.0
-97.0
-97.0
-84.0
-62.0
-78.0
-110.0
-91.0
-117.0
-65.0
-86.0
-76.0
-105.0
-90.0
-114.0
-115.0
-144.0
-127.0
-124.0
-112.0
-133.0
-88.0
-82.0
-81.0
-108.0
-76.0
-86.0
-118.0
-106.0
-108.0
-127.0
-120.0
-124.0
-155.0
-92.0
-88.0
-93.0
-98.0
-120.0
-72.0
-92.0
-72.0
-86.0
-55.0
-76.0
-68.0
-67.0
-105.0
-91.0
-91.0
-122.0
-102.0
-116.0
-119.0
-106.0
-117.0
-128.0
-142.0
-115.0
-133.0
-102.0
-111.0
-118.0
-118.0
-136.0
-116.0
-125.0
-112.0
-112.0
-93.0
-117.0
-102.0
-138.0
-117.0
-114.0
-119.0
-101.0
-132.0
-128.0
-106.0
-112.0
-100.0
-135.0
-134.0
-97.0
-81.0
-109.0
-74.0
-94.0
-101.0
-94.0
-83.0
-110.0
-92.0
-96.0
-108.0
-116.0
-112.0
-100.0
-128.0
-126.0
-126.0
-156.0
-134.0
-115.0
-116.0
-100.0
-101.0
-119.0
-133.0
-109.0
-114.0
-115.0
-119.0
-118.0
-126.0
-145.0
-131.0
-137.0
-128.0
-159.0
-81.0
-95.0
-102.0
-113.0
-102.0
-111.0
-121.0
-110.0
-114.0
-90.0
-99.0
-108.0
-97.0
-119.0
-112.0
-120.0
-122.0
-127.0
-92.0
-106.0
-106.0
-102.0
-114.0
-115.0
-97.0
-89.0
-85.0
-100.0
-89.0
-82.0
-72.0
-70.0
-76.0
-62.0
-93.0
-80.0
-100.0
-59.0
-81.0
-80.0
-51.0
-63.0
-89.0
-91.0
-96.0
-91.0
-88.0
-79.0
-95.0
-119.0
-112.0
-106.0
-115.0
-126.0
-146.0
-104.0
-131.0
-121.0
-104.0
-82.0
-83.0
-67.0
-65.0
-60.0
-95.0
-83.0
-89.0
-110.0
-115.0
-133.0
-108.0
-135.0
-125.0
-96.0
-108.0
-79.0
-95.0
-105.0
-100.0
-86.0
-89.0
-97.0
-83.0
-103.0
-84.0
-53.0
-52.0
-59.0
-96.0
-91.0
-87.0
-86.0
-92.0
-120.0
-91.0
-98.0
-95.0
-110.0
-124.0
-120.0
-101.0
-88.0
-94.0
-91.0
-79.0
-70.0
-75.0
-75.0
-98.0
-78.0
-83.0
-88.0
-79.0
-108.0
-116.0
-92.0
-108.0
-79.0
-111.0
-103.0
-107.0
-116.0
-85.0
-84.0
-74.0
-58.0
-61.0
-1.0
-32.0
-58.0
-80.0
-134.0
-117.0
-79.0
-110.0
-110.0
-82.0
-96.0
-127.0
-113.0
-121.0
-87.0
-90.0
-71.0
-97.0
-97.0
-140.0
-119.0
-105.0
-124.0
-127.0
-130.0
-124.0
-124.0
-118.0
-138.0
-115.0
-109.0
-121.0
-169.0
-118.0
-124.0
-121.0
-111.0
-117.0
-117.0
-82.0
-100.0
-111.0
-76.0
-88.0
-86.0
-81.0
-95.0
-110.0
-124.0
-137.0
-82.0
-115.0
-110.0
-115.0
-125.0
-111.0
-96.0
-111.0
-88.0
-96.0
-74.0
-91.0
-93.0
-105.0
-102.0
-110.0
-129.0
-121.0
-164.0
-100.0
-94.0
-97.0
-100.0
-111.0
-109.0
-89.0
-44.0
-52.0
-61.0
-80.0
-96.0
-68.0
-88.0
-83.0
-91.0
-93.0
-96.0
-102.0
-97.0
-117.0
-102.0
-84.0
-82.0
-106.0
-81.0
-96.0
-37.0
-37.0
-61.0
-52.0
-49.0
-78.0
-64.0
-65.0
-113.0
-83.0
-81.0
-53.0
-50.0
-52.0
-34.0
-35.0
-35.0
-53.0
-52.0
-76.0
-37.0
-60.0
-71.0
-62.0
-77.0
-61.0
-43.0
-83.0
-87.0
-64.0
-55.0
-46.0
-34.0
-59.0
-43.0
-46.0
-65.0
-68.0
-41.0
-60.0
-49.0
-36.0
-62.0
-80.0
-112.0
-117.0
-108.0
-90.0
-97.0
-107.0
-87.0
-122.0
-76.0
-83.0
-96.0
-70.0
-81.0
-108.0
-103.0
-105.0
-119.0
-117.0
-131.0
-137.0
-89.0
-102.0
-100.0
-95.0
-88.0
-109.0
-115.0
-100.0
-143.0
-109.0
-120.0
-128.0
-82.0
-106.0
-83.0
-81.0
-64.0
-72.0
-74.0
-81.0
-105.0
-111.0
-114.0
-104.0
-107.0
-107.0
-68.0
-78.0
-86.0
-95.0
-101.0
-103.0
-116.0
-86.0
-59.0
-60.0
-83.0
-65.0
-65.0
-83.0
-90.0
-106.0
-48.0
-87.0
-82.0
-80.0
-112.0
-87.0
-104.0
-84.0
-113.0
-122.0
-114.0
-125.0
-116.0
-102.0
-99.0
-67.0
-63.0
-72.0
-39.0
-43.0
-71.0
-54.0
-73.0
-80.0
-76.0
-76.0
-92.0
-83.0
-99.0
-92.0
-86.0
-84.0
-77.0
-78.0
-59.0
-51.0
-63.0
-43.0
-65.0
-55.0
-71.0
-86.0
-73.0
-83.0
-122.0
-84.0
-114.0
-85.0
-73.0
-102.0
-93.0
-120.0
-112.0
-64.0
-72.0
-77.0
-109.0
-96.0
-74.0
-71.0
-77.0
-64.0
-53.0
-56.0
-79.0
-67.0
-81.0
-100.0
-69.0
-32.0
-54.0
-60.0
-59.0
-90.0
-90.0
-57.0
-98.0
-101.0
-72.0
-59.0
-78.0
-58.0
-54.0
-55.0
-54.0
-35.0
-64.0
-73.0
-108.0
-85.0
-71.0
-65.0
-86.0
-73.0
-87.0
-85.0
-71.0
-43.0
-50.0
-74.0
-30.0
-51.0
-64.0
-60.0
-69.0
-117.0
-112.0
-108.0
-84.0
-82.0
-106.0
-104.0
-103.0
-82.0
-47.0
-32.0
-64.0
-23.0
-51.0
-32.0
-65.0
-72.0
-107.0
-116.0
-112.0
-76.0
-93.0
-100.0
-79.0
-107.0
-91.0
-79.0
-61.0
-82.0
-93.0
-75.0
-71.0
-117.0
-92.0
-69.0
-76.0
-107.0
-124.0
-106.0
-109.0
-107.0
-127.0
-77.0
-111.0
-101.0
-84.0
-84.0
-74.0
-106.0
-86.0
-95.0
-93.0
-93.0
-89.0
-100.0
-90.0
-102.0
-81.0
-94.0
-101.0
-99.0
-102.0
-118.0
-92.0
-138.0
-115.0
-41.0
-57.0
-58.0
-56.0
-48.0
-74.0
-69.0
-80.0
-118.0
-68.0
-67.0
-84.0
-104.0
-101.0
-96.0
-100.0
-87.0
-92.0
-60.0
-74.0
-84.0
-79.0
-61.0
-76.0
-55.0
-59.0
-78.0
-58.0
-76.0
-62.0
-81.0
-65.0
-91.0
-78.0
-100.0
-91.0
-73.0
-128.0
-74.0
-106.0
-89.0
-75.0
-59.0
-81.0
-81.0
-79.0
-86.0
-116.0
-74.0
-77.0
-58.0
-55.0
-91.0
-69.0
-83.0
-67.0
-82.0
-115.0
-82.0
-94.0
-95.0
-70.0
-84.0
-71.0
-109.0
-60.0
-61.0
-54.0
-64.0
-50.0
-62.0
-131.0
-72.0
-92.0
-90.0
-91.0
-81.0
-62.0
-77.0
-64.0
-67.0
-80.0
-49.0
-46.0
-41.0
-67.0
-60.0
-49.0
-78.0
-72.0
-83.0
-82.0
-105.0
-131.0
-111.0
-74.0
-77.0
-86.0
-60.0
-77.0
-98.0
-88.0
-95.0
-91.0
-63.0
-77.0
-81.0
-82.0
-92.0
-85.0
-99.0
-97.0
-106.0
-102.0
-97.0
-134.0
-87.0
-88.0
-103.0
-107.0
-69.0
-90.0
-84.0
-90.0
-28.0
-74.0
-91.0
-139.0
-106.0
-111.0
-97.0
-134.0
-77.0
-77.0
-86.0
-92.0
-83.0
-82.0
-71.0
-97.0
-98.0
-85.0
-110.0
-93.0
-101.0
-129.0
-134.0
-105.0
-92.0
-104.0
-90.0
-105.0
-88.0
-60.0
-62.0
-59.0
-58.0
-76.0
-47.0
-97.0
-64.0
-75.0
-86.0
-86.0
-84.0
-69.0
-79.0
-82.0
-42.0
-81.0
-59.0
-73.0
-77.0
-74.0
-103.0
-71.0
-65.0
-58.0
-68.0
-60.0
-79.0
-48.0
-76.0
-40.0
-60.0
-23.0
-42.0
-55.0
-54.0
-48.0
-56.0
-41.0
-56.0
-80.0
-88.0
-63.0
-62.0
-57.0
-34.0
-43.0
-46.0
-58.0
-47.0
-76.0
-74.0
-12.0
-44.0
-62.0
-88.0
-77.0
-65.0
-76.0
-99.0
-58.0
-62.0
-68.0
-49.0
-69.0
-50.0
-52.0
-49.0
-89.0
-108.0
-66.0
-72.0
-69.0
-74.0
-96.0
-61.0
-70.0
-89.0
-111.0
-46.0
-70.0
-75.0
-95.0
-68.0
-74.0
-89.0
-79.0
-86.0
-86.0
-82.0
-81.0
-46.0
-78.0
-80.0
-84.0
-103.0
-89.0
-81.0
-98.0
-87.0
-83.0
-95.0
-54.0
-42.0
-45.0
-52.0
-73.0
-71.0
-81.0
-107.0
-86.0
-115.0
-82.0
-58.0
-72.0
-68.0
-62.0
-77.0
-79.0
-66.0
-111.0
-51.0
-58.0
-66.0
-50.0
-42.0
-40.0
-72.0
-51.0
-42.0
-60.0
-74.0
-72.0
-71.0
-108.0
-96.0
-108.0
-83.0
-98.0
-87.0
-98.0
-92.0
-80.0
-63.0
-64.0
-69.0
-58.0
-59.0
-69.0
-89.0
-98.0
-73.0
-106.0
-90.0
-117.0
-80.0
-83.0
-65.0
-68.0
-69.0
-107.0
-64.0
-73.0
-89.0
-78.0
-72.0
-74.0
-71.0
-83.0
-42.0
-54.0
-51.0
-53.0
-55.0
-94.0
-56.0
-72.0
-83.0
-75.0
-86.0
-79.0
-82.0
-86.0
-74.0
-63.0
-68.0
-96.0
-83.0
-68.0
-91.0
-64.0
-72.0
-55.0
-86.0
-64.0
-82.0
-72.0
-56.0
-59.0
-69.0
-50.0
-82.0
-76.0
-63.0
-56.0
-68.0
-65.0
-69.0
-77.0
-92.0
-88.0
-59.0
-69.0
-96.0
-83.0
-58.0
-74.0
-63.0
-69.0
-77.0
-90.0
-72.0
-67.0
-75.0
-113.0
-66.0
-77.0
-101.0
-94.0
-76.0
-87.0
-80.0
-64.0
-45.0
-61.0
-95.0
-54.0
-67.0
-46.0
-84.0
-50.0
-66.0
-61.0
-58.0
-57.0
-62.0
-81.0
-41.0
-69.0
-58.0
-71.0
-83.0
-86.0
-77.0
-55.0
-77.0
-82.0
-84.0
-83.0
-70.0
-65.0
-73.0
-78.0
-95.0
-55.0
-54.0
-79.0
-77.0
-70.0
-62.0
-57.0
-58.0
-66.0
-92.0
-45.0
-53.0
-25.0
-54.0
-41.0
-34.0
-52.0
-56.0
-62.0
-69.0
-90.0
-76.0
-82.0
-91.0
-90.0
-95.0
-58.0
-57.0
-25.0
-50.0
-17.0
-33.0
-42.0
-59.0
-71.0
-94.0
-122.0
-82.0
-83.0
-89.0
-100.0
-105.0
-102.0
-120.0
-137.0
-121.0
-103.0
-138.0
-105.0
-112.0
-101.0
-99.0
-108.0
-76.0
-73.0
-81.0
-91.0
-81.0
-80.0
-64.0
-87.0
-44.0
-49.0
-68.0
-87.0
-80.0
-60.0
-66.0
-88.0
-67.0
-49.0
-71.0
-93.0
-113.0
-110.0
-72.0
-89.0
-120.0
-83.0
-79.0
-71.0
-70.0
-64.0
-76.0
-79.0
-62.0
-86.0
-49.0
-74.0
-81.0
-81.0
-76.0
-59.0
-75.0
-88.0
-2.0
-5.0
-28.0
-15.0
-24.0
-42.0
-46.0
-52.0
-63.0
-42.0
-49.0
-36.0
-43.0
-46.0
-48.0
-80.0
-73.0
-65.0
-74.0
-92.0
-85.0
-99.0
-77.0
-76.0
-64.0
-72.0
-76.0
-53.0
-59.0
-71.0
-81.0
-93.0
-76.0
-90.0
-78.0
-70.0
-56.0
-56.0
-55.0
-70.0
-81.0
-58.0
-55.0
-45.0
-48.0
-51.0
-45.0
-44.0
-45.0
-46.0
-96.0
-67.0
-53.0
-45.0
-61.0
-55.0
-86.0
-72.0
-47.0
-27.0
-31.0
-51.0
-32.0
-37.0
-22.0
-43.0
-27.0
-32.0
-30.0
-38.0
-60.0
-54.0
-42.0
-52.0
-81.0
-45.0
-10.0
3.0
-16.0
-14.0
-17.0
-15.0
-36.0
-31.0
-41.0
-39.0
-74.0
-76.0
-53.0
-71.0
-88.0
-100.0
-88.0
-77.0
-68.0
-61.0
-64.0
-67.0
-57.0
-96.0
-68.0
-83.0
-102.0
-78.0
-74.0
-65.0
-54.0
-64.0
-83.0
-73.0
-64.0
-68.0
-89.0
-67.0
-74.0
-97.0
-117.0
-105.0
-124.0
-126.0
-95.0
-92.0
-75.0
-78.0
-79.0
-50.0
-74.0
-65.0
-94.0
-89.0
-83.0
-93.0
-104.0
-96.0
-114.0
-82.0
-79.0
-100.0
-81.0
-50.0
-33.0
-48.0
-72.0
-74.0
-74.0
-111.0
-84.0
-88.0
-86.0
-87.0
-96.0
-72.0
-69.0
-68.0
-62.0
-79.0
-59.0
-60.0
-70.0
-54.0
-47.0
-37.0
-22.0
-73.0
-1.0
-23.0
-39.0
-67.0
-61.0
-69.0
-77.0
-88.0
-69.0
-63.0
-74.0
-50.0
-65.0
-67.0
-57.0
-59.0
-73.0
-55.0
-71.0
-69.0
-56.0
-46.0
-45.0
-100.0
-39.0
-63.0
-59.0
-37.0
-45.0
-50.0
-40.0
-54.0
-54.0
-61.0
-71.0
-64.0
-81.0
-61.0
-63.0
-84.0
-78.0
-102.0
-78.0
-106.0
-74.0
-65.0
-46.0
-57.0
-74.0
-60.0
-66.0
-40.0
-43.0
-36.0
-27.0
-43.0
-48.0
-20.0
-40.0
-48.0
-44.0
-69.0
-70.0
-59.0
-73.0
-49.0
-76.0
-82.0
-71.0
-81.0
-110.0
-92.0
-70.0
-67.0
-93.0
-107.0
-93.0
-84.0
-74.0
-100.0
-81.0
-54.0
-68.0
-69.0
-80.0
-40.0
-36.0
-39.0
-26.0
-36.0
-60.0
-65.0
-65.0
-86.0
-80.0
-71.0
-80.0
-72.0
-64.0
-81.0
-61.0
-62.0
-59.0
-49.0
-39.0
-49.0
-48.0
-59.0
-62.0
-70.0
-83.0
-79.0
-44.0
-52.0
-52.0
-69.0
-67.0
-79.0
-72.0
-70.0
-71.0
-72.0
-83.0
-93.0
-73.0
-79.0
-55.0
-48.0
-63.0
-82.0
-59.0
-53.0
-59.0
-72.0
-71.0
-83.0
-62.0
-49.0
-48.0
-59.0
-72.0
-55.0
-60.0
-75.0
-49.0
-61.0
-42.0
-41.0
-42.0
-79.0
-50.0
-33.0
-54.0
-52.0
-56.0
-56.0
-62.0
-62.0
-73.0
-59.0
-68.0
-49.0
-87.0
-59.0
-58.0
-81.0
-67.0
-105.0
-52.0
-37.0
-43.0
-79.0
-58.0
-72.0
-71.0
-90.0
-70.0
-57.0
-53.0
-48.0
-67.0
-42.0
-59.0
-58.0
-52.0
-61.0
-43.0
-55.0
-54.0
-51.0
-68.0
-81.0
-26.0
-36.0
-40.0
-45.0
-57.0
-27.0
-34.0
-31.0
-25.0
-56.0
-33.0
-62.0
-40.0
-63.0
-57.0
-59.0
-54.0
-58.0
-35.0
-48.0
-48.0
-54.0
-61.0
-67.0
-77.0
-61.0
-69.0
-55.0
-54.0
-51.0
-58.0
-46.0
-62.0
-63.0
-51.0
-68.0
-43.0
-56.0
-48.0
-52.0
-64.0
-59.0
-67.0
-117.0
-92.0
-73.0
-46.0
-75.0
-71.0
-61.0
-62.0
-44.0
-45.0
-42.0
-60.0
-56.0
-56.0
-48.0
-56.0
-78.0
-85.0
-82.0
-91.0
-102.0
-98.0
-79.0
-65.0
-36.0
-36.0
1.0
-2.0
-29.0
-46.0
-52.0
-89.0
-91.0
-98.0
-89.0
-124.0
-88.0
-105.0
-89.0
-96.0
-68.0
-77.0
-78.0
-41.0
-31.0
-48.0
-63.0
-82.0
-90.0
-98.0
-95.0
-91.0
-101.0
-106.0
-96.0
-89.0
-64.0
-53.0
-57.0
-57.0
-52.0
-55.0
-49.0
-65.0
-67.0
-41.0
-74.0
-60.0
-77.0
-82.0
-73.0
-74.0
-75.0
-82.0
-44.0
-21.0
-11.0
-24.0
-26.0
-51.0
-37.0
-54.0
-53.0
-64.0
-74.0
-43.0
-38.0
-49.0
-54.0
-52.0
-29.0
-33.0
-37.0
-20.0
-41.0
-43.0
-4.0
-25.0
-35.0
-29.0
-74.0
-30.0
-45.0
-79.0
-88.0
-62.0
-77.0
-65.0
-62.0
-57.0
-35.0
-39.0
-70.0
-65.0
12.0
-11.0
11.0
-2.0
18.0
-12.0
-26.0
-37.0
-43.0
-27.0
-45.0
-65.0
-50.0
-75.0
-56.0
-34.0
-23.0
-22.0
-15.0
-21.0
-32.0
-41.0
-33.0
-40.0
-51.0
-49.0
-77.0
-54.0
-35.0
-37.0
-40.0
-32.0
-48.0
-23.0
-22.0
-24.0
-21.0
-33.0
-39.0
-24.0
-25.0
-40.0
-36.0
-34.0
-37.0
-69.0
-53.0
-70.0
-68.0
-64.0
-65.0
-58.0
-71.0
-65.0
-34.0
-31.0
-44.0
-27.0
-25.0
-28.0
-32.0
-21.0
-33.0
-55.0
-13.0
-33.0
-42.0
-42.0
-42.0
-53.0
-51.0
-50.0
-37.0
-62.0
-56.0
-52.0
-17.0
-5.0
-13.0
-37.0
-43.0
-35.0
-42.0
-37.0
-39.0
-52.0
-29.0
-56.0
-55.0
-54.0
-51.0
-55.0
-51.0
-28.0
-55.0
-46.0
-90.0
-35.0
-52.0
-61.0
-56.0
-64.0
-56.0
-53.0
-61.0
-43.0
-53.0
-88.0
-79.0
-99.0
-73.0
-74.0
-72.0
-45.0
-79.0
-40.0
-57.0
-72.0
-75.0
-77.0
-71.0
-92.0
-78.0
-93.0
-82.0
-85.0
-79.0
-69.0
-64.0
-86.0
-49.0
-43.0
-36.0
-55.0
-48.0
-54.0
-83.0
-73.0
-80.0
-68.0
-68.0
-70.0
-62.0
-37.0
-50.0
-32.0
-43.0
-56.0
-51.0
-64.0
-52.0
-60.0
-72.0
-52.0
-56.0
-64.0
-61.0
-67.0
-53.0
-51.0
-90.0
-4.0
11.0
14.0
3.0
-27.0
-32.0
-37.0
-44.0
-52.0
-73.0
-61.0
-60.0
-55.0
-65.0
-24.0
-31.0
-27.0
-12.0
-30.0
-61.0
-38.0
-55.0
-18.0
-69.0
-56.0
-61.0
-56.0
-73.0
-67.0
-67.0
-62.0
-40.0
-43.0
-67.0
-40.0
-46.0
-32.0
-48.0
-39.0
-43.0
-37.0
-41.0
-56.0
-23.0
-22.0
-7.0
-29.0
-32.0
-20.0
-32.0
-65.0
-83.0
-47.0
-60.0
-57.0
-83.0
-70.0
-67.0
-83.0
-62.0
-72.0
-67.0
-74.0
-59.0
-48.0
-43.0
-62.0
-61.0
-87.0
-74.0
-63.0
-53.0
-40.0
-46.0
-43.0
-50.0
-46.0
-41.0
-41.0
-26.0
4.0
11.0
-1.0
-23.0
-30.0
-25.0
-49.0
-73.0
-78.0
-80.0
-107.0
-84.0
-67.0
-67.0
-74.0
-95.0
-78.0
-39.0
-46.0
-53.0
-56.0
-46.0
-88.0
-111.0
-7.0
-27.0
-67.0
-23.0
-34.0
-35.0
-38.0
-60.0
-73.0
-95.0
-100.0
-103.0
-68.0
-54.0
-25.0
-20.0
-25.0
-24.0
-24.0
-27.0
-27.0
-37.0
-35.0
-44.0
-44.0
-73.0
-72.0
-80.0
-75.0
-56.0
-74.0
-62.0
-53.0
-41.0
-60.0
-71.0
-73.0
-41.0
-52.0
-60.0
-49.0
-52.0
-42.0
-37.0
-36.0
-17.0
-16.0
-33.0
-41.0
-70.0
-14.0
-28.0
-20.0
-31.0
-46.0
-51.0
-33.0
-29.0
-44.0
-51.0
-29.0
-49.0
-36.0
-52.0
-25.0
-19.0
-11.0
-33.0
-40.0
-26.0
-23.0
-23.0
-6.0
-23.0
-15.0
-24.0
-53.0
-19.0
-75.0
-36.0
-46.0
-40.0
-50.0
-33.0
-38.0
-31.0
-39.0
-38.0
2.0
-23.0
-17.0
-13.0
-10.0
2.0
-27.0
-30.0
-23.0
-32.0
-45.0
-22.0
-46.0
-33.0
-59.0
-40.0
-53.0
-26.0
-41.0
-43.0
-31.0
-49.0
-77.0
-67.0
-68.0
-56.0
-75.0
-49.0
-43.0
-48.0
-77.0
-29.0
-27.0
-33.0
-28.0
-33.0
-3.0
-13.0
-26.0
-20.0
-29.0
-60.0
-53.0
-43.0
-82.0
-55.0
-63.0
-52.0
-40.0
-52.0
-44.0
-24.0
-36.0
-23.0
-35.0
-8.0
-37.0
-46.0
-46.0
-55.0
-50.0
-44.0
-36.0
-43.0
-69.0
-70.0
-89.0
-41.0
-56.0
-58.0
-71.0
-62.0
-53.0
-48.0
-64.0
-70.0
-33.0
-49.0
-56.0
-70.0
-41.0
-43.0
-76.0
-71.0
-85.0
-78.0
-46.0
-80.0
-51.0
-55.0
-37.0
-30.0
-64.0
-60.0
-37.0
-49.0
-55.0
-65.0
-60.0
-45.0
-49.0
-47.0
-45.0
-55.0
-34.0
-47.0
-45.0
-40.0
-29.0
-60.0
-58.0
-80.0
-68.0
-37.0
-26.0
-46.0
-39.0
-22.0
-28.0
-37.0
-28.0
-23.0
-3.0
-20.0
-59.0
-20.0
-21.0
-56.0
-35.0
-27.0
-39.0
-30.0
-12.0
-15.0
-23.0
-56.0
-39.0
-39.0
23.0
147.0
180.0
322.0
301.0
294.0
300.0
299.0
304.0
305.0
306.0
303.0
256.0
134.0
76.0
-20.0
-55.0
-125.0
-211.0
-233.0
-284.0
-290.0
-292.0
-294.0
-294.0
-294.0
-294.0
-294.0
-294.0
-294.0
-294.0
-294.0
-294.0
-294.0
-294.0
-294.0
-294.0
-293.0
-293.0
-293.0
-294.0
-292.0
-291.0
-291.0
-288.0
-290.0
-285.0
-289.0
-286.0
-277.0
-274.0
-274.0
-259.0
-252.0
-234.0
-255.0
-229.0
-232.0
-238.0
-231.0
-234.0
-250.0
-216.0
-229.0
-216.0
-221.0
-233.0
-253.0
-223.0
-218.0
-200.0
-197.0
-193.0
-195.0
-204.0
-194.0
-200.0
-221.0
-220.0
-212.0
-214.0
-213.0
-202.0
-209.0
-213.0
-184.0
-191.0
-205.0
-175.0
-164.0
-161.0
-181.0
-161.0
-175.0
-172.0
-201.0
-172.0
-151.0
-201.0
-172.0
-193.0
-220.0
-213.0
-193.0
-199.0
-185.0
-183.0
-156.0
-178.0
-155.0
-181.0
-159.0
-188.0
-144.0
-189.0
-148.0
-168.0
-192.0
-156.0
-155.0
-152.0
-153.0
-152.0
-149.0
-133.0
-155.0
-151.0
-153.0
-164.0
-151.0
-134.0
-144.0
-125.0
-134.0
-119.0
-135.0
-132.0
-133.0
-160.0
-142.0
-155.0
-181.0
-184.0
-167.0
-155.0
-176.0
-145.0
-166.0
-140.0
-110.0
-111.0
-118.0
-120.0
-129.0
-150.0
-155.0
-152.0
-147.0
-117.0
-158.0
-155.0
-161.0
-157.0
-141.0
-151.0
-150.0
-153.0
-135.0
-152.0
-168.0
-171.0
-152.0
-156.0
-165.0
-138.0
-147.0
-153.0
-140.0
-138.0
-134.0
-121.0
-118.0
-130.0
-138.0
-119.0
-141.0
-140.0
-146.0
-133.0
-147.0
-129.0
-135.0
-144.0
-128.0
-125.0
-154.0
-105.0
-124.0
-117.0
-116.0
-142.0
-137.0
-144.0
-121.0
-131.0
-118.0
-121.0
-122.0
-118.0
-128.0
-133.0
-138.0
-128.0
-142.0
-112.0
-136.0
-116.0
-132.0
-134.0
-150.0
-141.0
-158.0
-177.0
-72.0
-105.0
-82.0
-75.0
-91.0
-69.0
-90.0
-84.0
-81.0
-101.0
-106.0
-97.0
-102.0
-106.0
-98.0
-90.0
-91.0
-88.0
-83.0
-106.0
-101.0
-114.0
-156.0
-96.0
-106.0
-115.0
-112.0
-124.0
-129.0
-118.0
-127.0
-123.0
-133.0
-156.0
-148.0
-142.0
-125.0
-119.0
-120.0
-105.0
-119.0
-144.0
-160.0
-153.0
-169.0
-152.0
-129.0
-162.0
-164.0
-162.0
-175.0
-155.0
-164.0
-159.0
-126.0
-130.0
-139.0
-135.0
-135.0
-119.0
-146.0
-134.0
-146.0
-120.0
-135.0
-113.0
-125.0
-115.0
-110.0
-124.0
-143.0
-171.0
-160.0
-148.0
-152.0
-164.0
-144.0
-105.0
-93.0
-77.0
-60.0
-51.0
-60.0
-70.0
-100.0
-119.0
-94.0
-117.0
-130.0
-159.0
-128.0
-128.0
-104.0
-124.0
-105.0
-78.0
-61.0
-49.0
-61.0
-71.0
-105.0
-109.0
-119.0
-111.0
-124.0
-134.0
-143.0
-139.0
-105.0
-102.0
-95.0
-110.0
-113.0
-90.0
-73.0
-96.0
-42.0
-70.0
-91.0
-94.0
-126.0
-134.0
-108.0
-99.0
-112.0
-116.0
-126.0
-110.0
-117.0
-98.0
-102.0
-93.0
-76.0
-99.0
-80.0
-102.0
-121.0
-120.0
-84.0
-88.0
-81.0
-86.0
-127.0
-95.0
-88.0
-107.0
-71.0
-83.0
-67.0
-82.0
-98.0
-84.0
-91.0
-89.0
-102.0
-96.0
-119.0
-129.0
-121.0
-122.0
-144.0
-108.0
-103.0
-114.0
-118.0
-119.0
-108.0
-116.0
-105.0
-121.0
-109.0
-96.0
-95.0
-89.0
-80.0
-92.0
-100.0
-130.0
-90.0
-111.0
-109.0
-114.0
-76.0
-85.0
-77.0
-96.0
-80.0
-83.0
-71.0
-67.0
-78.0
-73.0
-94.0
-123.0
-125.0
-109.0
-128.0
-101.0
-120.0
-107.0
-114.0
-125.0
-111.0
-107.0
-127.0
-133.0
-156.0
-103.0
-124.0
-94.0
-70.0
-88.0
-119.0
-134.0
-143.0
-127.0
-107.0
-125.0
-126.0
-118.0
-78.0
-96.0
-115.0
-100.0
-95.0
-110.0
-95.0
-105.0
-114.0
-100.0
-120.0
-95.0
-88.0
-115.0
-106.0
-120.0
-120.0
-126.0
-127.0
-114.0
-110.0
-116.0
-117.0
-128.0
-119.0
-126.0
-101.0
-83.0
-98.0
-77.0
-67.0
-74.0
-94.0
-78.0
-72.0
-121.0
-97.0
-124.0
-94.0
-101.0
-122.0
-86.0
-92.0
-100.0
-73.0
-74.0
-80.0
-74.0
-100.0
-70.0
-76.0
-80.0
-87.0
-96.0
-97.0
-87.0
-98.0
-93.0
-69.0
-83.0
-88.0
-88.0
-74.0
-97.0
-77.0
-67.0
-64.0
-65.0
-77.0
-79.0
-67.0
-58.0
-79.0
-101.0
-73.0
-68.0
-85.0
-93.0
-109.0
-103.0
-102.0
-111.0
-116.0
-90.0
-68.0
-84.0
-96.0
-95.0
-85.0
-95.0
-76.0
-99.0
-83.0
-79.0
-113.0
-107.0
-129.0
-121.0
-135.0
-159.0
-80.0
-101.0
-99.0
-90.0
-99.0
-99.0
-108.0
-104.0
-71.0
-90.0
-91.0
-77.0
-75.0
-73.0
-103.0
-118.0
-82.0
-100.0
-110.0
-110.0
-91.0
-91.0
-120.0
-101.0
-93.0
-102.0
-101.0
-127.0
-103.0
-102.0
-106.0
-141.0
-113.0
-105.0
-73.0
-83.0
-89.0
-79.0
-104.0
-58.0
-76.0
-80.0
-124.0
-126.0
-154.0
-165.0
-140.0
-105.0
-110.0
-109.0
-97.0
-84.0
-47.0
-40.0
-43.0
-31.0
-43.0
-61.0
-96.0
-110.0
-115.0
-95.0
-139.0
-99.0
-101.0
-95.0
-97.0
-99.0
-119.0
-86.0
-115.0
-100.0
-90.0
-115.0
-79.0
-91.0
-96.0
-112.0
-90.0
-109.0
-90.0
-71.0
-74.0
-81.0
-64.0
-50.0
-65.0
-71.0
-100.0
-102.0
-73.0
-81.0
-64.0
-52.0
-48.0
-41.0
-37.0
-30.0
-16.0
-51.0
-79.0
-79.0
-96.0
-105.0
-119.0
-110.0
-96.0
-120.0
-128.0
-118.0
-137.0
-87.0
-89.0
-83.0
-48.0
-58.0
-67.0
-51.0
-66.0
-73.0
-83.0
-59.0
-73.0
-63.0
-61.0
-53.0
-63.0
-17.0
-46.0
-49.0
-49.0
-79.0
-102.0
-100.0
-111.0
-117.0
-131.0
-116.0
-98.0
-82.0
-79.0
-60.0
-67.0
-69.0
-73.0
-31.0
-40.0
-44.0
-48.0
-65.0
-70.0
-74.0
-106.0
-93.0
-121.0
-139.0
-129.0
-116.0
-130.0
-92.0
-95.0
-99.0
-54.0
-59.0
-77.0
-72.0
-36.0
-63.0
-68.0
-100.0
-115.0
-119.0
-126.0
-117.0
-80.0
-114.0
-106.0
-95.0
-116.0
-101.0
-105.0
-107.0
-76.0
-84.0
-80.0
-111.0
-54.0
-81.0
-93.0
-107.0
-118.0
-118.0
-133.0
-101.0
-53.0
-66.0
-68.0
-38.0
-55.0
-45.0
-56.0
-71.0
-23.0
-32.0
-39.0
-52.0
-48.0
-67.0
-48.0
-53.0
-74.0
-42.0
-69.0
-69.0
-80.0
-69.0
-72.0
-83.0
-76.0
-101.0
-57.0
-52.0
-59.0
-83.0
-72.0
-77.0
-98.0
-95.0
-165.0
-114.0
-153.0
-135.0
-149.0
-163.0
-126.0
-113.0
-125.0
-128.0
-145.0
-148.0
-146.0
-148.0
-149.0
-131.0
-112.0
-120.0
-137.0
-115.0
-95.0
-95.0
-111.0
-69.0
-79.0
-74.0
-76.0
-92.0
-75.0
-88.0
-99.0
-120.0
-126.0
-100.0
-117.0
-104.0
-96.0
-93.0
-99.0
-105.0
-95.0
-84.0
-88.0
-82.0
-76.0
-97.0
-91.0
-83.0
-99.0
-78.0
-89.0
-102.0
-87.0
-109.0
-145.0
-45.0
-89.0
-20.0
1.0
5.0
-27.0
-24.0
-41.0
-27.0
-29.0
-52.0
-51.0
-45.0
-68.0
-50.0
-27.0
-50.0
-41.0
-58.0
-55.0
-46.0
-65.0
-46.0
-55.0
-52.0
-72.0
-71.0
-52.0
-60.0
-64.0
-55.0
-54.0
-65.0
-61.0
-56.0
-65.0
-69.0
-53.0
-40.0
-60.0
-63.0
-61.0
-61.0
-71.0
-69.0
-77.0
-77.0
-81.0
-87.0
-86.0
-83.0
-87.0
-86.0
-68.0
-85.0
-55.0
-59.0
-66.0
-79.0
-117.0
-60.0
-120.0
-93.0
-99.0
-105.0
-86.0
-88.0
-111.0
-104.0
-77.0
-81.0
-68.0
-79.0
-102.0
-77.0
-98.0
-94.0
-96.0
-77.0
-98.0
-50.0
-58.0
-64.0
-90.0
-100.0
-92.0
-87.0
-90.0
-83.0
-100.0
-97.0
-107.0
-106.0
-102.0
-94.0
-87.0
-108.0
-85.0
-112.0
-110.0
-83.0
-95.0
-98.0
-88.0
-97.0
-96.0
-90.0
-106.0
-71.0
-95.0
-128.0
-101.0
-99.0
-120.0
-139.0
-122.0
-108.0
-117.0
-92.0
-80.0
-78.0
-108.0
-73.0
-62.0
-60.0
-79.0
-50.0
-70.0
-86.0
-86.0
-97.0
-100.0
-135.0
-112.0
-119.0
-80.0
-58.0
-67.0
-64.0
-63.0
-39.0
-46.0
-60.0
-78.0
-71.0
-73.0
-77.0
-105.0
-48.0
-67.0
-68.0
-74.0
-93.0
-64.0
-72.0
-71.0
-55.0
-74.0
-79.0
-64.0
-82.0
-72.0
-40.0
-68.0
-45.0
-29.0
-58.0
-51.0
-67.0
-79.0
-55.0
-95.0
-93.0
-78.0
-95.0
-79.0
-92.0
-69.0
-82.0
-61.0
-58.0
-87.0
-77.0
-80.0
-109.0
-101.0
-144.0
-103.0
-100.0
-88.0
-93.0
-50.0
-73.0
-77.0
-99.0
-89.0
-102.0
-110.0
-118.0
-93.0
-116.0
-88.0
-80.0
-94.0
-69.0
-72.0
-86.0
-94.0
-79.0
-79.0
-71.0
-80.0
-72.0
-83.0
-52.0
-84.0
-88.0
-89.0
-96.0
-63.0
-73.0
-88.0
-104.0
-121.0
-99.0
-98.0
-103.0
-96.0
-99.0
-97.0
-114.0
-80.0
-91.0
-73.0
-73.0
-65.0
-89.0
-117.0
-79.0
-46.0
-65.0
-93.0
-81.0
-126.0
-75.0
-111.0
-98.0
-106.0
-86.0
-74.0
-62.0
-89.0
-75.0
-83.0
-101.0
-80.0
-70.0
-81.0
-86.0
-105.0
-100.0
-99.0
-109.0
-81.0
-74.0
-82.0
-95.0
-83.0
-109.0
-80.0
-70.0
-102.0
-108.0
-46.0
-78.0
-79.0
-66.0
-61.0
-96.0
-93.0
-76.0
-77.0
-99.0
-76.0
-83.0
-50.0
-56.0
-66.0
-84.0
-90.0
-72.0
-82.0
-88.0
-83.0
-63.0
-73.0
-83.0
-95.0
-80.0
-81.0
-109.0
-79.0
-90.0
-112.0
-89.0
-63.0
-75.0
-76.0
-58.0
-65.0
-71.0
-45.0
-60.0
-59.0
-66.0
-74.0
-93.0
-82.0
-107.0
-86.0
-76.0
-71.0
-83.0
-105.0
-92.0
-80.0
-79.0
-58.0
-60.0
-83.0
-41.0
-63.0
-66.0
-64.0
-74.0
-85.0
-68.0
-64.0
-70.0
-66.0
-59.0
-63.0
-64.0
-76.0
-58.0
-71.0
-73.0
-61.0
-68.0
-115.0
-75.0
-61.0
-55.0
-70.0
-68.0
-57.0
-55.0
-75.0
-52.0
-37.0
-65.0
-49.0
-61.0
-74.0
-70.0
-97.0
-81.0
-87.0
-71.0
-71.0
-87.0
-89.0
-113.0
-98.0
-118.0
-94.0
-111.0
-73.0
-72.0
-92.0
-55.0
-55.0
-73.0
-64.0
-56.0
-71.0
-67.0
-75.0
-26.0
-35.0
-68.0
-81.0
-73.0
-60.0
-81.0
-77.0
-62.0
-66.0
-68.0
-59.0
-55.0
-71.0
-64.0
-73.0
-88.0
-91.0
-111.0
-86.0
-78.0
-58.0
-69.0
-93.0
-97.0
-102.0
-99.0
-55.0
-83.0
-74.0
-76.0
-91.0
-88.0
-58.0
-82.0
-73.0
-71.0
-71.0
-81.0
-67.0
-93.0
-107.0
-68.0
-71.0
-96.0
-89.0
-83.0
-88.0
-85.0
-66.0
-80.0
-112.0
-81.0
-99.0
-111.0
-112.0
-103.0
-76.0
-95.0
-81.0
-105.0
-46.0
-79.0
-43.0
-65.0
-64.0
-93.0
-89.0
-105.0
-100.0
-113.0
-96.0
-102.0
-82.0
-76.0
-72.0
-75.0
-60.0
-37.0
-43.0
-60.0
-27.0
-22.0
-47.0
-32.0
-4.0
-9.0
-40.0
-72.0
-61.0
-87.0
-74.0
-64.0
-86.0
-63.0
-94.0
-78.0
-72.0
-69.0
-24.0
-44.0
-44.0
-55.0
-56.0
-73.0
-63.0
-60.0
-102.0
-68.0
-61.0
-67.0
-61.0
-100.0
-86.0
-58.0
-58.0
-65.0
-64.0
-52.0
-58.0
-44.0
-60.0
-68.0
-37.0
-51.0
-70.0
-84.0
-86.0
-65.0
-59.0
-55.0
-56.0
-72.0
-76.0
-48.0
-86.0
-61.0
-48.0
-54.0
-56.0
-47.0
-52.0
-72.0
-60.0
-57.0
-61.0
-73.0
-64.0
-63.0
-94.0
-98.0
-110.0
-82.0
-62.0
-73.0
-60.0
-68.0
-105.0
-61.0
-73.0
-71.0
-59.0
-95.0
-70.0
-73.0
-67.0
-77.0
-26.0
-21.0
-40.0
-71.0
-70.0
-85.0
-102.0
-55.0
-76.0
-78.0
-108.0
-86.0
-95.0
-70.0
-93.0
-69.0
-89.0
-86.0
-56.0
-83.0
-84.0
-74.0
-58.0
-60.0
-72.0
-67.0
-67.0
-80.0
-80.0
-89.0
-96.0
-97.0
-77.0
-71.0
-81.0
-79.0
-100.0
-100.0
-98.0
-59.0
-67.0
-56.0
-67.0
-82.0
-84.0
-56.0
-60.0
-53.0
-74.0
-49.0
-52.0
-52.0
-70.0
-90.0
-85.0
-87.0
-84.0
-77.0
-101.0
-65.0
-97.0
-91.0
-85.0
-108.0
