-51.0
-48.0
-6.0
-7.0
-35.0
-34.0
-27.0
-49.0
-53.0
-31.0
-58.0
-2.0
-12.0
-24.0
-26.0
-25.0
-21.0
-32.0
-43.0
-46.0
-31.0
-36.0
-73.0
-42.0
-32.0
-90.0
-67.0
-40.0
-67.0
-50.0
-17.0
-43.0
-38.0
-8.0
-32.0
-47.0
-25.0
-46.0
-39.0
-90.0
-68.0
-25.0
-54.0
-57.0
-54.0
-14.0
-38.0
-56.0
-68.0
-33.0
2.0
-3.0
-24.0
-15.0
14.0
-3.0
-31.0
-14.0
-5.0
-21.0
-4.0
-16.0
-10.0
-39.0
-34.0
5.0
22.0
22.0
-3.0
2.0
5.0
-19.0
13.0
-10.0
-49.0
-51.0
-35.0
-38.0
-18.0
-17.0
-42.0
-17.0
-5.0
-46.0
-63.0
-29.0
-37.0
-52.0
-45.0
-52.0
-48.0
-84.0
-120.0
-122.0
-110.0
-115.0
-112.0
-83.0
-79.0
-74.0
-75.0
-58.0
-33.0
-67.0
-44.0
13.0
11.0
18.0
-30.0
-100.0
-112.0
-77.0
-80.0
-80.0
-86.0
-93.0
-68.0
-63.0
-77.0
-58.0
-14.0
-6.0
-8.0
-25.0
-25.0
-33.0
-39.0
-33.0
6.0
24.0
-14.0
-5.0
-27.0
-60.0
-30.0
-9.0
-44.0
-47.0
-36.0
-41.0
-42.0
-17.0
-12.0
-12.0
11.0
17.0
2.0
-3.0
-7.0
-21.0
-5.0
-21.0
-34.0
-71.0
-51.0
-55.0
-46.0
-13.0
-10.0
-45.0
-65.0
-58.0
-36.0
-19.0
-38.0
-58.0
-52.0
-40.0
-48.0
-50.0
-53.0
-23.0
-17.0
-18.0
-35.0
-35.0
-56.0
-64.0
-84.0
-93.0
-113.0
-118.0
-55.0
-36.0
-59.0
-30.0
-13.0
10.0
-5.0
-42.0
-52.0
-46.0
-12.0
-36.0
-52.0
-43.0
-22.0
-49.0
-31.0
-39.0
-48.0
-19.0
-26.0
-41.0
-35.0
-25.0
-29.0
-77.0
-70.0
-45.0
-61.0
-74.0
-72.0
-39.0
-42.0
-17.0
-56.0
-68.0
-65.0
-62.0
-46.0
-35.0
-43.0
-49.0
-40.0
-32.0
-14.0
-28.0
-42.0
-62.0
-53.0
-74.0
-67.0
-32.0
8.0
42.0
35.0
-40.0
-44.0
-36.0
-77.0
-77.0
-53.0
-22.0
-17.0
-17.0
-31.0
-77.0
-51.0
-42.0
-55.0
-24.0
8.0
2.0
20.0
-26.0
-77.0
-60.0
-58.0
-31.0
-41.0
-36.0
-3.0
6.0
40.0
44.0
2.0
10.0
2.0
-24.0
-35.0
-1.0
24.0
48.0
49.0
36.0
58.0
26.0
7.0
18.0
-7.0
-11.0
-11.0
-30.0
-24.0
-45.0
-30.0
-20.0
-32.0
-62.0
-55.0
-41.0
-14.0
2.0
-4.0
-23.0
-10.0
13.0
-25.0
-34.0
-18.0
-16.0
16.0
-8.0
-21.0
-25.0
-81.0
-63.0
-43.0
-83.0
-51.0
14.0
-7.0
-7.0
-21.0
-12.0
13.0
0.0
13.0
14.0
-17.0
12.0
15.0
62.0
69.0
14.0
30.0
42.0
-13.0
-32.0
-5.0
-12.0
11.0
32.0
27.0
15.0
51.0
9.0
-1.0
51.0
1.0
-37.0
3.0
-6.0
2.0
19.0
6.0
-15.0
-67.0
-24.0
-7.0
-34.0
-59.0
-50.0
-34.0
-8.0
-25.0
-67.0
-57.0
-43.0
-15.0
35.0
48.0
31.0
-1.0
-14.0
1.0
12.0
-31.0
-36.0
-21.0
-29.0
-24.0
-1.0
-44.0
-38.0
-1.0
-7.0
-13.0
-6.0
-41.0
-12.0
18.0
40.0
27.0
-3.0
-7.0
10.0
45.0
53.0
60.0
67.0
58.0
42.0
26.0
16.0
2.0
6.0
26.0
-2.0
42.0
1.0
-19.0
4.0
12.0
-5.0
-19.0
50.0
52.0
-4.0
-24.0
-20.0
-40.0
-25.0
-35.0
-71.0
-23.0
-31.0
-46.0
-22.0
-3.0
-8.0
-46.0
-35.0
-24.0
-26.0
-15.0
-9.0
0.0
17.0
41.0
21.0
-2.0
26.0
18.0
-7.0
8.0
-41.0
-20.0
6.0
-24.0
-40.0
-34.0
2.0
-12.0
-27.0
-20.0
-26.0
-30.0
-15.0
-2.0
-14.0
-4.0
9.0
22.0
18.0
-8.0
-2.0
7.0
-2.0
-30.0
-22.0
-20.0
-3.0
-12.0
19.0
36.0
4.0
23.0
10.0
-25.0
-1.0
13.0
19.0
3.0
-26.0
-19.0
-12.0
-7.0
4.0
-13.0
1.0
43.0
80.0
64.0
23.0
-22.0
-44.0
-27.0
-18.0
-32.0
-15.0
-2.0
-14.0
-15.0
-17.0
-41.0
-64.0
-58.0
-49.0
-46.0
-31.0
-45.0
-71.0
-40.0
-24.0
-28.0
-26.0
-33.0
12.0
34.0
1.0
-16.0
5.0
-25.0
-9.0
6.0
-23.0
13.0
11.0
-3.0
28.0
47.0
31.0
37.0
51.0
15.0
-8.0
3.0
45.0
24.0
38.0
65.0
20.0
8.0
37.0
32.0
31.0
16.0
17.0
18.0
42.0
3.0
-11.0
10.0
1.0
-6.0
-4.0
5.0
-25.0
-27.0
-7.0
1.0
-1.0
3.0
-23.0
-41.0
4.0
-6.0
-4.0
47.0
29.0
-4.0
16.0
20.0
-8.0
28.0
25.0
1.0
22.0
20.0
21.0
18.0
11.0
-20.0
-32.0
-17.0
-1.0
-4.0
49.0
57.0
48.0
41.0
40.0
75.0
58.0
46.0
64.0
34.0
11.0
16.0
2.0
-26.0
-45.0
-61.0
-48.0
-18.0
-34.0
-17.0
-32.0
-45.0
-32.0
-51.0
-21.0
39.0
52.0
57.0
58.0
-27.0
-33.0
-2.0
-14.0
2.0
-26.0
-63.0
-26.0
-10.0
-32.0
-23.0
-5.0
29.0
50.0
8.0
-10.0
5.0
11.0
-32.0
-5.0
46.0
22.0
-6.0
-10.0
8.0
17.0
5.0
31.0
38.0
10.0
62.0
61.0
54.0
42.0
30.0
3.0
11.0
9.0
21.0
31.0
13.0
4.0
-1.0
44.0
20.0
3.0
7.0
43.0
63.0
24.0
10.0
8.0
-2.0
22.0
30.0
5.0
11.0
14.0
-13.0
2.0
-22.0
-34.0
20.0
41.0
-3.0
8.0
25.0
-20.0
5.0
7.0
11.0
17.0
15.0
-3.0
-5.0
26.0
28.0
24.0
43.0
85.0
95.0
90.0
65.0
29.0
21.0
-4.0
12.0
37.0
1.0
10.0
7.0
0.0
1.0
-14.0
-5.0
0.0
39.0
41.0
19.0
12.0
7.0
7.0
-8.0
-17.0
-32.0
-37.0
-36.0
-71.0
-111.0
-88.0
-137.0
-56.0
124.0
100.0
21.0
-14.0
-30.0
-18.0
-5.0
-1.0
51.0
73.0
102.0
15.0
-72.0
-95.0
-70.0
-70.0
-34.0
-20.0
-27.0
-7.0
-25.0
-13.0
-37.0
-60.0
-44.0
-8.0
5.0
11.0
49.0
3.0
0.0
5.0
-24.0
-34.0
-26.0
10.0
2.0
8.0
-36.0
-28.0
-41.0
-31.0
13.0
22.0
21.0
5.0
23.0
25.0
-13.0
-6.0
17.0
-2.0
-24.0
-7.0
37.0
52.0
72.0
32.0
23.0
8.0
-15.0
-33.0
-27.0
-43.0
-8.0
60.0
51.0
19.0
49.0
48.0
51.0
59.0
78.0
55.0
46.0
9.0
-4.0
-15.0
-8.0
-36.0
-21.0
12.0
-26.0
-35.0
-2.0
27.0
32.0
45.0
32.0
20.0
5.0
18.0
29.0
45.0
10.0
-13.0
4.0
21.0
37.0
51.0
41.0
16.0
-23.0
-22.0
1.0
-11.0
-26.0
-10.0
9.0
-7.0
-13.0
5.0
0.0
39.0
43.0
13.0
36.0
54.0
54.0
32.0
35.0
13.0
1.0
-2.0
-27.0
4.0
26.0
-32.0
-54.0
-42.0
-21.0
-11.0
-29.0
-49.0
-58.0
-8.0
30.0
68.0
103.0
71.0
-38.0
-69.0
-81.0
-71.0
-62.0
-59.0
-49.0
-34.0
-30.0
-22.0
-35.0
-47.0
-45.0
-42.0
-49.0
-40.0
15.0
59.0
21.0
-18.0
-19.0
-2.0
-48.0
-55.0
-10.0
-24.0
-12.0
-4.0
-41.0
-29.0
-42.0
-6.0
7.0
-35.0
-47.0
-46.0
-4.0
-9.0
-32.0
7.0
7.0
-19.0
-38.0
-12.0
-37.0
-32.0
0.0
-60.0
-100.0
-68.0
-64.0
-68.0
-38.0
-67.0
-59.0
-52.0
-88.0
-74.0
-16.0
-11.0
-35.0
-67.0
-63.0
-41.0
-31.0
-47.0
-62.0
-55.0
-48.0
-32.0
-52.0
-43.0
-45.0
-58.0
-59.0
-6.0
3.0
-8.0
-45.0
-45.0
-18.0
-52.0
-55.0
-30.0
-44.0
-28.0
-52.0
-64.0
-61.0
-28.0
-17.0
-7.0
17.0
5.0
13.0
5.0
-24.0
-20.0
-10.0
14.0
22.0
-25.0
-45.0
-34.0
6.0
4.0
21.0
33.0
28.0
32.0
41.0
23.0
16.0
23.0
-19.0
-53.0
-57.0
-29.0
-31.0
-41.0
-6.0
-18.0
-8.0
-8.0
-27.0
-22.0
-42.0
-7.0
53.0
73.0
1.0
-60.0
-52.0
-46.0
-54.0
-54.0
-25.0
-25.0
-27.0
-10.0
1.0
-51.0
-26.0
-25.0
-16.0
-33.0
-29.0
-31.0
-34.0
-52.0
-39.0
-34.0
-27.0
1.0
-25.0
-45.0
-57.0
-10.0
-2.0
-29.0
-15.0
-1.0
-2.0
26.0
-9.0
-10.0
8.0
5.0
-1.0
27.0
9.0
15.0
14.0
21.0
28.0
32.0
56.0
24.0
11.0
2.0
-5.0
28.0
56.0
37.0
25.0
21.0
12.0
3.0
13.0
31.0
29.0
14.0
31.0
15.0
53.0
26.0
36.0
51.0
30.0
51.0
47.0
46.0
43.0
76.0
54.0
35.0
33.0
22.0
-8.0
-2.0
34.0
47.0
52.0
39.0
45.0
36.0
40.0
36.0
15.0
41.0
39.0
6.0
-2.0
-7.0
-36.0
-28.0
-46.0
-2.0
20.0
19.0
28.0
49.0
52.0
27.0
26.0
56.0
51.0
61.0
30.0
2.0
13.0
31.0
22.0
16.0
12.0
-18.0
-24.0
-32.0
-49.0
-39.0
-2.0
-15.0
-21.0
-22.0
20.0
29.0
-37.0
-62.0
10.0
78.0
106.0
34.0
-31.0
-5.0
1.0
-17.0
-3.0
-37.0
-39.0
-6.0
16.0
7.0
-40.0
-27.0
-7.0
-4.0
7.0
-34.0
-6.0
11.0
-7.0
-24.0
-30.0
-36.0
-34.0
-23.0
-13.0
-11.0
-31.0
-27.0
-24.0
-40.0
-31.0
6.0
1.0
-21.0
-5.0
-11.0
-10.0
-1.0
15.0
4.0
-8.0
-16.0
-10.0
14.0
-33.0
-67.0
-54.0
-46.0
-27.0
-71.0
-71.0
-64.0
-36.0
-6.0
-22.0
-26.0
-23.0
-24.0
-20.0
-35.0
-23.0
12.0
-6.0
-55.0
-44.0
-37.0
-23.0
-15.0
-24.0
20.0
29.0
-43.0
-11.0
-19.0
-34.0
-67.0
-16.0
-27.0
-19.0
-34.0
-48.0
-19.0
-7.0
-32.0
-22.0
8.0
8.0
-20.0
17.0
11.0
5.0
13.0
-39.0
-34.0
14.0
17.0
4.0
-15.0
13.0
4.0
-6.0
30.0
32.0
-12.0
-7.0
50.0
32.0
36.0
24.0
3.0
42.0
30.0
22.0
-18.0
-12.0
26.0
20.0
-29.0
-57.0
-6.0
-14.0
-21.0
22.0
36.0
63.0
83.0
55.0
-9.0
-53.0
-49.0
-30.0
-17.0
-1.0
-15.0
-30.0
-16.0
-54.0
-60.0
-42.0
-59.0
-42.0
26.0
24.0
3.0
-1.0
-21.0
-19.0
-12.0
-30.0
-42.0
-29.0
-24.0
0.0
26.0
-33.0
-39.0
-41.0
-7.0
3.0
-18.0
3.0
13.0
29.0
43.0
52.0
61.0
36.0
25.0
40.0
46.0
45.0
53.0
35.0
2.0
2.0
32.0
33.0
35.0
25.0
18.0
6.0
-5.0
25.0
53.0
37.0
31.0
26.0
2.0
32.0
16.0
7.0
29.0
11.0
7.0
36.0
66.0
10.0
-2.0
-3.0
-24.0
-30.0
-15.0
-25.0
-4.0
-11.0
0.0
16.0
23.0
33.0
49.0
29.0
31.0
24.0
26.0
33.0
16.0
-2.0
2.0
-1.0
-11.0
-17.0
-13.0
-12.0
31.0
44.0
-5.0
-1.0
20.0
12.0
36.0
18.0
16.0
-4.0
-1.0
8.0
-29.0
-12.0
28.0
25.0
-3.0
-7.0
-7.0
-4.0
-2.0
31.0
-7.0
-21.0
-15.0
3.0
16.0
48.0
68.0
55.0
0.0
-60.0
-39.0
6.0
6.0
39.0
25.0
15.0
16.0
-5.0
-4.0
-52.0
-29.0
9.0
-34.0
-27.0
-51.0
-15.0
17.0
12.0
25.0
30.0
-2.0
16.0
20.0
17.0
1.0
-17.0
-6.0
38.0
4.0
-26.0
-35.0
-20.0
-7.0
18.0
44.0
65.0
53.0
32.0
15.0
3.0
24.0
16.0
-5.0
8.0
17.0
20.0
18.0
-17.0
-1.0
22.0
22.0
-1.0
-20.0
15.0
12.0
-5.0
-27.0
-27.0
2.0
24.0
50.0
76.0
33.0
32.0
24.0
-7.0
-15.0
-14.0
-17.0
-1.0
-14.0
-7.0
23.0
9.0
16.0
6.0
-39.0
-25.0
-33.0
-39.0
-11.0
-37.0
-52.0
-43.0
-52.0
-41.0
-29.0
-18.0
-31.0
-25.0
-15.0
-5.0
7.0
10.0
10.0
12.0
18.0
38.0
21.0
13.0
25.0
-4.0
34.0
44.0
4.0
-2.0
0.0
7.0
-3.0
-33.0
-14.0
-31.0
-36.0
-26.0
-11.0
-17.0
-78.0
-54.0
-62.0
-43.0
-41.0
-9.0
36.0
72.0
89.0
52.0
8.0
-17.0
-90.0
-20.0
-11.0
-2.0
44.0
35.0
38.0
30.0
36.0
41.0
29.0
-18.0
-45.0
-29.0
-38.0
-54.0
-29.0
-11.0
1.0
14.0
-10.0
-35.0
-13.0
3.0
-22.0
-24.0
-24.0
-33.0
-23.0
-34.0
-35.0
-7.0
-16.0
20.0
21.0
12.0
2.0
-10.0
20.0
-5.0
-36.0
-31.0
-20.0
-9.0
-26.0
-43.0
-7.0
-11.0
7.0
-8.0
17.0
88.0
100.0
98.0
171.0
172.0
148.0
169.0
187.0
182.0
173.0
191.0
184.0
155.0
136.0
120.0
109.0
108.0
98.0
67.0
53.0
43.0
-21.0
-35.0
-26.0
-5.0
6.0
-6.0
-5.0
-26.0
-11.0
-26.0
-34.0
-71.0
-70.0
1.0
-32.0
-43.0
-24.0
-58.0
-64.0
-36.0
-39.0
-59.0
-79.0
-105.0
-99.0
-63.0
-38.0
-40.0
-7.0
-30.0
-22.0
-5.0
-25.0
-52.0
-53.0
-84.0
-68.0
-68.0
-52.0
-91.0
-90.0
-76.0
-89.0
-105.0
-89.0
-68.0
-65.0
-83.0
-96.0
-69.0
-81.0
-64.0
-102.0
-49.0
-4.0
12.0
28.0
-2.0
-90.0
-108.0
-73.0
-48.0
-65.0
-61.0
-60.0
-68.0
-58.0
-32.0
-58.0
-68.0
-59.0
-36.0
-30.0
-48.0
-39.0
-11.0
-27.0
-61.0
-32.0
-44.0
-47.0
-30.0
-35.0
-42.0
-39.0
-48.0
-52.0
-43.0
-36.0
-4.0
-29.0
-48.0
-56.0
-56.0
-26.0
-34.0
-34.0
-13.0
0.0
-4.0
-19.0
-34.0
-26.0
-29.0
-55.0
-48.0
-32.0
-9.0
-56.0
-27.0
-8.0
-27.0
12.0
14.0
30.0
44.0
19.0
30.0
44.0
42.0
35.0
2.0
-33.0
-15.0
-41.0
-18.0
-35.0
-30.0
-19.0
-2.0
23.0
-2.0
-27.0
-16.0
42.0
39.0
28.0
38.0
8.0
0.0
-24.0
3.0
-14.0
6.0
21.0
2.0
-9.0
-20.0
1.0
6.0
1.0
3.0
20.0
16.0
2.0
8.0
-29.0
-21.0
3.0
41.0
16.0
20.0
13.0
-20.0
11.0
26.0
16.0
8.0
-24.0
-34.0
-49.0
-44.0
-55.0
-41.0
25.0
26.0
21.0
-21.0
24.0
43.0
8.0
-10.0
-16.0
34.0
95.0
86.0
43.0
-35.0
-67.0
-42.0
-20.0
-35.0
-31.0
-16.0
-44.0
-33.0
-14.0
-7.0
-10.0
-18.0
-8.0
-34.0
4.0
-14.0
-31.0
4.0
2.0
-10.0
39.0
-2.0
-11.0
2.0
-3.0
-6.0
13.0
4.0
6.0
-21.0
-50.0
-127.0
17.0
96.0
84.0
77.0
41.0
30.0
45.0
76.0
92.0
44.0
57.0
29.0
-7.0
1.0
-6.0
-4.0
23.0
12.0
31.0
45.0
11.0
-21.0
-26.0
-41.0
-29.0
-20.0
-28.0
5.0
-17.0
-15.0
-3.0
-25.0
-27.0
10.0
35.0
27.0
16.0
23.0
31.0
13.0
33.0
30.0
38.0
24.0
8.0
22.0
30.0
34.0
13.0
-36.0
10.0
-17.0
-24.0
-36.0
-17.0
-7.0
-9.0
1.0
20.0
10.0
-36.0
5.0
32.0
10.0
25.0
42.0
48.0
13.0
-19.0
-5.0
-26.0
-14.0
-20.0
-45.0
-19.0
-26.0
-20.0
-20.0
-24.0
0.0
-17.0
-42.0
-10.0
-19.0
-40.0
-45.0
-23.0
10.0
76.0
57.0
77.0
26.0
-44.0
-37.0
-37.0
-29.0
-29.0
-14.0
18.0
31.0
26.0
-13.0
39.0
25.0
-1.0
-1.0
-8.0
-28.0
-3.0
-17.0
-7.0
18.0
-1.0
-26.0
1.0
-11.0
-1.0
33.0
1.0
10.0
6.0
-8.0
-24.0
-40.0
-41.0
20.0
20.0
-13.0
-22.0
-7.0
-2.0
-10.0
-45.0
-39.0
-53.0
-57.0
-22.0
-25.0
-18.0
-13.0
-13.0
-35.0
-12.0
15.0
15.0
-10.0
-38.0
-5.0
48.0
40.0
27.0
27.0
-2.0
-16.0
17.0
39.0
24.0
10.0
8.0
-25.0
-6.0
20.0
-2.0
27.0
53.0
21.0
-11.0
-16.0
29.0
19.0
5.0
-8.0
10.0
-5.0
-12.0
-21.0
-36.0
-4.0
7.0
26.0
18.0
0.0
37.0
31.0
25.0
20.0
23.0
0.0
-11.0
2.0
5.0
11.0
34.0
27.0
13.0
-12.0
-18.0
-18.0
10.0
-26.0
-10.0
-18.0
20.0
-16.0
-33.0
-38.0
-21.0
0.0
14.0
-11.0
-15.0
5.0
14.0
47.0
80.0
111.0
83.0
-8.0
-2.0
-17.0
-27.0
-9.0
-13.0
-39.0
-26.0
-31.0
-37.0
-39.0
-45.0
-18.0
-39.0
-27.0
-41.0
-16.0
-1.0
-17.0
1.0
31.0
-8.0
-6.0
1.0
-24.0
8.0
-16.0
-3.0
-3.0
7.0
36.0
-7.0
8.0
34.0
2.0
-5.0
5.0
-4.0
16.0
-2.0
3.0
-12.0
-54.0
-14.0
-24.0
-24.0
-11.0
6.0
-1.0
-8.0
-35.0
-17.0
32.0
30.0
18.0
17.0
23.0
-11.0
-5.0
-3.0
-18.0
14.0
1.0
-5.0
-6.0
5.0
15.0
20.0
-20.0
10.0
8.0
24.0
23.0
23.0
35.0
35.0
45.0
35.0
-11.0
32.0
35.0
19.0
19.0
10.0
36.0
-5.0
14.0
8.0
-7.0
2.0
-18.0
-12.0
-3.0
-3.0
-50.0
-51.0
-13.0
-2.0
-9.0
17.0
15.0
40.0
49.0
52.0
48.0
15.0
-23.0
-19.0
-27.0
4.0
-44.0
-143.0
-13.0
-64.0
-162.0
-174.0
-161.0
-118.0
-104.0
-84.0
-102.0
-84.0
-42.0
-1.0
12.0
-108.0
-125.0
-101.0
-118.0
-105.0
-129.0
-120.0
-106.0
-71.0
-80.0
-90.0
-84.0
-103.0
-75.0
-94.0
-124.0
-114.0
-115.0
-56.0
-12.0
-22.0
-48.0
-24.0
-22.0
-34.0
-39.0
-24.0
-1.0
-23.0
-5.0
14.0
8.0
23.0
29.0
3.0
29.0
36.0
34.0
58.0
-9.0
-54.0
-25.0
-7.0
-13.0
3.0
-10.0
-41.0
-10.0
70.0
66.0
10.0
-28.0
-56.0
-46.0
-27.0
-6.0
0.0
6.0
-12.0
7.0
16.0
-8.0
4.0
-3.0
-23.0
-35.0
-58.0
-17.0
-6.0
3.0
-9.0
-10.0
-17.0
-35.0
-12.0
6.0
-12.0
-21.0
12.0
-52.0
-27.0
-2.0
-52.0
-33.0
-43.0
2.0
-7.0
-16.0
40.0
260.0
328.0
435.0
549.0
552.0
548.0
550.0
544.0
540.0
532.0
488.0
417.0
334.0
348.0
275.0
220.0
162.0
96.0
59.0
18.0
-40.0
-101.0
-132.0
-143.0
-173.0
-178.0
-183.0
-224.0
-232.0
-218.0
-242.0
-242.0
-291.0
-334.0
-319.0
-270.0
-242.0
-233.0
-269.0
-336.0
-367.0
-372.0
-392.0
-405.0
-384.0
-375.0
-377.0
-371.0
-335.0
-342.0
-357.0
-369.0
-335.0
-321.0
-300.0
-298.0
-269.0
-299.0
-313.0
-310.0
-270.0
-263.0
-277.0
-279.0
-236.0
-243.0
-257.0
-254.0
-232.0
-185.0
-207.0
-180.0
-196.0
-203.0
-209.0
-155.0
-167.0
-196.0
-162.0
-181.0
-165.0
-199.0
-205.0
-230.0
-244.0
-176.0
-192.0
-186.0
-161.0
-186.0
-193.0
-183.0
-187.0
-191.0
-199.0
-178.0
-181.0
-194.0
-188.0
-176.0
-169.0
-166.0
-168.0
-165.0
-186.0
-172.0
-147.0
-122.0
-129.0
-131.0
-98.0
-127.0
-118.0
-109.0
-134.0
-107.0
-93.0
-133.0
-183.0
-175.0
-157.0
-125.0
-111.0
-97.0
-130.0
-114.0
-130.0
-125.0
-114.0
-135.0
-146.0
-112.0
-120.0
-141.0
-122.0
-95.0
-108.0
-121.0
-115.0
-103.0
-87.0
-34.0
-12.0
-56.0
-72.0
-54.0
-59.0
-63.0
-86.0
-25.0
-45.0
-63.0
-61.0
-117.0
-101.0
-62.0
-59.0
-108.0
-96.0
-51.0
-48.0
-60.0
1.0
11.0
21.0
-39.0
-62.0
-58.0
-79.0
-78.0
-37.0
-8.0
-63.0
-55.0
-29.0
-60.0
-84.0
-74.0
-76.0
-54.0
-33.0
-42.0
-72.0
-77.0
-42.0
-48.0
-31.0
-6.0
-31.0
-61.0
-72.0
-86.0
-70.0
-42.0
-30.0
-16.0
-28.0
-5.0
15.0
-59.0
-46.0
-61.0
-49.0
-43.0
-33.0
24.0
-18.0
-32.0
-14.0
-21.0
-52.0
-49.0
-19.0
-46.0
-67.0
-47.0
-30.0
-44.0
-2.0
-4.0
-42.0
-36.0
-2.0
-32.0
-6.0
7.0
22.0
3.0
-42.0
-32.0
-17.0
-10.0
-22.0
-12.0
30.0
2.0
-7.0
24.0
34.0
36.0
7.0
-3.0
-26.0
-36.0
-45.0
-20.0
-22.0
-5.0
-7.0
-13.0
16.0
39.0
43.0
42.0
73.0
56.0
34.0
8.0
-5.0
-30.0
-37.0
-24.0
-35.0
-55.0
-31.0
8.0
-14.0
8.0
15.0
23.0
11.0
-1.0
-22.0
-43.0
-33.0
-22.0
-57.0
-17.0
32.0
21.0
-4.0
-13.0
-22.0
-33.0
-53.0
4.0
37.0
52.0
102.0
3.0
-60.0
-45.0
-19.0
-83.0
-36.0
31.0
34.0
-27.0
-8.0
-24.0
5.0
22.0
25.0
8.0
-44.0
-61.0
5.0
-36.0
-74.0
-35.0
-21.0
-27.0
-4.0
-31.0
-30.0
-13.0
-1.0
-26.0
-38.0
-25.0
1.0
-38.0
1.0
25.0
-1.0
3.0
-10.0
11.0
-8.0
-13.0
-15.0
-56.0
-48.0
-24.0
11.0
-34.0
-48.0
-35.0
-28.0
-28.0
-29.0
-22.0
-52.0
-36.0
-28.0
-22.0
-49.0
-22.0
-1.0
3.0
-10.0
-30.0
-22.0
-25.0
-56.0
-40.0
-32.0
-63.0
-72.0
-55.0
-40.0
-50.0
-20.0
-20.0
6.0
6.0
-23.0
-42.0
-59.0
-49.0
-34.0
-58.0
-43.0
-41.0
-35.0
-69.0
-68.0
-33.0
-40.0
-45.0
-52.0
-34.0
-35.0
-42.0
-36.0
-42.0
-53.0
-69.0
-50.0
-6.0
-33.0
-43.0
-31.0
-39.0
-56.0
-63.0
-22.0
-41.0
-37.0
-20.0
16.0
-20.0
-59.0
-58.0
-73.0
-53.0
-42.0
-59.0
-65.0
-34.0
-20.0
-2.0
-29.0
-98.0
16.0
71.0
92.0
124.0
98.0
1.0
-49.0
-65.0
-61.0
15.0
-22.0
-5.0
2.0
-7.0
4.0
14.0
6.0
13.0
16.0
-37.0
-22.0
-4.0
-58.0
-66.0
-75.0
-24.0
-20.0
-25.0
-5.0
41.0
29.0
-2.0
18.0
2.0
8.0
21.0
-11.0
-14.0
-35.0
-52.0
-16.0
15.0
40.0
104.0
99.0
60.0
49.0
48.0
56.0
36.0
1.0
10.0
-15.0
-31.0
-38.0
-61.0
-55.0
-51.0
-31.0
-30.0
0.0
20.0
30.0
33.0
38.0
58.0
63.0
20.0
23.0
26.0
47.0
43.0
51.0
12.0
37.0
76.0
42.0
22.0
39.0
17.0
42.0
34.0
19.0
20.0
44.0
17.0
-32.0
-21.0
14.0
-27.0
14.0
37.0
54.0
59.0
30.0
62.0
25.0
-12.0
-3.0
-31.0
-54.0
-7.0
-36.0
-41.0
-10.0
7.0
-6.0
-15.0
-34.0
-37.0
-18.0
-15.0
-26.0
-4.0
6.0
-24.0
10.0
-6.0
-48.0
-27.0
-74.0
-78.0
-59.0
-64.0
-34.0
-39.0
-46.0
-69.0
-22.0
-15.0
-81.0
-82.0
-35.0
2.0
62.0
81.0
61.0
2.0
-59.0
-63.0
-56.0
-76.0
-80.0
-76.0
-54.0
-59.0
-65.0
-51.0
-58.0
-96.0
-67.0
-16.0
-10.0
-16.0
11.0
-5.0
1.0
22.0
47.0
22.0
-9.0
-41.0
-85.0
-98.0
-52.0
-52.0
-94.0
-10.0
-5.0
34.0
8.0
12.0
7.0
-51.0
-62.0
-50.0
-53.0
-63.0
-33.0
-26.0
-33.0
-7.0
-11.0
-9.0
-31.0
-59.0
-29.0
-30.0
-17.0
-25.0
-34.0
-41.0
-33.0
4.0
-9.0
-30.0
-18.0
4.0
-39.0
-36.0
-70.0
-62.0
-33.0
-37.0
-33.0
-29.0
-25.0
-39.0
-42.0
-8.0
-10.0
-27.0
-45.0
-29.0
-43.0
10.0
18.0
11.0
19.0
-5.0
-34.0
-52.0
-52.0
-9.0
14.0
15.0
24.0
21.0
9.0
-8.0
-32.0
-4.0
-31.0
-40.0
-29.0
-30.0
-30.0
-47.0
-26.0
-6.0
-14.0
-26.0
-8.0
-21.0
-38.0
-15.0
-25.0
-36.0
-20.0
-20.0
-16.0
-8.0
20.0
-4.0
-11.0
-7.0
-23.0
-44.0
-16.0
-42.0
-26.0
-34.0
-20.0
-3.0
-21.0
-21.0
-42.0
-76.0
-68.0
-52.0
-74.0
-31.0
28.0
60.0
52.0
-31.0
-76.0
-65.0
-60.0
-55.0
-79.0
-71.0
-60.0
-30.0
-43.0
-55.0
-64.0
-53.0
-32.0
-33.0
-43.0
-65.0
-66.0
-39.0
-51.0
-71.0
-102.0
-127.0
-77.0
-60.0
-83.0
-86.0
-68.0
-39.0
-16.0
-36.0
2.0
-20.0
-60.0
-89.0
-105.0
-86.0
-81.0
-77.0
-52.0
-61.0
-50.0
14.0
-10.0
-23.0
-26.0
-72.0
-86.0
-55.0
-49.0
-82.0
-46.0
-20.0
-16.0
-56.0
-40.0
-21.0
10.0
-4.0
-29.0
-18.0
-52.0
-58.0
-61.0
-55.0
-51.0
-18.0
-13.0
32.0
-13.0
-32.0
3.0
-7.0
-53.0
11.0
39.0
15.0
14.0
27.0
31.0
2.0
14.0
12.0
3.0
13.0
-2.0
-32.0
13.0
23.0
5.0
6.0
26.0
30.0
34.0
52.0
27.0
38.0
59.0
18.0
-32.0
-13.0
18.0
25.0
6.0
29.0
22.0
25.0
19.0
20.0
12.0
24.0
-23.0
-37.0
-12.0
6.0
-5.0
21.0
-6.0
-29.0
6.0
9.0
-54.0
-42.0
-56.0
-27.0
6.0
-53.0
-20.0
-33.0
-39.0
-32.0
-4.0
5.0
37.0
72.0
83.0
35.0
-28.0
-62.0
-34.0
-43.0
-15.0
18.0
10.0
-23.0
-15.0
-30.0
-34.0
-7.0
9.0
-6.0
5.0
2.0
42.0
9.0
-27.0
4.0
-10.0
-13.0
48.0
26.0
6.0
25.0
5.0
22.0
39.0
18.0
-20.0
9.0
11.0
46.0
50.0
35.0
41.0
27.0
30.0
33.0
44.0
34.0
-8.0
-11.0
31.0
26.0
3.0
21.0
-1.0
1.0
32.0
-27.0
-34.0
-3.0
-14.0
-2.0
-16.0
16.0
7.0
29.0
-7.0
-12.0
-27.0
-4.0
13.0
-27.0
-12.0
44.0
39.0
4.0
15.0
14.0
14.0
-2.0
31.0
47.0
45.0
-4.0
4.0
3.0
11.0
22.0
17.0
32.0
47.0
23.0
8.0
-13.0
5.0
-5.0
30.0
27.0
24.0
16.0
27.0
57.0
45.0
43.0
63.0
73.0
47.0
36.0
12.0
43.0
42.0
34.0
50.0
11.0
1.0
4.0
17.0
32.0
-2.0
-6.0
-3.0
-20.0
-20.0
22.0
15.0
34.0
-5.0
-38.0
-34.0
-16.0
-17.0
-20.0
-17.0
-44.0
-55.0
-21.0
-29.0
-34.0
16.0
67.0
86.0
76.0
-24.0
-76.0
-58.0
-51.0
-56.0
-90.0
-54.0
-32.0
-25.0
-48.0
-49.0
-41.0
-34.0
-38.0
-41.0
-40.0
-50.0
-41.0
7.0
-46.0
-56.0
-54.0
-21.0
-41.0
-31.0
-7.0
30.0
-20.0
-32.0
19.0
4.0
-10.0
-6.0
7.0
-8.0
28.0
28.0
7.0
33.0
-35.0
-49.0
-35.0
-34.0
-59.0
-24.0
-12.0
-3.0
-7.0
-27.0
-12.0
-11.0
4.0
-1.0
5.0
35.0
16.0
12.0
33.0
-22.0
9.0
-2.0
-29.0
-2.0
-16.0
-4.0
-7.0
-6.0
-8.0
-12.0
1.0
19.0
-5.0
1.0
42.0
20.0
27.0
30.0
52.0
-1.0
1.0
-4.0
-3.0
-59.0
-14.0
-5.0
-40.0
8.0
-4.0
-17.0
-9.0
-16.0
-7.0
11.0
14.0
-16.0
-18.0
8.0
15.0
-35.0
-50.0
-30.0
22.0
3.0
7.0
-11.0
-17.0
3.0
-4.0
-3.0
-34.0
-44.0
-41.0
-5.0
-57.0
-60.0
28.0
56.0
49.0
32.0
22.0
25.0
23.0
32.0
-4.0
-17.0
19.0
65.0
110.0
61.0
-4.0
-31.0
-35.0
-28.0
-42.0
-15.0
-11.0
3.0
35.0
7.0
-4.0
-37.0
-21.0
-21.0
-8.0
19.0
10.0
18.0
6.0
28.0
-4.0
3.0
6.0
-23.0
-13.0
-11.0
-8.0
-2.0
-32.0
-17.0
-5.0
-15.0
-22.0
-12.0
0.0
17.0
-11.0
-77.0
4.0
10.0
57.0
55.0
16.0
2.0
-7.0
24.0
29.0
9.0
-26.0
3.0
21.0
-17.0
-23.0
-37.0
-31.0
-51.0
-70.0
-26.0
-13.0
-9.0
-6.0
30.0
12.0
-14.0
-8.0
-29.0
-26.0
-15.0
-10.0
-41.0
-68.0
-88.0
-55.0
-35.0
-75.0
-27.0
-22.0
-7.0
-20.0
-32.0
-28.0
-25.0
-8.0
-10.0
-3.0
-21.0
-54.0
-42.0
-24.0
-4.0
-1.0
-17.0
-13.0
7.0
-7.0
15.0
-3.0
0.0
6.0
10.0
13.0
-33.0
5.0
37.0
16.0
39.0
11.0
-4.0
-1.0
-42.0
-25.0
5.0
-27.0
-11.0
2.0
-5.0
-9.0
1.0
-30.0
-49.0
-48.0
-2.0
45.0
90.0
91.0
88.0
13.0
-18.0
-40.0
-90.0
-96.0
-65.0
-83.0
-55.0
-69.0
-76.0
-21.0
5.0
41.0
49.0
7.0
6.0
-21.0
-39.0
-29.0
-69.0
-17.0
-24.0
-12.0
15.0
4.0
-10.0
11.0
3.0
-11.0
6.0
23.0
-2.0
11.0
37.0
65.0
52.0
37.0
48.0
39.0
3.0
-11.0
-12.0
-8.0
14.0
-14.0
-20.0
-7.0
55.0
36.0
7.0
35.0
54.0
14.0
4.0
-15.0
-20.0
-12.0
-8.0
30.0
12.0
-10.0
5.0
0.0
-14.0
-16.0
-58.0
-58.0
-92.0
-82.0
-79.0
-65.0
-32.0
-15.0
8.0
4.0
-35.0
-31.0
-21.0
-3.0
-17.0
-54.0
-52.0
-50.0
-70.0
-16.0
0.0
-11.0
-50.0
-6.0
-6.0
-60.0
-31.0
-32.0
-13.0
-15.0
-47.0
-36.0
-23.0
-3.0
-31.0
-39.0
-8.0
-19.0
-39.0
7.0
3.0
-2.0
-9.0
13.0
-11.0
-7.0
-2.0
19.0
32.0
-1.0
-43.0
-25.0
-5.0
-13.0
29.0
32.0
-37.0
-65.0
-1.0
39.0
69.0
58.0
21.0
-50.0
-87.0
-88.0
-49.0
-40.0
-13.0
2.0
-32.0
-30.0
-55.0
-21.0
8.0
-6.0
1.0
-3.0
-1.0
-7.0
31.0
30.0
22.0
11.0
-10.0
-17.0
9.0
-7.0
5.0
25.0
-2.0
-26.0
4.0
-26.0
-33.0
13.0
24.0
12.0
-12.0
-23.0
-11.0
-39.0
-41.0
-4.0
-38.0
-32.0
-9.0
-23.0
-14.0
-22.0
10.0
-22.0
-59.0
-32.0
-31.0
-26.0
-17.0
-12.0
-27.0
-39.0
-10.0
-36.0
-35.0
-56.0
-63.0
-46.0
-37.0
-42.0
-44.0
-50.0
-86.0
-62.0
-58.0
-76.0
-48.0
-49.0
-73.0
-44.0
-77.0
-78.0
-36.0
-3.0
-16.0
0.0
-22.0
25.0
-18.0
-50.0
-54.0
-50.0
-58.0
-9.0
-7.0
-5.0
1.0
-5.0
-32.0
-8.0
-23.0
-11.0
13.0
26.0
56.0
31.0
24.0
46.0
48.0
15.0
30.0
33.0
-3.0
6.0
8.0
23.0
40.0
59.0
22.0
5.0
-49.0
-58.0
-65.0
-51.0
-18.0
-14.0
-11.0
2.0
29.0
36.0
98.0
119.0
85.0
25.0
-72.0
-80.0
-107.0
-91.0
-68.0
-56.0
-16.0
-8.0
-17.0
-22.0
2.0
28.0
34.0
15.0
-7.0
-23.0
-35.0
-55.0
-35.0
-13.0
-37.0
2.0
64.0
49.0
50.0
60.0
15.0
23.0
26.0
-36.0
-24.0
3.0
-33.0
-36.0
9.0
3.0
21.0
-3.0
-17.0
6.0
10.0
30.0
18.0
58.0
75.0
27.0
12.0
3.0
-27.0
-20.0
-17.0
-39.0
-28.0
-12.0
-24.0
-33.0
-7.0
16.0
6.0
15.0
7.0
-4.0
-7.0
-37.0
-5.0
14.0
-34.0
-15.0
-12.0
-35.0
-20.0
-21.0
-28.0
-39.0
-29.0
-30.0
-40.0
-32.0
-14.0
-3.0
-4.0
3.0
-14.0
-10.0
-7.0
3.0
16.0
-6.0
1.0
45.0
20.0
34.0
11.0
49.0
21.0
-48.0
-17.0
3.0
-18.0
-5.0
41.0
13.0
19.0
35.0
7.0
7.0
25.0
-4.0
-25.0
-30.0
-13.0
21.0
42.0
33.0
3.0
34.0
6.0
2.0
33.0
34.0
3.0
2.0
23.0
33.0
13.0
-26.0
-8.0
39.0
81.0
96.0
83.0
22.0
-72.0
-32.0
5.0
-43.0
-40.0
-22.0
-59.0
-46.0
-16.0
-16.0
26.0
15.0
-36.0
-21.0
-26.0
-15.0
13.0
-1.0
8.0
25.0
33.0
17.0
7.0
-3.0
-17.0
-14.0
13.0
-17.0
4.0
7.0
-2.0
31.0
20.0
14.0
46.0
41.0
36.0
34.0
33.0
42.0
42.0
13.0
5.0
-1.0
43.0
24.0
-26.0
-34.0
-35.0
-53.0
6.0
15.0
-14.0
23.0
-8.0
8.0
-17.0
-32.0
-23.0
-35.0
-14.0
-21.0
-29.0
-18.0
2.0
9.0
4.0
-20.0
-18.0
25.0
-18.0
-37.0
-28.0
-31.0
-30.0
-42.0
-27.0
16.0
-8.0
-27.0
-2.0
-25.0
-26.0
-6.0
16.0
39.0
39.0
14.0
-23.0
-12.0
15.0
-42.0
-31.0
20.0
44.0
3.0
-18.0
-11.0
-8.0
-14.0
-7.0
6.0
21.0
56.0
76.0
53.0
63.0
82.0
74.0
56.0
3.0
-17.0
-54.0
-35.0
-27.0
-59.0
-21.0
51.0
10.0
-2.0
49.0
31.0
25.0
2.0
-5.0
-21.0
42.0
118.0
153.0
101.0
46.0
-12.0
15.0
25.0
9.0
-24.0
3.0
20.0
-3.0
-15.0
-13.0
13.0
10.0
4.0
-4.0
-32.0
-11.0
-4.0
13.0
14.0
-6.0
9.0
10.0
-10.0
34.0
62.0
34.0
-5.0
-20.0
-12.0
-12.0
20.0
40.0
-1.0
-4.0
9.0
-6.0
-49.0
-55.0
-21.0
18.0
-44.0
-49.0
-42.0
-53.0
-56.0
-14.0
1.0
-7.0
-12.0
-18.0
-3.0
-38.0
-7.0
-3.0
-7.0
-3.0
-88.0
-36.0
24.0
4.0
14.0
33.0
8.0
11.0
34.0
39.0
12.0
15.0
-10.0
20.0
37.0
12.0
21.0
6.0
-29.0
-8.0
-16.0
-34.0
-64.0
-81.0
-37.0
-14.0
-36.0
-29.0
-48.0
-36.0
-38.0
-59.0
-39.0
-25.0
-51.0
-60.0
-54.0
-15.0
-48.0
-44.0
-33.0
-36.0
-22.0
-14.0
-28.0
-15.0
-24.0
-8.0
-7.0
-30.0
-42.0
-52.0
-35.0
-52.0
-84.0
-67.0
-76.0
-28.0
-36.0
-65.0
-77.0
-77.0
-80.0
-56.0
-58.0
-53.0
-20.0
-29.0
3.0
40.0
38.0
36.0
-5.0
-32.0
-21.0
-30.0
-37.0
7.0
-19.0
-34.0
-28.0
23.0
-1.0
-23.0
23.0
14.0
-14.0
47.0
23.0
-3.0
34.0
18.0
38.0
44.0
17.0
45.0
70.0
77.0
36.0
43.0
79.0
99.0
42.0
22.0
36.0
40.0
25.0
-27.0
3.0
25.0
64.0
68.0
53.0
42.0
21.0
33.0
55.0
23.0
32.0
38.0
12.0
22.0
10.0
17.0
20.0
4.0
3.0
26.0
-11.0
-2.0
15.0
-2.0
-2.0
-15.0
-31.0
3.0
44.0
46.0
5.0
-5.0
24.0
30.0
31.0
18.0
-10.0
-23.0
-7.0
-8.0
26.0
7.0
11.0
-3.0
0.0
5.0
-19.0
-11.0
14.0
0.0
50.0
23.0
-4.0
12.0
40.0
49.0
37.0
65.0
26.0
5.0
22.0
43.0
40.0
21.0
35.0
36.0
47.0
74.0
45.0
44.0
69.0
37.0
-8.0
-8.0
-33.0
-15.0
3.0
-14.0
-20.0
-36.0
-40.0
-21.0
-51.0
-49.0
-45.0
-17.0
-14.0
-7.0
-33.0
-40.0
10.0
46.0
76.0
82.0
2.0
-40.0
-23.0
-22.0
-33.0
-33.0
-27.0
-11.0
-2.0
42.0
27.0
-22.0
-36.0
-17.0
22.0
40.0
-12.0
2.0
20.0
11.0
48.0
41.0
40.0
45.0
1.0
-30.0
24.0
27.0
10.0
16.0
-2.0
-15.0
-25.0
-36.0
1.0
33.0
46.0
17.0
27.0
20.0
25.0
6.0
31.0
33.0
14.0
0.0
-1.0
-20.0
-25.0
-20.0
-4.0
-5.0
2.0
13.0
1.0
-6.0
-15.0
-5.0
38.0
42.0
9.0
16.0
3.0
13.0
-21.0
-27.0
-21.0
-53.0
-27.0
2.0
-22.0
-33.0
-10.0
-43.0
-6.0
9.0
-1.0
24.0
22.0
52.0
46.0
8.0
39.0
17.0
14.0
17.0
11.0
36.0
20.0
25.0
-12.0
-3.0
41.0
37.0
-3.0
30.0
50.0
15.0
3.0
39.0
38.0
28.0
43.0
47.0
52.0
24.0
29.0
10.0
11.0
43.0
65.0
35.0
11.0
-18.0
-7.0
15.0
-11.0
5.0
-4.0
17.0
21.0
-2.0
-7.0
-9.0
-2.0
2.0
-11.0
-11.0
-5.0
-39.0
8.0
41.0
54.0
23.0
-52.0
-93.0
-78.0
-41.0
-38.0
-17.0
13.0
11.0
-3.0
-47.0
-45.0
-48.0
-40.0
-26.0
-46.0
-13.0
13.0
38.0
35.0
44.0
7.0
6.0
24.0
3.0
-10.0
-44.0
-47.0
-37.0
-13.0
21.0
-4.0
54.0
95.0
64.0
67.0
-1.0
-6.0
-9.0
4.0
26.0
3.0
-19.0
1.0
22.0
3.0
28.0
45.0
80.0
62.0
3.0
5.0
-6.0
5.0
34.0
19.0
-14.0
28.0
-13.0
1.0
28.0
52.0
105.0
122.0
98.0
43.0
8.0
-47.0
-62.0
-67.0
-43.0
-11.0
16.0
-9.0
41.0
46.0
56.0
45.0
54.0
61.0
51.0
18.0
-8.0
-13.0
-14.0
-26.0
-29.0
-14.0
41.0
37.0
37.0
22.0
43.0
55.0
7.0
17.0
14.0
32.0
9.0
24.0
32.0
19.0
48.0
36.0
11.0
4.0
18.0
23.0
5.0
17.0
71.0
28.0
-8.0
6.0
34.0
-7.0
-6.0
8.0
18.0
-11.0
54.0
43.0
-5.0
-21.0
-22.0
-28.0
-40.0
-48.0
-22.0
-15.0
-25.0
-12.0
-17.0
-12.0
-48.0
-92.0
-30.0
26.0
60.0
120.0
69.0
-54.0
-77.0
-58.0
-42.0
-40.0
-50.0
-5.0
-24.0
-34.0
-40.0
-37.0
-23.0
-42.0
-13.0
-17.0
-46.0
-43.0
-11.0
-33.0
-32.0
-59.0
-32.0
-23.0
-31.0
-18.0
-24.0
-16.0
-10.0
-20.0
-48.0
-34.0
-24.0
-3.0
-8.0
-20.0
-19.0
14.0
52.0
49.0
-18.0
-30.0
6.0
-16.0
-13.0
-45.0
-22.0
5.0
-14.0
-7.0
-32.0
-24.0
-20.0
-3.0
-17.0
12.0
-3.0
2.0
-2.0
-16.0
-4.0
-2.0
-14.0
-22.0
-26.0
-5.0
5.0
49.0
47.0
7.0
26.0
26.0
16.0
15.0
6.0
5.0
-4.0
-4.0
16.0
3.0
-55.0
-37.0
-31.0
-27.0
2.0
20.0
27.0
44.0
6.0
-7.0
-8.0
-4.0
-30.0
-14.0
-8.0
23.0
21.0
3.0
-1.0
23.0
-6.0
-20.0
10.0
26.0
30.0
10.0
-26.0
-32.0
-14.0
-2.0
-4.0
25.0
27.0
41.0
25.0
1.0
1.0
-30.0
-12.0
1.0
4.0
2.0
-48.0
-32.0
-31.0
-32.0
2.0
44.0
26.0
0.0
-19.0
-41.0
-32.0
32.0
23.0
5.0
42.0
99.0
142.0
140.0
117.0
45.0
-23.0
-31.0
25.0
26.0
14.0
-22.0
-39.0
-53.0
-45.0
-56.0
23.0
14.0
-10.0
-8.0
20.0
-9.0
24.0
18.0
-3.0
16.0
-2.0
-16.0
-1.0
3.0
15.0
48.0
13.0
-7.0
-2.0
-15.0
-21.0
6.0
14.0
23.0
44.0
90.0
71.0
54.0
73.0
64.0
53.0
61.0
80.0
15.0
26.0
2.0
-1.0
-22.0
-26.0
5.0
5.0
-9.0
-10.0
4.0
-32.0
-31.0
-17.0
-45.0
-29.0
9.0
-18.0
30.0
25.0
21.0
-10.0
-55.0
-67.0
-39.0
-36.0
-67.0
-59.0
-79.0
-76.0
-59.0
-31.0
-32.0
-5.0
-7.0
12.0
72.0
35.0
11.0
12.0
34.0
27.0
-2.0
-6.0
-7.0
24.0
14.0
20.0
2.0
27.0
11.0
2.0
39.0
-3.0
-6.0
54.0
60.0
30.0
49.0
23.0
12.0
3.0
25.0
21.0
4.0
-49.0
18.0
48.0
35.0
39.0
-4.0
16.0
61.0
65.0
80.0
76.0
52.0
47.0
12.0
-5.0
14.0
34.0
-12.0
-16.0
-4.0
34.0
32.0
2.0
0.0
64.0
21.0
-2.0
67.0
76.0
134.0
67.0
-38.0
-45.0
-10.0
-17.0
-24.0
4.0
17.0
1.0
-8.0
7.0
7.0
-4.0
5.0
-7.0
-34.0
-6.0
14.0
10.0
13.0
-13.0
-19.0
8.0
-8.0
-13.0
8.0
5.0
-10.0
9.0
25.0
12.0
-3.0
-26.0
-53.0
-53.0
-69.0
-48.0
-51.0
-59.0
-44.0
-22.0
-36.0
13.0
-33.0
-17.0
12.0
6.0
-19.0
-49.0
-76.0
-39.0
-32.0
-2.0
-1.0
3.0
4.0
-10.0
-20.0
24.0
36.0
4.0
7.0
4.0
11.0
19.0
21.0
30.0
68.0
111.0
54.0
53.0
67.0
33.0
11.0
-12.0
33.0
31.0
57.0
69.0
45.0
-16.0
7.0
39.0
30.0
42.0
29.0
42.0
14.0
8.0
62.0
50.0
62.0
24.0
43.0
69.0
23.0
-6.0
-14.0
0.0
31.0
13.0
5.0
3.0
5.0
29.0
38.0
40.0
43.0
40.0
39.0
60.0
54.0
21.0
-10.0
-17.0
-11.0
-22.0
-30.0
-14.0
-20.0
-75.0
-31.0
-17.0
-31.0
-58.0
-37.0
-15.0
-37.0
-46.0
-22.0
28.0
48.0
41.0
-31.0
-115.0
-42.0
-20.0
-78.0
-32.0
-34.0
-59.0
-27.0
-14.0
-26.0
-54.0
-46.0
-26.0
-22.0
4.0
-28.0
-66.0
-46.0
-56.0
-64.0
-55.0
-41.0
-18.0
-11.0
-22.0
0.0
-13.0
-30.0
-39.0
-32.0
-14.0
-23.0
-33.0
-32.0
-58.0
-59.0
-17.0
-21.0
-10.0
1.0
-4.0
48.0
19.0
35.0
15.0
7.0
17.0
3.0
-13.0
6.0
-11.0
-39.0
-35.0
-43.0
-7.0
0.0
-44.0
-61.0
-31.0
-23.0
-14.0
-48.0
-33.0
-18.0
-2.0
-26.0
-28.0
-34.0
-45.0
-63.0
-73.0
-51.0
-3.0
-5.0
-55.0
-34.0
-18.0
-67.0
-18.0
-15.0
-105.0
-47.0
42.0
-1.0
27.0
45.0
26.0
38.0
40.0
8.0
-1.0
-4.0
-8.0
-40.0
53.0
-54.0
5.0
63.0
55.0
74.0
76.0
31.0
63.0
86.0
33.0
47.0
41.0
45.0
52.0
33.0
30.0
40.0
3.0
2.0
-34.0
-21.0
17.0
3.0
-10.0
-6.0
-22.0
27.0
16.0
9.0
31.0
71.0
115.0
100.0
28.0
-18.0
-2.0
-22.0
-8.0
35.0
21.0
14.0
-36.0
-71.0
-8.0
-32.0
6.0
50.0
21.0
6.0
21.0
-11.0
-3.0
32.0
13.0
17.0
-2.0
-22.0
-3.0
18.0
8.0
22.0
43.0
36.0
30.0
39.0
24.0
11.0
50.0
48.0
46.0
34.0
64.0
27.0
12.0
0.0
11.0
7.0
22.0
10.0
-13.0
-20.0
-31.0
12.0
-10.0
5.0
15.0
-16.0
-27.0
-19.0
-41.0
-51.0
-33.0
-1.0
-28.0
-8.0
-2.0
10.0
-1.0
11.0
26.0
-3.0
-24.0
-4.0
-12.0
-13.0
-2.0
11.0
4.0
6.0
2.0
8.0
-12.0
15.0
-31.0
-70.0
-67.0
-30.0
-34.0
-21.0
-21.0
-26.0
-8.0
37.0
49.0
-15.0
-24.0
-17.0
-12.0
-32.0
-15.0
-23.0
-32.0
-20.0
-26.0
-26.0
-25.0
-44.0
-2.0
25.0
40.0
31.0
41.0
16.0
-55.0
-45.0
2.0
-22.0
-12.0
-1.0
-11.0
7.0
-37.0
-27.0
-33.0
-27.0
-27.0
-47.0
-53.0
-45.0
-56.0
-56.0
0.0
39.0
58.0
85.0
29.0
-22.0
-7.0
-4.0
-20.0
-36.0
-83.0
-90.0
-72.0
-30.0
-24.0
-27.0
-35.0
-40.0
-50.0
-41.0
-58.0
-47.0
-45.0
-57.0
-63.0
-45.0
-50.0
-55.0
-29.0
-22.0
-40.0
-4.0
2.0
-9.0
-29.0
-31.0
17.0
14.0
-25.0
-26.0
2.0
4.0
-17.0
3.0
11.0
11.0
27.0
51.0
10.0
-6.0
22.0
2.0
6.0
-6.0
-25.0
-16.0
20.0
-4.0
-16.0
-20.0
-6.0
42.0
13.0
-11.0
-17.0
-36.0
-27.0
-32.0
-30.0
-4.0
0.0
-15.0
-6.0
-3.0
-3.0
5.0
-28.0
-23.0
-17.0
-32.0
-5.0
-37.0
-63.0
-17.0
-19.0
-3.0
42.0
-7.0
-36.0
-21.0
-58.0
-74.0
-41.0
-73.0
-46.0
-41.0
-74.0
-12.0
-12.0
-44.0
-22.0
-23.0
-35.0
-18.0
-16.0
20.0
10.0
-19.0
-48.0
-30.0
-8.0
-33.0
-22.0
4.0
3.0
12.0
2.0
9.0
-10.0
6.0
-3.0
23.0
14.0
-39.0
19.0
-13.0
-73.0
-51.0
-23.0
-16.0
-58.0
-35.0
51.0
68.0
85.0
138.0
75.0
-1.0
-51.0
-119.0
-35.0
22.0
18.0
5.0
27.0
28.0
-32.0
22.0
51.0
49.0
27.0
23.0
11.0
27.0
15.0
-20.0
-34.0
-49.0
-44.0
-41.0
-26.0
16.0
23.0
53.0
74.0
69.0
84.0
89.0
52.0
50.0
46.0
55.0
51.0
33.0
42.0
35.0
49.0
62.0
25.0
29.0
46.0
29.0
-18.0
16.0
30.0
31.0
12.0
-25.0
13.0
-1.0
7.0
32.0
44.0
52.0
38.0
35.0
34.0
25.0
3.0
12.0
15.0
25.0
32.0
19.0
44.0
12.0
40.0
41.0
46.0
53.0
8.0
5.0
44.0
44.0
75.0
46.0
13.0
34.0
41.0
38.0
13.0
-1.0
34.0
43.0
37.0
66.0
60.0
39.0
24.0
5.0
-9.0
11.0
-12.0
-4.0
31.0
6.0
-13.0
-31.0
-11.0
1.0
13.0
17.0
-12.0
4.0
-2.0
5.0
17.0
-12.0
-32.0
-26.0
-15.0
-1.0
20.0
37.0
15.0
-33.0
-31.0
-13.0
10.0
42.0
22.0
3.0
-5.0
-8.0
-30.0
-2.0
32.0
120.0
100.0
4.0
-32.0
-21.0
-33.0
-37.0
-60.0
-54.0
-36.0
-48.0
-29.0
-31.0
-53.0
-48.0
-48.0
-44.0
-59.0
-52.0
-18.0
-22.0
-18.0
28.0
23.0
-5.0
-6.0
-57.0
-51.0
-51.0
-68.0
-32.0
-32.0
-2.0
-19.0
-14.0
-4.0
2.0
-10.0
30.0
61.0
69.0
19.0
-35.0
-43.0
-9.0
-22.0
-21.0
0.0
-3.0
-33.0
-60.0
-24.0
-2.0
-21.0
-20.0
-17.0
-42.0
-14.0
-10.0
-45.0
-86.0
-122.0
-99.0
-65.0
-62.0
-49.0
-13.0
16.0
33.0
6.0
7.0
15.0
25.0
23.0
15.0
16.0
-17.0
-64.0
-61.0
-40.0
-17.0
-36.0
-62.0
-29.0
17.0
3.0
35.0
43.0
31.0
39.0
-14.0
-67.0
-55.0
-117.0
-103.0
-56.0
-30.0
-14.0
-50.0
-37.0
-14.0
22.0
10.0
-5.0
50.0
29.0
8.0
4.0
7.0
0.0
0.0
-37.0
-66.0
-56.0
-41.0
-34.0
-4.0
23.0
25.0
5.0
-8.0
-4.0
6.0
-12.0
48.0
9.0
-26.0
-35.0
-60.0
-52.0
11.0
17.0
34.0
-26.0
-62.0
-63.0
-49.0
-20.0
-16.0
28.0
31.0
-3.0
-8.0
-21.0
12.0
42.0
27.0
-29.0
-54.0
-12.0
-13.0
-23.0
-46.0
-44.0
-60.0
-41.0
-68.0
-48.0
-14.0
-5.0
8.0
26.0
11.0
26.0
39.0
29.0
46.0
73.0
67.0
33.0
3.0
-8.0
1.0
-17.0
18.0
6.0
13.0
10.0
30.0
54.0
61.0
24.0
11.0
12.0
4.0
-11.0
14.0
10.0
15.0
14.0
24.0
80.0
45.0
41.0
42.0
20.0
35.0
34.0
42.0
21.0
30.0
10.0
61.0
50.0
34.0
-1.0
-15.0
-5.0
-26.0
-55.0
-17.0
29.0
36.0
37.0
20.0
18.0
-12.0
7.0
5.0
23.0
25.0
3.0
14.0
12.0
16.0
77.0
57.0
33.0
27.0
52.0
76.0
38.0
57.0
30.0
8.0
4.0
40.0
55.0
73.0
64.0
42.0
51.0
40.0
15.0
31.0
46.0
52.0
53.0
89.0
67.0
30.0
-7.0
15.0
-14.0
-22.0
-18.0
-32.0
-20.0
-13.0
-1.0
-14.0
-18.0
23.0
13.0
34.0
86.0
86.0
68.0
3.0
-15.0
-29.0
-78.0
-57.0
1.0
7.0
-11.0
-5.0
-35.0
-35.0
-6.0
-6.0
-10.0
-3.0
-12.0
-25.0
-4.0
-28.0
-30.0
-7.0
8.0
6.0
-7.0
7.0
10.0
14.0
22.0
29.0
3.0
28.0
40.0
24.0
7.0
11.0
15.0
36.0
38.0
44.0
18.0
-13.0
4.0
-8.0
-17.0
-16.0
-24.0
3.0
41.0
17.0
-25.0
-35.0
-41.0
-11.0
-5.0
-60.0
-78.0
-31.0
-21.0
-39.0
-50.0
-46.0
4.0
-6.0
-41.0
-39.0
-96.0
-98.0
-36.0
-21.0
4.0
23.0
-1.0
-16.0
-23.0
-30.0
-43.0
-46.0
-63.0
-74.0
-77.0
-15.0
-2.0
-18.0
-39.0
-40.0
-11.0
-22.0
-5.0
-26.0
18.0
-1.0
-13.0
-35.0
-10.0
-4.0
5.0
31.0
-4.0
-35.0
-39.0
-34.0
-59.0
-40.0
-33.0
-32.0
-10.0
-1.0
-7.0
-3.0
-6.0
4.0
35.0
21.0
23.0
30.0
16.0
35.0
13.0
-27.0
-38.0
-43.0
-20.0
1.0
9.0
13.0
13.0
4.0
27.0
13.0
-20.0
-31.0
11.0
-17.0
2.0
83.0
97.0
51.0
6.0
-44.0
-32.0
-15.0
-52.0
-5.0
-29.0
-7.0
-5.0
7.0
-15.0
-5.0
-30.0
-50.0
-26.0
11.0
22.0
16.0
-6.0
-12.0
-16.0
-1.0
8.0
-11.0
43.0
53.0
-6.0
12.0
14.0
-3.0
23.0
20.0
-10.0
-18.0
-42.0
-41.0
16.0
10.0
42.0
50.0
3.0
-4.0
-15.0
-52.0
-65.0
-50.0
12.0
26.0
-5.0
39.0
41.0
58.0
8.0
-29.0
-33.0
-18.0
-30.0
-48.0
-48.0
-83.0
-65.0
-18.0
33.0
65.0
53.0
44.0
36.0
52.0
57.0
8.0
-48.0
-54.0
-48.0
-32.0
-43.0
-30.0
-9.0
37.0
51.0
60.0
48.0
15.0
-6.0
5.0
-15.0
-71.0
-31.0
-6.0
1.0
16.0
32.0
12.0
4.0
-34.0
-42.0
-71.0
-73.0
-40.0
-16.0
-30.0
-37.0
-54.0
-34.0
-20.0
-48.0
-12.0
-7.0
-4.0
-12.0
-4.0
14.0
4.0
-4.0
46.0
30.0
37.0
67.0
43.0
-14.0
-18.0
-35.0
-11.0
-13.0
-7.0
8.0
1.0
17.0
20.0
-14.0
-1.0
-7.0
-15.0
7.0
18.0
63.0
86.0
96.0
94.0
-32.0
-53.0
-50.0
-61.0
-56.0
-50.0
-8.0
-9.0
11.0
37.0
22.0
-4.0
25.0
42.0
33.0
6.0
18.0
6.0
45.0
50.0
3.0
-22.0
25.0
23.0
-7.0
25.0
-5.0
-1.0
25.0
22.0
13.0
15.0
-5.0
31.0
77.0
52.0
81.0
82.0
50.0
32.0
31.0
57.0
78.0
35.0
5.0
20.0
14.0
9.0
-26.0
-48.0
-35.0
-35.0
-20.0
8.0
15.0
-7.0
-17.0
-32.0
-38.0
-34.0
6.0
4.0
-14.0
-21.0
8.0
-3.0
-4.0
10.0
36.0
26.0
1.0
-18.0
29.0
54.0
-3.0
-34.0
-5.0
25.0
29.0
51.0
23.0
46.0
33.0
21.0
25.0
36.0
26.0
6.0
27.0
-33.0
-52.0
-18.0
-3.0
-52.0
-13.0
3.0
-13.0
1.0
1.0
-29.0
-17.0
-30.0
-54.0
-32.0
-18.0
-21.0
-33.0
-29.0
-7.0
3.0
-12.0
25.0
16.0
-3.0
41.0
2.0
-17.0
34.0
35.0
10.0
26.0
-6.0
-17.0
-20.0
-35.0
-65.0
-55.0
-13.0
7.0
30.0
50.0
72.0
109.0
99.0
77.0
6.0
-39.0
-11.0
-2.0
18.0
-4.0
-34.0
-40.0
-1.0
26.0
13.0
25.0
32.0
32.0
-5.0
-23.0
-27.0
-11.0
-1.0
23.0
-7.0
-5.0
12.0
43.0
18.0
-24.0
-33.0
-24.0
-51.0
-22.0
-39.0
-39.0
-7.0
-34.0
-44.0
-13.0
-46.0
-33.0
-9.0
31.0
49.0
30.0
43.0
37.0
23.0
26.0
35.0
30.0
59.0
40.0
-1.0
-2.0
-26.0
10.0
-1.0
-4.0
14.0
-15.0
12.0
21.0
-16.0
-25.0
-4.0
34.0
49.0
52.0
53.0
1.0
30.0
29.0
32.0
52.0
29.0
-4.0
-4.0
-14.0
-1.0
25.0
5.0
32.0
53.0
33.0
44.0
39.0
-3.0
45.0
48.0
78.0
110.0
71.0
54.0
48.0
66.0
46.0
56.0
51.0
11.0
11.0
27.0
-8.0
11.0
-12.0
14.0
11.0
-6.0
-1.0
16.0
12.0
-14.0
-3.0
-60.0
-70.0
-79.0
-71.0
-16.0
-6.0
-20.0
-32.0
-71.0
-76.0
-68.0
-73.0
-56.0
-27.0
-46.0
-62.0
-19.0
31.0
83.0
56.0
23.0
-42.0
-68.0
-57.0
-26.0
-1.0
-35.0
-41.0
-10.0
-40.0
-56.0
-24.0
-3.0
-5.0
-32.0
-54.0
-20.0
-35.0
-30.0
-16.0
20.0
15.0
-12.0
3.0
-29.0
-14.0
-7.0
-23.0
-17.0
-16.0
-32.0
14.0
10.0
-13.0
-21.0
-29.0
-37.0
-10.0
2.0
5.0
-6.0
-23.0
-2.0
11.0
-6.0
-12.0
6.0
6.0
-19.0
1.0
37.0
49.0
21.0
22.0
24.0
7.0
-1.0
20.0
31.0
35.0
45.0
35.0
35.0
55.0
35.0
59.0
40.0
27.0
17.0
-3.0
-2.0
16.0
16.0
-5.0
2.0
-1.0
-24.0
-16.0
35.0
21.0
12.0
23.0
-9.0
24.0
31.0
21.0
11.0
-14.0
-17.0
-11.0
-21.0
-19.0
14.0
-5.0
-13.0
6.0
17.0
24.0
23.0
-23.0
-56.0
-34.0
-20.0
-38.0
-22.0
-13.0
-21.0
-33.0
-25.0
-32.0
-18.0
-22.0
-31.0
-17.0
-51.0
-50.0
-59.0
-64.0
-5.0
-3.0
-21.0
-13.0
16.0
35.0
18.0
16.0
-4.0
-14.0
-10.0
8.0
49.0
41.0
13.0
-20.0
-97.0
-103.0
-49.0
-27.0
-35.0
-31.0
-12.0
-31.0
-34.0
8.0
-31.0
-41.0
-40.0
-27.0
-40.0
-48.0
-54.0
-34.0
-25.0
-48.0
-31.0
-42.0
-46.0
-3.0
-4.0
2.0
26.0
12.0
18.0
9.0
-17.0
-12.0
-9.0
-7.0
7.0
-4.0
21.0
63.0
53.0
28.0
26.0
49.0
68.0
39.0
7.0
-11.0
-30.0
-22.0
-34.0
-33.0
-39.0
-20.0
-21.0
-6.0
-6.0
-5.0
-33.0
-44.0
-26.0
-45.0
-53.0
-12.0
-33.0
-25.0
-22.0
-48.0
-23.0
11.0
-6.0
-17.0
-7.0
-5.0
-2.0
-26.0
-32.0
-17.0
-5.0
-14.0
-18.0
-40.0
-1.0
56.0
40.0
27.0
-2.0
-35.0
-5.0
-16.0
-59.0
-49.0
-10.0
0.0
-40.0
-11.0
-16.0
-27.0
-5.0
-39.0
-28.0
-17.0
-30.0
-20.0
-57.0
-9.0
16.0
-11.0
25.0
50.0
28.0
37.0
27.0
32.0
16.0
-4.0
-8.0
20.0
27.0
25.0
16.0
10.0
8.0
1.0
-22.0
-15.0
-49.0
-30.0
-7.0
43.0
112.0
74.0
42.0
-20.0
-31.0
-4.0
2.0
-10.0
-12.0
-19.0
-2.0
-4.0
-26.0
-19.0
-14.0
-29.0
-20.0
-23.0
-49.0
-41.0
-31.0
-35.0
-55.0
-69.0
-30.0
-21.0
-9.0
-29.0
-17.0
-13.0
-7.0
10.0
-12.0
-24.0
-27.0
-1.0
-26.0
-7.0
23.0
2.0
6.0
44.0
31.0
3.0
-6.0
-6.0
3.0
-1.0
1.0
26.0
-5.0
-23.0
24.0
43.0
42.0
8.0
23.0
23.0
5.0
3.0
6.0
-4.0
-5.0
26.0
30.0
34.0
35.0
42.0
5.0
35.0
28.0
26.0
8.0
26.0
-1.0
10.0
29.0
45.0
39.0
17.0
-4.0
-5.0
3.0
15.0
11.0
-29.0
-27.0
13.0
32.0
5.0
-19.0
-16.0
4.0
-38.0
-34.0
20.0
22.0
32.0
58.0
24.0
-5.0
50.0
24.0
-7.0
4.0
5.0
18.0
-18.0
9.0
5.0
-4.0
17.0
17.0
3.0
14.0
11.0
8.0
1.0
4.0
1.0
-24.0
-51.0
-20.0
-30.0
-17.0
53.0
52.0
74.0
91.0
12.0
-39.0
-55.0
-55.0
-7.0
-39.0
-10.0
1.0
-31.0
-41.0
-19.0
4.0
20.0
-2.0
-13.0
2.0
-28.0
4.0
7.0
24.0
2.0
-23.0
-32.0
-24.0
13.0
-21.0
-20.0
6.0
44.0
15.0
-10.0
-24.0
20.0
37.0
9.0
-2.0
-6.0
-1.0
15.0
18.0
7.0
-8.0
-5.0
-33.0
-26.0
-6.0
-32.0
-23.0
-13.0
-29.0
-56.0
-69.0
-62.0
-101.0
-67.0
-30.0
-7.0
-33.0
-26.0
-13.0
-13.0
-3.0
-11.0
-15.0
-1.0
-16.0
18.0
10.0
12.0
-16.0
-55.0
-42.0
-7.0
41.0
28.0
38.0
54.0
29.0
26.0
7.0
-33.0
-7.0
-5.0
-3.0
-13.0
-7.0
-14.0
-7.0
6.0
-18.0
-13.0
1.0
-14.0
-10.0
-13.0
5.0
32.0
-9.0
2.0
3.0
3.0
24.0
20.0
37.0
16.0
3.0
12.0
-2.0
17.0
28.0
32.0
42.0
-16.0
0.0
12.0
-11.0
-14.0
4.0
-4.0
-24.0
-38.0
43.0
79.0
35.0
11.0
-58.0
-70.0
-25.0
-15.0
-33.0
-70.0
-48.0
13.0
-8.0
-16.0
-2.0
3.0
36.0
-2.0
6.0
10.0
-37.0
-12.0
-43.0
-23.0
-15.0
-2.0
-30.0
-32.0
-22.0
-18.0
10.0
8.0
-10.0
1.0
47.0
49.0
15.0
-5.0
4.0
20.0
26.0
20.0
37.0
65.0
69.0
48.0
17.0
-12.0
-16.0
-13.0
3.0
16.0
51.0
24.0
26.0
47.0
78.0
89.0
73.0
72.0
32.0
4.0
17.0
29.0
30.0
22.0
23.0
5.0
21.0
44.0
31.0
-5.0
-22.0
18.0
6.0
-14.0
-33.0
-11.0
-11.0
-1.0
25.0
-22.0
2.0
-2.0
-12.0
-29.0
-20.0
-6.0
1.0
-6.0
5.0
8.0
31.0
44.0
45.0
18.0
20.0
11.0
3.0
11.0
-9.0
-32.0
24.0
26.0
51.0
43.0
26.0
39.0
50.0
14.0
-14.0
7.0
-16.0
-15.0
-1.0
7.0
0.0
-10.0
3.0
17.0
-14.0
-7.0
10.0
39.0
29.0
-8.0
3.0
61.0
112.0
136.0
138.0
47.0
20.0
51.0
65.0
67.0
49.0
44.0
60.0
40.0
65.0
60.0
59.0
69.0
41.0
12.0
42.0
18.0
40.0
62.0
50.0
36.0
79.0
93.0
58.0
75.0
80.0
29.0
22.0
32.0
36.0
22.0
21.0
45.0
10.0
19.0
54.0
37.0
30.0
41.0
11.0
5.0
-12.0
7.0
-8.0
-37.0
-12.0
-2.0
-11.0
-2.0
-12.0
-11.0
35.0
-1.0
-30.0
-36.0
-2.0
6.0
7.0
-11.0
-17.0
-13.0
-25.0
3.0
-8.0
-43.0
-32.0
-30.0
-48.0
-26.0
-50.0
-45.0
-11.0
-23.0
-17.0
-10.0
-24.0
-50.0
-20.0
-23.0
-32.0
-17.0
-32.0
-5.0
8.0
-17.0
6.0
11.0
-7.0
-5.0
5.0
2.0
-1.0
7.0
16.0
-6.0
9.0
-19.0
-49.0
-55.0
-33.0
-32.0
-26.0
-29.0
-35.0
-44.0
-28.0
-21.0
4.0
-2.0
-26.0
-40.0
-56.0
-36.0
-30.0
-44.0
-74.0
-43.0
-19.0
-14.0
2.0
-17.0
-17.0
-12.0
-29.0
-18.0
10.0
32.0
45.0
42.0
-6.0
-67.0
-68.0
-41.0
-34.0
-72.0
-65.0
-64.0
-58.0
-51.0
-60.0
-20.0
-20.0
-58.0
-32.0
-46.0
-56.0
-21.0
1.0
-23.0
-18.0
-23.0
-6.0
-14.0
-17.0
-29.0
1.0
-23.0
-50.0
-12.0
-23.0
-43.0
-40.0
3.0
14.0
0.0
-1.0
-31.0
-44.0
-22.0
17.0
-5.0
10.0
-5.0
32.0
-6.0
-50.0
-32.0
-29.0
-10.0
24.0
-31.0
-33.0
-7.0
-7.0
-16.0
-36.0
-43.0
-56.0
-33.0
-27.0
-44.0
-41.0
-57.0
-65.0
-26.0
14.0
21.0
10.0
-20.0
-3.0
-35.0
-14.0
9.0
-2.0
-33.0
-3.0
-1.0
25.0
37.0
14.0
-22.0
-6.0
31.0
26.0
26.0
22.0
8.0
2.0
-11.0
9.0
-7.0
5.0
7.0
-13.0
6.0
1.0
16.0
9.0
-23.0
-18.0
22.0
12.0
22.0
20.0
-2.0
9.0
24.0
-14.0
29.0
-6.0
-22.0
-19.0
-26.0
-12.0
-4.0
6.0
23.0
40.0
29.0
13.0
-8.0
2.0
30.0
69.0
96.0
81.0
8.0
-14.0
3.0
6.0
3.0
4.0
5.0
34.0
29.0
49.0
59.0
36.0
36.0
3.0
16.0
-31.0
2.0
25.0
-3.0
17.0
19.0
20.0
17.0
40.0
25.0
23.0
12.0
39.0
48.0
50.0
53.0
35.0
69.0
22.0
24.0
45.0
65.0
59.0
58.0
72.0
65.0
27.0
24.0
45.0
28.0
36.0
22.0
34.0
33.0
10.0
7.0
43.0
17.0
3.0
10.0
20.0
15.0
-22.0
9.0
20.0
-20.0
2.0
15.0
-11.0
1.0
10.0
24.0
20.0
31.0
13.0
24.0
41.0
71.0
24.0
6.0
11.0
18.0
13.0
13.0
-1.0
6.0
-6.0
-1.0
18.0
-23.0
-7.0
37.0
30.0
-7.0
26.0
34.0
18.0
22.0
0.0
19.0
16.0
10.0
7.0
13.0
2.0
6.0
-7.0
20.0
7.0
13.0
3.0
7.0
42.0
42.0
25.0
80.0
21.0
10.0
50.0
17.0
40.0
35.0
3.0
2.0
2.0
7.0
-25.0
-52.0
-43.0
-58.0
-3.0
44.0
90.0
74.0
74.0
-13.0
-53.0
-72.0
-60.0
-53.0
-21.0
-1.0
-1.0
-4.0
6.0
-21.0
-26.0
-37.0
-44.0
-5.0
10.0
-35.0
-26.0
-13.0
10.0
7.0
-20.0
-52.0
-93.0
-44.0
-42.0
-32.0
-17.0
-14.0
4.0
-13.0
-55.0
-42.0
-57.0
-63.0
-54.0
-59.0
-29.0
-6.0
-5.0
47.0
27.0
-21.0
-12.0
-20.0
-48.0
-40.0
-45.0
-30.0
-17.0
-25.0
-51.0
-12.0
-6.0
-31.0
-14.0
-6.0
12.0
46.0
23.0
31.0
14.0
40.0
12.0
12.0
-1.0
29.0
41.0
1.0
-21.0
-30.0
-5.0
-6.0
-10.0
13.0
-36.0
-23.0
-18.0
-53.0
-56.0
-37.0
-47.0
-27.0
-17.0
-51.0
-105.0
-96.0
-81.0
-78.0
-68.0
-55.0
-42.0
-48.0
-47.0
-70.0
-35.0
-5.0
17.0
13.0
-13.0
-40.0
-41.0
-23.0
-44.0
-71.0
-42.0
-48.0
-32.0
-6.0
32.0
49.0
32.0
7.0
7.0
-14.0
-2.0
22.0
-33.0
-22.0
-24.0
-49.0
-25.0
-28.0
-52.0
-31.0
-39.0
-52.0
-89.0
-76.0
-58.0
-56.0
-35.0
74.0
98.0
58.0
43.0
-59.0
-55.0
-41.0
8.0
23.0
-13.0
-38.0
-52.0
-44.0
-38.0
-25.0
-11.0
17.0
3.0
-8.0
-53.0
-35.0
6.0
-21.0
-19.0
-12.0
-12.0
33.0
27.0
26.0
51.0
48.0
38.0
29.0
13.0
3.0
6.0
33.0
30.0
34.0
58.0
71.0
66.0
38.0
15.0
-21.0
-4.0
-1.0
-1.0
2.0
-18.0
-1.0
3.0
-40.0
10.0
24.0
1.0
11.0
2.0
6.0
25.0
17.0
-1.0
-23.0
-13.0
-21.0
-62.0
-40.0
-46.0
4.0
-5.0
-33.0
-15.0
-25.0
-36.0
-71.0
-50.0
-34.0
-17.0
-41.0
-32.0
-57.0
-76.0
-7.0
1.0
-20.0
-22.0
-34.0
-26.0
9.0
1.0
-2.0
-2.0
-30.0
-29.0
1.0
-24.0
-13.0
5.0
-36.0
-42.0
-48.0
-23.0
-17.0
-33.0
-36.0
-69.0
-39.0
-4.0
44.0
14.0
-7.0
-11.0
10.0
5.0
23.0
22.0
-14.0
8.0
-3.0
-21.0
-4.0
-26.0
-3.0
16.0
10.0
17.0
33.0
18.0
12.0
-31.0
-50.0
-34.0
-68.0
-67.0
-19.0
1.0
34.0
86.0
43.0
-48.0
-99.0
-64.0
-49.0
-37.0
-23.0
7.0
-3.0
-44.0
-28.0
-9.0
-20.0
-27.0
-31.0
-2.0
26.0
29.0
-35.0
-33.0
-15.0
-45.0
-27.0
4.0
18.0
21.0
6.0
-26.0
-34.0
-59.0
-41.0
-1.0
-11.0
4.0
11.0
53.0
60.0
58.0
30.0
-19.0
3.0
37.0
18.0
14.0
23.0
6.0
9.0
-3.0
-25.0
-25.0
-38.0
-42.0
-18.0
-8.0
-37.0
-34.0
-24.0
-23.0
-16.0
-17.0
20.0
40.0
25.0
5.0
21.0
1.0
8.0
-9.0
-25.0
-15.0
13.0
52.0
37.0
8.0
23.0
-3.0
-37.0
12.0
46.0
4.0
-6.0
16.0
32.0
29.0
9.0
35.0
44.0
33.0
31.0
10.0
-12.0
22.0
51.0
23.0
-5.0
17.0
24.0
52.0
29.0
21.0
46.0
41.0
40.0
35.0
35.0
39.0
62.0
54.0
13.0
16.0
5.0
33.0
29.0
-4.0
-12.0
-6.0
-13.0
15.0
7.0
8.0
-31.0
11.0
-4.0
-13.0
-24.0
-7.0
-32.0
33.0
90.0
92.0
82.0
44.0
-24.0
-7.0
-5.0
-10.0
-3.0
1.0
5.0
-4.0
-12.0
-18.0
-61.0
-18.0
-3.0
-22.0
-13.0
12.0
28.0
3.0
6.0
9.0
-13.0
-8.0
24.0
7.0
-1.0
-16.0
-6.0
17.0
38.0
56.0
52.0
39.0
36.0
4.0
23.0
18.0
10.0
39.0
45.0
90.0
87.0
34.0
-1.0
-41.0
10.0
22.0
-9.0
11.0
15.0
-11.0
-37.0
16.0
10.0
-2.0
25.0
-12.0
-36.0
-48.0
-30.0
-18.0
-8.0
-44.0
-46.0
-26.0
10.0
-32.0
-24.0
-14.0
-34.0
-26.0
-29.0
-20.0
-6.0
14.0
-12.0
-30.0
-36.0
-15.0
-32.0
-7.0
-13.0
-4.0
40.0
26.0
-12.0
-29.0
-48.0
-64.0
-59.0
-41.0
-15.0
8.0
9.0
-4.0
-13.0
-10.0
-30.0
-24.0
-24.0
12.0
20.0
-23.0
-20.0
17.0
-12.0
-12.0
0.0
-4.0
-22.0
-20.0
-30.0
-5.0
14.0
-9.0
-38.0
-14.0
5.0
-19.0
12.0
21.0
9.0
-45.0
13.0
18.0
66.0
60.0
-17.0
-51.0
-46.0
-44.0
-28.0
-44.0
16.0
-13.0
-46.0
-39.0
-42.0
-27.0
21.0
-20.0
-18.0
-4.0
-28.0
-12.0
-15.0
-39.0
-17.0
-9.0
-10.0
6.0
-2.0
-8.0
-13.0
4.0
-5.0
-3.0
-13.0
-8.0
-12.0
10.0
6.0
-1.0
-4.0
-26.0
-6.0
-10.0
-26.0
2.0
1.0
-16.0
-23.0
-37.0
-2.0
-13.0
-35.0
-17.0
33.0
-10.0
-34.0
-16.0
-38.0
-45.0
-16.0
-26.0
-24.0
-29.0
-54.0
-66.0
-39.0
-26.0
-9.0
-1.0
8.0
-5.0
-24.0
-29.0
-28.0
-33.0
-19.0
-24.0
-30.0
-34.0
-32.0
-35.0
-25.0
-10.0
-25.0
-37.0
-21.0
15.0
40.0
25.0
7.0
-10.0
-22.0
-29.0
-16.0
-6.0
4.0
4.0
-23.0
-49.0
-42.0
-29.0
-7.0
-2.0
-27.0
-16.0
7.0
0.0
-8.0
-12.0
15.0
32.0
17.0
22.0
14.0
35.0
17.0
3.0
-2.0
-31.0
-13.0
-18.0
25.0
23.0
40.0
57.0
-6.0
-12.0
20.0
70.0
116.0
107.0
68.0
-2.0
-29.0
-10.0
-12.0
-12.0
28.0
-4.0
-4.0
21.0
-9.0
-21.0
-25.0
-16.0
2.0
10.0
4.0
15.0
22.0
-2.0
-20.0
-51.0
-4.0
9.0
-34.0
-5.0
-28.0
-11.0
-15.0
-36.0
-19.0
25.0
37.0
22.0
31.0
40.0
34.0
14.0
-15.0
29.0
40.0
25.0
31.0
18.0
15.0
1.0
-18.0
-13.0
-34.0
-16.0
-23.0
7.0
-6.0
-25.0
-23.0
-40.0
-63.0
-59.0
-36.0
-6.0
-13.0
-24.0
-33.0
11.0
13.0
-12.0
7.0
-30.0
-25.0
-23.0
-29.0
-30.0
1.0
-4.0
-33.0
-18.0
-6.0
24.0
27.0
10.0
5.0
34.0
39.0
9.0
12.0
-15.0
12.0
20.0
16.0
-20.0
-14.0
-24.0
-33.0
-26.0
10.0
-11.0
-3.0
14.0
27.0
15.0
4.0
45.0
58.0
37.0
26.0
40.0
26.0
34.0
-15.0
-16.0
26.0
13.0
19.0
56.0
88.0
7.0
-42.0
-53.0
-18.0
32.0
31.0
19.0
4.0
31.0
70.0
106.0
143.0
122.0
37.0
15.0
38.0
49.0
20.0
3.0
-33.0
-46.0
-23.0
-15.0
-14.0
42.0
42.0
43.0
45.0
-1.0
-7.0
2.0
4.0
-6.0
26.0
19.0
24.0
14.0
-26.0
-2.0
-4.0
-16.0
-10.0
-29.0
-43.0
-19.0
-22.0
-39.0
-84.0
-72.0
-58.0
-36.0
-22.0
-11.0
19.0
2.0
-14.0
-20.0
-50.0
-17.0
-14.0
-34.0
-61.0
-73.0
-91.0
-43.0
-7.0
14.0
-4.0
-26.0
-18.0
-31.0
-20.0
8.0
22.0
-22.0
-27.0
-24.0
-13.0
-22.0
-24.0
-12.0
18.0
-18.0
-15.0
-18.0
1.0
-2.0
27.0
8.0
11.0
53.0
53.0
25.0
11.0
23.0
-12.0
-28.0
-3.0
-17.0
20.0
36.0
10.0
10.0
4.0
-14.0
-7.0
-1.0
9.0
34.0
22.0
33.0
28.0
22.0
20.0
20.0
37.0
28.0
14.0
13.0
-15.0
-8.0
-20.0
-64.0
-57.0
-69.0
-39.0
-23.0
-40.0
-42.0
-45.0
-16.0
42.0
10.0
-12.0
-3.0
-3.0
27.0
76.0
76.0
35.0
-38.0
-50.0
-64.0
-74.0
-62.0
-44.0
-44.0
-53.0
-36.0
-48.0
-39.0
-29.0
-49.0
-14.0
-9.0
-13.0
-11.0
8.0
2.0
-30.0
-21.0
-32.0
-56.0
-16.0
7.0
10.0
-18.0
-6.0
24.0
32.0
17.0
24.0
46.0
50.0
67.0
51.0
20.0
1.0
13.0
-2.0
-35.0
-56.0
-52.0
-70.0
-65.0
-58.0
-35.0
-14.0
23.0
7.0
-4.0
43.0
34.0
21.0
0.0
-16.0
-40.0
-41.0
-12.0
-21.0
-35.0
-20.0
10.0
-10.0
-20.0
24.0
59.0
69.0
47.0
61.0
73.0
67.0
28.0
-4.0
25.0
-8.0
-2.0
-12.0
-50.0
-31.0
-10.0
25.0
50.0
-1.0
-13.0
40.0
36.0
45.0
33.0
8.0
26.0
54.0
34.0
-5.0
-7.0
1.0
50.0
16.0
-13.0
14.0
-26.0
-14.0
9.0
28.0
1.0
-8.0
-2.0
-7.0
18.0
1.0
20.0
32.0
13.0
-23.0
15.0
-5.0
-41.0
-27.0
-19.0
-26.0
-23.0
-25.0
48.0
75.0
52.0
-7.0
-71.0
-33.0
-18.0
-22.0
-26.0
-32.0
-59.0
-69.0
-6.0
-21.0
-7.0
7.0
-2.0
-11.0
6.0
-6.0
10.0
21.0
44.0
42.0
52.0
25.0
20.0
3.0
-50.0
-46.0
-14.0
-18.0
-1.0
22.0
1.0
19.0
21.0
49.0
10.0
27.0
49.0
-1.0
24.0
43.0
3.0
-20.0
4.0
16.0
23.0
8.0
-23.0
-6.0
11.0
5.0
16.0
8.0
24.0
-16.0
1.0
-8.0
-37.0
22.0
52.0
52.0
20.0
-9.0
-6.0
37.0
31.0
17.0
-44.0
-17.0
-8.0
-29.0
-35.0
-18.0
-21.0
-12.0
-62.0
-50.0
-2.0
-13.0
-57.0
-1.0
-16.0
-45.0
-21.0
-27.0
-21.0
-1.0
19.0
24.0
36.0
29.0
27.0
-2.0
18.0
59.0
50.0
56.0
57.0
81.0
92.0
105.0
118.0
83.0
85.0
85.0
70.0
64.0
43.0
50.0
15.0
-52.0
-26.0
25.0
25.0
-5.0
-5.0
-2.0
-11.0
-42.0
-10.0
11.0
-25.0
27.0
8.0
21.0
41.0
64.0
103.0
137.0
78.0
13.0
-8.0
-31.0
-67.0
-46.0
-48.0
-74.0
-65.0
-79.0
-79.0
-98.0
-87.0
-78.0
-81.0
-67.0
-43.0
-54.0
-29.0
-54.0
-46.0
-37.0
-55.0
-37.0
-26.0
-39.0
-20.0
-1.0
1.0
-52.0
-31.0
-21.0
-30.0
-23.0
1.0
-42.0
-22.0
-33.0
-14.0
-14.0
-36.0
-36.0
-46.0
-37.0
-51.0
-20.0
-2.0
-7.0
-4.0
-26.0
-5.0
15.0
-2.0
-50.0
-50.0
-44.0
-49.0
-8.0
22.0
10.0
5.0
-11.0
-55.0
-81.0
-87.0
-52.0
-48.0
-5.0
-1.0
1.0
8.0
-1.0
17.0
22.0
0.0
5.0
-21.0
-44.0
-45.0
-74.0
-67.0
-49.0
-23.0
6.0
11.0
-6.0
-3.0
-3.0
-51.0
-35.0
-49.0
-67.0
-37.0
-89.0
-59.0
-41.0
-59.0
-52.0
-41.0
-22.0
-51.0
-26.0
-1.0
-6.0
-23.0
-25.0
-5.0
-16.0
-1.0
-9.0
3.0
22.0
-14.0
-61.0
-63.0
-70.0
-65.0
-58.0
-65.0
-91.0
-55.0
-24.0
-22.0
-16.0
-15.0
-10.0
-14.0
-10.0
26.0
73.0
96.0
53.0
-33.0
-48.0
-50.0
-49.0
-67.0
-61.0
-40.0
-52.0
-39.0
-16.0
11.0
20.0
-4.0
-16.0
9.0
19.0
18.0
28.0
13.0
20.0
12.0
-7.0
-15.0
-45.0
-44.0
-37.0
6.0
25.0
-6.0
-23.0
-11.0
-45.0
-17.0
7.0
43.0
40.0
33.0
36.0
4.0
9.0
19.0
12.0
14.0
-10.0
-23.0
-19.0
-18.0
7.0
-22.0
-11.0
-50.0
3.0
13.0
-37.0
-31.0
7.0
16.0
-10.0
-13.0
-2.0
22.0
29.0
41.0
15.0
2.0
-32.0
-2.0
14.0
-31.0
-6.0
-14.0
-62.0
-25.0
-21.0
-39.0
-28.0
-20.0
-19.0
-9.0
5.0
3.0
4.0
-3.0
-21.0
3.0
3.0
-4.0
-4.0
-1.0
-1.0
-24.0
-9.0
-46.0
-90.0
-60.0
-56.0
-26.0
-26.0
-19.0
4.0
71.0
63.0
27.0
17.0
-16.0
-14.0
-32.0
-67.0
-24.0
1.0
2.0
-1.0
10.0
-46.0
-51.0
-43.0
-58.0
-52.0
-52.0
-55.0
-64.0
-63.0
-32.0
-23.0
-42.0
-68.0
-39.0
-17.0
-33.0
-55.0
-5.0
57.0
72.0
104.0
125.0
-9.0
-89.0
-53.0
-32.0
-35.0
-11.0
1.0
41.0
26.0
49.0
20.0
-4.0
8.0
22.0
-6.0
3.0
29.0
45.0
46.0
74.0
40.0
32.0
33.0
5.0
26.0
17.0
10.0
29.0
33.0
41.0
8.0
18.0
55.0
72.0
65.0
41.0
22.0
42.0
38.0
5.0
11.0
27.0
24.0
45.0
48.0
15.0
-8.0
5.0
-8.0
14.0
-40.0
-39.0
-7.0
-13.0
-43.0
-52.0
-9.0
-14.0
-13.0
8.0
-7.0
-9.0
5.0
-13.0
-29.0
-21.0
-36.0
-9.0
10.0
-13.0
9.0
-11.0
-9.0
24.0
8.0
23.0
10.0
28.0
64.0
26.0
9.0
14.0
25.0
36.0
7.0
15.0
39.0
32.0
6.0
-41.0
-43.0
-20.0
-6.0
16.0
13.0
12.0
44.0
43.0
2.0
15.0
22.0
8.0
-2.0
29.0
41.0
-23.0
4.0
21.0
10.0
18.0
24.0
49.0
11.0
-3.0
-23.0
-34.0
-47.0
-39.0
-2.0
-17.0
-17.0
-32.0
4.0
-16.0
-21.0
31.0
75.0
56.0
13.0
20.0
35.0
1.0
7.0
-2.0
31.0
90.0
110.0
86.0
-8.0
-35.0
-21.0
6.0
29.0
10.0
62.0
71.0
-32.0
-20.0
8.0
4.0
5.0
45.0
35.0
4.0
4.0
7.0
-4.0
-36.0
-44.0
1.0
-1.0
29.0
33.0
25.0
27.0
-6.0
18.0
-2.0
-10.0
6.0
22.0
11.0
35.0
58.0
65.0
69.0
71.0
47.0
24.0
0.0
24.0
28.0
33.0
13.0
24.0
-2.0
6.0
10.0
23.0
63.0
39.0
27.0
31.0
15.0
-1.0
-26.0
-15.0
-15.0
2.0
20.0
-1.0
11.0
31.0
24.0
-12.0
-17.0
-40.0
-43.0
-31.0
-17.0
-15.0
-29.0
-16.0
-15.0
-27.0
-4.0
0.0
1.0
14.0
-16.0
-24.0
0.0
10.0
7.0
0.0
3.0
-17.0
6.0
39.0
3.0
2.0
14.0
19.0
4.0
18.0
43.0
45.0
21.0
24.0
47.0
31.0
50.0
68.0
50.0
27.0
3.0
30.0
30.0
19.0
27.0
34.0
-18.0
-14.0
13.0
10.0
8.0
-2.0
-7.0
-33.0
-18.0
-46.0
-38.0
-30.0
-63.0
-64.0
-58.0
-73.0
-76.0
-37.0
-5.0
36.0
21.0
-40.0
-28.0
-37.0
-43.0
-13.0
8.0
-22.0
-35.0
-4.0
13.0
49.0
1.0
-30.0
-11.0
-21.0
-21.0
-16.0
-42.0
-19.0
-32.0
-37.0
-23.0
-45.0
-45.0
-27.0
4.0
13.0
55.0
84.0
38.0
32.0
54.0
42.0
34.0
48.0
74.0
20.0
-2.0
33.0
20.0
5.0
14.0
30.0
34.0
51.0
21.0
-14.0
1.0
4.0
14.0
59.0
63.0
12.0
29.0
40.0
23.0
43.0
26.0
23.0
32.0
-6.0
18.0
27.0
27.0
16.0
55.0
28.0
-14.0
-13.0
-17.0
-22.0
-3.0
-20.0
-23.0
2.0
26.0
-6.0
-5.0
8.0
5.0
8.0
-12.0
-20.0
-16.0
3.0
-1.0
-17.0
-1.0
0.0
1.0
-3.0
7.0
-1.0
-14.0
23.0
37.0
-1.0
-34.0
-59.0
-62.0
-57.0
-67.0
-61.0
-31.0
-8.0
-7.0
-30.0
-15.0
-21.0
-40.0
-41.0
-43.0
-59.0
-58.0
-14.0
-27.0
-68.0
-60.0
-53.0
-31.0
-48.0
-21.0
-14.0
-8.0
-23.0
-1.0
51.0
66.0
55.0
25.0
-87.0
-99.0
-54.0
-36.0
1.0
-3.0
-17.0
-28.0
-50.0
-43.0
-62.0
-55.0
-46.0
-45.0
-47.0
-32.0
-46.0
-48.0
-6.0
-24.0
-44.0
-62.0
-48.0
-49.0
-67.0
-17.0
-9.0
-39.0
-45.0
-42.0
-43.0
-24.0
-7.0
-25.0
5.0
15.0
14.0
21.0
22.0
18.0
-2.0
-30.0
-10.0
1.0
13.0
-23.0
-27.0
25.0
51.0
20.0
22.0
-2.0
8.0
30.0
28.0
49.0
41.0
61.0
42.0
-1.0
2.0
34.0
77.0
48.0
33.0
39.0
31.0
1.0
7.0
6.0
15.0
-3.0
-36.0
-31.0
-32.0
-42.0
-39.0
-51.0
-11.0
3.0
-3.0
-18.0
-21.0
6.0
-35.0
-40.0
-50.0
-30.0
-27.0
-51.0
-43.0
-66.0
-37.0
-49.0
-50.0
-25.0
-42.0
-22.0
9.0
11.0
1.0
-6.0
5.0
9.0
6.0
24.0
45.0
41.0
2.0
-32.0
-18.0
-15.0
-40.0
-46.0
-17.0
-8.0
-15.0
-6.0
-16.0
-32.0
-19.0
-17.0
-29.0
10.0
35.0
3.0
62.0
95.0
86.0
7.0
-23.0
-40.0
-41.0
-41.0
11.0
16.0
-14.0
10.0
25.0
-3.0
-27.0
1.0
35.0
12.0
15.0
-14.0
-33.0
-18.0
-6.0
12.0
-44.0
-26.0
-17.0
-37.0
-25.0
-20.0
2.0
7.0
3.0
-21.0
-9.0
21.0
-10.0
-55.0
-11.0
3.0
-4.0
5.0
-16.0
4.0
-20.0
-22.0
-8.0
-4.0
-13.0
11.0
-33.0
-24.0
-4.0
-26.0
-18.0
6.0
37.0
45.0
26.0
-2.0
-31.0
-40.0
-7.0
-14.0
-21.0
-5.0
3.0
14.0
43.0
18.0
24.0
48.0
36.0
8.0
8.0
22.0
24.0
23.0
23.0
9.0
-1.0
19.0
32.0
37.0
43.0
21.0
75.0
72.0
54.0
49.0
36.0
16.0
12.0
11.0
38.0
33.0
20.0
6.0
-7.0
36.0
34.0
-4.0
-35.0
-42.0
-30.0
-5.0
32.0
35.0
22.0
25.0
-2.0
-12.0
14.0
12.0
29.0
29.0
-2.0
-30.0
-41.0
-15.0
-24.0
-27.0
-7.0
-22.0
6.0
-28.0
-35.0
-10.0
-21.0
-9.0
12.0
45.0
89.0
90.0
59.0
1.0
-43.0
-21.0
15.0
-14.0
-9.0
-4.0
-39.0
-39.0
-74.0
-39.0
-47.0
-71.0
-60.0
-10.0
7.0
-20.0
-55.0
-19.0
-10.0
4.0
0.0
23.0
30.0
8.0
-23.0
-26.0
-40.0
-16.0
8.0
5.0
37.0
8.0
-29.0
-12.0
23.0
36.0
23.0
21.0
29.0
35.0
63.0
22.0
-18.0
-2.0
-7.0
-24.0
-39.0
-14.0
18.0
10.0
-1.0
17.0
27.0
3.0
6.0
2.0
-25.0
-22.0
-16.0
-24.0
-42.0
-24.0
-23.0
-5.0
17.0
67.0
47.0
24.0
42.0
18.0
-3.0
8.0
-8.0
-10.0
23.0
-20.0
-14.0
1.0
9.0
6.0
4.0
11.0
-12.0
-8.0
18.0
37.0
35.0
14.0
23.0
45.0
63.0
69.0
55.0
45.0
34.0
53.0
42.0
11.0
30.0
18.0
12.0
37.0
21.0
14.0
21.0
-20.0
-16.0
-35.0
-7.0
-26.0
-3.0
20.0
18.0
21.0
4.0
-14.0
12.0
14.0
-3.0
-39.0
-59.0
-31.0
13.0
37.0
66.0
23.0
-5.0
-44.0
-67.0
-34.0
-20.0
-18.0
14.0
8.0
-16.0
7.0
-6.0
-62.0
-23.0
-12.0
-12.0
9.0
33.0
7.0
-14.0
-27.0
-45.0
-13.0
-3.0
5.0
20.0
35.0
17.0
26.0
35.0
26.0
31.0
10.0
-4.0
17.0
50.0
18.0
41.0
60.0
69.0
34.0
22.0
56.0
51.0
36.0
5.0
-29.0
-12.0
-6.0
-11.0
-11.0
5.0
35.0
14.0
39.0
32.0
-4.0
-21.0
5.0
40.0
15.0
7.0
17.0
18.0
-10.0
5.0
24.0
7.0
30.0
5.0
-22.0
-33.0
11.0
-4.0
-1.0
18.0
-26.0
-20.0
14.0
-16.0
-13.0
15.0
9.0
12.0
43.0
28.0
51.0
31.0
14.0
17.0
2.0
-44.0
-24.0
-5.0
-11.0
10.0
-7.0
-32.0
-29.0
-26.0
4.0
18.0
36.0
29.0
19.0
-10.0
20.0
29.0
14.0
-18.0
-2.0
-1.0
-17.0
-22.0
-25.0
-66.0
-31.0
-10.0
6.0
7.0
18.0
19.0
-6.0
45.0
70.0
75.0
42.0
-41.0
-11.0
20.0
26.0
12.0
40.0
41.0
26.0
9.0
29.0
34.0
47.0
33.0
22.0
0.0
0.0
0.0
0.0
0.0
0.0
0.0
0.0
0.0
0.0
0.0
0.0
0.0
0.0
0.0
0.0
0.0
0.0
0.0
0.0
0.0
0.0
0.0
0.0
0.0
0.0
0.0
0.0
0.0
0.0
0.0
0.0
0.0
0.0
0.0
0.0
0.0
0.0
0.0
0.0
0.0
0.0
0.0
0.0
0.0
0.0
0.0
0.0
0.0
0.0
0.0
0.0
0.0
0.0
0.0
0.0
0.0
0.0
0.0
0.0
0.0
0.0
0.0
0.0
0.0
0.0
0.0
0.0
0.0
0.0
0.0
0.0
0.0
0.0
0.0
0.0
0.0
0.0
0.0
0.0
0.0
0.0
0.0
0.0
0.0
0.0
0.0
0.0
0.0
0.0
0.0
0.0
0.0
0.0
0.0
0.0
0.0
0.0
0.0
0.0
0.0
0.0
0.0
0.0
0.0
0.0
0.0
0.0
0.0
0.0
0.0
0.0
0.0
0.0
0.0
0.0
0.0
0.0
0.0
0.0
0.0
0.0
0.0
0.0
0.0
0.0
0.0
0.0
