10.0
-20.0
9.0
-14.0
-32.0
-32.0
-13.0
-27.0
-90.0
-26.0
-38.0
-74.0
-23.0
-20.0
-54.0
-6.0
3.0
-44.0
-31.0
-56.0
-41.0
27.0
8.0
-65.0
-15.0
37.0
-27.0
-12.0
41.0
38.0
-14.0
26.0
6.0
-2.0
5.0
11.0
-6.0
-6.0
24.0
-8.0
12.0
-22.0
35.0
-7.0
-31.0
79.0
77.0
38.0
55.0
-5.0
3.0
-32.0
-6.0
62.0
-21.0
5.0
30.0
5.0
38.0
12.0
71.0
75.0
-21.0
-39.0
-7.0
-44.0
-37.0
51.0
87.0
89.0
9.0
-63.0
-23.0
-26.0
15.0
-20.0
-44.0
-16.0
7.0
-2.0
3.0
-4.0
-54.0
-45.0
-13.0
-5.0
-91.0
-76.0
-50.0
42.0
21.0
12.0
-42.0
-58.0
-14.0
-6.0
-22.0
-35.0
-6.0
-4.0
-58.0
-42.0
-10.0
-72.0
-134.0
-127.0
-31.0
-67.0
-50.0
-8.0
6.0
-1.0
-23.0
4.0
-11.0
-128.0
-59.0
15.0
-56.0
-83.0
2.0
-10.0
-24.0
-21.0
-34.0
-8.0
-7.0
20.0
23.0
-31.0
-21.0
27.0
46.0
16.0
8.0
-66.0
-40.0
-32.0
-34.0
-4.0
-70.0
-26.0
13.0
13.0
-32.0
-45.0
-59.0
-29.0
-9.0
22.0
28.0
33.0
35.0
-17.0
-50.0
-47.0
-51.0
-39.0
16.0
24.0
13.0
-23.0
-32.0
32.0
-63.0
-101.0
40.0
35.0
-43.0
58.0
11.0
-35.0
36.0
7.0
-43.0
-7.0
12.0
-7.0
-48.0
-42.0
-49.0
-70.0
-48.0
35.0
21.0
-12.0
3.0
-21.0
-34.0
15.0
-2.0
23.0
-27.0
-27.0
4.0
-37.0
-72.0
-61.0
-64.0
-27.0
-18.0
14.0
44.0
29.0
-4.0
-28.0
75.0
32.0
-53.0
-8.0
29.0
0.0
42.0
51.0
63.0
64.0
71.0
149.0
87.0
47.0
110.0
48.0
31.0
73.0
97.0
55.0
85.0
115.0
63.0
-6.0
39.0
56.0
-3.0
72.0
138.0
57.0
121.0
145.0
78.0
80.0
76.0
4.0
50.0
135.0
35.0
44.0
26.0
35.0
39.0
-23.0
-23.0
26.0
-6.0
17.0
23.0
-37.0
3.0
1.0
7.0
6.0
24.0
48.0
37.0
41.0
5.0
-29.0
-6.0
-16.0
13.0
-20.0
-10.0
48.0
35.0
-35.0
14.0
39.0
-3.0
-5.0
54.0
29.0
-41.0
-54.0
-31.0
64.0
36.0
37.0
32.0
17.0
91.0
53.0
-44.0
24.0
41.0
-18.0
-3.0
-19.0
-11.0
-42.0
-70.0
26.0
27.0
-16.0
-34.0
-23.0
-4.0
-63.0
1.0
35.0
-46.0
9.0
59.0
99.0
44.0
-26.0
-1.0
-50.0
-75.0
-25.0
-20.0
-23.0
-70.0
-64.0
-109.0
-115.0
-37.0
-57.0
-30.0
20.0
37.0
-77.0
-64.0
-8.0
-60.0
-25.0
-33.0
-75.0
21.0
8.0
-43.0
-23.0
-49.0
-115.0
-92.0
-14.0
-26.0
-71.0
-22.0
-21.0
-48.0
-55.0
-58.0
-30.0
23.0
-14.0
22.0
90.0
-4.0
-34.0
-48.0
-19.0
-38.0
-82.0
-55.0
-25.0
-41.0
-59.0
-37.0
-16.0
-13.0
45.0
18.0
39.0
-15.0
-93.0
-47.0
-47.0
-106.0
-84.0
-50.0
-51.0
-10.0
-59.0
-67.0
-52.0
-24.0
-33.0
-54.0
-77.0
-132.0
-133.0
-87.0
-85.0
-93.0
-10.0
3.0
4.0
25.0
-14.0
-39.0
23.0
-3.0
-56.0
-33.0
-46.0
-87.0
-30.0
-67.0
-149.0
-130.0
-136.0
-99.0
-56.0
1.0
45.0
69.0
23.0
-84.0
15.0
-23.0
-79.0
-3.0
-35.0
-16.0
-13.0
-39.0
-72.0
-58.0
-88.0
-134.0
-42.0
-86.0
-112.0
-33.0
-33.0
-29.0
-10.0
-23.0
-29.0
43.0
95.0
79.0
53.0
-34.0
-41.0
-97.0
-171.0
-68.0
-39.0
-42.0
-11.0
-41.0
-43.0
-69.0
-109.0
-78.0
-83.0
-57.0
-2.0
-36.0
-65.0
-64.0
-38.0
-69.0
-20.0
-50.0
-40.0
-26.0
-16.0
6.0
-89.0
-92.0
23.0
-35.0
-24.0
13.0
10.0
-18.0
-67.0
16.0
-31.0
-97.0
10.0
35.0
3.0
-22.0
-40.0
15.0
-26.0
-61.0
-51.0
-51.0
-26.0
-32.0
-19.0
-53.0
-110.0
-100.0
-65.0
-37.0
-42.0
-17.0
-24.0
-63.0
-70.0
-51.0
-17.0
-20.0
-63.0
-64.0
25.0
-14.0
-16.0
-16.0
11.0
24.0
28.0
22.0
11.0
-15.0
39.0
25.0
-20.0
2.0
3.0
-3.0
6.0
13.0
30.0
48.0
47.0
36.0
19.0
1.0
33.0
23.0
11.0
-12.0
-15.0
-9.0
38.0
22.0
-22.0
2.0
37.0
27.0
19.0
25.0
34.0
59.0
97.0
70.0
77.0
57.0
28.0
4.0
-43.0
4.0
38.0
69.0
78.0
17.0
-2.0
21.0
-51.0
-42.0
-39.0
-27.0
-65.0
-64.0
-71.0
-92.0
-94.0
-51.0
-25.0
30.0
79.0
36.0
-26.0
-106.0
-100.0
-102.0
-69.0
-71.0
-73.0
-51.0
-30.0
-99.0
-92.0
-59.0
-60.0
-34.0
-42.0
-37.0
-49.0
-74.0
-58.0
-58.0
-74.0
-50.0
-27.0
-12.0
3.0
-30.0
-34.0
-44.0
-40.0
-41.0
-17.0
-14.0
-37.0
6.0
8.0
33.0
6.0
-10.0
3.0
14.0
17.0
37.0
44.0
30.0
32.0
31.0
38.0
-20.0
-26.0
-29.0
8.0
-41.0
23.0
87.0
33.0
8.0
18.0
-8.0
-82.0
-37.0
-17.0
-3.0
-39.0
-12.0
2.0
-29.0
-106.0
-44.0
-1.0
-22.0
-36.0
-32.0
-15.0
-10.0
9.0
12.0
5.0
27.0
-14.0
-14.0
-6.0
-33.0
-9.0
0.0
-41.0
-23.0
-49.0
-84.0
-44.0
-29.0
-33.0
-49.0
-26.0
-38.0
-65.0
-86.0
-37.0
-37.0
-25.0
-1.0
43.0
-1.0
-57.0
0.0
-27.0
-42.0
-13.0
41.0
13.0
18.0
14.0
11.0
30.0
26.0
20.0
4.0
-19.0
-4.0
-8.0
0.0
-53.0
-31.0
-6.0
-16.0
-12.0
4.0
-7.0
13.0
7.0
18.0
62.0
8.0
-89.0
-89.0
-90.0
-48.0
-50.0
-49.0
-18.0
-97.0
-15.0
-8.0
-105.0
-58.0
-53.0
-67.0
-43.0
-63.0
-25.0
-31.0
-63.0
-61.0
-46.0
-61.0
-36.0
-46.0
-49.0
-36.0
-52.0
8.0
8.0
11.0
-5.0
22.0
92.0
44.0
24.0
62.0
46.0
41.0
62.0
44.0
76.0
37.0
81.0
56.0
43.0
30.0
68.0
24.0
-12.0
85.0
61.0
-25.0
52.0
25.0
3.0
8.0
41.0
44.0
12.0
17.0
20.0
8.0
-4.0
-9.0
26.0
3.0
6.0
31.0
15.0
14.0
8.0
13.0
19.0
18.0
24.0
-6.0
-18.0
12.0
-10.0
-27.0
8.0
17.0
3.0
-7.0
11.0
18.0
51.0
36.0
34.0
12.0
16.0
21.0
24.0
-17.0
-8.0
56.0
-19.0
34.0
36.0
24.0
33.0
9.0
-17.0
-16.0
-6.0
14.0
4.0
-1.0
27.0
15.0
-16.0
-31.0
-40.0
-10.0
-1.0
-28.0
-58.0
-61.0
-33.0
-26.0
3.0
-32.0
-46.0
-49.0
-40.0
-46.0
-54.0
-95.0
-83.0
-49.0
-21.0
-3.0
49.0
127.0
70.0
-37.0
-46.0
-4.0
-49.0
-20.0
3.0
-2.0
-7.0
27.0
52.0
27.0
15.0
23.0
40.0
45.0
18.0
-21.0
12.0
22.0
-9.0
38.0
14.0
7.0
-1.0
27.0
48.0
25.0
17.0
55.0
58.0
70.0
67.0
65.0
65.0
56.0
6.0
-20.0
-22.0
15.0
34.0
51.0
64.0
-34.0
-26.0
-44.0
-46.0
-46.0
-38.0
-36.0
-33.0
-14.0
-18.0
19.0
-15.0
-21.0
32.0
11.0
-29.0
-2.0
-24.0
-36.0
-16.0
4.0
-2.0
-2.0
15.0
-12.0
-3.0
13.0
35.0
38.0
48.0
42.0
34.0
25.0
-29.0
-27.0
-4.0
22.0
36.0
39.0
-16.0
-11.0
17.0
15.0
10.0
10.0
-10.0
16.0
65.0
44.0
2.0
30.0
16.0
-13.0
4.0
-24.0
-44.0
-35.0
-2.0
-21.0
-67.0
-35.0
-1.0
17.0
31.0
40.0
2.0
12.0
62.0
56.0
27.0
56.0
42.0
22.0
13.0
62.0
8.0
6.0
13.0
48.0
77.0
93.0
116.0
103.0
95.0
59.0
19.0
35.0
24.0
8.0
20.0
5.0
48.0
65.0
119.0
138.0
81.0
73.0
51.0
36.0
27.0
-7.0
-30.0
-9.0
10.0
21.0
32.0
49.0
71.0
23.0
24.0
-3.0
27.0
24.0
10.0
-21.0
-33.0
-39.0
7.0
12.0
5.0
16.0
3.0
4.0
3.0
31.0
32.0
-7.0
26.0
58.0
27.0
16.0
13.0
44.0
49.0
27.0
98.0
105.0
56.0
40.0
26.0
13.0
16.0
11.0
70.0
85.0
49.0
53.0
52.0
36.0
31.0
15.0
4.0
37.0
62.0
12.0
6.0
34.0
38.0
26.0
23.0
7.0
32.0
43.0
18.0
13.0
54.0
46.0
52.0
116.0
67.0
27.0
23.0
31.0
32.0
6.0
20.0
26.0
25.0
17.0
-12.0
-40.0
3.0
36.0
31.0
22.0
18.0
34.0
17.0
67.0
96.0
53.0
100.0
113.0
73.0
43.0
-2.0
21.0
-32.0
62.0
6.0
-22.0
-27.0
20.0
-20.0
-34.0
-79.0
-44.0
-32.0
-22.0
-23.0
-62.0
-68.0
-42.0
-4.0
22.0
5.0
4.0
-6.0
-16.0
-46.0
-61.0
-15.0
-38.0
-17.0
24.0
13.0
-17.0
-4.0
-28.0
-55.0
34.0
63.0
65.0
-4.0
-71.0
-49.0
-59.0
-52.0
-40.0
-102.0
-119.0
-154.0
-134.0
-121.0
-96.0
-37.0
-10.0
-12.0
-33.0
-51.0
-76.0
-85.0
-64.0
-76.0
-68.0
-71.0
-72.0
-64.0
-48.0
-71.0
-86.0
-24.0
-6.0
-10.0
14.0
3.0
-13.0
-33.0
-36.0
-51.0
-52.0
1.0
42.0
30.0
74.0
98.0
79.0
106.0
97.0
41.0
-21.0
-56.0
-5.0
-90.0
-130.0
-90.0
-117.0
-134.0
-95.0
-43.0
-56.0
-53.0
-39.0
-6.0
-1.0
-29.0
-31.0
-69.0
-80.0
-83.0
-96.0
-98.0
-114.0
-134.0
-155.0
-159.0
-139.0
-91.0
-49.0
-64.0
-36.0
-11.0
-14.0
-37.0
-11.0
-36.0
-53.0
-13.0
-26.0
-19.0
-25.0
-39.0
0.0
-4.0
29.0
-23.0
-58.0
-12.0
-34.0
-52.0
-44.0
-43.0
-59.0
-53.0
-49.0
-15.0
-26.0
-31.0
22.0
-1.0
-7.0
25.0
13.0
-1.0
13.0
4.0
-2.0
21.0
-23.0
-17.0
16.0
-6.0
17.0
40.0
71.0
74.0
87.0
54.0
-17.0
-111.0
-89.0
-147.0
-102.0
-40.0
-48.0
32.0
83.0
63.0
1.0
-67.0
-44.0
-54.0
-101.0
-129.0
-102.0
-98.0
-129.0
-129.0
-102.0
-99.0
-84.0
-46.0
-34.0
-29.0
-3.0
-42.0
-42.0
-46.0
-68.0
-77.0
-45.0
-41.0
-70.0
-59.0
-18.0
-26.0
-5.0
32.0
-7.0
39.0
80.0
86.0
50.0
35.0
13.0
-17.0
8.0
36.0
47.0
5.0
-3.0
13.0
2.0
-23.0
18.0
44.0
64.0
29.0
10.0
-39.0
-16.0
-56.0
-98.0
-88.0
-86.0
-24.0
11.0
-19.0
40.0
68.0
40.0
34.0
33.0
-33.0
-81.0
-77.0
-60.0
-67.0
-86.0
-58.0
1.0
14.0
33.0
19.0
-8.0
131.0
90.0
-10.0
-16.0
-23.0
-90.0
-56.0
-35.0
-54.0
-62.0
-62.0
-53.0
11.0
13.0
52.0
45.0
37.0
59.0
22.0
21.0
-1.0
-2.0
-15.0
-40.0
5.0
42.0
72.0
113.0
114.0
104.0
134.0
126.0
98.0
94.0
60.0
30.0
6.0
53.0
44.0
52.0
91.0
60.0
27.0
61.0
77.0
48.0
74.0
-2.0
-10.0
73.0
62.0
79.0
91.0
99.0
115.0
160.0
163.0
86.0
-34.0
-37.0
-28.0
11.0
66.0
76.0
87.0
67.0
42.0
17.0
21.0
18.0
14.0
43.0
59.0
69.0
79.0
72.0
45.0
59.0
64.0
1.0
25.0
48.0
23.0
87.0
105.0
78.0
67.0
91.0
58.0
51.0
60.0
50.0
21.0
44.0
79.0
14.0
-18.0
26.0
-12.0
41.0
35.0
-15.0
30.0
29.0
-36.0
-90.0
-15.0
2.0
-5.0
-42.0
-48.0
-13.0
16.0
-12.0
8.0
59.0
28.0
3.0
-24.0
-47.0
-44.0
-42.0
-33.0
-15.0
-5.0
9.0
31.0
13.0
26.0
25.0
48.0
22.0
-16.0
-8.0
-20.0
63.0
2.0
27.0
67.0
70.0
72.0
19.0
-25.0
-32.0
23.0
36.0
-20.0
13.0
28.0
6.0
4.0
8.0
37.0
18.0
-9.0
-14.0
-14.0
-30.0
-22.0
14.0
22.0
46.0
67.0
37.0
-14.0
60.0
54.0
43.0
13.0
21.0
-17.0
-19.0
-23.0
-28.0
5.0
-15.0
10.0
7.0
-70.0
3.0
36.0
21.0
93.0
118.0
114.0
1.0
-69.0
-58.0
-51.0
-50.0
-18.0
21.0
18.0
-38.0
-17.0
-56.0
-26.0
24.0
14.0
-16.0
3.0
-20.0
-15.0
10.0
-14.0
62.0
45.0
20.0
44.0
-18.0
8.0
26.0
21.0
62.0
141.0
103.0
30.0
46.0
50.0
24.0
0.0
19.0
38.0
-24.0
-79.0
0.0
-16.0
-59.0
-74.0
-15.0
51.0
-2.0
31.0
10.0
-28.0
-46.0
-99.0
-73.0
-90.0
-147.0
-74.0
-58.0
-81.0
-46.0
-37.0
-36.0
-23.0
-23.0
-13.0
-42.0
-41.0
-6.0
-13.0
-73.0
-87.0
-38.0
-13.0
-64.0
-50.0
-34.0
-83.0
-46.0
-13.0
-25.0
8.0
26.0
-26.0
-34.0
9.0
-27.0
-50.0
-42.0
-18.0
-30.0
-52.0
-55.0
-43.0
-21.0
-74.0
-84.0
2.0
13.0
50.0
86.0
19.0
3.0
35.0
1.0
-15.0
-32.0
-24.0
-25.0
-4.0
4.0
14.0
22.0
7.0
-1.0
-16.0
-18.0
-35.0
10.0
10.0
-9.0
-6.0
-44.0
34.0
90.0
39.0
-10.0
-74.0
-50.0
-87.0
-90.0
-36.0
-20.0
-24.0
-60.0
-61.0
-91.0
-106.0
-100.0
-91.0
-49.0
-1.0
25.0
11.0
7.0
-8.0
-63.0
-83.0
-46.0
-22.0
-43.0
34.0
67.0
27.0
48.0
52.0
30.0
-8.0
-97.0
-67.0
92.0
3.0
51.0
98.0
48.0
89.0
130.0
61.0
53.0
71.0
65.0
77.0
76.0
46.0
36.0
15.0
-11.0
-17.0
-37.0
-14.0
-13.0
-4.0
32.0
46.0
76.0
133.0
95.0
56.0
35.0
37.0
60.0
50.0
72.0
4.0
-25.0
-6.0
-24.0
-11.0
-2.0
-10.0
13.0
55.0
89.0
51.0
63.0
64.0
46.0
35.0
74.0
19.0
-24.0
-22.0
7.0
-25.0
-14.0
12.0
35.0
17.0
-21.0
-8.0
-14.0
-30.0
-25.0
-35.0
-11.0
-25.0
8.0
-3.0
-30.0
-46.0
-25.0
-4.0
16.0
33.0
49.0
63.0
7.0
-18.0
-29.0
-42.0
-6.0
15.0
16.0
15.0
-17.0
-16.0
28.0
33.0
50.0
79.0
136.0
50.0
24.0
-46.0
-50.0
-35.0
-60.0
-54.0
-66.0
-71.0
-53.0
9.0
21.0
-22.0
-33.0
-10.0
-24.0
-44.0
-79.0
-91.0
-91.0
-77.0
-77.0
-88.0
-61.0
-40.0
-53.0
-49.0
-18.0
20.0
6.0
14.0
4.0
-20.0
-9.0
34.0
20.0
-18.0
-45.0
12.0
76.0
36.0
6.0
37.0
32.0
42.0
32.0
23.0
-8.0
5.0
2.0
20.0
40.0
46.0
33.0
30.0
5.0
1.0
-13.0
-31.0
80.0
77.0
63.0
49.0
81.0
63.0
58.0
21.0
50.0
40.0
33.0
14.0
8.0
29.0
4.0
7.0
42.0
34.0
27.0
43.0
14.0
-2.0
4.0
-21.0
9.0
50.0
14.0
20.0
34.0
16.0
14.0
10.0
21.0
50.0
56.0
45.0
44.0
16.0
4.0
-22.0
-56.0
-2.0
-3.0
16.0
-15.0
-39.0
-4.0
-12.0
10.0
-31.0
-25.0
-25.0
-33.0
-33.0
-61.0
-93.0
-68.0
-52.0
-61.0
-37.0
-59.0
-71.0
-53.0
-35.0
-46.0
-40.0
-18.0
-9.0
-14.0
45.0
67.0
17.0
-34.0
-84.0
-116.0
-77.0
-50.0
-30.0
-30.0
-38.0
-53.0
-36.0
-19.0
9.0
14.0
51.0
38.0
5.0
-17.0
-48.0
-116.0
-82.0
3.0
-13.0
11.0
4.0
22.0
59.0
-53.0
-23.0
-27.0
-1.0
11.0
-15.0
13.0
21.0
-34.0
-51.0
-74.0
-65.0
-22.0
-45.0
-15.0
-24.0
-42.0
32.0
43.0
35.0
45.0
64.0
27.0
22.0
5.0
-54.0
16.0
8.0
-16.0
23.0
-10.0
34.0
34.0
31.0
26.0
26.0
35.0
-36.0
-8.0
6.0
-21.0
-43.0
-23.0
-3.0
-8.0
4.0
4.0
-32.0
-1.0
-6.0
-18.0
-3.0
5.0
20.0
27.0
37.0
17.0
10.0
-7.0
0.0
-25.0
-2.0
-4.0
35.0
0.0
16.0
14.0
-75.0
-50.0
-40.0
-37.0
4.0
-28.0
1.0
54.0
-34.0
-17.0
4.0
-11.0
-7.0
-6.0
19.0
17.0
33.0
13.0
-67.0
-86.0
-4.0
20.0
7.0
-12.0
-15.0
-24.0
10.0
14.0
-18.0
-40.0
-43.0
-14.0
-34.0
-83.0
-126.0
-64.0
-15.0
-6.0
135.0
117.0
67.0
-7.0
46.0
55.0
18.0
15.0
-15.0
17.0
70.0
23.0
-2.0
-17.0
-6.0
-1.0
28.0
88.0
65.0
53.0
34.0
57.0
49.0
46.0
1.0
4.0
50.0
42.0
4.0
-42.0
-47.0
-41.0
-31.0
33.0
83.0
25.0
-6.0
13.0
7.0
-54.0
-4.0
41.0
53.0
51.0
-10.0
13.0
-8.0
16.0
2.0
-7.0
2.0
61.0
58.0
-20.0
-42.0
-74.0
-43.0
50.0
44.0
19.0
-5.0
15.0
8.0
-64.0
-30.0
3.0
-8.0
-14.0
-9.0
14.0
15.0
-54.0
-33.0
-38.0
-61.0
-20.0
2.0
8.0
13.0
-13.0
8.0
23.0
75.0
84.0
96.0
86.0
100.0
49.0
8.0
15.0
8.0
37.0
35.0
10.0
-15.0
-25.0
-24.0
57.0
71.0
78.0
98.0
44.0
61.0
39.0
35.0
-6.0
12.0
14.0
17.0
-9.0
-13.0
19.0
10.0
72.0
43.0
30.0
90.0
73.0
50.0
53.0
51.0
-10.0
-1.0
4.0
15.0
20.0
12.0
-9.0
-21.0
-24.0
-79.0
-3.0
36.0
-3.0
39.0
89.0
84.0
33.0
-69.0
-118.0
-97.0
-61.0
-33.0
-20.0
-29.0
-46.0
-68.0
-46.0
-69.0
-72.0
-2.0
6.0
25.0
31.0
-20.0
-69.0
-87.0
-133.0
-76.0
-3.0
48.0
-31.0
-28.0
-40.0
-33.0
-3.0
49.0
44.0
35.0
62.0
-41.0
-27.0
33.0
52.0
-5.0
16.0
48.0
103.0
51.0
46.0
54.0
40.0
40.0
55.0
44.0
3.0
-1.0
4.0
8.0
76.0
30.0
39.0
74.0
61.0
26.0
51.0
23.0
-2.0
36.0
46.0
41.0
53.0
91.0
67.0
59.0
9.0
-9.0
-23.0
-34.0
-33.0
-5.0
30.0
-16.0
-26.0
18.0
2.0
-20.0
-14.0
68.0
74.0
52.0
25.0
7.0
-37.0
-106.0
-101.0
-40.0
-71.0
-91.0
-58.0
-27.0
-6.0
11.0
31.0
23.0
13.0
-20.0
-50.0
-36.0
-35.0
-37.0
18.0
3.0
-30.0
0.0
33.0
15.0
30.0
36.0
-15.0
-22.0
-14.0
-6.0
-10.0
17.0
-2.0
-26.0
-11.0
47.0
17.0
4.0
9.0
31.0
76.0
37.0
71.0
53.0
1.0
39.0
46.0
89.0
154.0
148.0
80.0
33.0
20.0
8.0
-13.0
-3.0
-31.0
2.0
-12.0
13.0
67.0
53.0
95.0
64.0
74.0
34.0
-29.0
41.0
32.0
6.0
-26.0
-2.0
53.0
31.0
10.0
5.0
64.0
62.0
15.0
41.0
-17.0
-36.0
-32.0
-70.0
-45.0
-18.0
-13.0
5.0
36.0
51.0
54.0
-8.0
-25.0
17.0
68.0
-12.0
-52.0
-3.0
0.0
-31.0
-32.0
-51.0
-68.0
-42.0
-63.0
-83.0
-111.0
-61.0
-50.0
-64.0
-14.0
-11.0
-29.0
-45.0
-21.0
-59.0
6.0
-34.0
-31.0
8.0
30.0
-31.0
-12.0
30.0
-3.0
-10.0
-5.0
-2.0
11.0
1.0
22.0
7.0
33.0
28.0
42.0
-11.0
-33.0
2.0
20.0
34.0
42.0
34.0
14.0
44.0
26.0
23.0
21.0
4.0
-2.0
3.0
-14.0
17.0
6.0
1.0
18.0
-4.0
15.0
25.0
-31.0
-14.0
3.0
-22.0
-24.0
-11.0
18.0
-15.0
-17.0
-1.0
-45.0
-83.0
-78.0
5.0
-35.0
-46.0
-48.0
-128.0
-102.0
-69.0
-8.0
-15.0
22.0
-17.0
-100.0
-107.0
-91.0
-73.0
-80.0
-99.0
-33.0
-48.0
-51.0
-53.0
-53.0
-79.0
-90.0
-59.0
-67.0
-50.0
-48.0
-29.0
-50.0
-22.0
13.0
3.0
-26.0
-45.0
-37.0
-9.0
-27.0
3.0
-20.0
-55.0
-22.0
-34.0
-92.0
14.0
-13.0
-62.0
-8.0
-41.0
8.0
37.0
37.0
7.0
17.0
31.0
13.0
-19.0
-30.0
-69.0
-48.0
-34.0
1.0
34.0
44.0
26.0
39.0
35.0
-18.0
-4.0
15.0
47.0
51.0
63.0
67.0
88.0
82.0
63.0
43.0
-33.0
-31.0
26.0
-39.0
20.0
62.0
-15.0
24.0
82.0
67.0
99.0
124.0
100.0
25.0
-24.0
-18.0
-2.0
17.0
69.0
61.0
37.0
32.0
12.0
41.0
35.0
17.0
92.0
78.0
79.0
85.0
39.0
42.0
-7.0
-20.0
11.0
18.0
-6.0
-25.0
73.0
63.0
45.0
-11.0
-21.0
3.0
43.0
72.0
97.0
58.0
17.0
17.0
17.0
58.0
65.0
54.0
-27.0
20.0
24.0
9.0
25.0
39.0
57.0
105.0
121.0
114.0
27.0
-80.0
-59.0
-28.0
18.0
15.0
26.0
24.0
39.0
15.0
15.0
14.0
21.0
47.0
43.0
14.0
-9.0
-26.0
-36.0
-29.0
-16.0
-11.0
-38.0
-22.0
-45.0
-80.0
-58.0
-46.0
-11.0
-25.0
-56.0
-57.0
-52.0
-64.0
-22.0
-14.0
-13.0
2.0
21.0
-6.0
-2.0
-8.0
-3.0
-7.0
13.0
19.0
-1.0
1.0
-42.0
-109.0
-23.0
32.0
16.0
27.0
88.0
114.0
84.0
41.0
3.0
14.0
20.0
24.0
37.0
31.0
16.0
-18.0
-53.0
-39.0
-35.0
-22.0
-20.0
24.0
27.0
39.0
48.0
40.0
-15.0
-2.0
-6.0
-14.0
17.0
36.0
34.0
80.0
60.0
27.0
43.0
49.0
36.0
34.0
35.0
42.0
56.0
61.0
48.0
45.0
63.0
53.0
42.0
5.0
11.0
34.0
5.0
28.0
28.0
32.0
64.0
68.0
12.0
131.0
126.0
61.0
87.0
119.0
150.0
100.0
66.0
46.0
49.0
41.0
13.0
25.0
64.0
74.0
33.0
29.0
16.0
40.0
4.0
-8.0
27.0
76.0
124.0
159.0
118.0
58.0
8.0
-4.0
0.0
-9.0
3.0
-4.0
-1.0
12.0
23.0
-49.0
-27.0
-3.0
14.0
3.0
-54.0
-20.0
4.0
1.0
-45.0
-25.0
-42.0
-60.0
-50.0
-25.0
-51.0
-54.0
-15.0
2.0
-6.0
4.0
1.0
-35.0
-33.0
-39.0
-41.0
16.0
7.0
-17.0
10.0
33.0
29.0
18.0
-8.0
-65.0
-121.0
-72.0
-38.0
-16.0
-32.0
2.0
54.0
-4.0
-30.0
-4.0
-21.0
-23.0
22.0
45.0
30.0
1.0
20.0
11.0
-16.0
-58.0
-54.0
-69.0
-32.0
-20.0
-1.0
13.0
26.0
34.0
24.0
-6.0
-10.0
-22.0
-50.0
-39.0
-42.0
-32.0
-42.0
-35.0
-34.0
5.0
-25.0
-41.0
-50.0
-42.0
-42.0
-40.0
-30.0
-17.0
-37.0
-43.0
-28.0
6.0
-13.0
-17.0
13.0
11.0
-44.0
-17.0
-12.0
-22.0
-46.0
-66.0
-6.0
-3.0
-29.0
-87.0
-97.0
-60.0
-69.0
-77.0
-42.0
-17.0
-14.0
-21.0
-10.0
-3.0
-24.0
-62.0
-88.0
-82.0
-58.0
-49.0
-70.0
-73.0
-49.0
15.0
34.0
41.0
-10.0
-43.0
-44.0
-37.0
-20.0
-20.0
-28.0
-22.0
-48.0
-52.0
-29.0
-72.0
-46.0
-61.0
-81.0
-96.0
-121.0
-69.0
-105.0
-79.0
-53.0
-35.0
-10.0
-46.0
-60.0
-61.0
-64.0
-77.0
-35.0
-28.0
-15.0
3.0
17.0
21.0
-33.0
12.0
11.0
21.0
65.0
70.0
86.0
30.0
54.0
79.0
48.0
72.0
40.0
28.0
79.0
76.0
61.0
24.0
59.0
35.0
32.0
67.0
26.0
39.0
60.0
6.0
-41.0
-40.0
-21.0
-28.0
-30.0
-60.0
-40.0
-39.0
-12.0
-7.0
5.0
-17.0
-46.0
-29.0
-54.0
-16.0
1.0
-7.0
10.0
20.0
-2.0
-49.0
-52.0
-56.0
-47.0
-17.0
36.0
6.0
7.0
-29.0
-56.0
-71.0
-56.0
-69.0
-31.0
-45.0
-78.0
-56.0
-35.0
-29.0
8.0
-10.0
14.0
50.0
23.0
-13.0
-81.0
-50.0
21.0
50.0
46.0
51.0
108.0
153.0
59.0
34.0
21.0
18.0
27.0
14.0
54.0
49.0
38.0
54.0
61.0
64.0
57.0
11.0
2.0
54.0
109.0
127.0
109.0
12.0
42.0
8.0
3.0
2.0
22.0
3.0
35.0
42.0
-1.0
6.0
-17.0
-25.0
-35.0
-35.0
-7.0
11.0
-28.0
4.0
7.0
25.0
-29.0
-22.0
13.0
25.0
18.0
-2.0
-54.0
3.0
17.0
-35.0
-35.0
-5.0
32.0
16.0
-23.0
2.0
-13.0
-23.0
29.0
18.0
4.0
-19.0
-52.0
-45.0
-41.0
-5.0
-16.0
-34.0
-32.0
-76.0
-25.0
-14.0
-31.0
-37.0
-24.0
-42.0
-34.0
-57.0
-56.0
-45.0
-27.0
-18.0
62.0
69.0
27.0
-9.0
35.0
6.0
28.0
11.0
63.0
107.0
55.0
55.0
88.0
56.0
15.0
22.0
42.0
49.0
35.0
31.0
-18.0
-17.0
6.0
13.0
36.0
46.0
49.0
36.0
17.0
-9.0
-29.0
-31.0
16.0
17.0
37.0
79.0
79.0
33.0
26.0
-31.0
-2.0
36.0
37.0
56.0
94.0
95.0
47.0
21.0
-32.0
-21.0
50.0
27.0
50.0
18.0
53.0
11.0
-12.0
-7.0
25.0
45.0
62.0
18.0
-18.0
4.0
48.0
48.0
67.0
10.0
-65.0
-102.0
-43.0
9.0
5.0
-3.0
18.0
50.0
31.0
-9.0
0.0
-20.0
-6.0
5.0
-14.0
-36.0
-31.0
-33.0
-48.0
-33.0
-4.0
17.0
11.0
-5.0
27.0
31.0
-10.0
-34.0
-44.0
-17.0
-31.0
22.0
-14.0
17.0
39.0
5.0
15.0
-14.0
-18.0
-8.0
-9.0
-7.0
-5.0
19.0
19.0
-8.0
8.0
40.0
25.0
6.0
20.0
-11.0
-24.0
20.0
18.0
-14.0
4.0
-20.0
-44.0
-31.0
-41.0
-3.0
-11.0
-1.0
5.0
27.0
2.0
12.0
-20.0
-80.0
-65.0
-39.0
9.0
18.0
11.0
21.0
-2.0
-18.0
-44.0
-60.0
-72.0
-61.0
-50.0
-34.0
-5.0
8.0
-3.0
-11.0
-17.0
-26.0
-31.0
-32.0
-37.0
-55.0
-34.0
-5.0
8.0
2.0
-1.0
-16.0
-14.0
-36.0
-42.0
-34.0
-24.0
-2.0
15.0
3.0
-13.0
-7.0
-7.0
11.0
-27.0
-6.0
10.0
0.0
13.0
-25.0
-42.0
-29.0
1.0
3.0
11.0
-5.0
-13.0
-13.0
20.0
71.0
88.0
87.0
34.0
-50.0
-54.0
-17.0
-24.0
-61.0
-33.0
50.0
19.0
46.0
40.0
-5.0
41.0
35.0
11.0
6.0
-17.0
-7.0
-23.0
-59.0
-43.0
-11.0
-20.0
-6.0
-11.0
-27.0
-21.0
-11.0
7.0
35.0
23.0
50.0
92.0
96.0
69.0
87.0
83.0
51.0
87.0
86.0
53.0
59.0
32.0
23.0
36.0
12.0
-4.0
27.0
33.0
15.0
51.0
18.0
10.0
14.0
7.0
1.0
-15.0
-35.0
-26.0
12.0
-16.0
2.0
50.0
36.0
6.0
12.0
18.0
28.0
37.0
41.0
6.0
-5.0
-14.0
-22.0
2.0
0.0
26.0
63.0
4.0
1.0
-24.0
-40.0
-50.0
-17.0
-23.0
-8.0
-47.0
-41.0
30.0
12.0
4.0
3.0
-5.0
-31.0
-46.0
-49.0
-25.0
-4.0
10.0
31.0
-26.0
-23.0
-29.0
-18.0
3.0
14.0
-34.0
-43.0
-17.0
21.0
-63.0
-44.0
-61.0
-39.0
-36.0
-31.0
-34.0
-43.0
-30.0
-66.0
-79.0
-69.0
-61.0
-46.0
-53.0
-22.0
6.0
4.0
-6.0
-13.0
-7.0
-45.0
4.0
33.0
49.0
-7.0
-55.0
-3.0
27.0
-2.0
-18.0
-29.0
-41.0
-53.0
-3.0
-35.0
-84.0
-89.0
-78.0
-110.0
-48.0
-67.0
-55.0
0.0
-32.0
11.0
8.0
18.0
0.0
26.0
-5.0
-37.0
-23.0
-55.0
-63.0
-13.0
-44.0
-50.0
-21.0
-19.0
-19.0
10.0
15.0
12.0
-3.0
-22.0
-8.0
1.0
5.0
-8.0
2.0
-25.0
-18.0
10.0
-24.0
-27.0
12.0
30.0
14.0
-4.0
-6.0
32.0
20.0
8.0
4.0
25.0
-21.0
-27.0
19.0
13.0
-3.0
-29.0
-22.0
-29.0
-27.0
-20.0
-12.0
-2.0
7.0
13.0
42.0
18.0
-13.0
-10.0
-29.0
23.0
23.0
-2.0
2.0
-8.0
-4.0
-29.0
-42.0
-19.0
-1.0
1.0
5.0
-12.0
-30.0
-7.0
-20.0
-6.0
-12.0
-12.0
26.0
24.0
18.0
-5.0
20.0
8.0
-4.0
-1.0
9.0
8.0
10.0
37.0
41.0
-19.0
20.0
-42.0
-109.0
-63.0
-86.0
-86.0
-59.0
-33.0
-26.0
-55.0
-40.0
-68.0
-94.0
-55.0
-67.0
-59.0
-47.0
-61.0
-55.0
-65.0
-13.0
41.0
-3.0
-25.0
-59.0
4.0
-5.0
-29.0
24.0
-4.0
0.0
-22.0
-41.0
-23.0
-50.0
-44.0
-13.0
7.0
27.0
33.0
5.0
-3.0
-26.0
7.0
85.0
64.0
-7.0
-1.0
-41.0
-56.0
-42.0
-14.0
0.0
-7.0
4.0
29.0
-4.0
10.0
74.0
62.0
73.0
72.0
65.0
59.0
55.0
33.0
36.0
46.0
60.0
42.0
30.0
2.0
4.0
2.0
-37.0
-27.0
7.0
25.0
77.0
96.0
20.0
56.0
63.0
24.0
-25.0
38.0
58.0
1.0
14.0
25.0
13.0
48.0
7.0
35.0
88.0
55.0
55.0
56.0
13.0
31.0
6.0
9.0
14.0
1.0
27.0
29.0
-3.0
11.0
41.0
14.0
-10.0
0.0
15.0
7.0
22.0
2.0
32.0
32.0
-3.0
-39.0
7.0
21.0
23.0
48.0
10.0
15.0
44.0
52.0
13.0
29.0
46.0
14.0
18.0
-35.0
-21.0
15.0
4.0
46.0
60.0
23.0
-12.0
-21.0
-25.0
-40.0
-48.0
-43.0
7.0
11.0
-21.0
10.0
-2.0
23.0
30.0
25.0
12.0
16.0
42.0
78.0
91.0
91.0
16.0
-52.0
-18.0
-44.0
-35.0
-23.0
-5.0
5.0
24.0
1.0
40.0
52.0
27.0
70.0
17.0
-10.0
15.0
14.0
-6.0
9.0
-4.0
10.0
15.0
9.0
-7.0
-6.0
-13.0
-9.0
9.0
9.0
-17.0
-2.0
-14.0
-17.0
1.0
-17.0
44.0
68.0
26.0
-16.0
-5.0
-41.0
-51.0
-1.0
-22.0
-59.0
-79.0
-15.0
-15.0
-78.0
-81.0
-41.0
-65.0
-64.0
-52.0
-54.0
-46.0
-5.0
-52.0
-54.0
-32.0
-46.0
18.0
27.0
-11.0
-16.0
-33.0
-55.0
-37.0
-25.0
-34.0
-7.0
10.0
20.0
26.0
7.0
-30.0
-19.0
6.0
-2.0
-34.0
39.0
66.0
3.0
-23.0
-13.0
11.0
-20.0
6.0
34.0
16.0
-8.0
-8.0
-19.0
-27.0
-10.0
4.0
-15.0
25.0
-11.0
-36.0
1.0
-23.0
-20.0
23.0
7.0
15.0
-14.0
-56.0
-34.0
-23.0
-34.0
30.0
51.0
39.0
-2.0
-13.0
-30.0
-61.0
-46.0
-5.0
-27.0
-29.0
-12.0
-30.0
-17.0
-5.0
-17.0
-14.0
11.0
-6.0
-20.0
7.0
30.0
52.0
92.0
83.0
3.0
-41.0
-33.0
-10.0
-76.0
-96.0
-72.0
-91.0
-67.0
-32.0
-20.0
23.0
18.0
-4.0
-16.0
-12.0
-35.0
-65.0
-54.0
-47.0
-56.0
-60.0
-29.0
-49.0
-30.0
-71.0
-19.0
-5.0
-40.0
-32.0
21.0
-24.0
8.0
0.0
29.0
74.0
31.0
-7.0
56.0
32.0
33.0
41.0
51.0
54.0
30.0
38.0
23.0
4.0
27.0
-18.0
-43.0
-7.0
-15.0
-58.0
30.0
52.0
5.0
-3.0
1.0
5.0
-30.0
-31.0
-36.0
-39.0
-61.0
-30.0
-24.0
-54.0
-60.0
-25.0
3.0
-23.0
-5.0
-28.0
-84.0
-59.0
12.0
-8.0
2.0
44.0
25.0
40.0
-1.0
-27.0
-41.0
-3.0
-6.0
24.0
46.0
76.0
97.0
59.0
25.0
11.0
4.0
35.0
55.0
33.0
45.0
15.0
-13.0
-7.0
-27.0
-21.0
36.0
43.0
50.0
53.0
112.0
90.0
49.0
54.0
24.0
41.0
49.0
42.0
4.0
-6.0
5.0
20.0
-38.0
-30.0
2.0
23.0
43.0
14.0
35.0
-4.0
16.0
105.0
98.0
100.0
46.0
31.0
27.0
18.0
-18.0
-8.0
38.0
55.0
2.0
75.0
73.0
3.0
13.0
39.0
-1.0
49.0
49.0
-6.0
18.0
53.0
14.0
-2.0
1.0
-25.0
-9.0
10.0
-21.0
-24.0
35.0
13.0
21.0
26.0
52.0
33.0
22.0
52.0
61.0
31.0
-7.0
15.0
45.0
-7.0
37.0
73.0
36.0
39.0
-18.0
15.0
53.0
20.0
20.0
67.0
65.0
18.0
21.0
25.0
-40.0
-42.0
-19.0
10.0
73.0
51.0
15.0
30.0
-40.0
-60.0
-61.0
-28.0
-6.0
-41.0
-33.0
18.0
48.0
51.0
16.0
37.0
65.0
50.0
12.0
6.0
24.0
-8.0
36.0
107.0
105.0
80.0
80.0
78.0
55.0
8.0
14.0
43.0
17.0
43.0
65.0
64.0
57.0
28.0
67.0
79.0
26.0
23.0
34.0
69.0
69.0
21.0
-2.0
-44.0
-42.0
-18.0
-26.0
-22.0
5.0
17.0
11.0
-3.0
-23.0
-20.0
6.0
28.0
-1.0
-7.0
30.0
69.0
68.0
78.0
34.0
-54.0
-61.0
-86.0
-60.0
-69.0
-81.0
-63.0
-64.0
-43.0
-67.0
-44.0
-58.0
-73.0
-76.0
-80.0
-40.0
-58.0
-45.0
-6.0
-1.0
39.0
43.0
17.0
13.0
49.0
40.0
30.0
-3.0
-28.0
-7.0
-3.0
3.0
14.0
32.0
15.0
-24.0
14.0
12.0
19.0
40.0
25.0
44.0
43.0
18.0
2.0
-32.0
-64.0
-25.0
23.0
-28.0
-42.0
-30.0
-48.0
-60.0
-70.0
-57.0
-40.0
-26.0
-45.0
-21.0
-14.0
-8.0
1.0
-44.0
-10.0
-8.0
-26.0
-47.0
-52.0
-58.0
-45.0
-55.0
-89.0
-83.0
-81.0
-59.0
-51.0
-12.0
-14.0
-42.0
-43.0
-31.0
-60.0
-65.0
-67.0
-39.0
-12.0
0.0
-24.0
-35.0
-59.0
-63.0
-50.0
-84.0
-64.0
-26.0
-29.0
-20.0
-26.0
-29.0
-40.0
-53.0
-41.0
-35.0
6.0
12.0
-11.0
-4.0
0.0
-42.0
-53.0
-32.0
6.0
31.0
4.0
0.0
-22.0
-30.0
-32.0
-73.0
-54.0
-21.0
-21.0
4.0
7.0
-18.0
27.0
101.0
103.0
40.0
-69.0
-98.0
-42.0
8.0
33.0
34.0
40.0
43.0
5.0
-35.0
-56.0
-48.0
-53.0
-46.0
-51.0
-16.0
32.0
48.0
15.0
-14.0
-25.0
-26.0
-40.0
-39.0
-38.0
-49.0
-33.0
-22.0
-14.0
-6.0
6.0
45.0
79.0
80.0
-10.0
82.0
55.0
-66.0
-35.0
4.0
6.0
16.0
-25.0
-41.0
-41.0
-58.0
-53.0
-70.0
-61.0
-54.0
-37.0
6.0
-40.0
-47.0
-36.0
-63.0
-43.0
-40.0
-49.0
-27.0
12.0
30.0
54.0
18.0
-16.0
-28.0
-52.0
-90.0
-88.0
-97.0
-60.0
-18.0
-34.0
-33.0
-17.0
-15.0
-10.0
5.0
-14.0
-55.0
-70.0
-72.0
-23.0
8.0
-64.0
-36.0
7.0
-9.0
-29.0
-1.0
42.0
45.0
35.0
46.0
54.0
40.0
14.0
11.0
-22.0
-45.0
-2.0
-1.0
-28.0
-16.0
13.0
17.0
24.0
64.0
63.0
100.0
77.0
12.0
-11.0
-13.0
-16.0
-71.0
-73.0
-10.0
-32.0
-60.0
-66.0
-17.0
-35.0
-30.0
1.0
-26.0
-46.0
-50.0
-45.0
-27.0
31.0
63.0
71.0
84.0
58.0
-12.0
-39.0
-14.0
-32.0
-60.0
-23.0
-45.0
7.0
-32.0
23.0
59.0
12.0
18.0
-7.0
3.0
31.0
39.0
71.0
78.0
77.0
41.0
17.0
-10.0
-21.0
4.0
25.0
88.0
92.0
63.0
60.0
27.0
25.0
33.0
9.0
60.0
96.0
121.0
127.0
87.0
41.0
2.0
-20.0
-21.0
-10.0
-8.0
-31.0
-25.0
-21.0
26.0
33.0
26.0
5.0
24.0
58.0
42.0
18.0
-41.0
-41.0
-7.0
-15.0
-30.0
-54.0
-77.0
-41.0
-65.0
-59.0
-86.0
-74.0
-61.0
-40.0
-50.0
-94.0
-142.0
-124.0
-110.0
-138.0
-74.0
-64.0
-81.0
-89.0
-137.0
-130.0
-84.0
-43.0
-35.0
-10.0
4.0
17.0
12.0
-19.0
-79.0
-146.0
-54.0
-50.0
-55.0
-26.0
-21.0
11.0
-23.0
19.0
60.0
33.0
24.0
26.0
77.0
13.0
-26.0
-10.0
-24.0
-10.0
-16.0
-23.0
-2.0
6.0
19.0
24.0
51.0
35.0
32.0
20.0
-14.0
-23.0
-69.0
-68.0
-32.0
-16.0
-25.0
61.0
93.0
101.0
67.0
-17.0
-45.0
-36.0
-27.0
-41.0
-49.0
-61.0
-34.0
-14.0
-7.0
-23.0
4.0
3.0
-13.0
-10.0
-33.0
10.0
3.0
-20.0
-21.0
-37.0
-87.0
-63.0
-14.0
-9.0
-56.0
-39.0
-40.0
-72.0
-83.0
-50.0
-29.0
-1.0
12.0
13.0
15.0
24.0
-10.0
-38.0
-5.0
-48.0
-63.0
-34.0
-5.0
13.0
23.0
10.0
-39.0
-126.0
4.0
47.0
-18.0
23.0
56.0
15.0
10.0
35.0
44.0
-1.0
-6.0
0.0
21.0
16.0
4.0
18.0
21.0
6.0
-13.0
-49.0
-65.0
-57.0
-46.0
-33.0
-43.0
6.0
65.0
75.0
84.0
54.0
35.0
7.0
-24.0
-42.0
-59.0
-20.0
6.0
8.0
12.0
-17.0
-5.0
5.0
22.0
0.0
-17.0
-21.0
9.0
10.0
20.0
34.0
8.0
34.0
56.0
74.0
96.0
75.0
25.0
34.0
26.0
36.0
11.0
-54.0
-86.0
-52.0
-12.0
-2.0
6.0
5.0
6.0
-21.0
-9.0
37.0
-12.0
40.0
44.0
10.0
-39.0
-49.0
-22.0
17.0
36.0
39.0
-12.0
-52.0
-33.0
-17.0
-30.0
-65.0
-70.0
-69.0
-51.0
-52.0
-70.0
-53.0
-43.0
-41.0
-45.0
-50.0
-51.0
-31.0
-11.0
-5.0
-11.0
-49.0
-66.0
-41.0
-20.0
5.0
16.0
48.0
78.0
50.0
21.0
-4.0
-14.0
-7.0
-5.0
8.0
-18.0
-34.0
-15.0
-30.0
-31.0
-44.0
-32.0
-26.0
11.0
22.0
13.0
39.0
60.0
29.0
-25.0
-26.0
-10.0
13.0
3.0
21.0
49.0
60.0
41.0
51.0
63.0
63.0
34.0
25.0
7.0
38.0
38.0
18.0
22.0
21.0
20.0
75.0
59.0
35.0
35.0
25.0
11.0
26.0
40.0
27.0
5.0
11.0
22.0
-6.0
-12.0
48.0
7.0
27.0
83.0
9.0
-3.0
-27.0
-36.0
11.0
3.0
-1.0
22.0
34.0
63.0
60.0
52.0
53.0
9.0
7.0
-36.0
-27.0
41.0
45.0
43.0
-10.0
-17.0
-33.0
-51.0
-54.0
20.0
46.0
41.0
49.0
35.0
-5.0
-27.0
6.0
-8.0
-35.0
15.0
49.0
50.0
80.0
62.0
-6.0
-8.0
-6.0
2.0
23.0
0.0
-65.0
-112.0
-89.0
-103.0
-80.0
-30.0
-21.0
48.0
69.0
33.0
18.0
-5.0
-43.0
2.0
2.0
-34.0
2.0
16.0
16.0
19.0
4.0
-25.0
-20.0
31.0
71.0
65.0
77.0
65.0
80.0
107.0
115.0
113.0
132.0
106.0
53.0
40.0
52.0
28.0
39.0
5.0
-10.0
-1.0
-26.0
-8.0
22.0
-9.0
-2.0
10.0
44.0
42.0
-9.0
-32.0
-10.0
11.0
-34.0
-1.0
42.0
42.0
15.0
19.0
12.0
11.0
23.0
-13.0
-16.0
-5.0
-43.0
-6.0
-15.0
-3.0
17.0
16.0
-15.0
17.0
27.0
1.0
27.0
60.0
-20.0
-54.0
-31.0
-62.0
-84.0
-86.0
-21.0
-7.0
8.0
23.0
-25.0
-5.0
5.0
-19.0
-34.0
-5.0
2.0
-26.0
-49.0
-70.0
-74.0
-11.0
13.0
19.0
-14.0
-11.0
-20.0
-3.0
-25.0
-56.0
-67.0
-37.0
-59.0
-25.0
-14.0
-29.0
16.0
-3.0
-5.0
-7.0
13.0
50.0
3.0
25.0
68.0
117.0
102.0
72.0
-13.0
16.0
52.0
39.0
21.0
-12.0
-3.0
7.0
-36.0
25.0
35.0
51.0
63.0
90.0
27.0
34.0
36.0
58.0
88.0
76.0
62.0
56.0
35.0
35.0
49.0
-17.0
-15.0
54.0
22.0
-3.0
77.0
60.0
43.0
82.0
29.0
11.0
3.0
-2.0
32.0
56.0
20.0
8.0
-6.0
-53.0
-45.0
8.0
-38.0
-63.0
11.0
-10.0
-30.0
-34.0
-29.0
-30.0
-39.0
-90.0
-71.0
-26.0
-31.0
-36.0
5.0
-17.0
4.0
12.0
-35.0
-8.0
-9.0
-30.0
5.0
-23.0
-63.0
-40.0
-39.0
-39.0
10.0
-17.0
-40.0
-11.0
-3.0
12.0
-5.0
-37.0
-37.0
-12.0
-7.0
10.0
-25.0
-13.0
-41.0
-80.0
-49.0
-22.0
10.0
22.0
-24.0
-24.0
-43.0
-66.0
-43.0
17.0
53.0
49.0
23.0
37.0
24.0
-8.0
24.0
17.0
13.0
37.0
21.0
-55.0
-27.0
-2.0
-9.0
17.0
55.0
43.0
11.0
-5.0
11.0
-21.0
-46.0
-54.0
-59.0
-59.0
-74.0
-30.0
27.0
64.0
80.0
42.0
-62.0
-60.0
-78.0
-55.0
-28.0
-3.0
5.0
-46.0
48.0
29.0
-58.0
-27.0
13.0
18.0
11.0
-42.0
0.0
1.0
-34.0
-37.0
-11.0
-36.0
-49.0
-14.0
36.0
-12.0
30.0
17.0
-10.0
24.0
48.0
27.0
25.0
-5.0
-12.0
-29.0
-52.0
-24.0
-2.0
-2.0
-30.0
-17.0
77.0
35.0
42.0
70.0
46.0
4.0
24.0
2.0
-41.0
-51.0
-22.0
-13.0
2.0
34.0
33.0
33.0
50.0
18.0
5.0
-23.0
-15.0
-40.0
-43.0
12.0
-5.0
-36.0
-22.0
-23.0
-52.0
-20.0
6.0
-7.0
29.0
55.0
-10.0
-41.0
-52.0
-50.0
-19.0
-19.0
-27.0
14.0
32.0
40.0
41.0
15.0
-22.0
-25.0
-9.0
5.0
-2.0
-15.0
-23.0
-11.0
-53.0
-73.0
-74.0
-1.0
7.0
-23.0
44.0
87.0
58.0
73.0
70.0
-38.0
-53.0
-29.0
-36.0
-70.0
-50.0
-17.0
-21.0
-34.0
-11.0
14.0
-2.0
35.0
56.0
38.0
17.0
5.0
-17.0
11.0
31.0
61.0
88.0
32.0
-63.0
-44.0
-40.0
-14.0
-3.0
-1.0
4.0
23.0
-1.0
-3.0
-14.0
-20.0
-23.0
-36.0
-36.0
-44.0
-23.0
14.0
23.0
17.0
1.0
-22.0
-8.0
-8.0
-30.0
-25.0
-35.0
-35.0
8.0
12.0
51.0
27.0
-55.0
64.0
82.0
34.0
37.0
18.0
11.0
26.0
35.0
4.0
-17.0
-45.0
-58.0
-50.0
-61.0
-54.0
-50.0
-32.0
-14.0
-21.0
-26.0
-39.0
-49.0
-42.0
-30.0
-6.0
2.0
3.0
24.0
-77.0
-73.0
-29.0
-54.0
-56.0
-8.0
11.0
7.0
-37.0
-31.0
-48.0
-65.0
-43.0
-77.0
-128.0
-98.0
-84.0
-112.0
-67.0
-13.0
-24.0
25.0
26.0
7.0
-16.0
-12.0
-28.0
-23.0
-36.0
-21.0
18.0
15.0
-79.0
-105.0
-71.0
-52.0
-58.0
-67.0
18.0
38.0
13.0
16.0
11.0
18.0
25.0
36.0
51.0
70.0
38.0
9.0
-1.0
-34.0
-14.0
-25.0
-29.0
30.0
61.0
56.0
50.0
-2.0
-45.0
2.0
49.0
40.0
50.0
21.0
-50.0
-60.0
-30.0
-44.0
-2.0
33.0
-11.0
2.0
-12.0
-18.0
31.0
-8.0
41.0
45.0
-7.0
2.0
2.0
-27.0
-25.0
-38.0
-53.0
-48.0
-64.0
-56.0
-31.0
-50.0
-27.0
-15.0
-14.0
10.0
22.0
3.0
-4.0
-36.0
-54.0
-42.0
-44.0
-54.0
-36.0
-34.0
-60.0
-25.0
-24.0
-11.0
97.0
108.0
64.0
102.0
51.0
-3.0
-51.0
-21.0
-43.0
14.0
41.0
44.0
78.0
83.0
74.0
72.0
53.0
62.0
48.0
45.0
48.0
13.0
-7.0
16.0
-6.0
9.0
21.0
17.0
17.0
44.0
53.0
72.0
92.0
81.0
63.0
59.0
53.0
20.0
32.0
2.0
22.0
40.0
61.0
109.0
108.0
97.0
38.0
-6.0
-46.0
4.0
38.0
46.0
64.0
69.0
84.0
90.0
91.0
81.0
74.0
63.0
62.0
58.0
32.0
19.0
6.0
34.0
60.0
76.0
58.0
55.0
58.0
65.0
56.0
27.0
-4.0
-21.0
3.0
37.0
115.0
115.0
71.0
1.0
-36.0
-9.0
-53.0
-64.0
63.0
10.0
25.0
46.0
61.0
-4.0
-33.0
-47.0
-32.0
-37.0
-24.0
-7.0
34.0
94.0
90.0
31.0
-14.0
-43.0
-42.0
-77.0
-71.0
-47.0
-33.0
-42.0
13.0
40.0
-2.0
10.0
34.0
48.0
48.0
26.0
-13.0
-33.0
-36.0
-18.0
4.0
15.0
-43.0
-90.0
-39.0
37.0
-3.0
-81.0
-52.0
-20.0
-46.0
-42.0
-11.0
-28.0
-15.0
-17.0
-55.0
-39.0
-21.0
-15.0
17.0
22.0
26.0
5.0
-1.0
-33.0
-75.0
-54.0
-74.0
-25.0
70.0
-1.0
-40.0
26.0
-51.0
-26.0
-1.0
-10.0
2.0
4.0
11.0
41.0
-12.0
-48.0
-79.0
-26.0
-45.0
-2.0
43.0
45.0
-16.0
25.0
51.0
20.0
55.0
40.0
-5.0
5.0
8.0
13.0
20.0
15.0
4.0
25.0
26.0
7.0
-21.0
-45.0
-22.0
-59.0
16.0
25.0
-32.0
4.0
41.0
4.0
11.0
13.0
20.0
33.0
-11.0
-34.0
25.0
46.0
29.0
23.0
-39.0
-12.0
12.0
-13.0
18.0
-23.0
10.0
30.0
25.0
17.0
29.0
-40.0
-48.0
-2.0
-14.0
20.0
39.0
27.0
1.0
21.0
10.0
28.0
25.0
8.0
10.0
-2.0
-13.0
-26.0
2.0
6.0
-4.0
16.0
26.0
5.0
19.0
46.0
53.0
60.0
51.0
54.0
40.0
64.0
30.0
-17.0
-26.0
-25.0
-16.0
31.0
20.0
33.0
42.0
24.0
42.0
39.0
53.0
23.0
6.0
1.0
-25.0
-55.0
-59.0
-48.0
-23.0
50.0
87.0
46.0
63.0
44.0
46.0
4.0
5.0
33.0
3.0
-11.0
-13.0
-30.0
-40.0
-89.0
-31.0
-4.0
-20.0
-50.0
-7.0
15.0
29.0
60.0
38.0
92.0
115.0
79.0
33.0
-1.0
-40.0
-58.0
-45.0
-31.0
-43.0
-29.0
-16.0
-40.0
-29.0
-10.0
-23.0
-39.0
108.0
165.0
121.0
95.0
97.0
4.0
-50.0
-40.0
-75.0
-106.0
-115.0
-69.0
-67.0
-73.0
-40.0
6.0
-18.0
-12.0
-19.0
-31.0
-7.0
20.0
112.0
114.0
67.0
-40.0
-74.0
-66.0
-77.0
-87.0
-48.0
-29.0
4.0
-1.0
0.0
-52.0
-99.0
-96.0
-57.0
-29.0
-17.0
11.0
-61.0
-51.0
-30.0
-44.0
-24.0
23.0
49.0
-12.0
-27.0
-44.0
-74.0
-89.0
-119.0
-67.0
-59.0
-53.0
-21.0
-79.0
-26.0
-7.0
-17.0
34.0
39.0
-13.0
-8.0
-23.0
-65.0
-49.0
-50.0
-39.0
-18.0
-32.0
-47.0
-68.0
-84.0
-78.0
-74.0
-17.0
14.0
0.0
39.0
-37.0
-78.0
-39.0
-80.0
-58.0
-70.0
-10.0
-6.0
-20.0
-45.0
-53.0
-53.0
-50.0
-52.0
-31.0
26.0
18.0
-10.0
-18.0
-30.0
-41.0
-106.0
-101.0
-95.0
-101.0
-46.0
-18.0
2.0
5.0
3.0
-38.0
-45.0
3.0
-32.0
-42.0
-48.0
-50.0
-21.0
-54.0
-85.0
-50.0
-28.0
-29.0
-4.0
-13.0
-68.0
-78.0
82.0
-40.0
-31.0
88.0
58.0
-24.0
-75.0
-47.0
-78.0
-86.0
-56.0
-64.0
-48.0
-33.0
-5.0
-17.0
-32.0
-5.0
0.0
-6.0
-27.0
10.0
58.0
106.0
105.0
64.0
-27.0
-74.0
-69.0
-51.0
-35.0
16.0
47.0
33.0
35.0
15.0
21.0
51.0
50.0
14.0
-23.0
-52.0
-65.0
-100.0
-39.0
-29.0
-43.0
-36.0
-19.0
-49.0
-12.0
0.0
11.0
-36.0
-13.0
22.0
-13.0
-16.0
-36.0
-39.0
-2.0
11.0
11.0
30.0
11.0
29.0
36.0
3.0
-43.0
-49.0
-46.0
-41.0
-91.0
-50.0
-30.0
-8.0
-11.0
-68.0
1.0
2.0
-9.0
35.0
22.0
28.0
27.0
11.0
21.0
3.0
-43.0
-30.0
-33.0
-29.0
-5.0
-10.0
4.0
67.0
118.0
71.0
47.0
-4.0
-28.0
4.0
29.0
35.0
55.0
78.0
111.0
39.0
17.0
-30.0
-29.0
-13.0
-18.0
54.0
17.0
23.0
74.0
28.0
41.0
70.0
56.0
129.0
117.0
88.0
78.0
26.0
50.0
16.0
-18.0
-12.0
1.0
93.0
67.0
22.0
24.0
36.0
20.0
37.0
16.0
50.0
51.0
25.0
10.0
-12.0
-65.0
-51.0
-21.0
27.0
70.0
94.0
42.0
24.0
50.0
68.0
119.0
149.0
87.0
78.0
48.0
32.0
16.0
-10.0
-5.0
14.0
17.0
43.0
23.0
14.0
18.0
12.0
-7.0
-23.0
55.0
84.0
15.0
51.0
64.0
-3.0
-1.0
-54.0
-76.0
-57.0
-46.0
-36.0
-74.0
-131.0
-131.0
-117.0
-77.0
-40.0
2.0
54.0
43.0
4.0
-16.0
-57.0
-65.0
-77.0
-77.0
-58.0
-62.0
-51.0
-52.0
-22.0
-58.0
-117.0
-117.0
-184.0
-182.0
-145.0
-157.0
-165.0
-140.0
-150.0
-137.0
-115.0
-112.0
-99.0
-100.0
-98.0
-74.0
-74.0
-61.0
-58.0
-84.0
-55.0
-80.0
-36.0
-88.0
-87.0
-17.0
-11.0
13.0
20.0
12.0
-2.0
13.0
-25.0
-39.0
-48.0
-49.0
-1.0
2.0
-17.0
14.0
-14.0
-2.0
-41.0
-51.0
-18.0
22.0
53.0
42.0
33.0
72.0
123.0
78.0
50.0
43.0
12.0
25.0
44.0
2.0
-12.0
-24.0
52.0
17.0
24.0
113.0
83.0
16.0
35.0
45.0
2.0
24.0
37.0
-7.0
-30.0
-56.0
-69.0
-48.0
58.0
130.0
129.0
90.0
69.0
105.0
79.0
29.0
78.0
57.0
-20.0
36.0
64.0
30.0
16.0
-1.0
8.0
44.0
68.0
104.0
43.0
74.0
68.0
-22.0
-25.0
29.0
39.0
53.0
44.0
27.0
15.0
-10.0
26.0
29.0
48.0
42.0
87.0
116.0
55.0
59.0
63.0
29.0
62.0
58.0
27.0
20.0
32.0
1.0
-28.0
35.0
44.0
16.0
120.0
105.0
110.0
145.0
95.0
46.0
49.0
30.0
45.0
30.0
43.0
43.0
33.0
16.0
34.0
45.0
41.0
68.0
61.0
85.0
38.0
22.0
32.0
-10.0
27.0
41.0
30.0
47.0
52.0
60.0
87.0
82.0
41.0
40.0
28.0
45.0
61.0
-22.0
-7.0
10.0
-43.0
-17.0
8.0
-35.0
40.0
88.0
47.0
73.0
68.0
34.0
8.0
34.0
29.0
61.0
75.0
37.0
23.0
-16.0
8.0
17.0
-3.0
26.0
32.0
56.0
18.0
11.0
42.0
27.0
15.0
9.0
-8.0
-31.0
-7.0
-21.0
-44.0
-74.0
-39.0
5.0
72.0
121.0
77.0
48.0
8.0
-15.0
-12.0
-11.0
-25.0
32.0
-15.0
-4.0
24.0
1.0
-77.0
-51.0
-37.0
-28.0
40.0
11.0
2.0
16.0
32.0
-31.0
4.0
56.0
5.0
-12.0
-12.0
-33.0
-38.0
-45.0
-44.0
-18.0
33.0
62.0
82.0
55.0
64.0
27.0
4.0
54.0
81.0
0.0
56.0
34.0
5.0
18.0
0.0
12.0
17.0
41.0
68.0
39.0
22.0
9.0
-45.0
-10.0
40.0
8.0
45.0
49.0
-5.0
-31.0
-25.0
19.0
-3.0
22.0
63.0
60.0
23.0
25.0
5.0
-8.0
12.0
-33.0
-18.0
35.0
-22.0
-22.0
0.0
-5.0
12.0
27.0
7.0
52.0
62.0
26.0
-31.0
14.0
17.0
-20.0
7.0
20.0
2.0
22.0
-28.0
-50.0
-54.0
-68.0
-52.0
-40.0
26.0
32.0
27.0
81.0
80.0
-39.0
-23.0
-7.0
18.0
3.0
13.0
46.0
4.0
5.0
-5.0
-37.0
-56.0
-83.0
-81.0
-84.0
-63.0
-55.0
-51.0
2.0
-10.0
-8.0
-14.0
-39.0
-15.0
59.0
45.0
-1.0
-86.0
-64.0
-57.0
-48.0
-67.0
-53.0
-7.0
-27.0
-34.0
-15.0
-1.0
1.0
-1.0
-12.0
12.0
25.0
-17.0
-29.0
-3.0
0.0
-29.0
-20.0
10.0
9.0
-6.0
5.0
6.0
-29.0
17.0
-15.0
-61.0
-33.0
4.0
-48.0
-67.0
15.0
29.0
15.0
-10.0
6.0
39.0
36.0
30.0
27.0
-7.0
-48.0
-74.0
-67.0
-39.0
-82.0
-136.0
-106.0
-67.0
-50.0
-22.0
8.0
-35.0
-41.0
-39.0
-41.0
-19.0
5.0
-4.0
12.0
27.0
-23.0
-111.0
38.0
-18.0
-42.0
-11.0
-27.0
-17.0
-27.0
-36.0
-18.0
-27.0
-17.0
-29.0
-41.0
-33.0
-53.0
-46.0
-69.0
-39.0
22.0
5.0
19.0
62.0
33.0
43.0
52.0
27.0
-1.0
-12.0
-53.0
15.0
54.0
50.0
36.0
15.0
5.0
70.0
67.0
28.0
36.0
73.0
7.0
-12.0
15.0
-11.0
-29.0
-39.0
-38.0
-7.0
21.0
-19.0
-12.0
-13.0
-30.0
-68.0
-44.0
-39.0
-28.0
-45.0
-36.0
29.0
25.0
18.0
24.0
27.0
48.0
115.0
110.0
122.0
60.0
6.0
-23.0
-22.0
-3.0
-12.0
-3.0
17.0
21.0
15.0
13.0
-16.0
-33.0
31.0
52.0
33.0
24.0
2.0
-25.0
-23.0
-6.0
-33.0
17.0
14.0
26.0
71.0
70.0
6.0
-12.0
-27.0
-41.0
20.0
15.0
61.0
28.0
38.0
62.0
14.0
20.0
4.0
-46.0
-17.0
22.0
-2.0
38.0
34.0
-47.0
-66.0
-52.0
-34.0
-27.0
-21.0
-6.0
-48.0
-10.0
-12.0
-35.0
-33.0
-6.0
-33.0
-11.0
-5.0
-33.0
-43.0
-64.0
-52.0
-51.0
-25.0
-3.0
59.0
82.0
81.0
20.0
21.0
-5.0
-35.0
1.0
-32.0
-6.0
31.0
-20.0
-3.0
-2.0
-31.0
16.0
-36.0
-17.0
64.0
43.0
30.0
49.0
31.0
-34.0
-63.0
-61.0
-75.0
-102.0
-78.0
-59.0
-14.0
1.0
3.0
77.0
66.0
-13.0
36.0
61.0
-12.0
-22.0
35.0
2.0
29.0
38.0
29.0
41.0
31.0
-11.0
-18.0
-34.0
-68.0
-28.0
-20.0
-1.0
52.0
12.0
13.0
-39.0
-32.0
35.0
121.0
80.0
-13.0
-31.0
13.0
12.0
12.0
33.0
12.0
32.0
31.0
21.0
14.0
-1.0
-1.0
16.0
30.0
68.0
83.0
82.0
20.0
7.0
-18.0
-62.0
-13.0
30.0
-2.0
2.0
21.0
14.0
-27.0
-71.0
-72.0
-52.0
-37.0
-64.0
-63.0
-58.0
-30.0
-37.0
-34.0
-24.0
-52.0
-37.0
-37.0
-27.0
-16.0
-24.0
-35.0
-50.0
-56.0
-62.0
-53.0
-70.0
-70.0
-45.0
-53.0
-35.0
-15.0
5.0
-31.0
-22.0
-10.0
24.0
26.0
-17.0
-18.0
-61.0
-78.0
-65.0
-41.0
-49.0
-26.0
-2.0
-13.0
-29.0
-59.0
-76.0
-26.0
-22.0
-37.0
2.0
-25.0
-67.0
-20.0
9.0
32.0
13.0
-13.0
-13.0
-11.0
3.0
3.0
-15.0
-15.0
-18.0
1.0
-3.0
22.0
24.0
8.0
17.0
42.0
21.0
43.0
25.0
-10.0
0.0
22.0
45.0
97.0
55.0
29.0
46.0
25.0
12.0
-17.0
-31.0
-32.0
5.0
5.0
26.0
-6.0
-6.0
0.0
-13.0
-11.0
-33.0
3.0
21.0
30.0
36.0
-18.0
-52.0
-45.0
-31.0
-8.0
-26.0
-18.0
6.0
-40.0
-32.0
-22.0
-4.0
17.0
20.0
6.0
-17.0
-15.0
-51.0
-65.0
-56.0
-63.0
-65.0
-61.0
-26.0
6.0
27.0
43.0
22.0
-3.0
4.0
18.0
15.0
29.0
-23.0
10.0
62.0
87.0
37.0
54.0
46.0
49.0
83.0
68.0
2.0
20.0
17.0
27.0
37.0
-19.0
15.0
17.0
8.0
19.0
32.0
0.0
-10.0
13.0
6.0
8.0
-7.0
-42.0
-54.0
-29.0
5.0
-6.0
10.0
31.0
12.0
25.0
-28.0
-68.0
-33.0
-27.0
-10.0
10.0
17.0
8.0
-46.0
-57.0
-21.0
-38.0
-56.0
-62.0
-32.0
-9.0
-14.0
-12.0
10.0
29.0
34.0
23.0
41.0
41.0
28.0
11.0
-18.0
-4.0
-10.0
-27.0
5.0
31.0
40.0
43.0
10.0
21.0
-20.0
23.0
46.0
26.0
10.0
21.0
38.0
21.0
-1.0
-13.0
-14.0
-1.0
15.0
-6.0
18.0
35.0
-12.0
-44.0
-30.0
12.0
54.0
43.0
11.0
-16.0
-8.0
7.0
45.0
53.0
4.0
-80.0
-50.0
13.0
-16.0
-10.0
-2.0
-2.0
40.0
29.0
57.0
126.0
107.0
33.0
8.0
-13.0
-32.0
-21.0
4.0
6.0
-9.0
12.0
19.0
4.0
6.0
-5.0
21.0
44.0
62.0
108.0
87.0
60.0
35.0
21.0
-1.0
-17.0
-5.0
25.0
35.0
48.0
44.0
70.0
31.0
-3.0
10.0
27.0
50.0
62.0
42.0
-1.0
-27.0
-21.0
-51.0
-91.0
31.0
51.0
75.0
36.0
65.0
96.0
67.0
54.0
41.0
25.0
-10.0
-56.0
-63.0
-82.0
-71.0
-26.0
-35.0
-30.0
6.0
49.0
50.0
82.0
61.0
29.0
35.0
60.0
40.0
13.0
-15.0
-58.0
-36.0
-40.0
-15.0
25.0
31.0
7.0
-4.0
9.0
2.0
16.0
17.0
35.0
53.0
68.0
33.0
-21.0
-28.0
-33.0
-30.0
-29.0
-11.0
68.0
48.0
-5.0
29.0
20.0
-11.0
-21.0
-11.0
5.0
11.0
-9.0
10.0
-24.0
-75.0
-70.0
-74.0
-53.0
-52.0
-62.0
-12.0
-8.0
-23.0
-15.0
-29.0
-37.0
-9.0
-35.0
29.0
100.0
70.0
33.0
-33.0
-42.0
-36.0
-48.0
-22.0
-22.0
-70.0
-58.0
-21.0
-55.0
14.0
-17.0
-54.0
-34.0
-49.0
-50.0
-36.0
-60.0
-32.0
-28.0
-64.0
-70.0
-55.0
-36.0
-47.0
-47.0
-8.0
-30.0
-31.0
-19.0
5.0
-35.0
-21.0
-7.0
-20.0
-24.0
0.0
5.0
-3.0
11.0
33.0
52.0
42.0
-5.0
-16.0
-19.0
-26.0
-25.0
2.0
-4.0
12.0
29.0
40.0
43.0
18.0
-9.0
-53.0
-53.0
45.0
30.0
41.0
76.0
27.0
-18.0
21.0
53.0
22.0
26.0
87.0
57.0
46.0
65.0
-7.0
-27.0
0.0
11.0
26.0
17.0
5.0
18.0
-27.0
-60.0
-49.0
-54.0
-17.0
30.0
30.0
42.0
62.0
72.0
3.0
-37.0
-2.0
-25.0
26.0
37.0
48.0
26.0
19.0
22.0
-8.0
-1.0
12.0
52.0
50.0
22.0
14.0
4.0
21.0
31.0
10.0
70.0
92.0
88.0
94.0
99.0
63.0
43.0
68.0
42.0
34.0
-2.0
14.0
32.0
20.0
-3.0
-49.0
21.0
1.0
-45.0
17.0
55.0
124.0
185.0
84.0
-4.0
15.0
-39.0
-92.0
-30.0
-88.0
-92.0
-62.0
-91.0
-50.0
4.0
16.0
29.0
1.0
-60.0
-78.0
-88.0
-29.0
-24.0
-78.0
-51.0
-17.0
-15.0
-24.0
-32.0
-27.0
-34.0
-35.0
-40.0
-45.0
-49.0
-68.0
-56.0
-33.0
-19.0
-14.0
-20.0
24.0
47.0
9.0
11.0
16.0
12.0
-16.0
-35.0
-39.0
-28.0
-28.0
17.0
0.0
-74.0
-43.0
-30.0
-56.0
-37.0
-55.0
-51.0
-6.0
24.0
-22.0
-42.0
-35.0
26.0
-41.0
-46.0
-15.0
-23.0
-65.0
-68.0
-37.0
-32.0
-46.0
-22.0
-16.0
-22.0
-39.0
-43.0
-39.0
-60.0
-115.0
-75.0
-29.0
-54.0
-70.0
-54.0
-63.0
-23.0
-29.0
-19.0
53.0
34.0
4.0
-5.0
-28.0
-17.0
-56.0
-71.0
-46.0
-59.0
-24.0
-6.0
11.0
20.0
39.0
60.0
20.0
30.0
34.0
-30.0
1.0
-64.0
-71.0
-100.0
-103.0
-77.0
-83.0
-33.0
-25.0
-16.0
14.0
24.0
-3.0
-7.0
16.0
11.0
12.0
-27.0
23.0
68.0
100.0
94.0
70.0
5.0
30.0
93.0
40.0
41.0
87.0
89.0
49.0
66.0
13.0
23.0
63.0
21.0
17.0
3.0
28.0
33.0
44.0
47.0
42.0
60.0
-27.0
-26.0
-10.0
13.0
32.0
6.0
12.0
-29.0
-10.0
-20.0
-6.0
21.0
-1.0
33.0
56.0
33.0
26.0
3.0
-15.0
-1.0
-25.0
11.0
15.0
18.0
18.0
10.0
32.0
10.0
-12.0
17.0
6.0
5.0
52.0
14.0
10.0
6.0
35.0
33.0
-8.0
-36.0
-41.0
-68.0
-77.0
-85.0
-49.0
-23.0
-32.0
-7.0
24.0
-27.0
14.0
29.0
15.0
-20.0
-44.0
-13.0
-14.0
-31.0
-17.0
-9.0
-8.0
-11.0
-18.0
-39.0
-40.0
-21.0
-54.0
-68.0
-93.0
-95.0
-4.0
-11.0
-13.0
36.0
0.0
-3.0
-31.0
-35.0
-23.0
-41.0
-14.0
-15.0
-56.0
-54.0
-68.0
-105.0
-136.0
-63.0
-40.0
-66.0
-59.0
-13.0
-23.0
-27.0
-10.0
-4.0
-56.0
-51.0
-10.0
-13.0
-29.0
-32.0
-3.0
24.0
-16.0
27.0
21.0
-39.0
-43.0
-37.0
-43.0
-34.0
10.0
-13.0
-24.0
22.0
28.0
-3.0
-41.0
-57.0
-45.0
-93.0
-73.0
-44.0
-16.0
36.0
30.0
22.0
77.0
-20.0
12.0
68.0
22.0
20.0
10.0
1.0
7.0
-16.0
21.0
34.0
39.0
61.0
2.0
16.0
48.0
12.0
63.0
51.0
15.0
37.0
32.0
-16.0
-7.0
1.0
10.0
22.0
18.0
23.0
10.0
0.0
12.0
23.0
-12.0
2.0
4.0
12.0
53.0
13.0
18.0
23.0
-22.0
-17.0
18.0
13.0
6.0
55.0
26.0
-10.0
-41.0
-78.0
-10.0
-67.0
-51.0
-23.0
-8.0
-14.0
2.0
36.0
41.0
37.0
64.0
85.0
75.0
-3.0
-23.0
-39.0
-75.0
-70.0
-81.0
-63.0
-6.0
14.0
17.0
8.0
16.0
72.0
55.0
50.0
42.0
66.0
75.0
33.0
3.0
-46.0
-81.0
-66.0
-54.0
-71.0
-32.0
-17.0
-27.0
3.0
26.0
58.0
60.0
51.0
70.0
33.0
14.0
-33.0
-39.0
-35.0
12.0
57.0
107.0
38.0
-9.0
-39.0
-30.0
24.0
15.0
9.0
43.0
34.0
26.0
12.0
-33.0
0.0
29.0
2.0
10.0
56.0
52.0
4.0
-22.0
-20.0
-15.0
-22.0
-23.0
7.0
17.0
-32.0
-65.0
-42.0
-90.0
-36.0
-25.0
-15.0
-26.0
-12.0
-6.0
-21.0
-14.0
-36.0
0.0
40.0
40.0
43.0
39.0
26.0
26.0
-20.0
-53.0
-26.0
-6.0
-17.0
-31.0
-16.0
-17.0
-35.0
-27.0
0.0
27.0
15.0
-54.0
-47.0
45.0
-8.0
-48.0
15.0
-15.0
7.0
55.0
55.0
19.0
8.0
22.0
-26.0
-50.0
6.0
44.0
42.0
46.0
61.0
42.0
1.0
8.0
0.0
-6.0
4.0
16.0
12.0
2.0
-37.0
-73.0
-49.0
-26.0
-10.0
-62.0
33.0
20.0
57.0
12.0
4.0
21.0
-25.0
-19.0
7.0
7.0
-7.0
-17.0
21.0
27.0
49.0
36.0
49.0
56.0
-6.0
-4.0
-34.0
-8.0
8.0
45.0
66.0
45.0
6.0
3.0
12.0
-4.0
-45.0
20.0
7.0
-23.0
-6.0
30.0
77.0
78.0
-44.0
-71.0
-59.0
-61.0
-65.0
-64.0
-76.0
-68.0
-17.0
-34.0
-16.0
-13.0
4.0
-3.0
-5.0
30.0
0.0
-17.0
-42.0
-46.0
-15.0
-31.0
-68.0
-110.0
-72.0
-96.0
-60.0
35.0
35.0
52.0
-9.0
14.0
3.0
-33.0
-45.0
-22.0
-66.0
-45.0
-14.0
-47.0
-32.0
-9.0
25.0
42.0
59.0
36.0
11.0
-45.0
-22.0
-44.0
-82.0
-82.0
-20.0
-10.0
4.0
18.0
12.0
24.0
17.0
37.0
77.0
84.0
8.0
-43.0
-47.0
-68.0
-77.0
-74.0
-49.0
-27.0
-34.0
10.0
26.0
14.0
42.0
89.0
86.0
51.0
48.0
30.0
-4.0
-13.0
-7.0
-31.0
-35.0
15.0
61.0
11.0
14.0
18.0
-47.0
-39.0
5.0
2.0
-12.0
12.0
39.0
31.0
32.0
-15.0
-10.0
-30.0
-12.0
-32.0
-64.0
-58.0
-49.0
-44.0
-29.0
-24.0
-19.0
9.0
-3.0
-23.0
-21.0
-13.0
-33.0
-45.0
-49.0
-31.0
-33.0
-59.0
-90.0
-36.0
-8.0
6.0
-31.0
-42.0
-18.0
-58.0
-52.0
19.0
52.0
20.0
-15.0
-30.0
-32.0
-39.0
-26.0
-27.0
-61.0
-5.0
-6.0
18.0
21.0
5.0
-7.0
-18.0
-36.0
-55.0
-71.0
-50.0
-16.0
-5.0
23.0
37.0
-11.0
-20.0
-32.0
-41.0
-47.0
-43.0
29.0
24.0
44.0
116.0
61.0
54.0
63.0
82.0
48.0
58.0
76.0
50.0
33.0
66.0
101.0
90.0
72.0
25.0
10.0
14.0
-14.0
-12.0
-4.0
-22.0
-15.0
-10.0
7.0
8.0
-3.0
-6.0
-23.0
-4.0
18.0
59.0
114.0
59.0
20.0
-19.0
-69.0
-111.0
-103.0
-60.0
-9.0
-12.0
-4.0
-53.0
-36.0
-29.0
-36.0
-35.0
-47.0
-29.0
24.0
40.0
30.0
29.0
-31.0
-35.0
-22.0
-32.0
-49.0
-32.0
-18.0
-25.0
0.0
40.0
71.0
53.0
85.0
110.0
44.0
11.0
-12.0
-27.0
-36.0
-31.0
-10.0
-5.0
8.0
39.0
34.0
45.0
55.0
40.0
-15.0
-32.0
-12.0
-15.0
-36.0
-18.0
-65.0
-25.0
-2.0
15.0
30.0
69.0
80.0
73.0
59.0
86.0
99.0
78.0
71.0
-6.0
-23.0
-12.0
-22.0
6.0
22.0
1.0
21.0
-2.0
3.0
-31.0
-60.0
-37.0
30.0
56.0
35.0
43.0
35.0
-11.0
-17.0
-32.0
-51.0
-20.0
-21.0
-1.0
-29.0
-42.0
31.0
36.0
8.0
27.0
53.0
22.0
10.0
-8.0
-4.0
-14.0
-62.0
-81.0
-39.0
-14.0
-13.0
27.0
53.0
25.0
33.0
24.0
13.0
13.0
7.0
-11.0
-21.0
-20.0
-5.0
-30.0
-24.0
0.0
15.0
-14.0
3.0
13.0
-28.0
-107.0
-57.0
-1.0
-29.0
-6.0
30.0
18.0
-8.0
-22.0
-4.0
-1.0
3.0
-10.0
-14.0
-22.0
-36.0
-63.0
-39.0
-65.0
-62.0
-13.0
-44.0
-35.0
-21.0
-1.0
38.0
18.0
26.0
0.0
-4.0
4.0
2.0
-53.0
-50.0
-39.0
-10.0
-7.0
-3.0
-9.0
-21.0
-30.0
-17.0
23.0
-1.0
-6.0
8.0
5.0
-29.0
-23.0
38.0
-1.0
-60.0
-44.0
-52.0
-69.0
-53.0
6.0
27.0
45.0
22.0
-33.0
-32.0
-4.0
48.0
103.0
106.0
26.0
-1.0
-1.0
-43.0
-65.0
-60.0
-48.0
-40.0
-33.0
1.0
-16.0
1.0
10.0
-4.0
-17.0
-5.0
-1.0
-7.0
-35.0
-46.0
-34.0
-1.0
13.0
30.0
55.0
31.0
15.0
17.0
1.0
-17.0
-38.0
-27.0
-19.0
-60.0
-9.0
-10.0
-7.0
20.0
4.0
24.0
74.0
80.0
37.0
42.0
55.0
-5.0
-65.0
-76.0
-63.0
-46.0
-30.0
-7.0
-21.0
-11.0
30.0
14.0
-14.0
22.0
18.0
-17.0
2.0
15.0
8.0
-48.0
-101.0
-77.0
-36.0
-35.0
14.0
33.0
23.0
42.0
14.0
27.0
31.0
18.0
52.0
43.0
6.0
-4.0
-20.0
6.0
14.0
4.0
-21.0
-21.0
-34.0
-54.0
-18.0
15.0
8.0
27.0
11.0
-10.0
-27.0
-29.0
-16.0
-14.0
-30.0
-20.0
20.0
25.0
44.0
66.0
52.0
12.0
-12.0
-19.0
-23.0
-48.0
-51.0
-33.0
-8.0
-21.0
-32.0
-65.0
-82.0
-122.0
-70.0
5.0
-9.0
-25.0
12.0
-33.0
-29.0
12.0
76.0
92.0
143.0
133.0
35.0
-28.0
-34.0
-60.0
-98.0
-73.0
-68.0
-65.0
-80.0
-67.0
-70.0
-74.0
-62.0
-63.0
-40.0
-25.0
12.0
-1.0
-17.0
8.0
51.0
12.0
70.0
81.0
17.0
1.0
-6.0
-39.0
-37.0
-49.0
-37.0
-3.0
37.0
56.0
48.0
94.0
122.0
150.0
89.0
86.0
70.0
40.0
30.0
22.0
-13.0
-56.0
-46.0
-46.0
-40.0
-21.0
-1.0
43.0
65.0
97.0
109.0
102.0
59.0
14.0
-5.0
-41.0
-48.0
-49.0
-34.0
-40.0
-73.0
-59.0
-14.0
-2.0
40.0
66.0
115.0
97.0
78.0
24.0
10.0
16.0
-3.0
-8.0
5.0
-54.0
-46.0
-1.0
-26.0
3.0
10.0
21.0
25.0
-20.0
-23.0
-8.0
34.0
28.0
45.0
37.0
-25.0
-17.0
16.0
-24.0
-12.0
39.0
14.0
11.0
29.0
40.0
55.0
29.0
49.0
71.0
24.0
7.0
-20.0
-27.0
-22.0
-15.0
-34.0
-6.0
-8.0
-14.0
-2.0
-7.0
8.0
-31.0
-77.0
-8.0
-107.0
-30.0
24.0
14.0
54.0
-63.0
-29.0
-8.0
-18.0
22.0
4.0
10.0
12.0
4.0
14.0
-34.0
-40.0
-12.0
-31.0
-49.0
-57.0
-69.0
-49.0
-49.0
-76.0
-33.0
-1.0
1.0
6.0
11.0
89.0
118.0
82.0
67.0
12.0
-65.0
-80.0
-59.0
-46.0
-29.0
-39.0
-23.0
28.0
54.0
62.0
44.0
34.0
-8.0
-39.0
-18.0
-11.0
-32.0
-50.0
-28.0
-27.0
-33.0
-29.0
-34.0
5.0
21.0
9.0
27.0
35.0
41.0
24.0
46.0
39.0
-8.0
-25.0
-43.0
-45.0
-48.0
-31.0
13.0
6.0
18.0
42.0
-22.0
-36.0
-16.0
-11.0
-8.0
-23.0
7.0
17.0
-25.0
-16.0
-8.0
-34.0
-29.0
-51.0
-32.0
-28.0
-58.0
-69.0
-25.0
-20.0
-83.0
-32.0
36.0
12.0
47.0
80.0
52.0
21.0
67.0
88.0
86.0
116.0
130.0
101.0
89.0
76.0
28.0
31.0
43.0
43.0
52.0
67.0
23.0
-3.0
7.0
29.0
49.0
36.0
44.0
35.0
17.0
-4.0
-12.0
-9.0
43.0
78.0
79.0
74.0
39.0
-18.0
-1.0
14.0
-33.0
-51.0
-45.0
-24.0
10.0
-1.0
-23.0
7.0
11.0
2.0
-17.0
2.0
21.0
-3.0
1.0
-29.0
-31.0
-55.0
-52.0
-53.0
23.0
56.0
36.0
26.0
12.0
-5.0
-40.0
-31.0
-11.0
15.0
53.0
77.0
57.0
60.0
39.0
21.0
36.0
36.0
22.0
16.0
-66.0
-63.0
-62.0
-49.0
-1.0
8.0
78.0
74.0
60.0
69.0
42.0
-12.0
-10.0
-7.0
-27.0
2.0
2.0
18.0
26.0
15.0
-7.0
-33.0
11.0
13.0
2.0
-1.0
11.0
-9.0
-58.0
39.0
-22.0
-19.0
10.0
-2.0
27.0
37.0
2.0
-5.0
5.0
-20.0
-18.0
21.0
37.0
-2.0
-21.0
-17.0
22.0
3.0
-41.0
-81.0
82.0
95.0
1.0
17.0
30.0
-1.0
14.0
34.0
31.0
-16.0
-22.0
15.0
-8.0
-34.0
-34.0
-36.0
-8.0
-2.0
-10.0
-24.0
10.0
-34.0
-1.0
8.0
-25.0
30.0
20.0
32.0
90.0
83.0
-8.0
-50.0
-64.0
4.0
22.0
-3.0
-4.0
26.0
46.0
3.0
-57.0
-34.0
-17.0
-40.0
-30.0
-26.0
-43.0
-29.0
35.0
42.0
27.0
-26.0
-26.0
-22.0
-83.0
-64.0
2.0
-8.0
-26.0
-33.0
-24.0
-35.0
-14.0
29.0
41.0
32.0
11.0
-40.0
-10.0
35.0
41.0
47.0
44.0
52.0
25.0
-4.0
-11.0
-25.0
-23.0
18.0
34.0
24.0
81.0
89.0
43.0
11.0
-51.0
-58.0
-69.0
-33.0
-27.0
-11.0
42.0
14.0
-10.0
-6.0
-26.0
-41.0
-27.0
15.0
19.0
45.0
42.0
43.0
49.0
30.0
-6.0
7.0
37.0
44.0
23.0
24.0
11.0
-11.0
9.0
-12.0
-20.0
41.0
73.0
79.0
68.0
71.0
50.0
23.0
35.0
49.0
46.0
72.0
59.0
45.0
23.0
40.0
55.0
81.0
95.0
86.0
53.0
38.0
10.0
11.0
-82.0
-25.0
-20.0
-13.0
-20.0
-2.0
-40.0
-69.0
-4.0
37.0
92.0
125.0
92.0
-18.0
-86.0
-81.0
-85.0
-52.0
-56.0
-21.0
1.0
-27.0
-54.0
-49.0
-60.0
-72.0
-67.0
-48.0
-21.0
-47.0
-55.0
-56.0
-35.0
-34.0
-72.0
-79.0
-52.0
-45.0
-46.0
-45.0
-43.0
-21.0
8.0
-2.0
-49.0
-60.0
-41.0
-39.0
-12.0
2.0
37.0
70.0
48.0
55.0
3.0
-35.0
-23.0
-35.0
-29.0
-24.0
5.0
-8.0
-1.0
-5.0
-20.0
-5.0
17.0
14.0
-11.0
-45.0
-41.0
-50.0
-31.0
15.0
27.0
12.0
-16.0
-35.0
-43.0
-41.0
-37.0
36.0
18.0
23.0
38.0
30.0
16.0
11.0
-9.0
0.0
7.0
-7.0
-15.0
-25.0
-14.0
-17.0
0.0
-4.0
-45.0
-34.0
20.0
21.0
-12.0
-51.0
-55.0
-55.0
-54.0
-37.0
-20.0
-12.0
8.0
23.0
31.0
14.0
5.0
-15.0
-43.0
-59.0
-69.0
-54.0
-46.0
-59.0
-40.0
-22.0
30.0
9.0
-3.0
-45.0
-72.0
-67.0
-53.0
-27.0
-56.0
-44.0
-63.0
-94.0
-55.0
-27.0
21.0
55.0
92.0
113.0
1.0
-55.0
13.0
7.0
-11.0
-9.0
-22.0
-4.0
-41.0
-39.0
-56.0
-67.0
-42.0
-28.0
0.0
-5.0
41.0
0.0
-31.0
25.0
42.0
52.0
53.0
31.0
-5.0
-55.0
16.0
-9.0
-19.0
-15.0
-22.0
-4.0
17.0
23.0
5.0
37.0
44.0
-10.0
-21.0
16.0
-8.0
-61.0
-75.0
-97.0
-57.0
-24.0
6.0
25.0
26.0
49.0
40.0
18.0
-17.0
-17.0
5.0
0.0
11.0
16.0
26.0
23.0
3.0
-5.0
35.0
51.0
63.0
64.0
44.0
22.0
-20.0
-30.0
-16.0
-15.0
-11.0
-5.0
28.0
58.0
16.0
34.0
46.0
39.0
36.0
70.0
72.0
1.0
-30.0
-42.0
-59.0
-43.0
14.0
63.0
25.0
-43.0
-33.0
-7.0
-12.0
-15.0
-31.0
-37.0
-10.0
-1.0
-39.0
-54.0
-36.0
-54.0
-46.0
1.0
-30.0
-46.0
-43.0
-51.0
-51.0
-21.0
-16.0
-37.0
-50.0
-42.0
-23.0
-37.0
-36.0
-60.0
-42.0
-27.0
11.0
21.0
-10.0
-19.0
1.0
73.0
92.0
116.0
88.0
10.0
-33.0
-15.0
-30.0
-23.0
-40.0
-17.0
-11.0
-31.0
-21.0
-25.0
-36.0
-21.0
-17.0
-40.0
-68.0
-54.0
-41.0
-20.0
-4.0
-19.0
6.0
20.0
41.0
12.0
2.0
-25.0
16.0
-21.0
-13.0
21.0
-1.0
10.0
35.0
17.0
32.0
15.0
5.0
22.0
41.0
-11.0
7.0
34.0
16.0
-5.0
-3.0
-16.0
-6.0
-24.0
-24.0
-30.0
2.0
36.0
36.0
22.0
22.0
39.0
14.0
-11.0
-14.0
-20.0
7.0
53.0
27.0
15.0
-7.0
-39.0
-70.0
-84.0
-91.0
-34.0
-65.0
5.0
35.0
-25.0
1.0
4.0
-9.0
-20.0
37.0
28.0
-32.0
-50.0
-42.0
-36.0
-16.0
-7.0
6.0
11.0
6.0
-11.0
20.0
-10.0
-29.0
-50.0
-48.0
-29.0
-8.0
17.0
30.0
20.0
16.0
8.0
21.0
25.0
53.0
21.0
2.0
-1.0
-7.0
9.0
23.0
26.0
50.0
38.0
27.0
-20.0
-47.0
-57.0
-50.0
-49.0
-70.0
17.0
4.0
-51.0
-15.0
-38.0
-24.0
24.0
37.0
9.0
-71.0
-23.0
-20.0
-12.0
-40.0
-55.0
-69.0
-79.0
-67.0
-46.0
-9.0
-16.0
-33.0
-18.0
-6.0
-3.0
-5.0
8.0
4.0
13.0
22.0
-16.0
-9.0
-34.0
-64.0
-67.0
-76.0
-95.0
-36.0
-21.0
53.0
70.0
69.0
69.0
17.0
-12.0
-4.0
-16.0
7.0
7.0
-10.0
-23.0
-29.0
-24.0
-20.0
-45.0
-40.0
-7.0
-20.0
-41.0
1.0
-13.0
-5.0
7.0
-32.0
-45.0
-31.0
-5.0
5.0
-14.0
-44.0
-24.0
-15.0
2.0
-13.0
-7.0
18.0
16.0
13.0
24.0
18.0
29.0
-23.0
-56.0
-78.0
-36.0
12.0
-41.0
21.0
6.0
-19.0
26.0
-24.0
6.0
17.0
-6.0
-23.0
-49.0
-46.0
-56.0
-65.0
-44.0
-46.0
-30.0
-16.0
-32.0
-21.0
-19.0
-20.0
7.0
50.0
60.0
53.0
3.0
-8.0
23.0
16.0
-1.0
39.0
49.0
32.0
61.0
46.0
20.0
12.0
-18.0
-29.0
21.0
19.0
57.0
62.0
59.0
25.0
-98.0
24.0
45.0
63.0
124.0
99.0
31.0
-8.0
5.0
-8.0
0.0
-25.0
4.0
24.0
-8.0
-12.0
-17.0
-32.0
-3.0
1.0
13.0
14.0
-20.0
-27.0
-45.0
-52.0
-67.0
-45.0
-42.0
0.0
19.0
39.0
17.0
17.0
4.0
-21.0
-39.0
-31.0
11.0
6.0
41.0
43.0
33.0
1.0
-1.0
-29.0
-30.0
-4.0
3.0
20.0
10.0
-30.0
2.0
16.0
21.0
37.0
17.0
0.0
5.0
3.0
-2.0
-6.0
8.0
-6.0
-21.0
-15.0
-26.0
-1.0
10.0
6.0
11.0
42.0
38.0
66.0
58.0
30.0
15.0
11.0
31.0
13.0
-14.0
-13.0
-11.0
12.0
67.0
69.0
16.0
19.0
40.0
1.0
22.0
43.0
46.0
32.0
31.0
51.0
39.0
30.0
-3.0
-2.0
4.0
24.0
63.0
58.0
4.0
17.0
7.0
10.0
57.0
33.0
30.0
15.0
25.0
11.0
6.0
0.0
-9.0
-12.0
-14.0
2.0
7.0
8.0
-23.0
-35.0
-43.0
-77.0
-15.0
-42.0
-54.0
-56.0
-43.0
-61.0
-52.0
-74.0
-21.0
21.0
27.0
20.0
-30.0
-56.0
-42.0
-37.0
-36.0
-59.0
-45.0
-28.0
-21.0
-45.0
-55.0
-33.0
-36.0
-21.0
-18.0
26.0
33.0
2.0
20.0
-13.0
-23.0
12.0
33.0
43.0
32.0
20.0
7.0
-23.0
-2.0
-16.0
-14.0
32.0
14.0
10.0
25.0
-2.0
7.0
5.0
7.0
32.0
48.0
24.0
-2.0
-14.0
-1.0
8.0
-37.0
-27.0
0.0
-11.0
12.0
7.0
-18.0
-21.0
-32.0
-16.0
-33.0
-4.0
25.0
24.0
33.0
18.0
-2.0
-16.0
-4.0
-32.0
-32.0
-35.0
-15.0
1.0
13.0
52.0
45.0
12.0
1.0
13.0
44.0
35.0
16.0
61.0
51.0
26.0
53.0
65.0
97.0
89.0
68.0
-29.0
-37.0
85.0
72.0
83.0
87.0
78.0
77.0
56.0
37.0
-9.0
-41.0
-18.0
9.0
44.0
20.0
19.0
22.0
18.0
5.0
1.0
21.0
13.0
16.0
38.0
41.0
25.0
21.0
2.0
26.0
24.0
11.0
14.0
14.0
16.0
4.0
-46.0
-5.0
1.0
4.0
5.0
8.0
63.0
93.0
90.0
53.0
4.0
-17.0
-27.0
-39.0
-56.0
-68.0
-69.0
-42.0
-27.0
-17.0
23.0
12.0
-14.0
-21.0
-11.0
-6.0
12.0
-9.0
-68.0
-53.0
34.0
1.0
-21.0
-18.0
-3.0
-37.0
-17.0
-36.0
-33.0
-6.0
20.0
26.0
2.0
10.0
7.0
-32.0
-13.0
-17.0
-27.0
12.0
36.0
32.0
31.0
15.0
9.0
9.0
-12.0
3.0
20.0
7.0
4.0
-17.0
-27.0
-37.0
-34.0
-29.0
-26.0
-16.0
6.0
18.0
11.0
14.0
22.0
10.0
11.0
-14.0
-24.0
-35.0
-39.0
-2.0
22.0
34.0
22.0
3.0
4.0
-16.0
12.0
-3.0
5.0
-15.0
10.0
15.0
24.0
41.0
33.0
4.0
-29.0
-58.0
-69.0
-51.0
-48.0
-31.0
-27.0
22.0
41.0
44.0
54.0
32.0
-27.0
-35.0
-27.0
1.0
-6.0
-40.0
-50.0
-34.0
-27.0
-65.0
-58.0
-37.0
-20.0
7.0
21.0
26.0
50.0
35.0
27.0
28.0
-12.0
-27.0
-13.0
-34.0
-16.0
-27.0
-17.0
-17.0
-2.0
-39.0
-49.0
23.0
80.0
111.0
82.0
-26.0
-35.0
-23.0
-33.0
-31.0
-10.0
17.0
31.0
1.0
11.0
41.0
38.0
-13.0
-15.0
-33.0
-4.0
4.0
12.0
38.0
46.0
53.0
46.0
48.0
35.0
42.0
33.0
53.0
80.0
66.0
55.0
55.0
59.0
52.0
15.0
12.0
12.0
10.0
29.0
37.0
33.0
25.0
12.0
-14.0
-18.0
-30.0
-44.0
-27.0
-39.0
-40.0
4.0
3.0
-3.0
-4.0
5.0
5.0
-8.0
-5.0
0.0
-3.0
9.0
24.0
17.0
50.0
6.0
-31.0
-27.0
7.0
-2.0
-25.0
-21.0
-1.0
8.0
15.0
-3.0
-2.0
-25.0
-27.0
-16.0
-7.0
10.0
15.0
-8.0
-22.0
-26.0
-51.0
-29.0
-20.0
-81.0
-21.0
-13.0
-5.0
39.0
10.0
15.0
26.0
2.0
4.0
-2.0
-26.0
-65.0
-8.0
13.0
-13.0
22.0
31.0
23.0
-20.0
-34.0
-27.0
-29.0
-32.0
-52.0
-3.0
-3.0
-14.0
8.0
-20.0
-33.0
-11.0
-73.0
-60.0
-27.0
12.0
-39.0
-63.0
-34.0
-55.0
-11.0
0.0
0.0
0.0
0.0
0.0
0.0
0.0
0.0
0.0
0.0
0.0
0.0
0.0
0.0
0.0
0.0
0.0
0.0
0.0
0.0
0.0
0.0
0.0
0.0
0.0
0.0
0.0
0.0
0.0
0.0
0.0
0.0
0.0
0.0
0.0
0.0
0.0
0.0
0.0
0.0
0.0
0.0
0.0
0.0
0.0
0.0
0.0
0.0
0.0
0.0
0.0
0.0
0.0
0.0
0.0
0.0
0.0
0.0
0.0
0.0
0.0
0.0
0.0
0.0
0.0
0.0
0.0
0.0
0.0
0.0
0.0
0.0
0.0
0.0
0.0
0.0
0.0
0.0
0.0
0.0
0.0
0.0
0.0
0.0
0.0
0.0
0.0
0.0
0.0
0.0
0.0
0.0
0.0
0.0
0.0
0.0
0.0
0.0
0.0
0.0
0.0
0.0
0.0
0.0
0.0
0.0
0.0
0.0
0.0
0.0
0.0
0.0
0.0
0.0
0.0
0.0
0.0
0.0
0.0
0.0
0.0
0.0
0.0
0.0
0.0
0.0
0.0
0.0
