-91.0
-148.0
-62.0
-62.0
-223.0
32.0
-88.0
-37.0
-39.0
-145.0
-98.0
-98.0
-71.0
-106.0
-48.0
-33.0
-22.0
-89.0
6.0
-90.0
-59.0
-89.0
-138.0
-103.0
0.0
-166.0
-137.0
-112.0
-82.0
-49.0
-150.0
24.0
-101.0
-199.0
11.0
-65.0
-37.0
-58.0
-78.0
33.0
-25.0
-127.0
-60.0
-58.0
-59.0
-29.0
-140.0
-30.0
-57.0
-85.0
-92.0
-59.0
-22.0
-39.0
-171.0
-33.0
-134.0
-161.0
-33.0
-186.0
-136.0
-103.0
-233.0
-107.0
-111.0
-208.0
-42.0
-137.0
-146.0
-204.0
-62.0
-8.0
-81.0
-102.0
-85.0
-88.0
-95.0
-32.0
-156.0
-16.0
-70.0
-135.0
-42.0
-96.0
-87.0
-101.0
-79.0
-27.0
-2.0
-163.0
34.0
-21.0
-35.0
5.0
-121.0
-62.0
-107.0
-211.0
50.0
-68.0
-99.0
-70.0
-229.0
-142.0
-127.0
-238.0
-67.0
-134.0
-157.0
-122.0
-203.0
-145.0
-139.0
-187.0
-153.0
-147.0
-112.0
-70.0
-298.0
-44.0
-133.0
-313.0
-59.0
-124.0
-76.0
-68.0
-221.0
-43.0
-67.0
-235.0
-83.0
-175.0
-188.0
-45.0
-155.0
-30.0
-113.0
-213.0
-45.0
-151.0
-215.0
-157.0
-253.0
-155.0
-231.0
-211.0
-45.0
-149.0
-139.0
-111.0
-229.0
-119.0
-113.0
-168.0
-80.0
-223.0
-131.0
-91.0
-180.0
-103.0
-138.0
-150.0
-79.0
-162.0
-150.0
-148.0
-164.0
-96.0
-87.0
-167.0
-103.0
-160.0
-63.0
-61.0
-253.0
-90.0
-89.0
-176.0
-58.0
-204.0
-121.0
-70.0
-169.0
-135.0
-103.0
-158.0
-80.0
-126.0
-106.0
-93.0
-174.0
-108.0
-73.0
-233.0
-96.0
-105.0
-91.0
-109.0
-197.0
-37.0
-98.0
-157.0
-223.0
-126.0
-111.0
-92.0
-193.0
-177.0
-142.0
-109.0
-39.0
-182.0
-129.0
-117.0
-179.0
-81.0
-139.0
-257.0
-119.0
-105.0
-146.0
-39.0
-102.0
-54.0
-117.0
-123.0
-62.0
-153.0
-92.0
-83.0
-137.0
-16.0
-95.0
-104.0
4.0
-111.0
-99.0
-59.0
-188.0
-56.0
-70.0
-122.0
-71.0
-123.0
-33.0
21.0
-143.0
-31.0
-21.0
-88.0
-30.0
-122.0
26.0
75.0
-64.0
-24.0
-59.0
-79.0
33.0
-90.0
-121.0
-74.0
-145.0
39.0
-143.0
-72.0
-11.0
-48.0
-125.0
-6.0
-109.0
-49.0
-185.0
-121.0
104.0
-128.0
-62.0
-90.0
-98.0
22.0
-31.0
7.0
39.0
-156.0
20.0
65.0
-61.0
20.0
-37.0
-29.0
34.0
-67.0
-10.0
66.0
-55.0
44.0
27.0
-26.0
-49.0
-32.0
43.0
58.0
-4.0
-8.0
-140.0
-11.0
124.0
-12.0
-21.0
54.0
-63.0
-89.0
-43.0
-76.0
40.0
10.0
-26.0
7.0
14.0
59.0
10.0
-124.0
-11.0
-180.0
-19.0
-12.0
-93.0
63.0
79.0
-56.0
-71.0
4.0
23.0
125.0
55.0
134.0
119.0
44.0
-11.0
1.0
8.0
129.0
73.0
138.0
146.0
23.0
175.0
35.0
6.0
86.0
13.0
175.0
120.0
20.0
139.0
76.0
133.0
158.0
-26.0
126.0
140.0
15.0
171.0
97.0
13.0
141.0
48.0
126.0
120.0
117.0
163.0
15.0
32.0
195.0
12.0
36.0
148.0
68.0
87.0
109.0
7.0
148.0
65.0
67.0
113.0
-46.0
153.0
89.0
81.0
60.0
-23.0
117.0
-5.0
84.0
153.0
67.0
52.0
119.0
58.0
48.0
100.0
61.0
88.0
110.0
-27.0
43.0
51.0
144.0
73.0
57.0
126.0
7.0
76.0
79.0
-17.0
93.0
83.0
-26.0
130.0
-19.0
73.0
72.0
-65.0
64.0
74.0
-43.0
65.0
18.0
80.0
126.0
-71.0
-6.0
126.0
-52.0
139.0
20.0
-77.0
73.0
-108.0
3.0
58.0
22.0
93.0
34.0
89.0
97.0
-145.0
4.0
146.0
-65.0
83.0
17.0
-1.0
24.0
13.0
74.0
112.0
26.0
17.0
71.0
49.0
90.0
-13.0
50.0
60.0
-4.0
80.0
-2.0
37.0
-3.0
5.0
79.0
68.0
-35.0
4.0
-58.0
50.0
71.0
-6.0
40.0
-49.0
-68.0
86.0
-29.0
-140.0
53.0
-162.0
69.0
-32.0
-193.0
124.0
-70.0
-84.0
27.0
-85.0
-32.0
-63.0
-146.0
29.0
-22.0
-63.0
-34.0
-111.0
-3.0
-164.0
-32.0
-20.0
-138.0
-5.0
-41.0
-119.0
-20.0
-89.0
-120.0
7.0
-103.0
-93.0
18.0
-111.0
-52.0
-121.0
-16.0
-90.0
-72.0
-59.0
-64.0
-156.0
121.0
2.0
-105.0
-39.0
-107.0
-77.0
-48.0
-96.0
-57.0
-128.0
-103.0
2.0
-97.0
-69.0
4.0
-145.0
26.0
-26.0
-83.0
-16.0
-83.0
-153.0
3.0
-18.0
-3.0
-80.0
-125.0
-18.0
-84.0
-178.0
-41.0
-126.0
-61.0
-6.0
-119.0
10.0
-163.0
-136.0
-49.0
-122.0
-48.0
-5.0
-122.0
29.0
-83.0
-152.0
74.0
-86.0
-69.0
33.0
-114.0
-121.0
-82.0
-16.0
16.0
-71.0
-63.0
-27.0
-87.0
-27.0
-79.0
-114.0
-112.0
-112.0
-106.0
-36.0
-49.0
43.0
-88.0
-87.0
15.0
-55.0
26.0
-83.0
-12.0
45.0
-125.0
-12.0
26.0
-108.0
-32.0
-81.0
-49.0
71.0
-77.0
14.0
25.0
-38.0
-54.0
27.0
-84.0
-99.0
-48.0
4.0
13.0
-154.0
-12.0
-62.0
-39.0
-38.0
-23.0
-26.0
90.0
-118.0
86.0
-140.0
-138.0
96.0
-3.0
-33.0
18.0
-36.0
-28.0
-10.0
-43.0
22.0
-13.0
-119.0
55.0
-56.0
59.0
-39.0
-102.0
45.0
-153.0
-90.0
-3.0
-181.0
-6.0
-16.0
-70.0
-33.0
-188.0
-7.0
-30.0
-83.0
7.0
-74.0
-142.0
45.0
-55.0
-131.0
-30.0
-38.0
-5.0
-34.0
-82.0
23.0
-51.0
-153.0
-37.0
-137.0
-81.0
-53.0
-72.0
46.0
-27.0
-61.0
-62.0
-155.0
-8.0
-59.0
-128.0
-49.0
-31.0
-131.0
25.0
-61.0
1.0
-34.0
-71.0
5.0
-31.0
-92.0
-93.0
-81.0
-79.0
-88.0
-95.0
-54.0
-65.0
-61.0
42.0
-93.0
-6.0
-12.0
-37.0
-36.0
-74.0
-28.0
80.0
-76.0
-9.0
-10.0
-69.0
-17.0
-115.0
-124.0
22.0
-71.0
-62.0
-17.0
-27.0
62.0
-99.0
-164.0
-13.0
-31.0
6.0
22.0
-73.0
-71.0
-122.0
-90.0
-47.0
-214.0
-73.0
-11.0
-97.0
23.0
-134.0
-160.0
-79.0
-90.0
-17.0
-80.0
-58.0
12.0
-155.0
-46.0
29.0
-66.0
-87.0
-98.0
-67.0
-28.0
-133.0
-115.0
51.0
-106.0
-33.0
-15.0
-136.0
31.0
-103.0
-119.0
74.0
-149.0
-11.0
-36.0
-105.0
-34.0
-75.0
-2.0
-121.0
-69.0
82.0
-7.0
-76.0
-43.0
-39.0
-20.0
36.0
-111.0
-45.0
-69.0
-59.0
-1.0
-109.0
-67.0
-37.0
-64.0
-22.0
-43.0
-112.0
2.0
-62.0
-169.0
124.0
0.0
20.0
-40.0
-95.0
1.0
-18.0
-88.0
-17.0
-121.0
-2.0
-18.0
-63.0
116.0
16.0
-8.0
73.0
-13.0
33.0
-20.0
-36.0
20.0
-109.0
-55.0
42.0
-89.0
-19.0
27.0
-120.0
60.0
-67.0
8.0
29.0
-108.0
56.0
26.0
-14.0
-8.0
5.0
49.0
52.0
-161.0
41.0
18.0
-35.0
45.0
-139.0
-22.0
42.0
-109.0
-36.0
-7.0
-34.0
35.0
-2.0
-63.0
64.0
-33.0
-34.0
45.0
24.0
35.0
33.0
-63.0
96.0
-12.0
114.0
48.0
-152.0
118.0
-31.0
-69.0
80.0
-44.0
80.0
10.0
2.0
1.0
-1.0
-6.0
100.0
-61.0
44.0
-10.0
47.0
106.0
79.0
60.0
123.0
21.0
127.0
35.0
58.0
158.0
39.0
103.0
111.0
50.0
93.0
96.0
81.0
126.0
26.0
45.0
118.0
30.0
88.0
54.0
6.0
187.0
97.0
41.0
100.0
124.0
73.0
135.0
32.0
108.0
76.0
98.0
89.0
17.0
110.0
40.0
96.0
158.0
17.0
93.0
155.0
30.0
99.0
139.0
89.0
171.0
38.0
77.0
41.0
29.0
117.0
131.0
79.0
184.0
121.0
171.0
168.0
75.0
119.0
147.0
-10.0
134.0
65.0
34.0
219.0
139.0
135.0
129.0
45.0
155.0
-4.0
108.0
136.0
57.0
126.0
122.0
-7.0
197.0
82.0
144.0
126.0
63.0
144.0
137.0
22.0
209.0
106.0
5.0
99.0
98.0
96.0
136.0
35.0
129.0
140.0
60.0
134.0
30.0
46.0
86.0
-65.0
165.0
50.0
123.0
204.0
69.0
74.0
166.0
17.0
134.0
25.0
59.0
60.0
21.0
125.0
100.0
22.0
91.0
37.0
-2.0
82.0
47.0
158.0
113.0
-27.0
102.0
50.0
60.0
193.0
58.0
101.0
28.0
81.0
110.0
50.0
22.0
105.0
51.0
62.0
108.0
131.0
127.0
53.0
131.0
115.0
14.0
43.0
17.0
-40.0
115.0
28.0
28.0
77.0
-12.0
84.0
136.0
-8.0
120.0
64.0
48.0
87.0
70.0
29.0
106.0
25.0
100.0
74.0
29.0
131.0
17.0
55.0
-2.0
-144.0
91.0
81.0
2.0
90.0
-33.0
75.0
84.0
47.0
150.0
6.0
50.0
104.0
-91.0
25.0
120.0
-15.0
126.0
20.0
27.0
87.0
-5.0
29.0
44.0
2.0
11.0
37.0
6.0
80.0
-124.0
-1.0
26.0
-79.0
35.0
-11.0
-27.0
39.0
-44.0
31.0
48.0
-64.0
115.0
-51.0
10.0
83.0
-104.0
-27.0
24.0
-2.0
96.0
13.0
-45.0
50.0
-86.0
53.0
-29.0
-29.0
118.0
51.0
23.0
24.0
-61.0
30.0
-4.0
-29.0
99.0
-15.0
-56.0
44.0
-125.0
22.0
-50.0
-78.0
66.0
15.0
-44.0
52.0
-22.0
-25.0
0.0
-70.0
54.0
-129.0
-22.0
66.0
-11.0
58.0
9.0
-79.0
34.0
-49.0
-99.0
-78.0
-113.0
52.0
-94.0
-71.0
89.0
-24.0
-23.0
10.0
-93.0
-22.0
-45.0
-118.0
-11.0
-36.0
-57.0
4.0
-1.0
-1.0
27.0
-82.0
20.0
-51.0
-71.0
32.0
-116.0
-62.0
14.0
-96.0
-16.0
-35.0
-54.0
-15.0
-117.0
-25.0
-50.0
-131.0
-54.0
-55.0
-96.0
1.0
-16.0
20.0
30.0
-66.0
24.0
-27.0
-104.0
-36.0
-153.0
-31.0
-20.0
-38.0
-3.0
-65.0
-100.0
39.0
-95.0
47.0
-25.0
-64.0
64.0
29.0
-40.0
5.0
-85.0
3.0
10.0
-68.0
-119.0
-3.0
-24.0
43.0
-131.0
0.0
-16.0
-32.0
47.0
-26.0
-83.0
43.0
-110.0
-73.0
-69.0
-51.0
90.0
-31.0
-117.0
-16.0
-51.0
-58.0
-34.0
-82.0
-13.0
-28.0
-129.0
4.0
-106.0
-81.0
-23.0
-101.0
-70.0
-93.0
-110.0
-39.0
-111.0
-4.0
-20.0
-68.0
-25.0
-118.0
-112.0
69.0
-121.0
-83.0
-4.0
-55.0
7.0
-98.0
-67.0
54.0
-52.0
-24.0
-70.0
-5.0
52.0
-111.0
-39.0
64.0
-153.0
-39.0
0.0
-133.0
27.0
-30.0
-65.0
-34.0
-114.0
-86.0
-19.0
-117.0
-13.0
-148.0
-146.0
-17.0
-172.0
-88.0
-48.0
-224.0
14.0
-69.0
-82.0
-91.0
-110.0
-81.0
-46.0
-194.0
-40.0
-74.0
-200.0
-98.0
-168.0
-115.0
-111.0
-257.0
-50.0
-180.0
-64.0
-69.0
-199.0
-50.0
-46.0
-166.0
-134.0
-98.0
-65.0
16.0
-211.0
-71.0
-76.0
-162.0
-72.0
-155.0
-111.0
-36.0
-209.0
-62.0
-40.0
-121.0
-95.0
-23.0
-140.0
-56.0
-124.0
-102.0
-140.0
-171.0
16.0
-128.0
-238.0
-23.0
-128.0
-44.0
-55.0
-73.0
-58.0
-111.0
-125.0
-64.0
-133.0
-167.0
-81.0
-107.0
-4.0
-58.0
-95.0
-80.0
-201.0
-185.0
-253.0
-233.0
-32.0
-127.0
-192.0
-98.0
-227.0
-154.0
-147.0
-235.0
-139.0
-267.0
-138.0
-102.0
-278.0
-159.0
-195.0
-254.0
-102.0
-150.0
-126.0
-163.0
-91.0
-51.0
-82.0
-201.0
-181.0
-188.0
-167.0
-33.0
-231.0
-109.0
-95.0
-268.0
-29.0
-129.0
-115.0
-36.0
-144.0
-124.0
-281.0
-133.0
-84.0
-138.0
-133.0
-136.0
-109.0
-92.0
-98.0
-79.0
-56.0
-88.0
-144.0
-58.0
-262.0
-271.0
-237.0
-457.0
-328.0
-358.0
-355.0
-307.0
-426.0
-319.0
-386.0
-387.0
-314.0
-419.0
-373.0
-275.0
-460.0
-310.0
-305.0
-480.0
-338.0
-309.0
-382.0
-282.0
-386.0
-305.0
-376.0
-395.0
-191.0
-389.0
-307.0
-282.0
-363.0
-313.0
-301.0
-358.0
-200.0
-408.0
-334.0
-241.0
-419.0
-325.0
-266.0
-340.0
-222.0
-362.0
-370.0
-326.0
-350.0
-308.0
-329.0
-340.0
-334.0
-297.0
-319.0
-230.0
-421.0
-379.0
-256.0
-429.0
-283.0
-329.0
-414.0
-212.0
-362.0
-338.0
-334.0
-414.0
-210.0
-329.0
-352.0
-264.0
-444.0
-376.0
-305.0
-419.0
-253.0
-340.0
-238.0
-226.0
-300.0
-250.0
-266.0
-335.0
-170.0
-322.0
-420.0
-243.0
-281.0
-281.0
-258.0
-280.0
-269.0
-395.0
-377.0
-307.0
-364.0
-234.0
-293.0
-315.0
-224.0
-348.0
-324.0
-280.0
-375.0
-307.0
-175.0
-257.0
-282.0
-242.0
-196.0
-171.0
-251.0
-243.0
-224.0
-362.0
-200.0
-280.0
-307.0
-166.0
-269.0
-225.0
-235.0
-231.0
-195.0
-222.0
-277.0
-114.0
-249.0
-187.0
-106.0
-234.0
-136.0
-200.0
-357.0
-42.0
-223.0
-136.0
-248.0
-180.0
-61.0
-277.0
-261.0
-202.0
-284.0
-82.0
-114.0
-169.0
-112.0
-200.0
-197.0
-234.0
-246.0
-228.0
-161.0
-208.0
-213.0
-203.0
-245.0
-122.0
-206.0
-223.0
-196.0
-286.0
-132.0
-190.0
-242.0
-133.0
-259.0
-219.0
-138.0
-228.0
-122.0
-232.0
-287.0
-91.0
-213.0
-181.0
-148.0
-238.0
-229.0
-275.0
-303.0
-92.0
-272.0
-165.0
-153.0
-159.0
-95.0
-180.0
-163.0
-124.0
-234.0
-78.0
-152.0
-191.0
-110.0
-216.0
-163.0
-114.0
-158.0
-202.0
-129.0
-188.0
-156.0
-205.0
-267.0
-228.0
-232.0
-193.0
-124.0
-252.0
-142.0
-131.0
-282.0
-133.0
-205.0
-206.0
-246.0
-246.0
-152.0
-215.0
-281.0
-116.0
-325.0
-143.0
-89.0
-188.0
-116.0
-181.0
-156.0
-127.0
-208.0
-110.0
-96.0
-184.0
-100.0
-167.0
-212.0
-52.0
-191.0
-35.0
-65.0
-180.0
-103.0
-105.0
-237.0
-148.0
-132.0
-98.0
-97.0
-251.0
-40.0
-30.0
-95.0
2.0
-142.0
-102.0
-55.0
-180.0
-15.0
-84.0
-104.0
-9.0
-136.0
-58.0
-25.0
-97.0
4.0
-39.0
-96.0
81.0
-151.0
20.0
24.0
-92.0
-10.0
-23.0
-62.0
-56.0
-77.0
-24.0
-29.0
-52.0
92.0
-20.0
-71.0
74.0
-86.0
8.0
58.0
-91.0
39.0
-81.0
29.0
74.0
-28.0
-8.0
20.0
-65.0
-21.0
31.0
-5.0
31.0
-100.0
58.0
-34.0
-55.0
42.0
23.0
-82.0
-24.0
-6.0
-27.0
5.0
-52.0
-105.0
-39.0
-102.0
1.0
-56.0
-44.0
-36.0
-73.0
16.0
-49.0
-133.0
104.0
-87.0
-25.0
87.0
29.0
41.0
-42.0
-61.0
89.0
-40.0
10.0
-7.0
-102.0
132.0
-80.0
-60.0
-5.0
-84.0
-49.0
13.0
-90.0
16.0
-61.0
-127.0
28.0
-60.0
-43.0
-12.0
-223.0
-3.0
26.0
-50.0
-4.0
-12.0
-146.0
13.0
-97.0
34.0
-133.0
-109.0
1.0
-149.0
-56.0
52.0
-84.0
25.0
-162.0
-29.0
-11.0
-96.0
15.0
-8.0
-94.0
-15.0
-106.0
-142.0
-33.0
-65.0
33.0
-22.0
-56.0
51.0
-102.0
-68.0
-23.0
-91.0
28.0
7.0
-94.0
20.0
-16.0
-53.0
70.0
-46.0
-21.0
48.0
-102.0
97.0
-59.0
-90.0
42.0
-100.0
-61.0
30.0
-40.0
35.0
-32.0
-63.0
63.0
-7.0
-56.0
46.0
-74.0
56.0
-130.0
-18.0
23.0
-91.0
-92.0
27.0
-120.0
-86.0
-61.0
-4.0
72.0
-69.0
-74.0
-116.0
-196.0
-6.0
-52.0
-180.0
70.0
-111.0
46.0
-12.0
-138.0
-38.0
-29.0
-76.0
36.0
-178.0
7.0
-43.0
-102.0
-39.0
-50.0
-55.0
9.0
-110.0
-48.0
3.0
-128.0
-99.0
-42.0
-120.0
-32.0
-218.0
-131.0
-22.0
-114.0
-79.0
-110.0
-167.0
-62.0
-131.0
-71.0
-120.0
-172.0
-82.0
-220.0
-110.0
-102.0
-200.0
-121.0
-117.0
-211.0
-26.0
-99.0
-173.0
-19.0
-167.0
-164.0
-120.0
-102.0
-124.0
-132.0
-56.0
-45.0
-163.0
-108.0
-56.0
-147.0
-52.0
-109.0
-148.0
-136.0
-171.0
-111.0
-73.0
-158.0
-104.0
-61.0
-118.0
-17.0
-128.0
-136.0
-112.0
-248.0
-12.0
-42.0
-157.0
-139.0
-126.0
-43.0
-32.0
-226.0
-62.0
-108.0
-201.0
-57.0
-169.0
-89.0
-140.0
-144.0
-74.0
-98.0
-164.0
-80.0
-152.0
-176.0
-82.0
-168.0
-102.0
-173.0
-156.0
-72.0
-128.0
-189.0
-146.0
-156.0
-126.0
-173.0
-134.0
-97.0
-223.0
-133.0
-107.0
-159.0
-116.0
-133.0
-161.0
-97.0
-183.0
-81.0
-11.0
-274.0
-43.0
-161.0
-252.0
-79.0
-227.0
-173.0
-81.0
-282.0
-42.0
-138.0
-180.0
-219.0
-174.0
-92.0
-109.0
-256.0
-62.0
-188.0
-261.0
-126.0
-201.0
-105.0
-160.0
-130.0
-89.0
-142.0
-234.0
-60.0
-137.0
-63.0
-102.0
-102.0
27.0
-84.0
-180.0
-13.0
-160.0
-76.0
-101.0
-204.0
-65.0
-77.0
-143.0
-60.0
-152.0
-91.0
-16.0
-145.0
-86.0
-64.0
-166.0
6.0
-202.0
-26.0
-46.0
-102.0
-16.0
-143.0
-134.0
-11.0
-248.0
-133.0
-25.0
-61.0
-48.0
-121.0
-97.0
-39.0
-149.0
-79.0
-122.0
-157.0
-96.0
-120.0
-202.0
-95.0
-164.0
-72.0
51.0
-97.0
37.0
-139.0
-20.0
-27.0
-143.0
-19.0
-26.0
-135.0
-7.0
-100.0
-194.0
-87.0
-97.0
-12.0
23.0
-27.0
4.0
-78.0
-44.0
-8.0
-135.0
-103.0
-124.0
-73.0
-45.0
-82.0
-125.0
-43.0
-107.0
-54.0
10.0
-134.0
-9.0
-104.0
-152.0
1.0
-46.0
-56.0
70.0
-97.0
11.0
-50.0
-100.0
-12.0
-146.0
-80.0
-60.0
-155.0
13.0
-46.0
-43.0
84.0
-48.0
7.0
20.0
-110.0
10.0
-72.0
-52.0
-48.0
-152.0
45.0
10.0
-116.0
92.0
-23.0
-121.0
1.0
-121.0
60.0
-2.0
-98.0
-5.0
-62.0
-14.0
90.0
-86.0
-67.0
-52.0
-68.0
63.0
-74.0
-30.0
17.0
-21.0
5.0
13.0
-106.0
-21.0
30.0
-40.0
75.0
16.0
-98.0
43.0
-31.0
51.0
-2.0
-44.0
127.0
-79.0
-60.0
69.0
-135.0
-12.0
-75.0
-58.0
-46.0
-50.0
39.0
-24.0
-37.0
-28.0
-80.0
2.0
136.0
-90.0
37.0
23.0
-36.0
-20.0
-18.0
-59.0
98.0
2.0
-40.0
8.0
24.0
-5.0
56.0
61.0
103.0
-15.0
-49.0
-24.0
-14.0
99.0
4.0
-36.0
124.0
63.0
33.0
99.0
-10.0
54.0
-7.0
-139.0
104.0
-5.0
40.0
91.0
49.0
91.0
-16.0
32.0
51.0
15.0
-86.0
100.0
-11.0
43.0
85.0
-1.0
78.0
24.0
-25.0
70.0
-98.0
89.0
12.0
-22.0
77.0
-29.0
-10.0
61.0
-88.0
21.0
35.0
-87.0
132.0
-70.0
-51.0
98.0
-43.0
25.0
-32.0
-70.0
102.0
-116.0
-90.0
2.0
-122.0
-42.0
48.0
-145.0
17.0
-109.0
-79.0
-123.0
-107.0
52.0
-175.0
-92.0
-22.0
-69.0
-22.0
-83.0
-134.0
-2.0
-18.0
-47.0
-6.0
-115.0
-40.0
-25.0
-148.0
-50.0
-64.0
-166.0
-32.0
-131.0
-70.0
-98.0
-127.0
-70.0
-145.0
-184.0
34.0
-133.0
-102.0
-72.0
-81.0
-20.0
-29.0
-112.0
-32.0
-153.0
-116.0
22.0
-104.0
8.0
-68.0
-159.0
16.0
-77.0
-23.0
-69.0
-256.0
16.0
-114.0
-84.0
62.0
-107.0
-31.0
27.0
-53.0
51.0
-1.0
-92.0
-19.0
-40.0
-27.0
27.0
-122.0
60.0
-109.0
3.0
44.0
-37.0
-1.0
52.0
-6.0
17.0
-20.0
53.0
134.0
16.0
-39.0
157.0
41.0
86.0
11.0
-49.0
81.0
61.0
109.0
95.0
13.0
86.0
10.0
-27.0
122.0
-90.0
24.0
128.0
-34.0
94.0
99.0
16.0
109.0
12.0
-9.0
121.0
36.0
201.0
84.0
39.0
129.0
40.0
96.0
121.0
52.0
177.0
59.0
13.0
204.0
-9.0
139.0
26.0
75.0
149.0
156.0
45.0
179.0
80.0
96.0
116.0
45.0
161.0
95.0
102.0
225.0
99.0
117.0
21.0
129.0
223.0
152.0
3.0
203.0
68.0
102.0
194.0
120.0
173.0
-48.0
123.0
244.0
175.0
130.0
182.0
79.0
96.0
142.0
161.0
289.0
86.0
167.0
224.0
-71.0
127.0
134.0
71.0
154.0
68.0
176.0
147.0
38.0
143.0
136.0
182.0
194.0
35.0
173.0
159.0
111.0
240.0
93.0
77.0
184.0
12.0
102.0
147.0
56.0
79.0
116.0
95.0
176.0
63.0
114.0
180.0
20.0
142.0
131.0
106.0
166.0
68.0
155.0
142.0
179.0
210.0
133.0
55.0
248.0
112.0
180.0
169.0
43.0
218.0
154.0
138.0
202.0
45.0
135.0
193.0
137.0
143.0
314.0
115.0
244.0
36.0
194.0
213.0
89.0
254.0
162.0
136.0
212.0
6.0
58.0
224.0
-34.0
136.0
148.0
46.0
211.0
63.0
26.0
137.0
-16.0
167.0
54.0
31.0
70.0
28.0
57.0
122.0
33.0
152.0
80.0
5.0
135.0
110.0
74.0
186.0
63.0
234.0
107.0
56.0
145.0
35.0
91.0
167.0
77.0
153.0
76.0
42.0
112.0
151.0
56.0
134.0
74.0
222.0
137.0
-19.0
229.0
101.0
42.0
79.0
27.0
5.0
195.0
103.0
158.0
68.0
51.0
-20.0
5.0
24.0
26.0
38.0
116.0
80.0
43.0
82.0
-58.0
76.0
84.0
13.0
114.0
-100.0
13.0
126.0
-34.0
68.0
-100.0
-93.0
114.0
-30.0
-8.0
-1.0
-113.0
55.0
-52.0
24.0
122.0
-57.0
51.0
7.0
-49.0
117.0
63.0
-13.0
-38.0
83.0
102.0
44.0
25.0
31.0
-16.0
94.0
96.0
78.0
63.0
26.0
1.0
152.0
108.0
23.0
83.0
148.0
114.0
83.0
46.0
67.0
65.0
89.0
84.0
98.0
100.0
60.0
-45.0
142.0
35.0
51.0
157.0
33.0
33.0
37.0
6.0
103.0
95.0
109.0
94.0
56.0
113.0
117.0
-21.0
191.0
94.0
67.0
125.0
-25.0
31.0
169.0
102.0
136.0
81.0
-15.0
-1.0
146.0
106.0
10.0
-25.0
92.0
27.0
1.0
109.0
52.0
111.0
100.0
-10.0
81.0
-76.0
72.0
117.0
-10.0
33.0
-3.0
-66.0
66.0
1.0
-143.0
121.0
25.0
55.0
7.0
-116.0
214.0
36.0
-35.0
143.0
8.0
34.0
96.0
-73.0
69.0
64.0
5.0
41.0
-10.0
13.0
155.0
-43.0
129.0
58.0
-23.0
140.0
-46.0
71.0
-23.0
33.0
179.0
59.0
14.0
87.0
-10.0
112.0
120.0
15.0
145.0
40.0
-15.0
63.0
-70.0
77.0
44.0
68.0
127.0
94.0
13.0
39.0
103.0
112.0
104.0
-50.0
85.0
89.0
2.0
174.0
80.0
50.0
119.0
-14.0
125.0
35.0
21.0
78.0
10.0
20.0
107.0
-7.0
141.0
111.0
50.0
62.0
60.0
39.0
67.0
49.0
65.0
119.0
39.0
201.0
47.0
-9.0
154.0
68.0
143.0
79.0
56.0
119.0
61.0
65.0
152.0
45.0
89.0
202.0
94.0
147.0
55.0
186.0
169.0
50.0
87.0
42.0
88.0
141.0
48.0
197.0
180.0
18.0
152.0
47.0
96.0
187.0
34.0
81.0
114.0
36.0
158.0
51.0
-1.0
150.0
35.0
40.0
91.0
12.0
75.0
-80.0
35.0
154.0
-51.0
77.0
103.0
-37.0
38.0
-8.0
32.0
114.0
6.0
-26.0
72.0
-34.0
46.0
128.0
35.0
166.0
7.0
66.0
76.0
23.0
58.0
-54.0
24.0
102.0
119.0
81.0
84.0
-6.0
19.0
37.0
13.0
103.0
68.0
-7.0
103.0
1.0
90.0
168.0
-2.0
140.0
71.0
79.0
163.0
38.0
123.0
73.0
62.0
53.0
-4.0
34.0
122.0
24.0
63.0
39.0
13.0
135.0
35.0
71.0
13.0
42.0
64.0
-8.0
6.0
77.0
-40.0
12.0
63.0
-14.0
48.0
25.0
-11.0
99.0
-82.0
37.0
82.0
-65.0
89.0
-40.0
-26.0
86.0
-12.0
-12.0
61.0
-48.0
60.0
-7.0
-26.0
51.0
-19.0
7.0
79.0
34.0
61.0
-4.0
-20.0
110.0
45.0
32.0
148.0
14.0
30.0
42.0
36.0
144.0
-43.0
-14.0
-2.0
-46.0
-15.0
106.0
-2.0
82.0
-38.0
-28.0
92.0
-68.0
90.0
14.0
-96.0
44.0
10.0
-65.0
41.0
-63.0
65.0
6.0
6.0
70.0
-5.0
60.0
5.0
-51.0
91.0
39.0
29.0
100.0
9.0
-24.0
101.0
-10.0
91.0
48.0
-44.0
64.0
5.0
80.0
33.0
-37.0
-15.0
60.0
-52.0
58.0
29.0
33.0
98.0
-45.0
123.0
81.0
-40.0
60.0
11.0
64.0
74.0
1.0
59.0
-16.0
1.0
128.0
-26.0
81.0
-3.0
11.0
37.0
-18.0
-112.0
106.0
-3.0
27.0
17.0
-33.0
26.0
12.0
-6.0
87.0
-44.0
56.0
50.0
-6.0
84.0
-94.0
12.0
110.0
98.0
37.0
83.0
-52.0
37.0
-55.0
-71.0
34.0
-95.0
-14.0
-89.0
-27.0
43.0
23.0
-63.0
-77.0
-44.0
-80.0
-6.0
-62.0
25.0
-60.0
-96.0
-40.0
-100.0
-2.0
52.0
-98.0
-1.0
-52.0
-125.0
-35.0
-91.0
-107.0
10.0
-167.0
-96.0
-79.0
-139.0
-34.0
-145.0
-97.0
-12.0
-101.0
-112.0
-95.0
-122.0
-73.0
-183.0
-43.0
-29.0
-156.0
-16.0
-128.0
-174.0
-189.0
-131.0
-55.0
-27.0
-142.0
-102.0
-152.0
-83.0
-13.0
-197.0
-31.0
-78.0
-158.0
-38.0
-164.0
-56.0
-131.0
-125.0
-64.0
-34.0
-60.0
-73.0
5.0
-51.0
7.0
-97.0
-86.0
-102.0
-100.0
-102.0
4.0
-150.0
-22.0
-90.0
-116.0
-110.0
-117.0
-111.0
-106.0
-177.0
5.0
-142.0
-143.0
-89.0
-40.0
-2.0
-131.0
-149.0
-22.0
-168.0
-107.0
-88.0
-213.0
-79.0
-199.0
-145.0
-103.0
-133.0
-83.0
-58.0
-73.0
-64.0
-37.0
-153.0
-121.0
-186.0
-91.0
51.0
-88.0
-39.0
-60.0
-113.0
-63.0
-69.0
-154.0
-30.0
-215.0
-3.0
-37.0
-129.0
-69.0
-151.0
-82.0
-30.0
-173.0
-78.0
-173.0
-61.0
-58.0
-124.0
-153.0
-54.0
-99.0
-25.0
-103.0
-228.0
-60.0
-197.0
-145.0
-39.0
-203.0
-78.0
-127.0
-187.0
-96.0
-163.0
-83.0
-36.0
-93.0
-77.0
-180.0
-167.0
-63.0
-133.0
-75.0
-2.0
-76.0
-32.0
-121.0
-184.0
-68.0
-139.0
-95.0
15.0
-209.0
-68.0
-137.0
-75.0
-31.0
-103.0
-44.0
-40.0
-174.0
-120.0
-86.0
-137.0
48.0
-92.0
-108.0
-42.0
4.0
91.0
53.0
109.0
115.0
-7.0
61.0
99.0
22.0
115.0
74.0
31.0
61.0
48.0
94.0
108.0
-80.0
176.0
77.0
43.0
109.0
-16.0
126.0
12.0
48.0
163.0
62.0
10.0
95.0
89.0
40.0
140.0
21.0
111.0
51.0
78.0
134.0
36.0
97.0
161.0
11.0
173.0
165.0
88.0
168.0
83.0
118.0
139.0
42.0
142.0
100.0
87.0
153.0
55.0
119.0
61.0
32.0
143.0
7.0
-14.0
219.0
53.0
146.0
111.0
-5.0
154.0
107.0
43.0
97.0
-5.0
107.0
64.0
-33.0
142.0
89.0
39.0
76.0
-4.0
79.0
79.0
-51.0
101.0
40.0
-8.0
-22.0
37.0
56.0
140.0
-67.0
92.0
72.0
-3.0
48.0
14.0
31.0
-20.0
-6.0
54.0
66.0
53.0
32.0
-26.0
23.0
27.0
16.0
130.0
16.0
-45.0
90.0
29.0
38.0
78.0
88.0
111.0
98.0
14.0
46.0
51.0
13.0
120.0
-53.0
58.0
27.0
-29.0
97.0
67.0
52.0
98.0
18.0
95.0
-30.0
40.0
147.0
-69.0
2.0
91.0
36.0
45.0
79.0
-22.0
81.0
-3.0
-41.0
84.0
-143.0
84.0
11.0
-49.0
11.0
-93.0
-26.0
-39.0
-77.0
35.0
-50.0
-87.0
49.0
-67.0
-100.0
59.0
-53.0
39.0
21.0
-110.0
49.0
-47.0
-46.0
-13.0
-114.0
-98.0
-123.0
-90.0
-37.0
-94.0
-42.0
-72.0
-108.0
-42.0
-31.0
-180.0
32.0
-119.0
-42.0
-102.0
-97.0
-94.0
-84.0
-146.0
-52.0
-106.0
-60.0
-47.0
-63.0
44.0
1.0
-120.0
69.0
-50.0
-73.0
-72.0
-75.0
49.0
-72.0
-149.0
-9.0
-175.0
-44.0
61.0
-32.0
-17.0
-14.0
-62.0
-13.0
-127.0
-122.0
14.0
-57.0
5.0
-77.0
-95.0
-41.0
-33.0
-48.0
49.0
-60.0
-17.0
-2.0
-93.0
-1.0
-76.0
-23.0
12.0
-80.0
50.0
-57.0
-78.0
23.0
-69.0
-34.0
40.0
-48.0
26.0
-26.0
-134.0
-8.0
-110.0
-112.0
-3.0
-139.0
-67.0
22.0
-43.0
77.0
-56.0
50.0
29.0
-21.0
-28.0
29.0
-51.0
7.0
-43.0
31.0
92.0
-93.0
60.0
-75.0
-10.0
-13.0
-15.0
23.0
100.0
-18.0
51.0
59.0
-46.0
105.0
-20.0
24.0
22.0
-44.0
1.0
40.0
-54.0
58.0
-4.0
33.0
54.0
-65.0
-67.0
33.0
5.0
80.0
-27.0
6.0
125.0
-61.0
42.0
15.0
-6.0
97.0
57.0
100.0
109.0
-59.0
33.0
29.0
-51.0
52.0
-104.0
-13.0
18.0
-68.0
4.0
37.0
-44.0
77.0
-23.0
41.0
87.0
-72.0
106.0
79.0
-108.0
100.0
29.0
-41.0
51.0
-54.0
71.0
-31.0
31.0
46.0
-11.0
-23.0
139.0
-107.0
63.0
15.0
-36.0
95.0
35.0
-4.0
75.0
23.0
119.0
44.0
6.0
106.0
16.0
-65.0
184.0
18.0
133.0
45.0
-45.0
60.0
9.0
-47.0
96.0
-29.0
-72.0
52.0
-11.0
66.0
-20.0
-36.0
71.0
-25.0
4.0
7.0
-27.0
107.0
-166.0
48.0
26.0
-25.0
19.0
-1.0
-87.0
31.0
-37.0
-94.0
-24.0
-173.0
-40.0
-65.0
-19.0
52.0
-54.0
-6.0
13.0
-52.0
18.0
-36.0
-131.0
-29.0
-18.0
-31.0
-27.0
-84.0
79.0
-23.0
-69.0
92.0
-30.0
31.0
25.0
-73.0
26.0
-6.0
-74.0
29.0
-63.0
-17.0
97.0
-78.0
102.0
43.0
-20.0
111.0
3.0
31.0
122.0
30.0
15.0
-42.0
81.0
56.0
-14.0
-34.0
26.0
-96.0
36.0
-63.0
-42.0
31.0
-53.0
-84.0
-100.0
-34.0
-16.0
-21.0
-110.0
-28.0
-137.0
-63.0
-4.0
-71.0
5.0
-27.0
-172.0
72.0
-120.0
-97.0
117.0
3.0
59.0
1.0
-89.0
22.0
82.0
3.0
108.0
-128.0
11.0
-49.0
-116.0
-59.0
-74.0
-24.0
76.0
-90.0
-32.0
26.0
-63.0
43.0
-119.0
10.0
-34.0
-101.0
63.0
-18.0
-171.0
-14.0
-58.0
-1.0
-11.0
2.0
109.0
-27.0
39.0
66.0
-20.0
48.0
52.0
-69.0
111.0
34.0
5.0
123.0
64.0
47.0
112.0
-55.0
129.0
99.0
-15.0
104.0
-16.0
56.0
135.0
15.0
5.0
79.0
42.0
91.0
15.0
39.0
-52.0
-18.0
14.0
31.0
-25.0
74.0
56.0
34.0
77.0
-3.0
56.0
-21.0
-8.0
135.0
53.0
79.0
101.0
-55.0
60.0
101.0
-19.0
-14.0
61.0
31.0
147.0
77.0
151.0
114.0
1.0
240.0
91.0
70.0
82.0
120.0
106.0
25.0
201.0
144.0
-15.0
195.0
218.0
59.0
115.0
158.0
72.0
152.0
68.0
75.0
134.0
-111.0
74.0
77.0
86.0
140.0
22.0
51.0
78.0
55.0
98.0
70.0
26.0
153.0
18.0
38.0
178.0
40.0
15.0
87.0
116.0
166.0
38.0
32.0
83.0
-88.0
102.0
-3.0
-67.0
75.0
13.0
-9.0
47.0
-84.0
17.0
-3.0
-137.0
74.0
-32.0
61.0
107.0
-65.0
103.0
66.0
-127.0
125.0
-17.0
-76.0
19.0
6.0
64.0
10.0
-23.0
144.0
-9.0
17.0
112.0
8.0
8.0
3.0
15.0
63.0
-29.0
-101.0
-9.0
-64.0
20.0
42.0
-23.0
27.0
-58.0
-27.0
-32.0
-74.0
4.0
-16.0
-162.0
-14.0
-66.0
6.0
58.0
-67.0
39.0
29.0
-71.0
-48.0
-75.0
-25.0
40.0
-35.0
35.0
43.0
-48.0
22.0
-35.0
-21.0
84.0
-43.0
10.0
34.0
-4.0
80.0
-17.0
-77.0
47.0
-56.0
33.0
8.0
-62.0
9.0
29.0
6.0
74.0
-83.0
3.0
64.0
3.0
54.0
14.0
-98.0
41.0
-32.0
54.0
56.0
-122.0
51.0
-37.0
-3.0
163.0
-25.0
25.0
-74.0
-18.0
115.0
-51.0
-59.0
44.0
-10.0
16.0
23.0
5.0
12.0
-39.0
6.0
-31.0
-130.0
-34.0
-51.0
-142.0
3.0
-68.0
-89.0
-63.0
-205.0
4.0
-54.0
-117.0
-43.0
-153.0
-79.0
-142.0
-80.0
-35.0
-152.0
-122.0
18.0
-79.0
-135.0
-8.0
-147.0
-166.0
-41.0
-120.0
18.0
-49.0
-84.0
-49.0
-158.0
-64.0
-120.0
-108.0
-22.0
-154.0
-105.0
-95.0
-112.0
32.0
-109.0
-103.0
15.0
-214.0
-42.0
-14.0
-53.0
-15.0
-103.0
-124.0
-1.0
-112.0
-103.0
-75.0
-133.0
-6.0
-137.0
-220.0
-59.0
-139.0
-108.0
-27.0
-165.0
-74.0
-69.0
-71.0
4.0
-89.0
-119.0
-125.0
-107.0
-2.0
-46.0
-145.0
-67.0
-174.0
-95.0
-68.0
-162.0
-11.0
-25.0
-160.0
-31.0
-152.0
-117.0
-81.0
-110.0
-12.0
-68.0
-179.0
52.0
-81.0
-169.0
-71.0
-95.0
-38.0
-76.0
-113.0
-60.0
-168.0
-126.0
-89.0
-211.0
-59.0
-151.0
-128.0
-122.0
-21.0
-64.0
-29.0
-199.0
-119.0
-9.0
-159.0
41.0
-178.0
-110.0
-74.0
-107.0
-32.0
-106.0
-145.0
-48.0
-143.0
-155.0
11.0
-162.0
-86.0
-138.0
-193.0
-24.0
-214.0
-58.0
-128.0
-129.0
-29.0
-34.0
-156.0
-169.0
-96.0
-112.0
-77.0
-129.0
-145.0
35.0
-135.0
-5.0
-118.0
-69.0
4.0
-102.0
-100.0
-82.0
-171.0
-92.0
-124.0
-130.0
-25.0
-159.0
-63.0
-124.0
-143.0
-154.0
-132.0
-80.0
-85.0
-247.0
-156.0
-2.0
-102.0
-53.0
-109.0
-169.0
-105.0
-124.0
-24.0
-74.0
-143.0
-45.0
-134.0
-123.0
-73.0
-129.0
-45.0
-112.0
-249.0
-116.0
-159.0
-123.0
-161.0
-236.0
-74.0
-98.0
-162.0
-78.0
-201.0
-150.0
-42.0
-241.0
-213.0
-137.0
-87.0
-136.0
-183.0
-159.0
-56.0
-246.0
-194.0
-77.0
-175.0
-56.0
-146.0
-155.0
-107.0
-209.0
-267.0
-104.0
-162.0
-91.0
-110.0
-161.0
-93.0
-178.0
-118.0
-215.0
-150.0
-46.0
-165.0
-157.0
-83.0
-257.0
-15.0
-107.0
-156.0
-92.0
-89.0
-124.0
-33.0
-142.0
-71.0
-105.0
-162.0
-131.0
-215.0
-91.0
-27.0
-134.0
-67.0
-117.0
-197.0
-59.0
-188.0
-133.0
-84.0
-202.0
-120.0
-74.0
-193.0
-55.0
-266.0
-125.0
-15.0
-179.0
-71.0
-183.0
-155.0
-40.0
-182.0
-105.0
-112.0
-241.0
-190.0
-15.0
-135.0
-66.0
-124.0
-88.0
-68.0
-144.0
-82.0
-109.0
-75.0
4.0
-133.0
-160.0
5.0
-230.0
-103.0
-77.0
-177.0
-136.0
-115.0
-234.0
71.0
-98.0
-38.0
-130.0
-243.0
-79.0
-147.0
-115.0
-136.0
-119.0
-131.0
-84.0
-133.0
25.0
-140.0
-193.0
-122.0
-103.0
-117.0
-94.0
-171.0
-90.0
-204.0
-118.0
-64.0
-242.0
-68.0
-119.0
-168.0
-96.0
-110.0
-154.0
-124.0
-137.0
-140.0
-182.0
-211.0
-58.0
-194.0
-188.0
-70.0
-191.0
-182.0
-80.0
-144.0
-177.0
-108.0
-29.0
-29.0
-120.0
-105.0
-92.0
-165.0
-159.0
-223.0
-84.0
-78.0
-176.0
-108.0
-188.0
-261.0
-120.0
-147.0
-155.0
-14.0
-212.0
-103.0
-105.0
-189.0
-124.0
-168.0
-118.0
-89.0
-301.0
4.0
-111.0
-174.0
-60.0
-187.0
-149.0
-100.0
-82.0
-96.0
-115.0
-168.0
-16.0
-196.0
-117.0
-30.0
-162.0
-197.0
-71.0
-185.0
-181.0
-224.0
-285.0
-101.0
-157.0
-165.0
-152.0
-225.0
-117.0
-195.0
-219.0
-151.0
-233.0
-152.0
-277.0
-163.0
-147.0
-183.0
-216.0
-118.0
-207.0
-124.0
-119.0
-181.0
-70.0
-157.0
-118.0
-19.0
-104.0
-85.0
-52.0
-135.0
-53.0
-108.0
-131.0
-13.0
-126.0
-166.0
-124.0
-205.0
-39.0
-170.0
-153.0
-118.0
-163.0
-128.0
-280.0
-142.0
-78.0
-124.0
-106.0
-97.0
-287.0
-91.0
-54.0
-182.0
-59.0
-254.0
-157.0
-75.0
-221.0
-134.0
-129.0
-190.0
-139.0
-111.0
-121.0
-156.0
-168.0
-44.0
-14.0
-125.0
-83.0
-73.0
-156.0
-126.0
-114.0
-139.0
-7.0
-227.0
13.0
-146.0
-105.0
-101.0
-242.0
-70.0
-83.0
-153.0
-83.0
-164.0
-80.0
-20.0
-191.0
39.0
-56.0
-162.0
-110.0
-229.0
-78.0
-42.0
-194.0
-161.0
-61.0
-192.0
-54.0
-176.0
-114.0
-20.0
-168.0
-30.0
-101.0
-134.0
-71.0
-80.0
-155.0
-3.0
-123.0
-4.0
-65.0
-169.0
-33.0
-91.0
-38.0
-51.0
-93.0
-13.0
-146.0
-147.0
7.0
-88.0
-86.0
-25.0
-152.0
1.0
-52.0
-84.0
-111.0
-81.0
-190.0
-27.0
-130.0
6.0
-73.0
-78.0
-60.0
-159.0
-55.0
-56.0
-140.0
-58.0
-52.0
-116.0
-65.0
-185.0
-43.0
-7.0
-130.0
-21.0
-101.0
-143.0
-35.0
-80.0
-100.0
-67.0
-155.0
4.0
-108.0
-162.0
-21.0
-108.0
-110.0
-52.0
-158.0
-105.0
-71.0
-163.0
-79.0
-64.0
-76.0
-34.0
-222.0
-21.0
-95.0
-95.0
-45.0
-245.0
-74.0
-46.0
-141.0
-159.0
-75.0
-62.0
-97.0
-133.0
-57.0
-86.0
-100.0
-99.0
-90.0
-216.0
-41.0
-115.0
-95.0
-41.0
-241.0
-99.0
-113.0
-67.0
-40.0
-92.0
-76.0
12.0
-129.0
-90.0
-171.0
-136.0
-134.0
-111.0
-139.0
-64.0
-186.0
-72.0
-100.0
-152.0
-145.0
-146.0
-154.0
-37.0
-230.0
-22.0
-111.0
-216.0
-39.0
-133.0
-129.0
-145.0
-186.0
-17.0
-30.0
-119.0
-79.0
-116.0
-103.0
0.0
-130.0
14.0
32.0
-34.0
8.0
-78.0
-63.0
32.0
-89.0
-22.0
-47.0
-82.0
74.0
-11.0
5.0
33.0
-73.0
-34.0
-21.0
-83.0
-39.0
-89.0
-88.0
83.0
-116.0
-16.0
21.0
-47.0
43.0
-26.0
-39.0
74.0
-178.0
-2.0
10.0
-81.0
36.0
-39.0
-119.0
-12.0
-122.0
-18.0
-56.0
-126.0
76.0
-90.0
-31.0
6.0
-130.0
27.0
23.0
11.0
72.0
-81.0
38.0
91.0
-77.0
163.0
39.0
-58.0
79.0
-77.0
-20.0
-70.0
4.0
37.0
-4.0
-39.0
20.0
-77.0
-51.0
20.0
-65.0
-19.0
7.0
-38.0
24.0
-90.0
-7.0
31.0
-76.0
-53.0
-72.0
-92.0
-9.0
-65.0
-65.0
23.0
-134.0
-32.0
-112.0
-93.0
-4.0
-37.0
-154.0
-16.0
-62.0
-25.0
-22.0
-129.0
51.0
-23.0
-43.0
6.0
-153.0
17.0
44.0
-28.0
100.0
-92.0
-28.0
13.0
-73.0
20.0
-33.0
-102.0
33.0
-2.0
-37.0
61.0
-124.0
89.0
-49.0
-117.0
87.0
12.0
-34.0
4.0
-44.0
79.0
106.0
-44.0
31.0
7.0
-11.0
0.0
-88.0
-13.0
20.0
-73.0
23.0
-80.0
-58.0
-37.0
-109.0
74.0
44.0
-107.0
-13.0
-55.0
-99.0
40.0
-144.0
-8.0
32.0
-25.0
95.0
-75.0
-13.0
51.0
-8.0
-45.0
52.0
-24.0
76.0
-73.0
-26.0
83.0
-70.0
39.0
68.0
-22.0
79.0
-33.0
-49.0
36.0
-33.0
64.0
43.0
10.0
82.0
75.0
100.0
210.0
35.0
118.0
248.0
163.0
326.0
216.0
184.0
252.0
64.0
174.0
141.0
-5.0
64.0
68.0
23.0
30.0
23.0
40.0
87.0
-37.0
55.0
-9.0
35.0
30.0
-50.0
-2.0
33.0
-85.0
-31.0
-79.0
-97.0
1.0
-96.0
-62.0
-30.0
-59.0
36.0
38.0
89.0
166.0
313.0
403.0
417.0
490.0
551.0
394.0
457.0
595.0
503.0
499.0
346.0
394.0
376.0
269.0
139.0
152.0
93.0
167.0
138.0
31.0
95.0
39.0
6.0
136.0
-78.0
4.0
-71.0
-78.0
-52.0
-153.0
-5.0
56.0
-76.0
-42.0
-70.0
-154.0
15.0
-14.0
84.0
200.0
270.0
385.0
541.0
547.0
616.0
589.0
612.0
602.0
430.0
636.0
567.0
343.0
416.0
153.0
152.0
96.0
-27.0
32.0
10.0
-163.0
58.0
-13.0
-56.0
35.0
-78.0
-37.0
-116.0
-214.0
-162.0
-205.0
-155.0
-110.0
-218.0
-252.0
-108.0
-173.0
-111.0
-235.0
-212.0
-187.0
-302.0
-131.0
-136.0
-191.0
-179.0
-170.0
-214.0
-105.0
-169.0
-137.0
-174.0
-214.0
-178.0
-217.0
-217.0
-168.0
-255.0
-254.0
-147.0
-246.0
-211.0
-196.0
-185.0
-147.0
-192.0
-175.0
-187.0
-310.0
-156.0
-244.0
-165.0
-109.0
-228.0
-100.0
-62.0
-187.0
-143.0
-149.0
-229.0
-140.0
-165.0
-170.0
-149.0
-251.0
-163.0
-210.0
-221.0
-84.0
-220.0
-185.0
-203.0
-139.0
-106.0
-208.0
-212.0
-96.0
-215.0
-66.0
-114.0
-164.0
-27.0
-166.0
-271.0
-5.0
-146.0
-92.0
-164.0
-233.0
-108.0
-182.0
-134.0
-96.0
-136.0
-69.0
-118.0
-182.0
-100.0
-301.0
-244.0
-79.0
-242.0
-146.0
-95.0
-274.0
-122.0
-336.0
-55.0
-126.0
-212.0
-135.0
-108.0
-163.0
-104.0
-208.0
-175.0
-73.0
-227.0
-116.0
-178.0
-239.0
-131.0
-161.0
-153.0
-64.0
-211.0
-182.0
-175.0
-226.0
-174.0
-246.0
-178.0
-73.0
-154.0
-140.0
-130.0
-260.0
-75.0
-206.0
-148.0
-128.0
-200.0
-129.0
-162.0
-272.0
-210.0
-234.0
-290.0
-108.0
-255.0
-172.0
-204.0
-305.0
-162.0
-262.0
-170.0
-111.0
-230.0
-81.0
-131.0
-241.0
-111.0
-321.0
-134.0
-59.0
-188.0
-113.0
-164.0
-212.0
-67.0
-286.0
-227.0
-21.0
-172.0
-138.0
-126.0
-194.0
-75.0
-168.0
-177.0
-115.0
-111.0
-105.0
-113.0
-199.0
-58.0
-132.0
-203.0
-50.0
-191.0
-136.0
-73.0
-160.0
-80.0
-228.0
-108.0
-120.0
-172.0
-106.0
-71.0
-199.0
-77.0
-181.0
-165.0
-52.0
-96.0
-99.0
-129.0
-161.0
-110.0
-54.0
-100.0
-42.0
-159.0
-124.0
-120.0
-215.0
-145.0
-200.0
-133.0
-167.0
-166.0
-60.0
-84.0
-187.0
-13.0
-158.0
-241.0
0.0
-206.0
-79.0
-53.0
-215.0
24.0
-194.0
-131.0
-15.0
-159.0
23.0
-7.0
-185.0
-89.0
-84.0
-178.0
-98.0
-133.0
-30.0
-144.0
-33.0
-39.0
-161.0
-180.0
-62.0
-87.0
-58.0
-30.0
-143.0
-89.0
-147.0
-125.0
-16.0
-196.0
-163.0
-82.0
-198.0
-126.0
-88.0
-132.0
-57.0
-101.0
-72.0
-35.0
-110.0
26.0
-37.0
-227.0
-23.0
-88.0
-29.0
-105.0
-139.0
-53.0
-97.0
-45.0
54.0
-105.0
-90.0
-91.0
-194.0
62.0
-55.0
-45.0
-64.0
-90.0
-128.0
-74.0
-210.0
-76.0
-93.0
-184.0
-45.0
-186.0
-88.0
-102.0
-212.0
-69.0
-94.0
-137.0
-59.0
-208.0
-74.0
-68.0
-126.0
-96.0
-186.0
-203.0
-16.0
-115.0
-109.0
-48.0
-118.0
-86.0
-77.0
-111.0
17.0
-118.0
-61.0
-106.0
-192.0
-10.0
-119.0
-97.0
-69.0
-152.0
-39.0
-96.0
-195.0
-44.0
-165.0
-96.0
-26.0
-111.0
-42.0
-72.0
-146.0
37.0
-85.0
-83.0
-108.0
-117.0
-59.0
-103.0
-147.0
-79.0
-38.0
-84.0
-146.0
-172.0
-19.0
27.0
-78.0
-1.0
-66.0
-142.0
-8.0
-178.0
-162.0
-18.0
-79.0
-45.0
-97.0
-103.0
-55.0
-125.0
-35.0
-116.0
-123.0
-22.0
-29.0
-105.0
-38.0
-127.0
-161.0
61.0
-53.0
-25.0
-86.0
-64.0
-88.0
-81.0
-54.0
-51.0
-147.0
14.0
-77.0
-93.0
-69.0
-91.0
-5.0
-64.0
-152.0
-30.0
-26.0
-78.0
14.0
-66.0
-76.0
-31.0
-94.0
35.0
-110.0
-220.0
43.0
-108.0
-89.0
-16.0
-84.0
9.0
-49.0
-12.0
47.0
-182.0
-13.0
96.0
-98.0
-4.0
-92.0
-3.0
77.0
-55.0
-35.0
-96.0
-134.0
55.0
-1.0
-66.0
-29.0
-83.0
-2.0
-61.0
-24.0
61.0
-36.0
-46.0
-44.0
-25.0
71.0
95.0
-30.0
-3.0
11.0
-79.0
43.0
-115.0
33.0
17.0
-88.0
73.0
20.0
-79.0
37.0
42.0
48.0
79.0
-102.0
75.0
-89.0
-47.0
14.0
-32.0
17.0
22.0
3.0
29.0
-34.0
-110.0
10.0
-131.0
-52.0
-9.0
-141.0
54.0
-71.0
-42.0
6.0
-78.0
12.0
-70.0
-99.0
9.0
-72.0
-29.0
12.0
-108.0
-32.0
-173.0
23.0
80.0
1.0
-73.0
-2.0
-92.0
14.0
-7.0
-111.0
-9.0
-105.0
-67.0
47.0
-146.0
33.0
51.0
-96.0
1.0
1.0
-101.0
54.0
8.0
-88.0
55.0
39.0
59.0
-23.0
-19.0
98.0
-125.0
27.0
-33.0
-45.0
-34.0
16.0
35.0
1.0
-2.0
43.0
35.0
-10.0
25.0
-34.0
8.0
183.0
-27.0
57.0
56.0
-3.0
106.0
26.0
26.0
71.0
-8.0
20.0
37.0
21.0
105.0
-10.0
-2.0
118.0
-46.0
54.0
42.0
26.0
59.0
43.0
50.0
135.0
8.0
74.0
86.0
17.0
173.0
60.0
29.0
167.0
-25.0
147.0
167.0
-15.0
138.0
59.0
24.0
88.0
-58.0
46.0
145.0
49.0
169.0
77.0
79.0
163.0
70.0
87.0
93.0
-27.0
89.0
14.0
-80.0
119.0
-22.0
125.0
73.0
32.0
137.0
61.0
-10.0
84.0
-30.0
74.0
50.0
47.0
128.0
50.0
13.0
34.0
-3.0
24.0
-16.0
-2.0
192.0
15.0
-22.0
81.0
-39.0
37.0
84.0
-54.0
98.0
-103.0
11.0
109.0
-91.0
20.0
46.0
0.0
56.0
-37.0
-74.0
22.0
-103.0
40.0
80.0
-4.0
37.0
-22.0
-10.0
60.0
11.0
17.0
60.0
-105.0
-15.0
18.0
11.0
73.0
7.0
85.0
32.0
6.0
100.0
54.0
-17.0
37.0
-40.0
11.0
5.0
23.0
27.0
-3.0
3.0
72.0
-82.0
-21.0
42.0
-78.0
91.0
-24.0
60.0
110.0
-20.0
5.0
42.0
-116.0
-5.0
-10.0
-52.0
13.0
-4.0
1.0
-42.0
-19.0
7.0
-23.0
-85.0
15.0
-63.0
-23.0
-57.0
31.0
59.0
-78.0
-24.0
55.0
-59.0
-13.0
-30.0
-122.0
27.0
-213.0
-42.0
82.0
-101.0
-55.0
-43.0
-79.0
54.0
-89.0
-56.0
-5.0
-89.0
54.0
36.0
29.0
33.0
33.0
35.0
127.0
-18.0
56.0
38.0
-38.0
16.0
91.0
16.0
79.0
-26.0
106.0
67.0
-7.0
119.0
12.0
-6.0
20.0
-12.0
63.0
96.0
-31.0
43.0
8.0
40.0
1.0
-74.0
55.0
70.0
18.0
39.0
14.0
33.0
76.0
-71.0
74.0
59.0
-64.0
17.0
-52.0
-26.0
-22.0
-76.0
-40.0
77.0
-34.0
54.0
18.0
-40.0
57.0
-141.0
-15.0
-163.0
-45.0
78.0
-114.0
-25.0
31.0
-117.0
-14.0
-40.0
-138.0
-31.0
-87.0
-96.0
84.0
-136.0
82.0
-59.0
-13.0
-33.0
-122.0
-67.0
-51.0
-60.0
-95.0
3.0
-86.0
-15.0
-14.0
-53.0
50.0
-127.0
-64.0
-15.0
-73.0
-15.0
-79.0
-7.0
-19.0
-47.0
-19.0
-50.0
-80.0
-10.0
-55.0
-92.0
-125.0
-12.0
39.0
16.0
-25.0
-14.0
-77.0
20.0
15.0
-133.0
-4.0
3.0
-72.0
8.0
-71.0
60.0
115.0
-26.0
74.0
29.0
-81.0
20.0
-13.0
-2.0
34.0
-77.0
30.0
24.0
-119.0
103.0
-7.0
-4.0
14.0
-63.0
-3.0
103.0
-51.0
105.0
98.0
18.0
107.0
-81.0
46.0
54.0
-24.0
72.0
56.0
14.0
30.0
-26.0
-33.0
6.0
-105.0
38.0
6.0
-17.0
94.0
-131.0
21.0
50.0
-42.0
48.0
66.0
-33.0
-55.0
1.0
-45.0
7.0
-92.0
10.0
-175.0
11.0
-43.0
-46.0
10.0
-60.0
-102.0
-22.0
-135.0
-83.0
5.0
-109.0
-45.0
-56.0
-95.0
3.0
-87.0
-63.0
48.0
-106.0
-71.0
-91.0
-186.0
-56.0
-116.0
-137.0
-67.0
-208.0
-67.0
-26.0
-130.0
-15.0
-118.0
-120.0
-54.0
-163.0
-40.0
-17.0
-105.0
-192.0
-27.0
-105.0
-1.0
-75.0
-61.0
-29.0
-108.0
21.0
-98.0
-152.0
-81.0
-151.0
-8.0
17.0
-93.0
-49.0
-86.0
2.0
29.0
-48.0
-53.0
-3.0
-99.0
2.0
-106.0
-64.0
55.0
-63.0
-40.0
32.0
-67.0
7.0
-29.0
-3.0
67.0
-114.0
-55.0
-30.0
-141.0
80.0
-140.0
-72.0
5.0
-13.0
14.0
-5.0
-60.0
49.0
-16.0
-67.0
131.0
-71.0
48.0
40.0
-83.0
81.0
5.0
12.0
57.0
-49.0
-9.0
35.0
-57.0
39.0
-92.0
-82.0
-5.0
-159.0
33.0
111.0
-69.0
35.0
-44.0
-24.0
29.0
-73.0
37.0
21.0
-113.0
-2.0
8.0
35.0
77.0
-23.0
53.0
79.0
-13.0
-3.0
148.0
41.0
134.0
26.0
84.0
96.0
-84.0
143.0
-43.0
46.0
89.0
-12.0
71.0
74.0
-48.0
100.0
53.0
-8.0
87.0
-43.0
31.0
63.0
-61.0
67.0
33.0
45.0
90.0
-27.0
-36.0
116.0
-60.0
1.0
46.0
17.0
101.0
-30.0
-46.0
105.0
-90.0
62.0
-11.0
-96.0
99.0
22.0
25.0
97.0
44.0
61.0
-52.0
2.0
67.0
13.0
-25.0
56.0
-21.0
69.0
-37.0
-60.0
83.0
-74.0
47.0
36.0
-35.0
-59.0
-26.0
-33.0
123.0
-31.0
40.0
11.0
-75.0
58.0
-4.0
-46.0
82.0
-7.0
1.0
-25.0
-40.0
3.0
24.0
-26.0
11.0
-1.0
14.0
96.0
-68.0
8.0
-13.0
-23.0
81.0
-68.0
-5.0
4.0
-24.0
55.0
18.0
12.0
100.0
17.0
48.0
26.0
-38.0
48.0
11.0
-14.0
12.0
-50.0
63.0
14.0
-69.0
66.0
7.0
-42.0
78.0
-94.0
12.0
42.0
-17.0
45.0
-95.0
23.0
54.0
-22.0
5.0
32.0
-73.0
53.0
52.0
-23.0
48.0
-35.0
21.0
61.0
-33.0
63.0
5.0
-63.0
124.0
1.0
48.0
74.0
-19.0
41.0
52.0
-17.0
33.0
-12.0
-2.0
7.0
-21.0
81.0
-30.0
16.0
70.0
-35.0
9.0
76.0
-11.0
63.0
2.0
-20.0
107.0
14.0
91.0
1.0
13.0
107.0
26.0
114.0
134.0
-29.0
85.0
75.0
-64.0
61.0
35.0
8.0
105.0
27.0
70.0
50.0
-30.0
23.0
60.0
-35.0
102.0
11.0
67.0
73.0
-20.0
88.0
-13.0
17.0
144.0
48.0
88.0
128.0
-30.0
108.0
-10.0
49.0
140.0
-20.0
36.0
74.0
-52.0
34.0
38.0
-56.0
30.0
-19.0
-34.0
43.0
-91.0
87.0
45.0
-9.0
26.0
-46.0
-6.0
11.0
-87.0
69.0
-61.0
-40.0
37.0
-85.0
39.0
-24.0
-129.0
43.0
-8.0
-36.0
-23.0
14.0
11.0
14.0
-134.0
200.0
67.0
-12.0
-67.0
14.0
47.0
41.0
19.0
109.0
31.0
3.0
-21.0
-147.0
-24.0
18.0
-26.0
31.0
-19.0
-31.0
99.0
8.0
22.0
41.0
-87.0
52.0
-59.0
-7.0
150.0
-84.0
56.0
-29.0
26.0
115.0
37.0
-43.0
72.0
-25.0
76.0
45.0
-81.0
63.0
93.0
24.0
165.0
50.0
-27.0
128.0
-1.0
81.0
108.0
48.0
125.0
32.0
83.0
111.0
-10.0
81.0
21.0
96.0
171.0
50.0
77.0
95.0
-53.0
107.0
5.0
3.0
73.0
-65.0
-10.0
42.0
-93.0
11.0
8.0
-5.0
41.0
-68.0
52.0
24.0
-107.0
-21.0
-86.0
-75.0
-67.0
-64.0
-39.0
-15.0
-72.0
-4.0
-64.0
-69.0
-18.0
-95.0
-122.0
40.0
-49.0
4.0
-150.0
-112.0
3.0
-162.0
17.0
-4.0
-76.0
75.0
-58.0
-3.0
22.0
-81.0
-55.0
50.0
-67.0
-10.0
-18.0
-92.0
-87.0
-49.0
-26.0
-78.0
-81.0
-15.0
21.0
-71.0
60.0
-43.0
-2.0
-9.0
-6.0
84.0
58.0
39.0
68.0
-20.0
87.0
-41.0
-43.0
-8.0
-47.0
41.0
58.0
29.0
58.0
29.0
-6.0
122.0
62.0
27.0
62.0
-25.0
27.0
-46.0
-14.0
67.0
-36.0
-43.0
38.0
-56.0
25.0
35.0
-128.0
31.0
-84.0
-56.0
39.0
-91.0
-69.0
5.0
-42.0
42.0
32.0
-33.0
51.0
-136.0
-30.0
35.0
-43.0
72.0
-65.0
-31.0
36.0
-109.0
11.0
-127.0
-98.0
-6.0
9.0
-89.0
-65.0
-133.0
-54.0
-33.0
-139.0
-69.0
-74.0
-142.0
-7.0
-82.0
-52.0
-30.0
-104.0
-37.0
-73.0
-139.0
58.0
-47.0
-37.0
30.0
-114.0
41.0
-70.0
-21.0
19.0
-94.0
18.0
50.0
-32.0
80.0
-75.0
-6.0
51.0
-2.0
8.0
21.0
29.0
66.0
36.0
-33.0
66.0
-27.0
-97.0
80.0
-104.0
107.0
29.0
-24.0
8.0
-34.0
-20.0
31.0
-38.0
-31.0
3.0
-128.0
52.0
-59.0
47.0
69.0
-86.0
65.0
-1.0
15.0
30.0
-34.0
33.0
-9.0
-127.0
16.0
-69.0
2.0
27.0
-100.0
26.0
68.0
-98.0
-1.0
-66.0
-66.0
35.0
-95.0
-36.0
67.0
-61.0
91.0
-20.0
-59.0
79.0
-86.0
-14.0
-59.0
-59.0
11.0
-60.0
-41.0
20.0
17.0
-23.0
-34.0
-35.0
80.0
-17.0
-58.0
66.0
40.0
66.0
28.0
-111.0
27.0
22.0
-79.0
40.0
-78.0
-8.0
29.0
-93.0
34.0
-75.0
-2.0
76.0
-61.0
-88.0
79.0
-58.0
41.0
-17.0
-67.0
-3.0
-108.0
-52.0
-15.0
-152.0
12.0
-26.0
-77.0
53.0
-71.0
4.0
25.0
-106.0
-35.0
-23.0
-44.0
-8.0
-27.0
125.0
71.0
-61.0
-24.0
21.0
1.0
82.0
-61.0
-39.0
-14.0
-110.0
6.0
-50.0
-5.0
49.0
-22.0
12.0
26.0
-120.0
10.0
-44.0
-114.0
-13.0
-63.0
-6.0
30.0
-133.0
25.0
-60.0
-63.0
7.0
-78.0
-77.0
-89.0
-62.0
-18.0
-88.0
-149.0
13.0
-111.0
-49.0
60.0
-114.0
30.0
-70.0
-76.0
-53.0
-168.0
-59.0
-93.0
-134.0
12.0
-80.0
-171.0
2.0
-108.0
-105.0
-74.0
-177.0
-66.0
-129.0
-97.0
-142.0
-194.0
-108.0
-103.0
-192.0
-103.0
-109.0
-209.0
-39.0
-176.0
-107.0
-62.0
-261.0
-17.0
-98.0
-116.0
-84.0
-148.0
-168.0
-79.0
-162.0
6.0
-122.0
-142.0
-13.0
-93.0
-20.0
-42.0
-158.0
-74.0
-83.0
-229.0
-107.0
-125.0
-51.0
-97.0
-104.0
-115.0
-89.0
-153.0
-73.0
-186.0
-134.0
-66.0
-153.0
-95.0
-113.0
-167.0
-60.0
-191.0
-60.0
-36.0
-112.0
-14.0
-124.0
-118.0
-5.0
-162.0
-21.0
-73.0
-141.0
-46.0
-101.0
-74.0
-69.0
-128.0
-127.0
-14.0
-85.0
-66.0
-83.0
-96.0
-34.0
-110.0
-43.0
-99.0
-153.0
-63.0
-153.0
-166.0
-48.0
-187.0
-106.0
-92.0
-184.0
-62.0
-193.0
-121.0
-53.0
-189.0
-42.0
-29.0
-146.0
-105.0
-166.0
-207.0
-107.0
-158.0
-86.0
-153.0
-220.0
-67.0
-166.0
-125.0
-15.0
-126.0
-96.0
-50.0
-136.0
-87.0
-139.0
-152.0
81.0
-236.0
-42.0
-63.0
-99.0
-48.0
-93.0
-153.0
21.0
-149.0
-85.0
-49.0
-193.0
-66.0
-165.0
-154.0
-3.0
-166.0
-64.0
-45.0
-134.0
-16.0
-124.0
-113.0
-125.0
-204.0
-80.0
-70.0
-141.0
-88.0
-166.0
-134.0
-83.0
-162.0
-63.0
-103.0
-78.0
-69.0
-95.0
-153.0
-24.0
-244.0
-120.0
-106.0
-143.0
-105.0
-179.0
-185.0
16.0
-158.0
-177.0
-128.0
-138.0
-91.0
-79.0
-163.0
-50.0
-145.0
-67.0
-218.0
-188.0
-132.0
-99.0
-124.0
35.0
-108.0
-44.0
-24.0
-186.0
-61.0
-85.0
-103.0
-63.0
-176.0
-58.0
-140.0
-82.0
-59.0
-136.0
-202.0
-62.0
-131.0
-96.0
-69.0
-210.0
-63.0
-139.0
-206.0
-13.0
-153.0
-147.0
-170.0
-112.0
-52.0
-192.0
-183.0
-18.0
-178.0
-40.0
-60.0
-179.0
-55.0
-67.0
-233.0
-84.0
-157.0
-156.0
-64.0
-209.0
-41.0
-115.0
-186.0
-109.0
-219.0
-130.0
-97.0
-143.0
-55.0
-172.0
-243.0
-140.0
-122.0
-11.0
5.0
-135.0
1.0
-98.0
-129.0
-7.0
-137.0
-63.0
-89.0
-115.0
60.0
-28.0
-93.0
0.0
-74.0
-89.0
-11.0
-162.0
-30.0
-199.0
-108.0
-69.0
-229.0
-57.0
-36.0
-181.0
-94.0
-173.0
-166.0
2.0
-229.0
-107.0
-22.0
-172.0
-29.0
-163.0
-106.0
3.0
-155.0
-107.0
-70.0
-157.0
-83.0
-87.0
-157.0
-80.0
-223.0
-134.0
-71.0
-184.0
-100.0
-151.0
-110.0
-38.0
-172.0
-59.0
-156.0
-232.0
-149.0
-190.0
-84.0
-71.0
-208.0
-194.0
-24.0
-180.0
-69.0
-179.0
-90.0
-66.0
-141.0
-138.0
-21.0
-135.0
-120.0
-109.0
-115.0
-81.0
-165.0
-150.0
-103.0
-272.0
-35.0
-177.0
-183.0
-67.0
-182.0
-86.0
-63.0
-153.0
25.0
-205.0
-160.0
-64.0
-162.0
-114.0
-70.0
-142.0
-89.0
-131.0
-87.0
-63.0
-199.0
-41.0
-136.0
-203.0
-12.0
-136.0
-99.0
-76.0
-150.0
-225.0
-40.0
-185.0
-57.0
-98.0
-179.0
-129.0
-175.0
-104.0
-57.0
-186.0
-87.0
-161.0
-138.0
-23.0
-187.0
-137.0
-155.0
-126.0
-15.0
-66.0
-127.0
-57.0
-184.0
-175.0
-51.0
-213.0
-62.0
-167.0
-156.0
-168.0
-213.0
-143.0
-136.0
-229.0
-126.0
-176.0
-137.0
-163.0
-207.0
-163.0
-109.0
-258.0
-65.0
-166.0
-180.0
-48.0
-177.0
-105.0
-151.0
-229.0
-102.0
-115.0
-193.0
-55.0
-173.0
-113.0
-70.0
-250.0
-32.0
-67.0
-183.0
-82.0
-239.0
-107.0
-73.0
-225.0
-100.0
-169.0
-211.0
-127.0
-127.0
-131.0
-176.0
-220.0
-49.0
-196.0
-287.0
-80.0
-182.0
-161.0
-64.0
-174.0
-44.0
-97.0
-114.0
-31.0
-201.0
-125.0
-44.0
-155.0
-40.0
-115.0
-102.0
-24.0
-234.0
-114.0
-46.0
-108.0
-18.0
-81.0
-97.0
-11.0
-108.0
-36.0
-10.0
-159.0
-106.0
-63.0
-92.0
-41.0
-136.0
-30.0
-93.0
-142.0
-32.0
-66.0
-159.0
-129.0
-64.0
11.0
-73.0
-179.0
-32.0
-18.0
-77.0
-4.0
-91.0
-50.0
13.0
-126.0
-2.0
-101.0
-154.0
-69.0
-175.0
-62.0
-134.0
-163.0
-69.0
-84.0
-168.0
-2.0
-148.0
-101.0
-39.0
-203.0
-30.0
-47.0
-149.0
-137.0
-157.0
-54.0
-72.0
-129.0
-63.0
-136.0
-70.0
-6.0
-176.0
-85.0
-16.0
-147.0
-26.0
-105.0
-92.0
-18.0
-109.0
-117.0
-54.0
-144.0
-9.0
-32.0
-27.0
30.0
-169.0
-73.0
-82.0
-99.0
-50.0
-127.0
-177.0
-73.0
-101.0
-78.0
-34.0
-135.0
-119.0
-49.0
-84.0
24.0
-78.0
32.0
20.0
-57.0
-17.0
-44.0
-43.0
51.0
-136.0
-89.0
-33.0
-150.0
-91.0
-95.0
-171.0
-91.0
-188.0
-120.0
-32.0
-228.0
-42.0
-84.0
-105.0
-40.0
-211.0
-86.0
-44.0
-158.0
-91.0
-39.0
-127.0
-50.0
-139.0
-20.0
15.0
-65.0
-50.0
-79.0
-84.0
-19.0
-91.0
-82.0
-29.0
-87.0
-70.0
-125.0
-107.0
-79.0
-139.0
-150.0
-93.0
-162.0
6.0
-60.0
-150.0
-19.0
-149.0
-55.0
-112.0
-134.0
-10.0
-131.0
-126.0
-61.0
-196.0
-127.0
-69.0
-186.0
-132.0
-157.0
-137.0
-112.0
-150.0
-106.0
-11.0
-73.0
-103.0
-94.0
-77.0
-66.0
-114.0
-100.0
-59.0
-200.0
-97.0
-128.0
-136.0
-76.0
-225.0
-114.0
-43.0
-176.0
-34.0
-121.0
-68.0
-39.0
-171.0
-79.0
-24.0
-73.0
38.0
-25.0
-79.0
52.0
-118.0
-42.0
-39.0
-72.0
-41.0
-86.0
-80.0
7.0
-123.0
14.0
-26.0
-97.0
-11.0
-48.0
-120.0
-32.0
-120.0
-86.0
36.0
-220.0
-78.0
-87.0
-110.0
-3.0
-170.0
-79.0
-92.0
-54.0
-27.0
-89.0
-32.0
-43.0
-128.0
-13.0
-39.0
-150.0
-57.0
-70.0
-84.0
31.0
-134.0
-72.0
34.0
-125.0
-63.0
-38.0
-121.0
-42.0
-127.0
-90.0
-49.0
-251.0
34.0
-79.0
-142.0
26.0
-119.0
-142.0
-1.0
-105.0
-60.0
-99.0
-123.0
-77.0
-117.0
-99.0
-79.0
-110.0
-42.0
-99.0
-143.0
46.0
-114.0
-45.0
-3.0
-150.0
-29.0
-120.0
-91.0
-15.0
-65.0
-62.0
-59.0
-153.0
-21.0
-76.0
-70.0
11.0
-90.0
-49.0
4.0
-236.0
-52.0
59.0
-49.0
50.0
-81.0
-52.0
-82.0
-139.0
-11.0
12.0
-53.0
-39.0
-31.0
24.0
-30.0
-124.0
-44.0
-53.0
-77.0
6.0
-65.0
-34.0
-30.0
-11.0
26.0
-51.0
-78.0
-10.0
-132.0
-93.0
-24.0
-118.0
35.0
-51.0
-121.0
26.0
-128.0
-9.0
-55.0
-118.0
-46.0
-63.0
-70.0
4.0
-95.0
-24.0
6.0
-105.0
-33.0
-112.0
-102.0
-1.0
-125.0
-45.0
-11.0
-65.0
7.0
-25.0
-20.0
5.0
-39.0
-21.0
-38.0
-115.0
-1.0
-44.0
-102.0
-12.0
-131.0
-32.0
-6.0
-150.0
-20.0
-101.0
-149.0
-36.0
-40.0
-14.0
-84.0
-141.0
-32.0
-14.0
-88.0
68.0
-54.0
-104.0
18.0
-97.0
-27.0
-64.0
-55.0
-29.0
-130.0
-1.0
-73.0
-81.0
12.0
-77.0
-76.0
16.0
-124.0
-20.0
-16.0
-139.0
-21.0
-135.0
-59.0
-16.0
-70.0
-6.0
-44.0
-44.0
34.0
-16.0
-57.0
29.0
-57.0
61.0
60.0
21.0
90.0
-20.0
5.0
74.0
-16.0
-10.0
44.0
11.0
-8.0
34.0
42.0
63.0
-33.0
11.0
57.0
-50.0
83.0
12.0
30.0
11.0
-101.0
15.0
61.0
27.0
90.0
32.0
-8.0
126.0
17.0
4.0
85.0
-13.0
71.0
73.0
1.0
83.0
-54.0
16.0
54.0
0.0
37.0
-64.0
32.0
78.0
-4.0
52.0
78.0
-66.0
100.0
50.0
53.0
65.0
1.0
71.0
26.0
-87.0
144.0
63.0
-2.0
135.0
-66.0
-1.0
162.0
-24.0
157.0
63.0
-7.0
154.0
56.0
154.0
152.0
58.0
126.0
55.0
137.0
178.0
-14.0
87.0
109.0
-27.0
136.0
60.0
29.0
139.0
10.0
80.0
110.0
-37.0
62.0
-20.0
39.0
190.0
86.0
81.0
127.0
-53.0
42.0
54.0
23.0
107.0
-24.0
-3.0
81.0
-82.0
31.0
54.0
8.0
80.0
-55.0
-12.0
89.0
-89.0
68.0
7.0
33.0
43.0
-12.0
28.0
53.0
-88.0
54.0
1.0
-10.0
52.0
-108.0
51.0
39.0
55.0
88.0
15.0
25.0
44.0
29.0
63.0
129.0
38.0
6.0
49.0
44.0
157.0
67.0
38.0
161.0
-11.0
139.0
34.0
45.0
130.0
-17.0
76.0
48.0
-40.0
181.0
35.0
77.0
105.0
26.0
-8.0
69.0
53.0
111.0
42.0
4.0
52.0
10.0
36.0
53.0
-101.0
110.0
68.0
-106.0
91.0
-46.0
51.0
26.0
-21.0
33.0
-2.0
41.0
55.0
-31.0
6.0
77.0
3.0
70.0
-46.0
-30.0
97.0
10.0
2.0
24.0
-93.0
164.0
61.0
-51.0
41.0
-42.0
54.0
39.0
19.0
79.0
-25.0
-34.0
-61.0
-3.0
68.0
74.0
-46.0
45.0
18.0
-7.0
43.0
-53.0
-45.0
70.0
-60.0
53.0
45.0
32.0
88.0
-89.0
-15.0
56.0
-9.0
-20.0
-86.0
24.0
13.0
-64.0
11.0
37.0
-106.0
31.0
-24.0
-118.0
-5.0
-55.0
-59.0
-63.0
-98.0
32.0
-30.0
-110.0
-20.0
-86.0
-121.0
20.0
-89.0
102.0
-14.0
-4.0
107.0
-8.0
71.0
36.0
-22.0
30.0
72.0
-28.0
41.0
-49.0
51.0
40.0
63.0
98.0
59.0
-12.0
119.0
-75.0
86.0
-32.0
-96.0
123.0
60.0
-69.0
51.0
-60.0
60.0
6.0
-70.0
77.0
30.0
5.0
116.0
22.0
59.0
33.0
2.0
59.0
24.0
-17.0
113.0
-60.0
68.0
52.0
-64.0
73.0
64.0
27.0
62.0
36.0
19.0
82.0
20.0
95.0
30.0
-1.0
55.0
-86.0
-4.0
23.0
-86.0
-29.0
110.0
65.0
66.0
16.0
87.0
112.0
18.0
76.0
7.0
1.0
23.0
55.0
91.0
36.0
-32.0
61.0
116.0
-40.0
84.0
-25.0
64.0
51.0
-73.0
93.0
20.0
-44.0
80.0
-140.0
73.0
65.0
-73.0
90.0
-49.0
-41.0
-48.0
62.0
-13.0
-55.0
-87.0
86.0
34.0
-74.0
71.0
-75.0
-37.0
43.0
-91.0
40.0
-98.0
-55.0
4.0
-79.0
14.0
46.0
-55.0
48.0
-18.0
-73.0
-1.0
-116.0
-46.0
6.0
-77.0
-3.0
-114.0
-14.0
4.0
-76.0
-29.0
3.0
-43.0
34.0
-71.0
13.0
15.0
-95.0
-30.0
59.0
-110.0
47.0
-14.0
-78.0
29.0
-101.0
-49.0
-5.0
-101.0
-91.0
-40.0
20.0
11.0
-97.0
-3.0
37.0
-54.0
22.0
-72.0
-87.0
-13.0
-103.0
-89.0
-44.0
-62.0
36.0
-114.0
-73.0
-25.0
-83.0
-26.0
-50.0
-170.0
-81.0
-74.0
-18.0
24.0
-81.0
-23.0
-37.0
-67.0
55.0
-79.0
-95.0
-74.0
-129.0
-21.0
11.0
-79.0
-6.0
-46.0
-74.0
17.0
-102.0
-7.0
27.0
-144.0
-18.0
-17.0
-98.0
-13.0
-100.0
-51.0
-101.0
-120.0
-11.0
-138.0
-125.0
46.0
-102.0
-55.0
-19.0
-102.0
-30.0
-71.0
-30.0
-85.0
-57.0
-11.0
-49.0
-107.0
1.0
-143.0
-194.0
-65.0
-116.0
-46.0
-58.0
-111.0
-110.0
-54.0
-156.0
-6.0
-199.0
-59.0
20.0
-111.0
-41.0
-61.0
-150.0
-94.0
-174.0
-65.0
-124.0
-147.0
-38.0
-181.0
-114.0
-138.0
-117.0
-52.0
-53.0
-183.0
-68.0
-168.0
-253.0
-27.0
-157.0
-88.0
-172.0
-103.0
-50.0
-112.0
-200.0
-52.0
-161.0
-83.0
-75.0
-142.0
18.0
-94.0
-184.0
-102.0
-180.0
-147.0
-25.0
-153.0
-56.0
-119.0
-129.0
-76.0
-147.0
-63.0
-81.0
-130.0
-57.0
-195.0
-108.0
12.0
-153.0
-55.0
4.0
-88.0
-22.0
-89.0
-62.0
-17.0
-103.0
-53.0
20.0
-60.0
22.0
-10.0
-62.0
70.0
-92.0
-62.0
12.0
-92.0
-54.0
-41.0
-70.0
-4.0
-86.0
-35.0
-43.0
-148.0
-23.0
-64.0
-211.0
12.0
-63.0
-43.0
-49.0
-138.0
-4.0
-89.0
-88.0
-3.0
-125.0
-135.0
77.0
-97.0
10.0
-118.0
-89.0
42.0
-114.0
-59.0
-9.0
-119.0
15.0
-130.0
-80.0
-17.0
-73.0
-6.0
25.0
-67.0
34.0
-3.0
-14.0
18.0
-116.0
-53.0
-20.0
-61.0
63.0
-25.0
-34.0
36.0
-51.0
26.0
43.0
-96.0
15.0
-1.0
-82.0
45.0
-82.0
-26.0
-34.0
-134.0
37.0
-32.0
-15.0
48.0
-86.0
-16.0
-39.0
-129.0
32.0
13.0
-15.0
-21.0
9.0
56.0
55.0
-61.0
44.0
-35.0
-89.0
-15.0
-118.0
-152.0
12.0
-66.0
-56.0
51.0
-31.0
58.0
-10.0
-15.0
-45.0
-23.0
-25.0
-52.0
-70.0
31.0
-68.0
-73.0
-7.0
-60.0
-5.0
-127.0
-78.0
42.0
-162.0
-34.0
-10.0
-49.0
39.0
-79.0
-64.0
-30.0
-133.0
13.0
20.0
-12.0
33.0
-126.0
-50.0
-8.0
-71.0
-56.0
-6.0
-43.0
7.0
-80.0
-56.0
-36.0
-142.0
11.0
35.0
-87.0
-22.0
-118.0
-99.0
-2.0
-160.0
-39.0
-124.0
-70.0
-41.0
-107.0
-128.0
-48.0
-112.0
-68.0
-25.0
-150.0
-43.0
-130.0
-51.0
-26.0
-161.0
-117.0
-25.0
-71.0
-6.0
-81.0
-42.0
12.0
-143.0
12.0
56.0
-35.0
92.0
-35.0
-26.0
29.0
4.0
39.0
51.0
21.0
18.0
54.0
14.0
103.0
-17.0
-29.0
50.0
-101.0
82.0
32.0
-40.0
18.0
-84.0
16.0
74.0
-29.0
52.0
5.0
-37.0
75.0
-62.0
4.0
1.0
-162.0
87.0
-12.0
-11.0
47.0
2.0
70.0
58.0
-51.0
62.0
-31.0
-96.0
23.0
-20.0
56.0
42.0
-41.0
20.0
-35.0
-70.0
91.0
-75.0
-12.0
39.0
-93.0
25.0
-54.0
-25.0
21.0
-64.0
26.0
21.0
-117.0
-31.0
-62.0
-45.0
-16.0
-44.0
-30.0
-37.0
-35.0
116.0
-20.0
8.0
32.0
-79.0
34.0
46.0
24.0
109.0
-2.0
-32.0
45.0
-29.0
24.0
22.0
-121.0
9.0
-11.0
-25.0
-18.0
-71.0
107.0
80.0
32.0
33.0
60.0
26.0
109.0
12.0
2.0
90.0
-50.0
50.0
-29.0
72.0
99.0
-69.0
46.0
-2.0
-11.0
90.0
24.0
6.0
203.0
35.0
138.0
138.0
53.0
150.0
82.0
88.0
186.0
97.0
93.0
79.0
40.0
185.0
80.0
163.0
197.0
102.0
158.0
114.0
77.0
130.0
121.0
59.0
110.0
109.0
121.0
95.0
59.0
178.0
50.0
8.0
204.0
-4.0
92.0
-11.0
-59.0
195.0
83.0
30.0
130.0
8.0
-34.0
101.0
65.0
79.0
82.0
-42.0
138.0
-15.0
48.0
74.0
-17.0
82.0
2.0
40.0
76.0
-11.0
86.0
70.0
-74.0
3.0
50.0
26.0
88.0
44.0
116.0
63.0
71.0
102.0
-11.0
-15.0
10.0
-55.0
127.0
103.0
13.0
63.0
38.0
2.0
95.0
-19.0
73.0
41.0
-21.0
132.0
71.0
112.0
238.0
233.0
405.0
583.0
505.0
625.0
608.0
610.0
612.0
578.0
615.0
613.0
566.0
556.0
486.0
418.0
434.0
264.0
295.0
216.0
78.0
145.0
126.0
138.0
159.0
14.0
76.0
75.0
-96.0
87.0
-9.0
-79.0
68.0
-92.0
-31.0
11.0
-138.0
-36.0
-81.0
-10.0
-43.0
-180.0
-96.0
-21.0
-48.0
-24.0
-61.0
-98.0
-7.0
-137.0
-79.0
-123.0
-199.0
22.0
-47.0
-137.0
-8.0
-158.0
-146.0
-60.0
-151.0
-49.0
-155.0
-194.0
-63.0
-147.0
1.0
-81.0
-162.0
-129.0
-152.0
-136.0
-134.0
-231.0
-163.0
-87.0
-192.0
-63.0
-192.0
-205.0
-43.0
-131.0
-62.0
-56.0
-136.0
-23.0
-129.0
-127.0
-185.0
-193.0
-112.0
-181.0
-181.0
-102.0
-140.0
-161.0
-107.0
-205.0
-216.0
-90.0
-223.0
-51.0
-136.0
-136.0
-110.0
-228.0
-137.0
-79.0
-235.0
-122.0
-210.0
-183.0
-169.0
-220.0
-132.0
-107.0
-237.0
-132.0
-220.0
-125.0
-140.0
-268.0
-98.0
-118.0
-199.0
-61.0
-92.0
-177.0
-23.0
-157.0
-72.0
-99.0
-249.0
-49.0
-164.0
-117.0
-41.0
-230.0
-117.0
-46.0
-152.0
-61.0
-149.0
-205.0
-92.0
-190.0
-150.0
-168.0
-204.0
-72.0
-175.0
-107.0
-129.0
-108.0
-68.0
-82.0
-221.0
-9.0
-141.0
-221.0
-103.0
-214.0
-176.0
-115.0
-148.0
-71.0
-133.0
-185.0
-98.0
-312.0
-143.0
-63.0
-213.0
-83.0
-106.0
-265.0
-69.0
-192.0
-139.0
-65.0
-255.0
-76.0
-121.0
-153.0
-63.0
-156.0
-161.0
-77.0
-222.0
-166.0
-169.0
-161.0
-159.0
-259.0
-169.0
-99.0
-230.0
-137.0
-133.0
-147.0
-158.0
-265.0
-137.0
-161.0
-178.0
-87.0
-170.0
-120.0
-119.0
-151.0
-139.0
-152.0
-165.0
-116.0
-115.0
-77.0
-115.0
-146.0
-117.0
-138.0
-133.0
-73.0
-153.0
-112.0
-83.0
-204.0
-168.0
-129.0
-173.0
-127.0
-166.0
-206.0
-63.0
-228.0
-166.0
-68.0
-206.0
-101.0
-201.0
-188.0
-46.0
-224.0
-205.0
-153.0
-206.0
-139.0
-134.0
-142.0
-126.0
-285.0
-117.0
-70.0
-200.0
-116.0
-184.0
-165.0
-55.0
-278.0
-137.0
-90.0
-206.0
-80.0
-139.0
-212.0
-99.0
-230.0
-112.0
-120.0
-183.0
-115.0
-230.0
-211.0
-58.0
-212.0
-149.0
-163.0
-211.0
-128.0
-199.0
-203.0
-119.0
-221.0
-163.0
-110.0
-240.0
-112.0
-152.0
-142.0
-53.0
-169.0
-118.0
-139.0
-266.0
-87.0
-138.0
-141.0
-118.0
-149.0
-119.0
-129.0
-249.0
-140.0
-135.0
-158.0
-121.0
-215.0
-185.0
-145.0
-137.0
-43.0
-168.0
-91.0
-138.0
-173.0
-128.0
-134.0
-289.0
-64.0
-223.0
-44.0
-30.0
-143.0
-117.0
-106.0
-190.0
-129.0
-215.0
-111.0
-218.0
-88.0
-77.0
-73.0
-231.0
-6.0
-137.0
-156.0
-59.0
-227.0
-142.0
-113.0
-125.0
-89.0
-117.0
-24.0
-59.0
-125.0
-48.0
-98.0
-166.0
-64.0
-167.0
-177.0
-42.0
-106.0
-112.0
-97.0
-87.0
-24.0
-129.0
-117.0
-77.0
-164.0
-118.0
-86.0
-125.0
-5.0
-98.0
-165.0
-42.0
-119.0
-105.0
-42.0
-139.0
-78.0
-200.0
-95.0
-92.0
-153.0
-45.0
-65.0
-219.0
73.0
-45.0
-104.0
-16.0
-177.0
-73.0
-121.0
-110.0
-13.0
-69.0
-111.0
-44.0
-127.0
-99.0
-80.0
-97.0
-59.0
-92.0
-213.0
-15.0
-97.0
-76.0
-76.0
-131.0
-115.0
-108.0
-30.0
-25.0
-142.0
-74.0
-124.0
-63.0
29.0
-43.0
-106.0
-36.0
-134.0
-13.0
-41.0
-144.0
0.0
5.0
-23.0
81.0
-44.0
-7.0
51.0
-55.0
68.0
-37.0
-23.0
136.0
-5.0
58.0
123.0
-29.0
37.0
-2.0
-6.0
46.0
1.0
-104.0
101.0
7.0
168.0
15.0
59.0
84.0
2.0
40.0
-11.0
-5.0
87.0
-52.0
91.0
106.0
-9.0
55.0
42.0
-34.0
72.0
-6.0
-8.0
90.0
-16.0
58.0
30.0
6.0
-12.0
-33.0
9.0
15.0
-20.0
11.0
-53.0
-133.0
-12.0
-67.0
-71.0
51.0
32.0
37.0
-34.0
-7.0
103.0
35.0
-20.0
117.0
1.0
53.0
106.0
-22.0
53.0
-21.0
-92.0
87.0
21.0
54.0
20.0
-71.0
102.0
-1.0
44.0
19.0
10.0
103.0
18.0
27.0
88.0
31.0
34.0
139.0
-49.0
68.0
30.0
-107.0
79.0
-12.0
-10.0
76.0
-67.0
-8.0
54.0
-42.0
40.0
-20.0
-74.0
-105.0
4.0
-12.0
6.0
-105.0
-35.0
-36.0
-96.0
32.0
-92.0
-13.0
-79.0
-186.0
65.0
-39.0
-41.0
-45.0
-89.0
-5.0
-76.0
-127.0
-62.0
-97.0
-127.0
7.0
-115.0
42.0
37.0
-103.0
52.0
-78.0
-70.0
-25.0
-147.0
1.0
-32.0
-112.0
34.0
-140.0
-110.0
-26.0
-34.0
-86.0
1.0
-80.0
49.0
-55.0
-128.0
2.0
-115.0
-60.0
-84.0
-213.0
40.0
-123.0
-79.0
-71.0
-152.0
-34.0
-30.0
-142.0
3.0
-83.0
-60.0
-26.0
-185.0
42.0
-69.0
-118.0
-74.0
-136.0
-69.0
-25.0
-157.0
-124.0
-59.0
-222.0
-87.0
-187.0
-62.0
-59.0
-136.0
-52.0
-73.0
-100.0
-33.0
-111.0
-164.0
1.0
-143.0
-51.0
-89.0
-175.0
-80.0
-124.0
-243.0
2.0
-140.0
-94.0
-86.0
-168.0
-96.0
-155.0
-244.0
-94.0
-205.0
-50.0
-150.0
-143.0
-74.0
-134.0
-131.0
1.0
-208.0
-121.0
-71.0
-259.0
-74.0
-122.0
-202.0
-106.0
-152.0
-97.0
-185.0
-124.0
-59.0
-185.0
-166.0
-61.0
-210.0
-181.0
-92.0
-257.0
-49.0
-102.0
-129.0
-102.0
-186.0
-116.0
-156.0
-174.0
-122.0
-128.0
-173.0
-81.0
-202.0
-159.0
-164.0
-246.0
-67.0
-168.0
-182.0
-146.0
-201.0
-133.0
-135.0
-284.0
-60.0
-195.0
-201.0
-39.0
-350.0
-93.0
-102.0
-156.0
-110.0
-137.0
-159.0
-45.0
-164.0
-113.0
-73.0
-174.0
-129.0
-225.0
-83.0
-150.0
-70.0
-81.0
-55.0
-139.0
-3.0
-88.0
-193.0
2.0
-173.0
-49.0
-126.0
-174.0
-83.0
-192.0
-147.0
-79.0
-156.0
-45.0
-38.0
-140.0
-58.0
-113.0
-190.0
-30.0
-129.0
-80.0
-78.0
-196.0
-67.0
-112.0
-165.0
31.0
-39.0
-16.0
1.0
-141.0
-71.0
-68.0
-93.0
-68.0
-157.0
-49.0
-79.0
-205.0
7.0
-17.0
-180.0
110.0
-102.0
-80.0
49.0
-69.0
64.0
-49.0
-46.0
71.0
-11.0
-19.0
7.0
-6.0
69.0
-106.0
-51.0
21.0
-127.0
-35.0
-8.0
-103.0
-6.0
-98.0
-83.0
12.0
-37.0
9.0
-34.0
-185.0
-44.0
-172.0
-219.0
-14.0
-69.0
-52.0
-82.0
-168.0
-23.0
-105.0
-100.0
-49.0
-119.0
-4.0
-40.0
-74.0
-7.0
-95.0
-74.0
-17.0
-146.0
-50.0
-38.0
-127.0
17.0
-72.0
-161.0
44.0
-186.0
-76.0
-23.0
-97.0
44.0
-128.0
-53.0
53.0
-91.0
-39.0
-57.0
-165.0
-54.0
-130.0
-143.0
-72.0
-200.0
-14.0
-122.0
-168.0
-77.0
-132.0
-116.0
-29.0
-173.0
-55.0
-70.0
-97.0
-74.0
-71.0
-102.0
-48.0
-118.0
-121.0
-57.0
-95.0
-12.0
-77.0
-134.0
-89.0
-63.0
-29.0
-56.0
-154.0
-45.0
-54.0
-67.0
60.0
-30.0
57.0
62.0
-72.0
174.0
40.0
-55.0
82.0
-45.0
-32.0
65.0
-43.0
68.0
1.0
-6.0
67.0
105.0
165.0
143.0
53.0
107.0
-2.0
26.0
112.0
-1.0
107.0
-41.0
-101.0
65.0
136.0
41.0
66.0
-1.0
57.0
152.0
21.0
148.0
42.0
12.0
70.0
-29.0
64.0
-31.0
-25.0
66.0
36.0
12.0
13.0
-21.0
51.0
42.0
-74.0
61.0
-34.0
-55.0
115.0
-89.0
33.0
26.0
-5.0
123.0
66.0
32.0
76.0
6.0
83.0
133.0
53.0
128.0
117.0
100.0
41.0
52.0
79.0
82.0
8.0
93.0
-8.0
-35.0
34.0
-20.0
0.0
-20.0
-22.0
58.0
-45.0
51.0
6.0
-112.0
95.0
3.0
-44.0
33.0
-87.0
-71.0
-36.0
-21.0
-21.0
-118.0
-122.0
-54.0
-127.0
-110.0
-8.0
-134.0
-77.0
-90.0
-105.0
-61.0
-123.0
-102.0
-177.0
-125.0
-83.0
-184.0
-167.0
-5.0
-140.0
-167.0
-98.0
-214.0
-107.0
-166.0
-229.0
33.0
-111.0
-108.0
-74.0
-210.0
-123.0
-127.0
-188.0
-193.0
-140.0
-111.0
-93.0
-91.0
-147.0
-111.0
-128.0
-74.0
-137.0
-118.0
-63.0
-175.0
-70.0
-97.0
-199.0
8.0
-187.0
-299.0
-171.0
-313.0
-140.0
-145.0
-147.0
-132.0
-143.0
-156.0
-49.0
-267.0
-100.0
-77.0
-234.0
-152.0
-62.0
-78.0
-3.0
-181.0
-64.0
-25.0
-88.0
-59.0
-94.0
-65.0
5.0
-72.0
-39.0
-47.0
-73.0
42.0
24.0
-54.0
-4.0
-173.0
-59.0
-40.0
-36.0
185.0
-65.0
37.0
62.0
-37.0
35.0
75.0
-26.0
43.0
168.0
-89.0
228.0
-186.0
51.0
31.0
-122.0
146.0
-101.0
126.0
-25.0
49.0
-45.0
-92.0
31.0
144.0
99.0
74.0
317.0
-59.0
51.0
-115.0
40.0
-184.0
-143.0
-162.0
-72.0
-222.0
-194.0
-237.0
-294.0
-137.0
-191.0
-294.0
-239.0
-280.0
-312.0
-240.0
-328.0
-248.0
-365.0
-320.0
-134.0
-382.0
-218.0
-269.0
-378.0
-221.0
-308.0
-306.0
-189.0
-327.0
-277.0
-235.0
-228.0
-227.0
-333.0
-387.0
-155.0
-329.0
-205.0
-202.0
-298.0
-67.0
-220.0
-231.0
-201.0
-167.0
-154.0
-180.0
-229.0
-40.0
-218.0
-167.0
-79.0
-222.0
-55.0
-137.0
-187.0
-15.0
-68.0
-43.0
-66.0
-142.0
-95.0
-42.0
-112.0
-21.0
-99.0
-217.0
-45.0
-96.0
-89.0
-26.0
-84.0
-104.0
-118.0
-121.0
-62.0
-144.0
-53.0
-89.0
-169.0
-127.0
-134.0
-196.0
-59.0
-184.0
-57.0
-117.0
-149.0
60.0
-122.0
-86.0
-14.0
-101.0
-43.0
-53.0
-156.0
-93.0
-128.0
-128.0
-41.0
-187.0
-51.0
-80.0
-173.0
-7.0
-157.0
-181.0
41.0
-174.0
-91.0
-98.0
-110.0
-94.0
-149.0
-331.0
-104.0
-193.0
-153.0
-185.0
-156.0
-44.0
-144.0
-109.0
-111.0
-168.0
-96.0
-82.0
-128.0
-59.0
-107.0
-136.0
-44.0
-93.0
-75.0
-73.0
-145.0
-10.0
-83.0
-87.0
-20.0
-131.0
-49.0
-30.0
-191.0
-3.0
-100.0
-145.0
-44.0
-154.0
-86.0
-37.0
-152.0
-69.0
-83.0
-110.0
-52.0
-91.0
-119.0
-88.0
-93.0
-84.0
-116.0
-153.0
18.0
-86.0
-39.0
-61.0
-205.0
54.0
-92.0
-32.0
-33.0
-56.0
-57.0
-42.0
-154.0
-3.0
-99.0
-55.0
-41.0
-54.0
-102.0
-12.0
-64.0
38.0
-128.0
-28.0
-27.0
-92.0
12.0
-5.0
-143.0
3.0
-21.0
-87.0
73.0
-78.0
12.0
-32.0
-103.0
-3.0
-121.0
-15.0
-12.0
-136.0
-48.0
-31.0
-125.0
43.0
-50.0
-39.0
16.0
-26.0
56.0
15.0
-15.0
3.0
-77.0
-14.0
29.0
-62.0
-7.0
-121.0
-97.0
-53.0
-82.0
-42.0
16.0
-131.0
17.0
-39.0
-101.0
8.0
-55.0
-20.0
-1.0
-81.0
-38.0
-17.0
-138.0
20.0
-109.0
-70.0
-2.0
-90.0
-11.0
-40.0
-58.0
42.0
-98.0
-6.0
25.0
-136.0
-6.0
-5.0
-40.0
10.0
-74.0
-109.0
-63.0
-134.0
0.0
22.0
-103.0
23.0
-70.0
-79.0
25.0
-67.0
-5.0
18.0
-83.0
37.0
-25.0
-108.0
27.0
-24.0
-14.0
-26.0
-33.0
63.0
-32.0
6.0
87.0
-114.0
-22.0
10.0
-75.0
54.0
-50.0
90.0
36.0
-44.0
-29.0
19.0
-58.0
33.0
-37.0
-24.0
0.0
0.0
0.0
0.0
0.0
0.0
0.0
0.0
0.0
0.0
0.0
0.0
0.0
0.0
0.0
0.0
0.0
0.0
0.0
0.0
0.0
0.0
0.0
0.0
0.0
0.0
0.0
0.0
0.0
0.0
0.0
0.0
0.0
0.0
0.0
0.0
0.0
0.0
0.0
0.0
0.0
0.0
0.0
0.0
0.0
0.0
0.0
0.0
0.0
0.0
0.0
0.0
0.0
0.0
0.0
0.0
0.0
0.0
0.0
0.0
0.0
0.0
0.0
0.0
0.0
0.0
0.0
0.0
0.0
0.0
0.0
0.0
0.0
0.0
0.0
0.0
0.0
0.0
0.0
0.0
0.0
0.0
0.0
0.0
0.0
0.0
0.0
0.0
0.0
0.0
0.0
0.0
0.0
0.0
0.0
0.0
0.0
0.0
0.0
0.0
0.0
0.0
0.0
0.0
0.0
0.0
0.0
0.0
0.0
0.0
0.0
0.0
0.0
0.0
0.0
0.0
0.0
0.0
0.0
0.0
0.0
0.0
0.0
0.0
0.0
0.0
0.0
0.0
