-49.0
-28.0
-52.0
-73.0
-62.0
-82.0
-70.0
-66.0
-51.0
-21.0
-42.0
-35.0
-7.0
4.0
-10.0
-41.0
-44.0
-43.0
-43.0
-50.0
-29.0
-43.0
-52.0
-32.0
-33.0
-48.0
-32.0
-49.0
-77.0
-93.0
-83.0
-62.0
-14.0
-33.0
-60.0
-25.0
-55.0
-58.0
-37.0
-26.0
-55.0
-36.0
-21.0
-37.0
-49.0
-51.0
-40.0
-40.0
-9.0
-18.0
-33.0
-15.0
8.0
1.0
-24.0
-14.0
-11.0
-6.0
16.0
22.0
-10.0
-21.0
-24.0
5.0
20.0
26.0
31.0
39.0
6.0
4.0
-28.0
-31.0
-25.0
-18.0
-49.0
-37.0
-42.0
-54.0
-38.0
-78.0
-86.0
-65.0
-41.0
-33.0
-8.0
5.0
20.0
2.0
-7.0
-13.0
-6.0
25.0
22.0
-9.0
2.0
-2.0
17.0
68.0
32.0
55.0
71.0
49.0
56.0
33.0
14.0
39.0
26.0
39.0
40.0
48.0
24.0
26.0
41.0
27.0
41.0
8.0
-32.0
-7.0
-2.0
4.0
-7.0
-39.0
-19.0
-20.0
-8.0
-11.0
-4.0
-7.0
-43.0
-30.0
-7.0
-12.0
-2.0
20.0
16.0
-11.0
27.0
8.0
16.0
25.0
25.0
16.0
-7.0
-7.0
-12.0
-2.0
-4.0
-7.0
1.0
-19.0
-8.0
-17.0
-13.0
7.0
-24.0
-14.0
5.0
-14.0
-3.0
11.0
-12.0
-7.0
4.0
-13.0
-4.0
-16.0
-40.0
-60.0
-30.0
-23.0
-37.0
-13.0
-31.0
-24.0
-30.0
-43.0
-48.0
-42.0
-40.0
-55.0
-28.0
-28.0
-44.0
-46.0
-32.0
-10.0
-5.0
-15.0
-26.0
-24.0
-54.0
-65.0
-44.0
-47.0
-66.0
-29.0
2.0
-18.0
-41.0
-46.0
-31.0
-26.0
-54.0
-65.0
-133.0
-79.0
2.0
-56.0
-61.0
-46.0
-55.0
-58.0
-65.0
-65.0
-88.0
-97.0
-101.0
-120.0
-97.0
-96.0
-89.0
-72.0
-44.0
-65.0
-28.0
-35.0
-23.0
-13.0
-41.0
-56.0
-52.0
-72.0
-92.0
-78.0
-72.0
-68.0
-51.0
-35.0
-26.0
-77.0
-81.0
-48.0
-30.0
-18.0
-29.0
-33.0
-33.0
-27.0
-33.0
-50.0
-87.0
-73.0
-52.0
-24.0
-33.0
-60.0
-27.0
-36.0
-20.0
13.0
9.0
12.0
14.0
21.0
46.0
69.0
59.0
67.0
63.0
45.0
38.0
22.0
24.0
40.0
31.0
10.0
16.0
-5.0
13.0
26.0
6.0
5.0
-19.0
-48.0
-5.0
-7.0
-5.0
-12.0
-7.0
-20.0
-32.0
-37.0
-53.0
-40.0
-22.0
-35.0
-30.0
-44.0
-33.0
-1.0
1.0
-9.0
11.0
6.0
5.0
-2.0
-7.0
20.0
7.0
23.0
-10.0
-53.0
-24.0
-32.0
4.0
-9.0
-64.0
-46.0
-21.0
-25.0
-40.0
-34.0
-48.0
-64.0
-72.0
-93.0
-79.0
-71.0
-53.0
-88.0
-88.0
-93.0
-62.0
-51.0
-59.0
-69.0
-84.0
-56.0
-50.0
-74.0
-62.0
-36.0
-64.0
-92.0
-73.0
-64.0
-63.0
-87.0
-80.0
-96.0
-85.0
-70.0
-90.0
-62.0
-60.0
-42.0
-44.0
-13.0
26.0
-15.0
-30.0
-36.0
-61.0
-68.0
-59.0
-66.0
-83.0
-54.0
-23.0
-34.0
-56.0
-65.0
-43.0
-42.0
-34.0
-22.0
-29.0
-41.0
-26.0
-26.0
-7.0
-16.0
-29.0
-33.0
-10.0
8.0
11.0
-22.0
-17.0
-9.0
-9.0
-10.0
12.0
21.0
29.0
37.0
11.0
22.0
17.0
-9.0
7.0
16.0
-3.0
-1.0
7.0
-5.0
5.0
-17.0
-21.0
-25.0
-29.0
-28.0
-39.0
-6.0
-1.0
-50.0
-16.0
-10.0
-7.0
-30.0
14.0
4.0
16.0
-1.0
5.0
19.0
26.0
18.0
40.0
29.0
33.0
41.0
34.0
-3.0
19.0
15.0
-12.0
8.0
15.0
8.0
-37.0
6.0
31.0
55.0
54.0
16.0
11.0
23.0
10.0
17.0
27.0
22.0
62.0
45.0
47.0
65.0
42.0
41.0
59.0
69.0
77.0
62.0
6.0
7.0
44.0
8.0
3.0
3.0
4.0
20.0
35.0
13.0
14.0
8.0
-14.0
-28.0
-30.0
-9.0
-29.0
-20.0
-21.0
-12.0
7.0
23.0
43.0
76.0
102.0
76.0
42.0
44.0
25.0
2.0
2.0
-7.0
7.0
34.0
32.0
21.0
20.0
38.0
12.0
-13.0
28.0
-15.0
-15.0
25.0
-6.0
-27.0
-15.0
4.0
49.0
44.0
18.0
14.0
44.0
67.0
55.0
55.0
47.0
86.0
120.0
111.0
79.0
111.0
113.0
88.0
103.0
91.0
70.0
83.0
33.0
31.0
77.0
73.0
75.0
90.0
86.0
46.0
39.0
58.0
51.0
50.0
43.0
12.0
29.0
51.0
46.0
39.0
27.0
24.0
40.0
4.0
27.0
27.0
15.0
20.0
19.0
43.0
42.0
52.0
66.0
42.0
39.0
28.0
44.0
56.0
51.0
51.0
76.0
45.0
41.0
59.0
71.0
59.0
50.0
35.0
39.0
55.0
53.0
46.0
53.0
80.0
78.0
59.0
77.0
75.0
22.0
41.0
39.0
32.0
48.0
29.0
38.0
25.0
43.0
48.0
28.0
20.0
12.0
16.0
10.0
30.0
43.0
27.0
15.0
-4.0
1.0
-6.0
-1.0
-6.0
-1.0
-15.0
-20.0
-10.0
11.0
6.0
27.0
55.0
67.0
50.0
48.0
29.0
29.0
13.0
15.0
23.0
12.0
7.0
7.0
19.0
27.0
34.0
31.0
12.0
26.0
35.0
14.0
2.0
12.0
24.0
24.0
15.0
11.0
34.0
34.0
10.0
23.0
16.0
11.0
20.0
22.0
37.0
40.0
50.0
46.0
-10.0
16.0
48.0
57.0
33.0
25.0
35.0
41.0
41.0
32.0
37.0
25.0
58.0
60.0
27.0
45.0
68.0
39.0
50.0
60.0
41.0
48.0
42.0
72.0
77.0
53.0
41.0
30.0
15.0
23.0
35.0
27.0
15.0
45.0
35.0
21.0
51.0
72.0
60.0
79.0
68.0
97.0
108.0
73.0
51.0
35.0
44.0
49.0
11.0
20.0
30.0
35.0
46.0
38.0
50.0
69.0
52.0
55.0
59.0
18.0
24.0
1.0
33.0
45.0
54.0
61.0
23.0
31.0
65.0
52.0
53.0
17.0
38.0
58.0
75.0
37.0
72.0
78.0
61.0
69.0
55.0
73.0
31.0
-5.0
10.0
-18.0
6.0
5.0
-13.0
-7.0
20.0
22.0
28.0
33.0
45.0
34.0
40.0
37.0
42.0
48.0
53.0
53.0
64.0
61.0
46.0
43.0
31.0
22.0
41.0
64.0
76.0
62.0
89.0
133.0
142.0
75.0
59.0
44.0
67.0
60.0
33.0
21.0
-3.0
-23.0
-19.0
13.0
29.0
7.0
13.0
27.0
37.0
7.0
39.0
43.0
12.0
-17.0
-25.0
18.0
45.0
24.0
22.0
39.0
26.0
51.0
46.0
71.0
67.0
62.0
81.0
60.0
65.0
82.0
69.0
76.0
48.0
48.0
28.0
10.0
21.0
36.0
14.0
22.0
-20.0
-24.0
4.0
8.0
-21.0
8.0
12.0
20.0
13.0
34.0
54.0
46.0
-14.0
7.0
49.0
51.0
50.0
46.0
70.0
49.0
28.0
64.0
49.0
30.0
16.0
14.0
14.0
35.0
29.0
79.0
82.0
74.0
65.0
53.0
77.0
71.0
73.0
57.0
16.0
52.0
81.0
40.0
52.0
53.0
54.0
54.0
31.0
39.0
74.0
65.0
45.0
36.0
49.0
68.0
69.0
59.0
50.0
57.0
82.0
83.0
54.0
53.0
82.0
69.0
72.0
65.0
83.0
119.0
109.0
111.0
137.0
148.0
128.0
94.0
102.0
102.0
80.0
112.0
97.0
99.0
102.0
60.0
21.0
102.0
106.0
87.0
61.0
67.0
91.0
106.0
90.0
77.0
87.0
101.0
99.0
100.0
88.0
64.0
69.0
56.0
50.0
27.0
-1.0
6.0
26.0
43.0
2.0
7.0
25.0
36.0
32.0
-29.0
-37.0
8.0
9.0
39.0
30.0
46.0
42.0
42.0
-14.0
-22.0
-25.0
-27.0
-40.0
-11.0
-10.0
-32.0
-29.0
-5.0
-11.0
-12.0
-29.0
-15.0
-22.0
-27.0
-11.0
-73.0
-66.0
-33.0
-42.0
-28.0
-39.0
-34.0
-30.0
3.0
11.0
16.0
28.0
45.0
35.0
17.0
29.0
40.0
85.0
84.0
48.0
43.0
33.0
50.0
67.0
25.0
18.0
39.0
48.0
33.0
-4.0
7.0
10.0
40.0
69.0
54.0
25.0
52.0
57.0
25.0
17.0
26.0
8.0
27.0
20.0
-1.0
30.0
38.0
51.0
53.0
28.0
61.0
13.0
24.0
41.0
35.0
36.0
30.0
57.0
24.0
5.0
35.0
46.0
61.0
45.0
25.0
8.0
12.0
18.0
19.0
-4.0
-6.0
9.0
11.0
16.0
13.0
37.0
11.0
11.0
24.0
24.0
14.0
35.0
18.0
18.0
11.0
-23.0
-36.0
-42.0
-51.0
-46.0
-60.0
-44.0
-26.0
-45.0
-58.0
-44.0
-22.0
-18.0
3.0
-30.0
-46.0
5.0
2.0
-16.0
-19.0
-21.0
-4.0
17.0
0.0
-29.0
-16.0
-14.0
6.0
-19.0
-35.0
-14.0
-25.0
-48.0
-42.0
-43.0
-23.0
-29.0
-23.0
-9.0
3.0
-13.0
-8.0
-14.0
-44.0
-49.0
-36.0
-26.0
-33.0
-12.0
-18.0
-28.0
-4.0
32.0
32.0
36.0
29.0
27.0
-3.0
-50.0
-50.0
-29.0
-20.0
-29.0
-31.0
-62.0
-52.0
-59.0
-33.0
-20.0
-57.0
-29.0
-13.0
-18.0
-10.0
10.0
-20.0
26.0
35.0
-3.0
12.0
28.0
5.0
-24.0
8.0
25.0
11.0
29.0
23.0
14.0
40.0
45.0
16.0
59.0
41.0
43.0
41.0
24.0
-1.0
16.0
25.0
10.0
7.0
10.0
10.0
4.0
-11.0
-20.0
-37.0
-46.0
-20.0
-10.0
14.0
13.0
7.0
7.0
-16.0
0.0
26.0
2.0
3.0
12.0
7.0
1.0
-7.0
16.0
-14.0
-32.0
-50.0
-25.0
-11.0
-26.0
-25.0
-28.0
-23.0
-30.0
-8.0
12.0
11.0
-20.0
-14.0
5.0
1.0
-1.0
-18.0
-5.0
6.0
-6.0
-4.0
22.0
27.0
3.0
-2.0
-14.0
-8.0
26.0
-10.0
-47.0
-60.0
-32.0
-7.0
-6.0
-17.0
-30.0
-41.0
-49.0
-31.0
8.0
32.0
-2.0
38.0
32.0
11.0
22.0
3.0
24.0
54.0
57.0
66.0
11.0
-16.0
-2.0
7.0
0.0
-12.0
3.0
12.0
20.0
12.0
3.0
15.0
-6.0
11.0
30.0
48.0
96.0
120.0
115.0
90.0
42.0
14.0
10.0
12.0
-5.0
14.0
40.0
38.0
29.0
12.0
-5.0
4.0
24.0
11.0
21.0
41.0
36.0
12.0
-30.0
-15.0
13.0
33.0
29.0
2.0
8.0
39.0
68.0
49.0
29.0
14.0
23.0
28.0
39.0
44.0
31.0
44.0
47.0
29.0
23.0
15.0
23.0
40.0
82.0
85.0
25.0
19.0
18.0
-16.0
-14.0
-30.0
-30.0
26.0
12.0
-21.0
-37.0
-38.0
-34.0
-49.0
-69.0
-71.0
-63.0
-13.0
5.0
5.0
-1.0
-4.0
4.0
-5.0
9.0
38.0
23.0
-15.0
-7.0
11.0
2.0
-13.0
-22.0
3.0
2.0
4.0
-10.0
4.0
2.0
18.0
-6.0
-28.0
-9.0
14.0
5.0
10.0
7.0
5.0
28.0
-1.0
20.0
26.0
-23.0
-3.0
-4.0
7.0
31.0
36.0
27.0
61.0
72.0
49.0
55.0
41.0
23.0
32.0
21.0
12.0
44.0
65.0
51.0
52.0
56.0
73.0
66.0
52.0
49.0
40.0
23.0
-13.0
-14.0
-4.0
1.0
-33.0
-18.0
-7.0
-40.0
-28.0
-25.0
-56.0
-52.0
-74.0
-55.0
-60.0
-41.0
-16.0
2.0
35.0
52.0
-33.0
-86.0
-56.0
-50.0
-52.0
-38.0
-58.0
-40.0
-42.0
-49.0
-40.0
-32.0
-22.0
-40.0
-25.0
-20.0
-48.0
-68.0
-54.0
-41.0
-28.0
-23.0
-23.0
1.0
-20.0
-71.0
-41.0
-18.0
-3.0
7.0
-6.0
-2.0
-5.0
21.0
33.0
29.0
64.0
42.0
43.0
45.0
61.0
66.0
1.0
17.0
18.0
18.0
42.0
12.0
41.0
40.0
26.0
27.0
36.0
51.0
34.0
26.0
22.0
26.0
21.0
18.0
29.0
34.0
24.0
-2.0
13.0
16.0
-4.0
21.0
5.0
-10.0
-6.0
24.0
16.0
-7.0
3.0
-13.0
11.0
5.0
-45.0
-43.0
-29.0
-10.0
-27.0
-30.0
34.0
46.0
7.0
6.0
15.0
35.0
35.0
26.0
10.0
4.0
8.0
22.0
48.0
27.0
16.0
16.0
17.0
-7.0
-10.0
4.0
23.0
-5.0
-12.0
-13.0
-11.0
-1.0
-8.0
-9.0
-11.0
-23.0
3.0
-14.0
13.0
17.0
-46.0
-41.0
-6.0
3.0
4.0
10.0
-1.0
-9.0
-12.0
-3.0
-36.0
-27.0
-20.0
1.0
4.0
-14.0
-20.0
4.0
45.0
32.0
56.0
59.0
78.0
105.0
125.0
139.0
163.0
200.0
229.0
325.0
365.0
347.0
351.0
403.0
382.0
385.0
447.0
435.0
379.0
386.0
429.0
441.0
448.0
406.0
434.0
402.0
435.0
541.0
530.0
541.0
597.0
580.0
532.0
472.0
442.0
392.0
302.0
272.0
225.0
144.0
118.0
83.0
51.0
52.0
30.0
16.0
-15.0
-34.0
-78.0
-127.0
-139.0
-118.0
-120.0
-178.0
-238.0
-256.0
-277.0
-282.0
-263.0
-278.0
-244.0
-274.0
-325.0
-314.0
-309.0
-342.0
-340.0
-343.0
-382.0
-386.0
-399.0
-392.0
-362.0
-343.0
-341.0
-357.0
-335.0
-317.0
-338.0
-350.0
-335.0
-367.0
-389.0
-352.0
-328.0
-342.0
-324.0
-290.0
-300.0
-299.0
-296.0
-284.0
-279.0
-293.0
-320.0
-306.0
-291.0
-268.0
-283.0
-249.0
-225.0
-241.0
-259.0
-267.0
-255.0
-248.0
-252.0
-278.0
-281.0
-267.0
-269.0
-246.0
-229.0
-204.0
-192.0
-211.0
-211.0
-194.0
-213.0
-157.0
-183.0
-206.0
-201.0
-186.0
-171.0
-186.0
-178.0
-178.0
-156.0
-186.0
-180.0
-168.0
-193.0
-200.0
-219.0
-226.0
-193.0
-191.0
-186.0
-195.0
-193.0
-158.0
-170.0
-183.0
-166.0
-218.0
-234.0
-208.0
-209.0
-212.0
-200.0
-190.0
-163.0
-181.0
-184.0
-183.0
-182.0
-162.0
-195.0
-218.0
-205.0
-181.0
-173.0
-172.0
-213.0
-87.0
-70.0
-112.0
-120.0
-157.0
-145.0
-213.0
-202.0
-161.0
-166.0
-176.0
-153.0
-135.0
-146.0
-154.0
-142.0
-150.0
-158.0
-161.0
-175.0
-177.0
-167.0
-184.0
-187.0
-174.0
-175.0
-169.0
-147.0
-161.0
-145.0
-157.0
-153.0
-144.0
-115.0
-112.0
-104.0
-88.0
-95.0
-82.0
-96.0
-111.0
-91.0
-84.0
-88.0
-89.0
-106.0
-122.0
-115.0
-98.0
-79.0
-73.0
-78.0
-103.0
-79.0
-69.0
-83.0
-68.0
-91.0
-69.0
-77.0
-89.0
-74.0
-90.0
-90.0
-86.0
-77.0
-97.0
-97.0
-112.0
-102.0
-120.0
-126.0
-106.0
-110.0
-101.0
-102.0
-147.0
-136.0
-41.0
-73.0
-61.0
-40.0
-10.0
-7.0
-49.0
-70.0
-46.0
-56.0
-32.0
-49.0
-48.0
-30.0
-71.0
-68.0
-60.0
-72.0
-62.0
-56.0
-58.0
-49.0
-71.0
-81.0
-73.0
-58.0
-44.0
-55.0
-73.0
-77.0
-58.0
-40.0
-31.0
-27.0
-13.0
-11.0
-12.0
-3.0
-13.0
14.0
3.0
-14.0
-18.0
-30.0
-16.0
-10.0
-13.0
-2.0
-19.0
-52.0
-42.0
-27.0
-22.0
-41.0
-40.0
-50.0
-44.0
-61.0
-82.0
-74.0
-51.0
-53.0
-25.0
-24.0
-62.0
-53.0
-23.0
-44.0
-24.0
-25.0
18.0
46.0
24.0
-14.0
-68.0
-58.0
-21.0
-39.0
-73.0
-87.0
-70.0
-84.0
-83.0
-79.0
-94.0
-71.0
-89.0
-92.0
-59.0
-50.0
-45.0
-96.0
-108.0
-69.0
-69.0
-124.0
-118.0
-95.0
-60.0
-50.0
-22.0
-37.0
-51.0
-59.0
-54.0
-25.0
-41.0
-79.0
-55.0
-41.0
-88.0
-49.0
-11.0
-16.0
-29.0
-43.0
-84.0
-103.0
-59.0
-63.0
-63.0
-102.0
-89.0
-92.0
-92.0
-100.0
-74.0
-70.0
-74.0
-83.0
-84.0
-81.0
-107.0
-125.0
-148.0
-129.0
-124.0
-100.0
-70.0
-82.0
-87.0
-76.0
-101.0
-77.0
-49.0
-71.0
-80.0
-96.0
-108.0
-111.0
-109.0
-79.0
-50.0
-69.0
-72.0
-46.0
-40.0
-55.0
-60.0
-82.0
-72.0
-53.0
-26.0
-37.0
-20.0
-10.0
-21.0
7.0
-10.0
-43.0
-32.0
-43.0
-27.0
-20.0
5.0
18.0
34.0
-17.0
-3.0
17.0
6.0
-29.0
-82.0
-49.0
-39.0
-45.0
-34.0
-6.0
-16.0
-11.0
-7.0
-10.0
-23.0
-41.0
-43.0
-44.0
-48.0
-49.0
-75.0
-72.0
-15.0
15.0
28.0
25.0
55.0
27.0
-41.0
-36.0
-23.0
-53.0
-51.0
-36.0
-33.0
-36.0
-51.0
-41.0
-26.0
-41.0
-36.0
-36.0
-49.0
-54.0
-90.0
-76.0
-65.0
-82.0
-50.0
-64.0
-47.0
-41.0
-60.0
-49.0
-25.0
-69.0
-64.0
-60.0
-42.0
-3.0
-10.0
-8.0
-1.0
25.0
21.0
29.0
1.0
-5.0
-11.0
-25.0
-55.0
-65.0
-42.0
-36.0
-24.0
-36.0
-62.0
-52.0
-42.0
-51.0
-84.0
-101.0
-109.0
-124.0
-117.0
-91.0
-89.0
-63.0
-121.0
-124.0
-4.0
-26.0
-58.0
-17.0
-43.0
-56.0
-51.0
-31.0
-54.0
-50.0
-43.0
-43.0
-10.0
-24.0
-25.0
-1.0
5.0
-24.0
-35.0
-25.0
-33.0
-26.0
-34.0
-45.0
-19.0
-3.0
-3.0
-31.0
-40.0
-24.0
-30.0
-39.0
-32.0
-18.0
-31.0
-21.0
-25.0
-5.0
-2.0
14.0
-33.0
-43.0
-22.0
-18.0
-4.0
3.0
35.0
-10.0
-15.0
2.0
-23.0
-21.0
11.0
8.0
-45.0
-71.0
-61.0
-79.0
-51.0
-34.0
-35.0
-30.0
-59.0
-40.0
-48.0
-8.0
4.0
-7.0
-2.0
-47.0
-32.0
-42.0
-41.0
-9.0
-13.0
-17.0
-34.0
-45.0
-53.0
-74.0
-52.0
-43.0
-44.0
-20.0
-15.0
-16.0
10.0
24.0
-7.0
3.0
2.0
0.0
7.0
5.0
-13.0
-22.0
-6.0
-40.0
-29.0
-17.0
-73.0
-77.0
65.0
87.0
81.0
112.0
79.0
73.0
75.0
52.0
61.0
29.0
66.0
96.0
54.0
53.0
45.0
17.0
44.0
39.0
-3.0
29.0
35.0
45.0
71.0
20.0
10.0
37.0
63.0
53.0
31.0
26.0
34.0
43.0
59.0
73.0
62.0
59.0
20.0
15.0
19.0
65.0
60.0
54.0
42.0
51.0
41.0
29.0
21.0
27.0
17.0
-6.0
18.0
52.0
26.0
18.0
30.0
40.0
63.0
49.0
66.0
65.0
82.0
78.0
65.0
53.0
41.0
65.0
62.0
65.0
65.0
71.0
48.0
51.0
78.0
22.0
65.0
90.0
91.0
88.0
90.0
66.0
51.0
54.0
41.0
25.0
20.0
20.0
32.0
52.0
71.0
34.0
37.0
52.0
13.0
9.0
7.0
19.0
22.0
25.0
43.0
46.0
43.0
70.0
52.0
34.0
40.0
0.0
29.0
71.0
41.0
44.0
8.0
-7.0
29.0
-7.0
-7.0
12.0
-15.0
-3.0
19.0
31.0
41.0
48.0
54.0
27.0
-14.0
-42.0
-34.0
-20.0
-16.0
-4.0
2.0
26.0
23.0
92.0
126.0
115.0
178.0
244.0
311.0
351.0
422.0
493.0
467.0
461.0
460.0
360.0
298.0
290.0
271.0
252.0
251.0
186.0
178.0
152.0
150.0
135.0
107.0
80.0
78.0
61.0
79.0
44.0
-13.0
-27.0
-16.0
-27.0
-31.0
-62.0
-46.0
-36.0
-10.0
10.0
-9.0
-42.0
-43.0
-72.0
-89.0
-84.0
-96.0
-79.0
-112.0
-116.0
-134.0
-143.0
-108.0
-92.0
-77.0
-71.0
-111.0
-84.0
-92.0
-108.0
-105.0
-100.0
-121.0
-98.0
-128.0
-118.0
-121.0
-116.0
-111.0
-88.0
-81.0
-76.0
-104.0
-93.0
-96.0
-128.0
-130.0
-133.0
-92.0
-91.0
-97.0
-69.0
-87.0
-81.0
-101.0
-131.0
-112.0
-98.0
-111.0
-105.0
-126.0
-117.0
-87.0
-101.0
-100.0
-69.0
-103.0
-138.0
-122.0
-114.0
-114.0
-92.0
-120.0
-183.0
-183.0
-64.0
-88.0
-112.0
-131.0
-149.0
-112.0
-97.0
-122.0
-118.0
-98.0
-83.0
-91.0
-105.0
-110.0
-102.0
-116.0
-132.0
-119.0
-125.0
-108.0
-109.0
-142.0
-133.0
-127.0
-131.0
-112.0
-117.0
-119.0
-105.0
-133.0
-134.0
-115.0
-121.0
-129.0
-153.0
-135.0
-137.0
-96.0
-64.0
-64.0
-46.0
-29.0
-65.0
-78.0
-108.0
-120.0
-101.0
-120.0
-132.0
-116.0
-129.0
-130.0
-115.0
-82.0
-50.0
-63.0
-82.0
-68.0
-61.0
-78.0
-78.0
-70.0
-69.0
-76.0
-44.0
-39.0
-55.0
-54.0
-53.0
-69.0
-61.0
-58.0
-53.0
-83.0
-49.0
-84.0
-94.0
-57.0
-24.0
-6.0
15.0
7.0
-10.0
-1.0
-6.0
-33.0
-26.0
-26.0
-10.0
-14.0
-53.0
-40.0
-45.0
-55.0
-22.0
-21.0
-13.0
-2.0
-11.0
-5.0
-8.0
3.0
8.0
8.0
17.0
-8.0
1.0
26.0
0.0
-31.0
-42.0
-49.0
-41.0
-22.0
8.0
4.0
-48.0
-94.0
-59.0
-87.0
-109.0
-92.0
-92.0
-110.0
-123.0
-133.0
-99.0
-96.0
-99.0
-106.0
-136.0
-84.0
-96.0
-119.0
-86.0
-121.0
-142.0
-144.0
-129.0
-120.0
-125.0
-115.0
-94.0
-94.0
-92.0
-94.0
-105.0
-126.0
-114.0
-89.0
-100.0
-100.0
-61.0
-76.0
-76.0
-49.0
-84.0
-60.0
-38.0
-38.0
-53.0
-65.0
-57.0
-62.0
-63.0
-48.0
-41.0
-67.0
-64.0
-33.0
-22.0
-35.0
-46.0
-45.0
-58.0
-88.0
-73.0
-74.0
-91.0
-75.0
-60.0
-33.0
-74.0
-99.0
-88.0
-104.0
-98.0
-103.0
-93.0
-103.0
-84.0
-10.0
41.0
18.0
27.0
35.0
3.0
-24.0
-31.0
-76.0
-67.0
-64.0
-35.0
-32.0
-86.0
-81.0
-48.0
-10.0
-55.0
-78.0
-74.0
-64.0
-53.0
-66.0
-76.0
-69.0
-43.0
-24.0
-54.0
-76.0
-44.0
-41.0
-11.0
-26.0
-43.0
-34.0
-3.0
11.0
-5.0
43.0
71.0
71.0
31.0
52.0
64.0
69.0
41.0
5.0
10.0
32.0
42.0
31.0
46.0
45.0
-4.0
-6.0
18.0
30.0
30.0
30.0
4.0
6.0
39.0
35.0
32.0
21.0
37.0
73.0
37.0
18.0
31.0
34.0
36.0
-45.0
-16.0
46.0
61.0
80.0
64.0
40.0
7.0
19.0
26.0
12.0
6.0
30.0
39.0
44.0
23.0
-3.0
13.0
21.0
4.0
-1.0
21.0
16.0
-6.0
5.0
39.0
49.0
42.0
30.0
2.0
26.0
36.0
-2.0
8.0
-5.0
6.0
8.0
-16.0
-1.0
14.0
48.0
41.0
12.0
-13.0
7.0
32.0
-12.0
-21.0
15.0
40.0
5.0
-22.0
-7.0
1.0
-7.0
10.0
-4.0
-3.0
-12.0
-26.0
-5.0
20.0
33.0
80.0
96.0
97.0
51.0
24.0
7.0
15.0
25.0
17.0
-20.0
-34.0
27.0
44.0
-7.0
11.0
4.0
-25.0
-2.0
-7.0
-7.0
12.0
-2.0
-7.0
-19.0
-30.0
-13.0
-13.0
-12.0
-4.0
6.0
-10.0
-14.0
-4.0
11.0
1.0
15.0
26.0
36.0
32.0
32.0
43.0
64.0
52.0
26.0
43.0
55.0
55.0
42.0
21.0
8.0
39.0
55.0
58.0
72.0
31.0
27.0
76.0
59.0
76.0
122.0
140.0
152.0
181.0
176.0
200.0
230.0
237.0
256.0
271.0
299.0
323.0
313.0
307.0
323.0
344.0
313.0
343.0
295.0
248.0
240.0
240.0
208.0
204.0
187.0
173.0
176.0
201.0
186.0
139.0
113.0
67.0
80.0
96.0
107.0
93.0
64.0
65.0
44.0
17.0
-7.0
-3.0
-2.0
-37.0
7.0
34.0
22.0
32.0
2.0
3.0
11.0
-16.0
3.0
16.0
-26.0
-17.0
4.0
4.0
9.0
-32.0
-39.0
-44.0
-28.0
-26.0
-47.0
-65.0
-48.0
-54.0
-55.0
-60.0
-62.0
-78.0
-74.0
-38.0
-33.0
-50.0
-50.0
-63.0
-54.0
-33.0
-59.0
-31.0
-2.0
6.0
16.0
23.0
-2.0
-76.0
-54.0
-39.0
-77.0
-79.0
-86.0
-61.0
-37.0
-54.0
-80.0
-100.0
-96.0
-68.0
-95.0
-99.0
-87.0
-84.0
-55.0
-69.0
-67.0
-50.0
-56.0
-37.0
-27.0
-20.0
-7.0
21.0
12.0
15.0
11.0
37.0
12.0
5.0
21.0
13.0
14.0
-8.0
-4.0
26.0
33.0
15.0
-25.0
-15.0
24.0
-31.0
-62.0
-58.0
-43.0
-30.0
-83.0
-86.0
-52.0
-58.0
-52.0
-51.0
-33.0
-30.0
-14.0
-43.0
-42.0
-61.0
-38.0
-22.0
-49.0
-37.0
-8.0
-43.0
-55.0
-51.0
-54.0
-40.0
-80.0
-89.0
-80.0
-71.0
-53.0
-60.0
-82.0
-46.0
-36.0
-39.0
-34.0
-37.0
-31.0
-21.0
-55.0
-34.0
-42.0
-43.0
-64.0
-60.0
-63.0
-77.0
-46.0
-58.0
-87.0
-80.0
-73.0
-89.0
-59.0
-61.0
-61.0
-50.0
-36.0
-9.0
-34.0
-30.0
-32.0
-84.0
-77.0
-62.0
-63.0
-59.0
-48.0
-96.0
-59.0
-52.0
-55.0
-50.0
-55.0
-35.0
-26.0
-10.0
0.0
-34.0
-67.0
-44.0
-32.0
-9.0
-6.0
-12.0
-22.0
-51.0
-32.0
-24.0
-29.0
-11.0
-22.0
-10.0
30.0
35.0
26.0
27.0
34.0
-33.0
-60.0
-88.0
-87.0
-109.0
-89.0
-89.0
-58.0
-58.0
-34.0
-37.0
-16.0
7.0
-11.0
-8.0
-37.0
-51.0
-26.0
-50.0
-63.0
-81.0
-81.0
-56.0
-50.0
-65.0
-56.0
-61.0
-33.0
-53.0
-41.0
-30.0
-40.0
-30.0
-50.0
-38.0
-36.0
-40.0
-36.0
-36.0
-40.0
-13.0
-10.0
-25.0
-10.0
11.0
-14.0
-17.0
-11.0
-8.0
-11.0
6.0
-2.0
-5.0
15.0
13.0
25.0
49.0
4.0
6.0
34.0
9.0
-6.0
-29.0
-24.0
-16.0
-21.0
-23.0
-21.0
-41.0
-29.0
-17.0
-62.0
-37.0
-11.0
10.0
-23.0
-47.0
-54.0
-55.0
-82.0
-65.0
-53.0
-54.0
-33.0
-35.0
-52.0
-54.0
-65.0
-24.0
-10.0
-16.0
5.0
-19.0
-53.0
-39.0
-52.0
-36.0
-49.0
-53.0
-64.0
-100.0
-95.0
-74.0
-68.0
-85.0
-81.0
-76.0
-52.0
-44.0
-22.0
-35.0
-52.0
-38.0
-29.0
-54.0
-76.0
-64.0
-48.0
-65.0
-69.0
-45.0
-62.0
-72.0
-91.0
-88.0
-61.0
-45.0
-59.0
-84.0
-83.0
-51.0
-93.0
-56.0
-50.0
-71.0
-66.0
-31.0
-25.0
-54.0
-56.0
-47.0
-54.0
-8.0
12.0
22.0
-5.0
-36.0
-70.0
-85.0
-71.0
-65.0
-87.0
-85.0
-72.0
-79.0
-44.0
-89.0
-72.0
-60.0
-97.0
-62.0
-50.0
-96.0
-98.0
-70.0
-64.0
-40.0
-45.0
-59.0
-52.0
-29.0
-41.0
-36.0
-33.0
-7.0
5.0
-29.0
-12.0
30.0
4.0
-13.0
-1.0
34.0
20.0
17.0
21.0
-10.0
-8.0
17.0
-15.0
10.0
14.0
-3.0
-27.0
-39.0
-13.0
-30.0
-45.0
-29.0
-14.0
-55.0
-66.0
-48.0
-41.0
-49.0
-37.0
-23.0
-43.0
-41.0
-29.0
-4.0
-40.0
-50.0
-26.0
-38.0
-41.0
-45.0
-39.0
-26.0
-18.0
-41.0
-51.0
-56.0
-54.0
-72.0
-89.0
-49.0
-60.0
-70.0
-71.0
-54.0
-57.0
-71.0
-58.0
-74.0
-92.0
-109.0
-84.0
-58.0
-71.0
-55.0
-21.0
-31.0
-58.0
-108.0
-110.0
-87.0
-101.0
-92.0
-50.0
-77.0
-47.0
-59.0
-22.0
12.0
6.0
-48.0
-62.0
-88.0
-76.0
-86.0
-74.0
-7.0
4.0
5.0
-39.0
-75.0
-39.0
-37.0
-42.0
-31.0
-42.0
-34.0
-20.0
-6.0
-16.0
-68.0
-72.0
-46.0
1.0
5.0
16.0
30.0
67.0
43.0
-14.0
-34.0
-10.0
18.0
18.0
3.0
33.0
36.0
17.0
51.0
34.0
16.0
34.0
22.0
60.0
65.0
15.0
11.0
17.0
21.0
-5.0
-26.0
12.0
53.0
52.0
15.0
16.0
28.0
44.0
24.0
48.0
47.0
21.0
21.0
40.0
66.0
63.0
33.0
-10.0
5.0
5.0
10.0
20.0
47.0
16.0
14.0
38.0
42.0
61.0
44.0
40.0
44.0
71.0
98.0
83.0
56.0
64.0
96.0
89.0
42.0
48.0
90.0
73.0
83.0
50.0
42.0
59.0
72.0
52.0
15.0
26.0
29.0
13.0
3.0
17.0
3.0
30.0
7.0
32.0
37.0
20.0
35.0
27.0
17.0
50.0
36.0
14.0
24.0
-2.0
2.0
-2.0
18.0
36.0
13.0
18.0
49.0
46.0
35.0
32.0
13.0
21.0
-4.0
4.0
1.0
4.0
17.0
4.0
14.0
4.0
24.0
18.0
-1.0
31.0
39.0
20.0
23.0
22.0
12.0
29.0
29.0
31.0
13.0
33.0
25.0
31.0
37.0
34.0
44.0
18.0
1.0
5.0
45.0
35.0
5.0
17.0
-2.0
-20.0
-1.0
-20.0
-23.0
-21.0
0.0
1.0
-11.0
4.0
27.0
18.0
43.0
78.0
83.0
31.0
-6.0
-40.0
-29.0
-13.0
-5.0
16.0
-18.0
-42.0
-64.0
-45.0
-33.0
-43.0
-44.0
-43.0
-51.0
-40.0
-27.0
-63.0
-63.0
-65.0
-76.0
-61.0
-62.0
-64.0
-49.0
-19.0
-44.0
-32.0
-29.0
-36.0
-34.0
-3.0
0.0
4.0
13.0
0.0
-27.0
-26.0
-24.0
-22.0
-2.0
-54.0
-79.0
-70.0
-33.0
-35.0
-59.0
-24.0
-39.0
-45.0
-38.0
-74.0
-30.0
-26.0
-35.0
-17.0
-41.0
-39.0
-11.0
-32.0
-42.0
-18.0
-10.0
-13.0
-24.0
-18.0
-5.0
-11.0
-21.0
-32.0
-14.0
-15.0
-17.0
-34.0
-6.0
-18.0
-20.0
-16.0
-8.0
-27.0
-12.0
0.0
16.0
-10.0
-5.0
56.0
51.0
33.0
33.0
25.0
55.0
69.0
53.0
26.0
29.0
35.0
20.0
-1.0
-2.0
-14.0
-4.0
16.0
-12.0
-38.0
3.0
25.0
41.0
35.0
4.0
17.0
33.0
32.0
22.0
-6.0
-6.0
-18.0
-27.0
-16.0
-15.0
-38.0
-37.0
-38.0
-37.0
-39.0
-28.0
-8.0
-41.0
-44.0
-26.0
-27.0
-43.0
-44.0
-49.0
-47.0
-33.0
-13.0
-12.0
-49.0
-81.0
-72.0
-57.0
-38.0
-33.0
-23.0
-28.0
2.0
7.0
34.0
49.0
54.0
44.0
42.0
33.0
3.0
-23.0
-22.0
-24.0
-26.0
-32.0
-46.0
-20.0
-29.0
-30.0
-17.0
-1.0
-42.0
-40.0
-43.0
-45.0
-37.0
-20.0
-2.0
-29.0
-18.0
0.0
3.0
6.0
6.0
15.0
-27.0
-10.0
-11.0
6.0
20.0
7.0
18.0
-2.0
8.0
34.0
42.0
42.0
20.0
17.0
17.0
-2.0
37.0
6.0
-25.0
5.0
-4.0
10.0
24.0
18.0
-3.0
22.0
38.0
10.0
-8.0
26.0
35.0
31.0
18.0
-15.0
16.0
27.0
22.0
24.0
23.0
24.0
8.0
7.0
-13.0
-18.0
-1.0
3.0
-5.0
4.0
-21.0
-15.0
10.0
-3.0
-37.0
-7.0
-18.0
-42.0
-54.0
-28.0
-13.0
-34.0
-25.0
-48.0
-50.0
-55.0
-68.0
-52.0
-49.0
-45.0
-56.0
-57.0
-92.0
-82.0
-82.0
-54.0
-39.0
-50.0
-54.0
-70.0
-43.0
-27.0
-40.0
-39.0
-61.0
-43.0
-33.0
-44.0
-63.0
-18.0
-33.0
-4.0
5.0
11.0
8.0
-7.0
-31.0
-43.0
-1.0
-11.0
-21.0
-11.0
-21.0
-35.0
-19.0
-1.0
-8.0
-13.0
-25.0
-44.0
-17.0
-51.0
-74.0
-48.0
-31.0
-24.0
-42.0
-34.0
-8.0
12.0
16.0
23.0
2.0
-21.0
-37.0
-65.0
-52.0
-33.0
-15.0
-14.0
-39.0
-22.0
8.0
-7.0
3.0
-20.0
-22.0
-37.0
-58.0
-51.0
-13.0
-38.0
-46.0
-37.0
-31.0
-33.0
-47.0
-37.0
-25.0
-18.0
-20.0
-40.0
-11.0
7.0
16.0
31.0
22.0
38.0
44.0
35.0
37.0
48.0
46.0
20.0
14.0
34.0
33.0
-5.0
-3.0
-1.0
0.0
-15.0
-43.0
-37.0
-13.0
-49.0
-35.0
12.0
-8.0
-22.0
1.0
1.0
-2.0
-39.0
-31.0
-25.0
-15.0
-6.0
-68.0
-75.0
-32.0
-15.0
-14.0
-33.0
-44.0
-29.0
-29.0
-20.0
-4.0
-15.0
2.0
-5.0
-16.0
-29.0
-1.0
15.0
22.0
-11.0
-24.0
-23.0
-45.0
-54.0
-12.0
3.0
-8.0
-21.0
-31.0
-21.0
-51.0
-40.0
-31.0
-40.0
-48.0
-49.0
-51.0
-55.0
-59.0
-33.0
-27.0
-19.0
2.0
-12.0
-14.0
23.0
58.0
41.0
6.0
4.0
3.0
11.0
19.0
3.0
3.0
25.0
37.0
11.0
4.0
-3.0
15.0
34.0
-9.0
-3.0
16.0
37.0
22.0
19.0
46.0
103.0
68.0
98.0
63.0
17.0
-31.0
-51.0
-40.0
-6.0
-15.0
-11.0
12.0
-2.0
-15.0
1.0
-13.0
-43.0
-32.0
3.0
17.0
27.0
31.0
60.0
75.0
117.0
167.0
196.0
235.0
270.0
312.0
386.0
438.0
506.0
534.0
539.0
573.0
593.0
580.0
507.0
488.0
478.0
464.0
438.0
388.0
373.0
353.0
287.0
280.0
326.0
304.0
331.0
312.0
302.0
307.0
281.0
229.0
292.0
296.0
290.0
302.0
282.0
292.0
331.0
287.0
269.0
324.0
319.0
276.0
300.0
334.0
320.0
327.0
322.0
296.0
344.0
336.0
321.0
305.0
372.0
390.0
355.0
394.0
341.0
404.0
442.0
441.0
426.0
403.0
348.0
381.0
416.0
389.0
354.0
348.0
380.0
342.0
312.0
340.0
337.0
315.0
312.0
308.0
302.0
268.0
250.0
204.0
195.0
237.0
285.0
271.0
237.0
216.0
203.0
143.0
144.0
156.0
140.0
170.0
156.0
149.0
120.0
102.0
62.0
34.0
49.0
42.0
-23.0
-13.0
-36.0
6.0
-8.0
-14.0
-37.0
-58.0
-39.0
-42.0
-56.0
-44.0
-41.0
37.0
-12.0
11.0
-71.0
-81.0
-54.0
-89.0
-101.0
-105.0
-110.0
-134.0
-125.0
-195.0
-213.0
-271.0
-320.0
-354.0
-405.0
-432.0
-461.0
-477.0
-496.0
-518.0
-514.0
-483.0
-467.0
-473.0
-485.0
-490.0
-474.0
-440.0
-463.0
-437.0
-447.0
-424.0
-427.0
-419.0
-393.0
-366.0
-370.0
-396.0
-373.0
-400.0
-398.0
-385.0
-386.0
-380.0
-385.0
-397.0
-390.0
-345.0
-320.0
-307.0
-331.0
-337.0
-366.0
-360.0
-353.0
-310.0
-306.0
-319.0
-309.0
-318.0
-309.0
-280.0
-271.0
-306.0
-291.0
-266.0
-241.0
-251.0
-290.0
-243.0
-222.0
-229.0
-251.0
-278.0
-248.0
-219.0
-228.0
-254.0
-253.0
-246.0
-257.0
-240.0
-234.0
-229.0
-238.0
-247.0
-232.0
-228.0
-203.0
-200.0
-202.0
-228.0
-221.0
-221.0
-197.0
-174.0
-189.0
-213.0
-204.0
-193.0
-168.0
-203.0
-224.0
-266.0
-278.0
-313.0
-361.0
-378.0
-359.0
-337.0
-341.0
-315.0
-316.0
-284.0
-283.0
-288.0
-291.0
-288.0
-272.0
-260.0
-281.0
-274.0
-259.0
-267.0
-239.0
-237.0
-269.0
-281.0
-233.0
-229.0
-242.0
-246.0
-244.0
-224.0
-224.0
-202.0
-208.0
-214.0
-188.0
-188.0
-192.0
-205.0
-192.0
-175.0
-176.0
-172.0
-201.0
-193.0
-194.0
-187.0
-212.0
-201.0
-205.0
-183.0
-145.0
-169.0
-162.0
-171.0
-162.0
-152.0
-162.0
-151.0
-109.0
-149.0
-176.0
-191.0
-196.0
-168.0
-154.0
-149.0
-164.0
-158.0
-167.0
-180.0
-199.0
-162.0
-103.0
-113.0
-163.0
-145.0
-165.0
-173.0
-173.0
-175.0
-132.0
-166.0
-189.0
-152.0
-144.0
-136.0
-102.0
-108.0
-83.0
-97.0
-88.0
-99.0
-87.0
-74.0
-77.0
-59.0
-80.0
-55.0
-28.0
-30.0
-73.0
-50.0
-57.0
-79.0
-91.0
-99.0
-85.0
-78.0
-68.0
-59.0
-39.0
-29.0
-37.0
-49.0
-75.0
-63.0
-33.0
4.0
-37.0
18.0
87.0
71.0
80.0
96.0
89.0
48.0
22.0
48.0
60.0
43.0
2.0
-5.0
-2.0
-3.0
-1.0
7.0
-26.0
-27.0
15.0
26.0
15.0
37.0
25.0
41.0
46.0
24.0
26.0
26.0
43.0
44.0
46.0
55.0
49.0
58.0
84.0
72.0
-23.0
56.0
123.0
117.0
119.0
127.0
123.0
144.0
120.0
120.0
116.0
118.0
93.0
103.0
117.0
110.0
64.0
96.0
99.0
104.0
94.0
90.0
105.0
91.0
94.0
95.0
76.0
96.0
76.0
81.0
103.0
84.0
112.0
145.0
149.0
148.0
135.0
143.0
119.0
94.0
85.0
78.0
69.0
75.0
61.0
53.0
77.0
77.0
80.0
114.0
145.0
136.0
115.0
141.0
173.0
175.0
145.0
129.0
105.0
95.0
103.0
114.0
102.0
85.0
61.0
60.0
79.0
73.0
87.0
98.0
78.0
52.0
45.0
82.0
89.0
43.0
40.0
52.0
95.0
112.0
87.0
78.0
89.0
126.0
125.0
125.0
139.0
125.0
145.0
157.0
127.0
157.0
144.0
112.0
156.0
153.0
146.0
150.0
138.0
142.0
130.0
79.0
108.0
106.0
118.0
142.0
135.0
125.0
133.0
134.0
144.0
110.0
106.0
125.0
133.0
141.0
94.0
106.0
132.0
86.0
117.0
112.0
96.0
92.0
90.0
99.0
77.0
87.0
106.0
107.0
102.0
78.0
62.0
82.0
105.0
91.0
78.0
81.0
73.0
106.0
106.0
86.0
120.0
97.0
61.0
155.0
172.0
137.0
143.0
146.0
155.0
139.0
165.0
165.0
145.0
168.0
152.0
129.0
155.0
128.0
133.0
148.0
145.0
158.0
177.0
174.0
173.0
172.0
173.0
165.0
119.0
119.0
135.0
119.0
127.0
130.0
141.0
140.0
153.0
157.0
144.0
148.0
152.0
127.0
127.0
110.0
121.0
139.0
167.0
160.0
158.0
177.0
157.0
101.0
101.0
96.0
92.0
111.0
115.0
96.0
92.0
65.0
35.0
51.0
69.0
67.0
70.0
58.0
41.0
51.0
44.0
56.0
48.0
40.0
38.0
36.0
55.0
57.0
65.0
68.0
70.0
84.0
112.0
107.0
119.0
101.0
88.0
91.0
112.0
126.0
155.0
142.0
121.0
126.0
107.0
100.0
108.0
91.0
91.0
54.0
48.0
69.0
82.0
93.0
58.0
36.0
32.0
42.0
49.0
50.0
56.0
44.0
43.0
19.0
21.0
109.0
80.0
106.0
103.0
98.0
91.0
89.0
78.0
70.0
56.0
28.0
34.0
49.0
32.0
37.0
43.0
56.0
42.0
52.0
88.0
63.0
42.0
21.0
36.0
70.0
57.0
17.0
53.0
70.0
68.0
76.0
40.0
39.0
44.0
41.0
37.0
45.0
34.0
44.0
60.0
92.0
81.0
69.0
71.0
82.0
84.0
88.0
82.0
77.0
57.0
92.0
117.0
89.0
77.0
72.0
56.0
87.0
88.0
71.0
46.0
80.0
56.0
49.0
73.0
52.0
48.0
54.0
36.0
42.0
41.0
56.0
76.0
65.0
118.0
103.0
109.0
125.0
82.0
69.0
53.0
47.0
70.0
74.0
44.0
32.0
39.0
27.0
25.0
48.0
39.0
69.0
70.0
67.0
52.0
63.0
53.0
36.0
23.0
-3.0
14.0
-4.0
21.0
30.0
51.0
46.0
68.0
110.0
72.0
56.0
90.0
131.0
146.0
149.0
149.0
117.0
116.0
156.0
125.0
114.0
79.0
59.0
54.0
67.0
56.0
84.0
82.0
32.0
52.0
73.0
88.0
82.0
82.0
84.0
104.0
77.0
90.0
84.0
102.0
107.0
78.0
71.0
70.0
70.0
90.0
98.0
63.0
85.0
77.0
90.0
102.0
93.0
100.0
109.0
97.0
136.0
139.0
121.0
125.0
138.0
118.0
90.0
118.0
135.0
128.0
105.0
123.0
115.0
90.0
108.0
86.0
78.0
88.0
96.0
109.0
103.0
78.0
61.0
86.0
123.0
109.0
87.0
43.0
53.0
70.0
38.0
56.0
70.0
56.0
66.0
51.0
58.0
61.0
31.0
56.0
93.0
99.0
71.0
67.0
91.0
120.0
111.0
113.0
126.0
121.0
137.0
117.0
135.0
156.0
125.0
121.0
106.0
105.0
94.0
82.0
68.0
90.0
96.0
124.0
146.0
130.0
160.0
145.0
111.0
107.0
101.0
80.0
80.0
84.0
100.0
75.0
60.0
44.0
36.0
53.0
78.0
72.0
60.0
41.0
40.0
79.0
95.0
75.0
78.0
73.0
108.0
163.0
173.0
149.0
140.0
159.0
159.0
178.0
188.0
162.0
188.0
233.0
228.0
218.0
197.0
205.0
191.0
166.0
146.0
139.0
118.0
120.0
129.0
115.0
120.0
111.0
86.0
88.0
78.0
97.0
73.0
77.0
94.0
81.0
79.0
95.0
104.0
109.0
133.0
113.0
90.0
108.0
103.0
120.0
131.0
127.0
114.0
102.0
119.0
98.0
102.0
120.0
99.0
109.0
110.0
109.0
118.0
79.0
75.0
99.0
87.0
89.0
78.0
65.0
83.0
100.0
65.0
92.0
98.0
109.0
118.0
55.0
61.0
113.0
105.0
97.0
62.0
68.0
59.0
70.0
61.0
59.0
34.0
8.0
1.0
17.0
56.0
21.0
-1.0
14.0
17.0
34.0
44.0
-7.0
-19.0
-2.0
26.0
43.0
40.0
40.0
27.0
30.0
35.0
65.0
43.0
22.0
11.0
6.0
22.0
-7.0
22.0
2.0
-26.0
-15.0
4.0
-2.0
-24.0
-6.0
-23.0
-44.0
-36.0
-6.0
-23.0
-29.0
26.0
27.0
14.0
-22.0
-45.0
-67.0
-101.0
-72.0
-51.0
-70.0
-74.0
-99.0
-80.0
-67.0
-88.0
-99.0
-60.0
-65.0
-72.0
-105.0
-91.0
-82.0
-82.0
-70.0
-76.0
-84.0
-83.0
-69.0
-88.0
-99.0
-92.0
-83.0
-82.0
-52.0
-51.0
-67.0
-46.0
-37.0
-70.0
-34.0
-8.0
-40.0
-40.0
-34.0
-44.0
-27.0
-36.0
-73.0
-58.0
-42.0
-45.0
-59.0
-53.0
-53.0
-39.0
-40.0
-121.0
-116.0
50.0
35.0
70.0
105.0
60.0
45.0
63.0
14.0
2.0
-7.0
-1.0
-12.0
-23.0
-13.0
2.0
7.0
-21.0
-14.0
-9.0
5.0
-13.0
-25.0
-34.0
-33.0
-43.0
-65.0
-35.0
-73.0
-53.0
-21.0
-26.0
-22.0
-39.0
-71.0
-84.0
-58.0
-50.0
-57.0
-63.0
-54.0
-23.0
-42.0
-49.0
-38.0
-25.0
-23.0
-54.0
-51.0
-30.0
-45.0
-51.0
-60.0
-50.0
-53.0
-67.0
-96.0
-79.0
-62.0
-70.0
-72.0
-68.0
-57.0
-53.0
-59.0
-67.0
-72.0
-67.0
-70.0
-79.0
-44.0
-12.0
-59.0
-84.0
-82.0
-56.0
-58.0
-100.0
-115.0
-103.0
-105.0
-78.0
-61.0
-62.0
-11.0
24.0
-2.0
-6.0
-1.0
-23.0
-79.0
-93.0
-53.0
-29.0
-34.0
-57.0
-63.0
-61.0
-34.0
-14.0
-36.0
-21.0
-30.0
-37.0
-45.0
-64.0
-80.0
-54.0
-36.0
-41.0
-42.0
-52.0
-84.0
-84.0
-49.0
-31.0
-56.0
-80.0
-87.0
-78.0
-31.0
-46.0
-37.0
-14.0
-9.0
-6.0
-6.0
-48.0
-21.0
-26.0
-48.0
-43.0
-17.0
-31.0
-31.0
-33.0
-33.0
-21.0
-44.0
-26.0
-18.0
-14.0
11.0
-32.0
-33.0
-13.0
-8.0
33.0
-6.0
-25.0
8.0
16.0
15.0
6.0
2.0
4.0
-20.0
-52.0
-51.0
-44.0
-33.0
-2.0
-7.0
4.0
32.0
18.0
20.0
14.0
14.0
6.0
34.0
44.0
10.0
18.0
47.0
35.0
-8.0
-6.0
6.0
27.0
45.0
33.0
15.0
20.0
10.0
-36.0
-52.0
-31.0
-10.0
-36.0
-64.0
-68.0
-36.0
-40.0
-54.0
-39.0
-45.0
-37.0
-13.0
-21.0
1.0
4.0
-10.0
-5.0
11.0
13.0
7.0
-20.0
-8.0
-4.0
-13.0
18.0
-18.0
-26.0
-6.0
19.0
32.0
22.0
19.0
49.0
35.0
9.0
-16.0
-32.0
-16.0
-15.0
2.0
-17.0
-26.0
-23.0
-9.0
4.0
-10.0
15.0
-19.0
-37.0
-37.0
-38.0
-39.0
-63.0
-62.0
-43.0
-54.0
-69.0
-49.0
-1.0
11.0
-5.0
-16.0
8.0
-16.0
-16.0
6.0
21.0
15.0
13.0
-1.0
30.0
33.0
-2.0
26.0
21.0
-6.0
-56.0
-67.0
-48.0
-30.0
6.0
-17.0
3.0
-20.0
-26.0
-14.0
-17.0
8.0
31.0
12.0
46.0
60.0
32.0
51.0
45.0
49.0
36.0
26.0
40.0
41.0
15.0
9.0
38.0
59.0
40.0
18.0
8.0
48.0
43.0
15.0
39.0
29.0
44.0
50.0
42.0
31.0
32.0
16.0
10.0
7.0
-1.0
-5.0
1.0
27.0
21.0
-2.0
-10.0
1.0
5.0
13.0
-12.0
-2.0
16.0
1.0
-41.0
-25.0
15.0
36.0
0.0
6.0
19.0
4.0
9.0
26.0
37.0
23.0
7.0
20.0
20.0
10.0
13.0
-11.0
-27.0
8.0
-17.0
-27.0
-35.0
-53.0
-46.0
-63.0
-69.0
-38.0
-52.0
-43.0
-24.0
-14.0
15.0
21.0
-4.0
37.0
48.0
50.0
43.0
0.0
-20.0
-32.0
-32.0
-20.0
-14.0
-46.0
-68.0
-72.0
-54.0
-55.0
-66.0
-44.0
-35.0
-45.0
-29.0
-18.0
-31.0
-38.0
-30.0
-1.0
-14.0
-22.0
1.0
8.0
12.0
-4.0
-20.0
-19.0
-7.0
48.0
42.0
25.0
60.0
79.0
112.0
111.0
86.0
96.0
96.0
54.0
23.0
7.0
13.0
-6.0
-14.0
2.0
10.0
14.0
51.0
48.0
5.0
8.0
32.0
45.0
56.0
-10.0
23.0
64.0
63.0
60.0
62.0
79.0
36.0
32.0
38.0
36.0
46.0
61.0
-3.0
-3.0
18.0
7.0
29.0
1.0
-2.0
15.0
-1.0
-2.0
-19.0
-26.0
-18.0
22.0
10.0
-11.0
-14.0
8.0
-1.0
-3.0
13.0
44.0
26.0
32.0
14.0
-5.0
-32.0
-42.0
-52.0
-49.0
-12.0
-6.0
-7.0
5.0
-5.0
-22.0
-34.0
-38.0
-39.0
-54.0
-44.0
-53.0
-28.0
-25.0
-27.0
-2.0
4.0
0.0
-22.0
-39.0
-6.0
-29.0
-51.0
-42.0
-74.0
-77.0
-75.0
-64.0
-37.0
-51.0
-52.0
-54.0
-45.0
-40.0
-53.0
-64.0
-73.0
-58.0
-41.0
-56.0
-50.0
-29.0
-25.0
-46.0
-69.0
-53.0
-8.0
12.0
-11.0
-1.0
-16.0
-18.0
-53.0
-92.0
-61.0
-61.0
-38.0
-45.0
-58.0
-62.0
-45.0
-48.0
-59.0
-68.0
-63.0
-65.0
-80.0
-80.0
-94.0
-72.0
-73.0
-107.0
-74.0
-70.0
-82.0
-52.0
-59.0
-96.0
-59.0
-55.0
-48.0
-21.0
-88.0
-55.0
-45.0
-27.0
-3.0
-48.0
-30.0
2.0
-5.0
24.0
27.0
-5.0
13.0
0.0
10.0
22.0
-17.0
-12.0
-13.0
-17.0
-6.0
-22.0
3.0
-5.0
3.0
-2.0
-7.0
11.0
-13.0
-12.0
8.0
-31.0
-16.0
6.0
1.0
9.0
16.0
-10.0
-11.0
-42.0
-52.0
-56.0
-69.0
-62.0
-43.0
-43.0
-8.0
-14.0
-33.0
-68.0
-67.0
-48.0
-64.0
-69.0
-47.0
-29.0
-23.0
-20.0
-23.0
-39.0
-45.0
-15.0
-43.0
-91.0
-93.0
-33.0
-55.0
-69.0
-48.0
-7.0
12.0
-8.0
-23.0
-14.0
-22.0
-25.0
-4.0
-43.0
-42.0
-48.0
-67.0
-39.0
-43.0
-40.0
-24.0
-14.0
-25.0
-52.0
-46.0
17.0
34.0
-1.0
11.0
-2.0
-36.0
-35.0
-71.0
-54.0
-40.0
-49.0
-45.0
-43.0
-49.0
-26.0
-22.0
-69.0
-97.0
-103.0
-78.0
-116.0
-87.0
-73.0
-59.0
-37.0
-55.0
-23.0
-26.0
-46.0
-82.0
-87.0
-57.0
-44.0
-82.0
-82.0
-11.0
23.0
32.0
35.0
40.0
22.0
-54.0
-95.0
-104.0
-95.0
-58.0
-77.0
-75.0
-76.0
-105.0
-93.0
-88.0
-72.0
-45.0
-81.0
-108.0
-88.0
-96.0
-89.0
-81.0
-116.0
-128.0
-107.0
-121.0
-137.0
-122.0
-99.0
-93.0
-108.0
-82.0
-53.0
-33.0
-20.0
-34.0
-40.0
-18.0
-2.0
-30.0
-49.0
-39.0
4.0
-16.0
-38.0
-20.0
-40.0
-51.0
-65.0
-71.0
-37.0
-32.0
-30.0
-39.0
-36.0
-42.0
-25.0
-29.0
-44.0
-40.0
-29.0
-31.0
-26.0
-20.0
18.0
-8.0
-8.0
-9.0
-12.0
12.0
8.0
-27.0
-3.0
22.0
42.0
25.0
18.0
58.0
47.0
-2.0
-8.0
-14.0
3.0
9.0
-17.0
4.0
-1.0
3.0
20.0
39.0
48.0
26.0
25.0
54.0
44.0
56.0
76.0
16.0
16.0
21.0
24.0
16.0
-4.0
8.0
0.0
-55.0
-27.0
-5.0
-9.0
-2.0
-30.0
-40.0
-29.0
-38.0
-57.0
-52.0
-58.0
-54.0
-48.0
-65.0
-66.0
-70.0
-54.0
-41.0
-32.0
-34.0
-20.0
-13.0
-25.0
-46.0
-25.0
-18.0
-48.0
-36.0
-53.0
-55.0
-34.0
-41.0
-25.0
-15.0
-1.0
0.0
-43.0
-45.0
-59.0
-43.0
-16.0
13.0
-3.0
-17.0
-30.0
-34.0
-31.0
-56.0
-51.0
-91.0
-92.0
-73.0
-63.0
-47.0
-33.0
-23.0
-43.0
-60.0
-55.0
-50.0
-40.0
-58.0
-32.0
-24.0
-17.0
-6.0
-1.0
-1.0
-2.0
1.0
3.0
0.0
21.0
22.0
30.0
37.0
22.0
34.0
51.0
51.0
63.0
70.0
74.0
58.0
54.0
51.0
54.0
69.0
78.0
59.0
59.0
71.0
52.0
72.0
103.0
65.0
50.0
65.0
52.0
46.0
50.0
53.0
29.0
33.0
60.0
8.0
17.0
34.0
-2.0
23.0
53.0
55.0
55.0
32.0
10.0
17.0
-27.0
5.0
40.0
27.0
21.0
24.0
14.0
23.0
1.0
-11.0
-4.0
-26.0
-16.0
13.0
30.0
53.0
62.0
65.0
80.0
93.0
91.0
82.0
69.0
63.0
33.0
30.0
51.0
49.0
48.0
64.0
72.0
79.0
80.0
65.0
90.0
87.0
91.0
101.0
93.0
71.0
76.0
83.0
84.0
57.0
72.0
68.0
81.0
54.0
39.0
53.0
50.0
51.0
39.0
34.0
27.0
33.0
31.0
21.0
20.0
25.0
44.0
43.0
28.0
53.0
70.0
81.0
106.0
64.0
48.0
61.0
22.0
4.0
4.0
-9.0
-11.0
8.0
8.0
15.0
16.0
23.0
-18.0
-14.0
-32.0
-41.0
-39.0
-37.0
-58.0
-40.0
-32.0
-29.0
-21.0
5.0
-17.0
-27.0
-45.0
-173.0
-48.0
116.0
75.0
126.0
156.0
135.0
136.0
139.0
154.0
162.0
128.0
125.0
139.0
130.0
123.0
122.0
102.0
119.0
117.0
75.0
65.0
70.0
50.0
46.0
49.0
4.0
23.0
46.0
72.0
71.0
26.0
54.0
77.0
85.0
60.0
77.0
76.0
62.0
74.0
60.0
48.0
72.0
104.0
101.0
109.0
74.0
32.0
54.0
29.0
52.0
92.0
48.0
48.0
78.0
69.0
61.0
63.0
70.0
56.0
26.0
41.0
43.0
11.0
19.0
6.0
0.0
11.0
21.0
27.0
33.0
50.0
46.0
41.0
39.0
45.0
56.0
63.0
28.0
31.0
60.0
67.0
68.0
71.0
70.0
106.0
91.0
81.0
100.0
87.0
59.0
65.0
61.0
96.0
78.0
74.0
20.0
7.0
176.0
234.0
240.0
317.0
370.0
388.0
465.0
484.0
551.0
553.0
559.0
573.0
572.0
563.0
478.0
513.0
503.0
411.0
414.0
427.0
416.0
429.0
433.0
387.0
363.0
291.0
249.0
231.0
189.0
196.0
190.0
155.0
116.0
86.0
100.0
104.0
111.0
106.0
83.0
54.0
48.0
27.0
17.0
-8.0
-21.0
-37.0
-29.0
-28.0
-39.0
-64.0
-72.0
-71.0
-82.0
-78.0
-80.0
-55.0
-40.0
-70.0
-73.0
-56.0
-92.0
-74.0
-73.0
-91.0
-103.0
-109.0
-112.0
-133.0
-126.0
-106.0
-78.0
-141.0
-24.0
-3.0
10.0
61.0
106.0
135.0
214.0
230.0
292.0
341.0
393.0
455.0
479.0
422.0
410.0
378.0
365.0
323.0
263.0
219.0
145.0
91.0
67.0
11.0
-34.0
-75.0
-96.0
-103.0
-155.0
-176.0
-202.0
-285.0
-266.0
-251.0
-300.0
-309.0
-307.0
-307.0
-306.0
-345.0
-341.0
-341.0
-358.0
-362.0
-365.0
-377.0
-351.0
-393.0
-417.0
-385.0
-402.0
-360.0
-339.0
-348.0
-328.0
-337.0
-322.0
-336.0
-350.0
-343.0
-345.0
-337.0
-313.0
-319.0
-340.0
-342.0
-325.0
-324.0
-335.0
-329.0
-315.0
-342.0
-353.0
-335.0
-302.0
-256.0
-266.0
-289.0
-251.0
-240.0
-244.0
-253.0
-270.0
-228.0
-272.0
-351.0
-225.0
-256.0
-211.0
-200.0
-185.0
-212.0
-265.0
-241.0
-225.0
-236.0
-215.0
-202.0
-201.0
-198.0
-196.0
-239.0
-233.0
-260.0
-259.0
-259.0
-266.0
-262.0
-273.0
-272.0
-270.0
-287.0
-276.0
-277.0
-245.0
-241.0
-240.0
-256.0
-287.0
-342.0
-425.0
-458.0
-440.0
-396.0
-372.0
-366.0
-367.0
-383.0
-369.0
-320.0
-322.0
-318.0
-290.0
-312.0
-296.0
-274.0
-258.0
-269.0
-281.0
-273.0
-300.0
-291.0
-287.0
-272.0
-271.0
-279.0
-276.0
-284.0
-256.0
-257.0
-304.0
-303.0
-289.0
-263.0
-246.0
-271.0
-289.0
-272.0
-243.0
-264.0
-258.0
-258.0
-245.0
-248.0
-263.0
-251.0
-218.0
-190.0
-196.0
-205.0
-204.0
-174.0
-197.0
-183.0
-164.0
-186.0
-156.0
-133.0
-143.0
-106.0
-84.0
-103.0
-131.0
-138.0
-143.0
-166.0
-200.0
-56.0
-14.0
-15.0
51.0
92.0
105.0
126.0
119.0
149.0
136.0
98.0
118.0
100.0
87.0
105.0
118.0
137.0
121.0
122.0
129.0
111.0
111.0
119.0
82.0
91.0
93.0
95.0
91.0
75.0
73.0
56.0
74.0
63.0
46.0
64.0
14.0
21.0
84.0
87.0
44.0
39.0
44.0
35.0
26.0
23.0
13.0
12.0
-6.0
3.0
-25.0
-30.0
13.0
6.0
21.0
22.0
35.0
67.0
53.0
36.0
61.0
15.0
14.0
12.0
-9.0
15.0
4.0
-22.0
10.0
15.0
29.0
14.0
-1.0
-32.0
-30.0
-3.0
1.0
-15.0
-31.0
-36.0
-62.0
-26.0
-29.0
-36.0
-2.0
-30.0
-58.0
-106.0
-11.0
52.0
52.0
83.0
59.0
41.0
45.0
48.0
34.0
20.0
27.0
48.0
59.0
24.0
54.0
58.0
62.0
61.0
46.0
79.0
50.0
37.0
54.0
26.0
24.0
33.0
28.0
34.0
34.0
23.0
49.0
68.0
53.0
44.0
48.0
48.0
64.0
76.0
67.0
70.0
52.0
37.0
54.0
61.0
68.0
86.0
23.0
5.0
29.0
74.0
61.0
13.0
39.0
44.0
36.0
47.0
36.0
-13.0
36.0
15.0
15.0
33.0
15.0
2.0
14.0
31.0
11.0
29.0
46.0
56.0
25.0
32.0
44.0
17.0
18.0
25.0
23.0
6.0
19.0
24.0
30.0
17.0
35.0
15.0
13.0
23.0
-13.0
-16.0
-10.0
-8.0
1.0
23.0
20.0
27.0
11.0
-2.0
13.0
14.0
-22.0
6.0
53.0
46.0
72.0
29.0
7.0
16.0
-9.0
-8.0
14.0
-18.0
-42.0
-21.0
-25.0
-33.0
-22.0
-41.0
-32.0
-6.0
22.0
3.0
-20.0
8.0
9.0
6.0
9.0
-34.0
-51.0
-40.0
-36.0
36.0
38.0
65.0
110.0
124.0
153.0
157.0
206.0
269.0
315.0
313.0
403.0
456.0
398.0
445.0
556.0
546.0
476.0
515.0
564.0
574.0
478.0
464.0
468.0
526.0
517.0
404.0
448.0
593.0
562.0
484.0
518.0
582.0
516.0
569.0
516.0
441.0
474.0
494.0
448.0
383.0
323.0
269.0
210.0
180.0
72.0
29.0
-19.0
-83.0
-121.0
-159.0
-180.0
-171.0
-213.0
-260.0
-277.0
-299.0
-358.0
-375.0
-383.0
-413.0
-425.0
-384.0
-396.0
-411.0
-409.0
-410.0
-395.0
-406.0
-435.0
-450.0
-463.0
-427.0
-429.0
-444.0
-444.0
-418.0
-423.0
-420.0
-402.0
-428.0
-413.0
-388.0
-402.0
-397.0
-400.0
-399.0
-420.0
-406.0
-382.0
-365.0
-372.0
-344.0
-328.0
-326.0
-325.0
-318.0
-389.0
-353.0
-318.0
-348.0
-365.0
-362.0
-377.0
-358.0
-328.0
-348.0
-319.0
-281.0
-288.0
-266.0
-286.0
-282.0
-280.0
-286.0
-290.0
-307.0
-310.0
-305.0
-306.0
-284.0
-280.0
-301.0
-272.0
-280.0
-317.0
-309.0
-319.0
-305.0
-309.0
-308.0
-307.0
-307.0
-284.0
-253.0
-246.0
-283.0
-275.0
-253.0
-224.0
-216.0
-228.0
-223.0
-213.0
-196.0
-172.0
-166.0
-182.0
-182.0
-165.0
-171.0
-197.0
-184.0
-163.0
-178.0
-158.0
-166.0
-159.0
-167.0
-216.0
-108.0
-76.0
-95.0
-71.0
-89.0
-114.0
-89.0
-84.0
-92.0
-99.0
-82.0
-90.0
-71.0
-71.0
-114.0
-131.0
-96.0
-115.0
-143.0
-121.0
-122.0
-124.0
-101.0
-140.0
-136.0
-148.0
-175.0
-193.0
-191.0
-165.0
-176.0
-195.0
-165.0
-156.0
-173.0
-139.0
-129.0
-130.0
-125.0
-131.0
-110.0
-92.0
-115.0
-114.0
-140.0
-99.0
-78.0
-83.0
-114.0
-148.0
-144.0
-93.0
-96.0
-114.0
-134.0
-133.0
-117.0
-126.0
-102.0
-99.0
-94.0
-94.0
-109.0
-103.0
-78.0
-107.0
-85.0
-58.0
-108.0
-96.0
-90.0
-76.0
-42.0
-126.0
-124.0
-134.0
-158.0
-176.0
-183.0
-191.0
-179.0
-176.0
-200.0
-197.0
-177.0
-176.0
-171.0
-195.0
-162.0
-156.0
-125.0
-117.0
-154.0
-162.0
-200.0
-222.0
-211.0
-209.0
-216.0
-187.0
-205.0
-208.0
-200.0
-174.0
-212.0
-222.0
-184.0
-152.0
-154.0
-161.0
-172.0
-270.0
-228.0
-65.0
-99.0
-45.0
-67.0
-88.0
-79.0
-74.0
-36.0
-52.0
-48.0
-41.0
-59.0
-26.0
-34.0
-30.0
-10.0
-26.0
-41.0
-23.0
-46.0
-66.0
-56.0
-43.0
-24.0
-33.0
-62.0
-67.0
-73.0
-88.0
-86.0
-66.0
-95.0
-62.0
-50.0
-29.0
-65.0
-94.0
-97.0
-95.0
-50.0
-36.0
-45.0
-64.0
-73.0
-82.0
-71.0
-52.0
-55.0
-88.0
-87.0
-31.0
-15.0
-53.0
-68.0
-58.0
-55.0
-76.0
-76.0
-65.0
-65.0
-46.0
-33.0
-33.0
-44.0
-67.0
-48.0
-58.0
-63.0
-81.0
-87.0
-72.0
-61.0
-48.0
-31.0
-40.0
-54.0
-18.0
-20.0
-51.0
-54.0
-36.0
-37.0
-36.0
-46.0
-45.0
-16.0
3.0
6.0
39.0
36.0
49.0
48.0
58.0
78.0
51.0
59.0
51.0
27.0
48.0
28.0
25.0
36.0
8.0
19.0
22.0
0.0
-53.0
-47.0
-23.0
-18.0
-13.0
2.0
-9.0
-20.0
-5.0
-29.0
-55.0
-35.0
-9.0
-10.0
0.0
26.0
-4.0
-7.0
-17.0
-51.0
-48.0
-101.0
-115.0
11.0
21.0
2.0
8.0
24.0
-1.0
26.0
36.0
61.0
83.0
71.0
37.0
23.0
41.0
39.0
46.0
49.0
40.0
33.0
11.0
11.0
31.0
-1.0
7.0
13.0
42.0
83.0
70.0
42.0
40.0
84.0
95.0
105.0
127.0
131.0
106.0
134.0
124.0
114.0
125.0
90.0
80.0
87.0
78.0
97.0
105.0
54.0
48.0
51.0
68.0
100.0
104.0
74.0
59.0
78.0
106.0
131.0
132.0
124.0
168.0
165.0
167.0
162.0
153.0
143.0
165.0
166.0
112.0
127.0
119.0
120.0
110.0
82.0
66.0
56.0
76.0
101.0
98.0
87.0
117.0
127.0
88.0
73.0
79.0
84.0
45.0
68.0
75.0
80.0
68.0
64.0
58.0
52.0
62.0
42.0
27.0
51.0
81.0
93.0
68.0
60.0
47.0
65.0
72.0
42.0
3.0
3.0
57.0
43.0
33.0
41.0
24.0
16.0
18.0
-10.0
6.0
56.0
69.0
81.0
37.0
8.0
33.0
49.0
80.0
108.0
85.0
89.0
101.0
108.0
98.0
94.0
98.0
109.0
105.0
116.0
129.0
175.0
187.0
211.0
196.0
215.0
210.0
246.0
238.0
275.0
289.0
261.0
268.0
297.0
287.0
277.0
223.0
205.0
215.0
184.0
182.0
167.0
143.0
167.0
134.0
107.0
128.0
103.0
119.0
109.0
61.0
34.0
42.0
39.0
45.0
36.0
12.0
53.0
32.0
32.0
36.0
33.0
-10.0
21.0
34.0
1.0
-25.0
-11.0
52.0
41.0
29.0
33.0
-11.0
-2.0
1.0
-7.0
-1.0
-16.0
-20.0
23.0
9.0
2.0
16.0
25.0
34.0
31.0
47.0
42.0
35.0
26.0
33.0
18.0
4.0
-23.0
4.0
36.0
3.0
5.0
13.0
17.0
-8.0
-13.0
-14.0
-4.0
23.0
-21.0
-25.0
36.0
49.0
10.0
4.0
5.0
13.0
17.0
14.0
4.0
-6.0
-31.0
-32.0
-6.0
-6.0
-22.0
-16.0
-18.0
26.0
-24.0
-18.0
-6.0
17.0
-12.0
-43.0
-23.0
16.0
-6.0
-35.0
43.0
44.0
62.0
67.0
79.0
-7.0
-20.0
-4.0
-17.0
-29.0
-11.0
-32.0
-32.0
-4.0
16.0
21.0
-2.0
-52.0
-63.0
-55.0
-56.0
-116.0
-111.0
-47.0
-48.0
-54.0
-26.0
-45.0
-20.0
-30.0
-62.0
-41.0
-39.0
-49.0
-42.0
-39.0
-6.0
6.0
-3.0
5.0
5.0
9.0
32.0
23.0
0.0
0.0
-27.0
-7.0
-8.0
-19.0
-17.0
-24.0
-3.0
2.0
-19.0
-1.0
3.0
2.0
-3.0
-30.0
-41.0
-6.0
21.0
24.0
-9.0
15.0
32.0
-14.0
-26.0
-30.0
-24.0
-15.0
-18.0
-39.0
-32.0
-13.0
16.0
14.0
-31.0
1.0
36.0
29.0
53.0
46.0
46.0
26.0
-6.0
-9.0
11.0
-12.0
-15.0
-27.0
0.0
-10.0
-69.0
-43.0
-17.0
-26.0
-1.0
-17.0
-34.0
-24.0
4.0
4.0
-30.0
-56.0
-44.0
-7.0
13.0
20.0
-3.0
7.0
7.0
-30.0
-12.0
-26.0
-21.0
-29.0
-60.0
-43.0
-17.0
-52.0
-59.0
-24.0
-32.0
-35.0
-39.0
-43.0
-32.0
-88.0
-48.0
-38.0
-26.0
-41.0
-48.0
-18.0
-2.0
4.0
49.0
22.0
-12.0
-21.0
-44.0
-68.0
-58.0
-67.0
-41.0
-6.0
-48.0
-49.0
-33.0
-14.0
-58.0
-44.0
-20.0
-18.0
-42.0
-53.0
-8.0
1.0
-23.0
-23.0
-30.0
-38.0
-17.0
-47.0
-48.0
-36.0
-40.0
-13.0
-23.0
-23.0
7.0
1.0
11.0
22.0
-13.0
20.0
23.0
37.0
16.0
2.0
13.0
-19.0
-24.0
-35.0
-24.0
-67.0
-50.0
-52.0
-41.0
-14.0
-29.0
-48.0
-23.0
-21.0
11.0
-16.0
-10.0
11.0
12.0
-13.0
-26.0
-67.0
-63.0
-56.0
-63.0
-23.0
-61.0
-72.0
-91.0
-92.0
-110.0
-113.0
-72.0
-59.0
-57.0
-62.0
-72.0
-26.0
-13.0
-18.0
-32.0
-39.0
-64.0
-63.0
-36.0
-50.0
-69.0
-53.0
-62.0
-59.0
-42.0
-50.0
-44.0
-27.0
14.0
10.0
-41.0
-47.0
-36.0
-10.0
12.0
-48.0
-55.0
-60.0
-59.0
-25.0
-27.0
-34.0
-28.0
-4.0
-3.0
-34.0
-39.0
-69.0
-126.0
-116.0
-37.0
-39.0
-50.0
-84.0
-86.0
-43.0
-36.0
-56.0
-76.0
-45.0
-21.0
-31.0
-43.0
-67.0
-92.0
-91.0
-101.0
-75.0
-55.0
-81.0
-135.0
-128.0
-130.0
-140.0
-146.0
-148.0
-131.0
-140.0
-128.0
-106.0
-74.0
-57.0
-35.0
-17.0
10.0
23.0
-27.0
-56.0
-61.0
-64.0
-18.0
-40.0
-28.0
4.0
25.0
40.0
42.0
60.0
17.0
4.0
36.0
-15.0
-18.0
32.0
23.0
11.0
-4.0
28.0
24.0
11.0
-19.0
-16.0
-9.0
-7.0
20.0
4.0
-6.0
24.0
12.0
24.0
20.0
35.0
8.0
-8.0
-29.0
-26.0
-51.0
-44.0
-55.0
-35.0
-36.0
-39.0
-7.0
-10.0
-35.0
-27.0
-21.0
-15.0
-30.0
-50.0
-62.0
-14.0
-4.0
-23.0
-4.0
-4.0
-16.0
-19.0
-8.0
-7.0
-30.0
6.0
-22.0
-49.0
-46.0
-46.0
-37.0
-64.0
-50.0
-39.0
-24.0
2.0
7.0
-4.0
17.0
27.0
-4.0
-23.0
1.0
23.0
5.0
0.0
-18.0
-24.0
-8.0
11.0
-15.0
-58.0
-39.0
-44.0
-68.0
-33.0
-40.0
-70.0
-46.0
-25.0
-26.0
-50.0
-49.0
-50.0
-43.0
-50.0
-58.0
-59.0
-41.0
-62.0
-77.0
-78.0
-97.0
-46.0
-28.0
-82.0
-86.0
-81.0
-84.0
-77.0
-106.0
-90.0
-47.0
-10.0
-68.0
-89.0
-29.0
-22.0
-55.0
-87.0
-125.0
-128.0
-148.0
-143.0
-106.0
-97.0
-129.0
-122.0
-133.0
-142.0
-188.0
-168.0
-161.0
-129.0
-70.0
-77.0
-93.0
-107.0
-128.0
-149.0
-135.0
-139.0
-166.0
-155.0
-147.0
-150.0
-146.0
-146.0
-112.0
-133.0
-156.0
-164.0
-173.0
-142.0
-155.0
-282.0
-139.0
-6.0
-11.0
11.0
36.0
21.0
-1.0
10.0
22.0
22.0
1.0
23.0
31.0
-7.0
-5.0
0.0
24.0
71.0
89.0
51.0
35.0
18.0
-5.0
-33.0
-24.0
-19.0
-40.0
-20.0
-10.0
9.0
-16.0
-16.0
-12.0
-17.0
-36.0
-38.0
-11.0
-8.0
26.0
48.0
48.0
50.0
52.0
29.0
20.0
12.0
26.0
-8.0
-32.0
-15.0
3.0
29.0
30.0
34.0
58.0
103.0
97.0
65.0
80.0
85.0
51.0
38.0
46.0
39.0
42.0
30.0
16.0
51.0
55.0
74.0
87.0
77.0
66.0
23.0
-23.0
-16.0
-18.0
-19.0
6.0
40.0
25.0
41.0
19.0
11.0
0.0
-26.0
-51.0
-23.0
16.0
21.0
36.0
59.0
30.0
24.0
22.0
1.0
9.0
20.0
-13.0
-6.0
17.0
32.0
30.0
2.0
47.0
81.0
100.0
106.0
68.0
55.0
88.0
77.0
65.0
102.0
100.0
108.0
83.0
117.0
130.0
153.0
137.0
81.0
56.0
45.0
48.0
54.0
48.0
49.0
76.0
64.0
43.0
49.0
69.0
77.0
63.0
64.0
59.0
52.0
53.0
50.0
52.0
35.0
47.0
43.0
64.0
37.0
19.0
24.0
23.0
16.0
5.0
24.0
67.0
77.0
62.0
91.0
85.0
88.0
87.0
59.0
29.0
44.0
44.0
63.0
89.0
101.0
92.0
76.0
68.0
41.0
56.0
58.0
26.0
5.0
51.0
48.0
8.0
17.0
12.0
7.0
20.0
30.0
51.0
18.0
29.0
45.0
31.0
21.0
23.0
35.0
35.0
-1.0
-7.0
18.0
32.0
23.0
18.0
11.0
36.0
21.0
25.0
40.0
25.0
23.0
31.0
41.0
46.0
18.0
38.0
41.0
7.0
1.0
31.0
26.0
16.0
22.0
6.0
0.0
28.0
51.0
14.0
13.0
31.0
49.0
49.0
36.0
16.0
11.0
29.0
46.0
30.0
41.0
84.0
101.0
87.0
134.0
188.0
161.0
175.0
227.0
259.0
288.0
297.0
361.0
404.0
388.0
412.0
393.0
394.0
414.0
383.0
325.0
327.0
361.0
362.0
338.0
330.0
323.0
310.0
304.0
289.0
222.0
209.0
199.0
182.0
175.0
126.0
138.0
111.0
24.0
69.0
69.0
22.0
25.0
24.0
51.0
49.0
7.0
42.0
52.0
31.0
9.0
-9.0
12.0
4.0
6.0
3.0
36.0
26.0
-23.0
-21.0
-45.0
10.0
17.0
12.0
42.0
26.0
35.0
23.0
38.0
6.0
45.0
60.0
19.0
10.0
12.0
33.0
48.0
50.0
63.0
56.0
67.0
80.0
88.0
69.0
77.0
98.0
62.0
55.0
69.0
36.0
42.0
44.0
13.0
13.0
-2.0
-23.0
-6.0
0.0
-18.0
-31.0
-29.0
-5.0
32.0
26.0
3.0
-2.0
8.0
-22.0
-54.0
-50.0
-68.0
-26.0
-22.0
-1.0
-36.0
-26.0
-15.0
17.0
1.0
-14.0
-12.0
23.0
-4.0
-31.0
-29.0
-16.0
-42.0
-43.0
-30.0
-33.0
-27.0
-17.0
-44.0
-38.0
-55.0
-66.0
-74.0
-71.0
-103.0
-76.0
-60.0
-92.0
-67.0
-51.0
-60.0
-77.0
-72.0
-49.0
-61.0
-58.0
-89.0
-92.0
-70.0
-54.0
-73.0
-93.0
-97.0
-100.0
-90.0
-74.0
-110.0
-101.0
-53.0
-96.0
-119.0
-102.0
-122.0
-90.0
-94.0
-91.0
-73.0
-68.0
-69.0
-73.0
-117.0
-126.0
-118.0
-127.0
-140.0
-150.0
-123.0
-114.0
-118.0
-95.0
-121.0
-124.0
-113.0
-123.0
-127.0
-92.0
-72.0
-76.0
-103.0
-117.0
-173.0
-178.0
-159.0
-156.0
-117.0
-90.0
-112.0
-113.0
-92.0
-88.0
-96.0
-104.0
-96.0
-73.0
-101.0
-99.0
-113.0
-117.0
-74.0
-109.0
-100.0
-80.0
-56.0
-90.0
-90.0
-60.0
-61.0
-62.0
-62.0
-94.0
-76.0
-54.0
-35.0
-32.0
-32.0
-26.0
-41.0
-32.0
-25.0
-49.0
-64.0
-56.0
-55.0
-40.0
-63.0
-61.0
-60.0
-54.0
-32.0
-55.0
-36.0
-37.0
-48.0
-54.0
-50.0
-68.0
-84.0
-73.0
-79.0
-72.0
-47.0
-54.0
-59.0
-65.0
-54.0
-50.0
-62.0
-52.0
-52.0
-38.0
-59.0
-67.0
-45.0
-36.0
-18.0
-5.0
-37.0
-48.0
-50.0
-21.0
-55.0
-100.0
-86.0
-56.0
-83.0
-95.0
-104.0
-88.0
-74.0
-89.0
-63.0
-59.0
-67.0
-64.0
-69.0
-75.0
-78.0
-79.0
-77.0
-73.0
-54.0
-21.0
-58.0
-63.0
-45.0
-68.0
-79.0
-83.0
-108.0
-95.0
-72.0
-76.0
-88.0
-58.0
-70.0
-48.0
-64.0
-80.0
-52.0
-37.0
-87.0
-86.0
-57.0
-72.0
-72.0
-50.0
-60.0
-65.0
-80.0
-71.0
-76.0
-78.0
-87.0
-120.0
-106.0
-102.0
-110.0
-123.0
-106.0
-99.0
-117.0
-107.0
-97.0
-109.0
-71.0
-116.0
-131.0
-111.0
-67.0
-22.0
-45.0
-54.0
-119.0
-134.0
-109.0
-101.0
-71.0
-64.0
-61.0
-98.0
-89.0
-89.0
-69.0
-92.0
-75.0
-89.0
-58.0
-39.0
-50.0
-81.0
-78.0
-54.0
-38.0
-64.0
-75.0
-74.0
-44.0
-25.0
-58.0
-56.0
-53.0
-26.0
-32.0
-44.0
-41.0
-32.0
-58.0
-36.0
-21.0
14.0
24.0
-17.0
-17.0
-16.0
-23.0
-35.0
-35.0
-57.0
-15.0
-30.0
-70.0
-40.0
-23.0
-16.0
-52.0
-70.0
-67.0
-31.0
-48.0
-44.0
-41.0
-41.0
-43.0
-46.0
-21.0
-8.0
-17.0
-48.0
-29.0
-5.0
3.0
-24.0
-10.0
-4.0
-3.0
-19.0
-15.0
-6.0
4.0
-6.0
-1.0
-29.0
-27.0
-33.0
-5.0
36.0
-1.0
-6.0
-39.0
-8.0
-11.0
-45.0
-11.0
-2.0
-14.0
-5.0
-8.0
6.0
-8.0
-4.0
15.0
11.0
38.0
43.0
17.0
-5.0
18.0
32.0
6.0
16.0
-42.0
-50.0
-31.0
-35.0
-36.0
-59.0
-48.0
-1.0
-2.0
-18.0
-26.0
-14.0
-2.0
-41.0
-34.0
-30.0
-26.0
20.0
-22.0
-31.0
-16.0
-25.0
23.0
30.0
22.0
57.0
67.0
2.0
-44.0
-56.0
-35.0
-14.0
-23.0
5.0
-1.0
-43.0
-11.0
14.0
-6.0
-24.0
-5.0
-10.0
-31.0
-21.0
-31.0
-54.0
-34.0
-13.0
-11.0
-36.0
-31.0
-9.0
12.0
-1.0
3.0
-5.0
-23.0
-17.0
-20.0
-10.0
20.0
22.0
24.0
24.0
12.0
30.0
24.0
5.0
-44.0
-63.0
-64.0
-64.0
-36.0
-17.0
-42.0
-39.0
-27.0
-11.0
8.0
-15.0
-26.0
-14.0
-16.0
-32.0
-27.0
-9.0
31.0
54.0
36.0
-5.0
-37.0
-42.0
-26.0
-30.0
-49.0
-50.0
-50.0
-11.0
-27.0
-56.0
-25.0
-25.0
-15.0
-37.0
-44.0
5.0
-14.0
-34.0
-27.0
-23.0
5.0
17.0
30.0
42.0
47.0
41.0
61.0
64.0
39.0
-1.0
-8.0
-11.0
-20.0
1.0
10.0
8.0
18.0
2.0
23.0
58.0
18.0
-3.0
-14.0
-35.0
-36.0
-20.0
4.0
6.0
4.0
44.0
56.0
39.0
6.0
6.0
21.0
-27.0
-32.0
-27.0
-34.0
-49.0
-52.0
-49.0
-24.0
1.0
-7.0
-25.0
-27.0
-21.0
-20.0
21.0
-14.0
-39.0
-39.0
-13.0
13.0
-5.0
14.0
61.0
44.0
-40.0
-49.0
-37.0
-26.0
-35.0
-90.0
-82.0
-55.0
-13.0
-20.0
-49.0
-20.0
-28.0
-14.0
-22.0
-52.0
-62.0
-44.0
-36.0
-16.0
-18.0
0.0
8.0
-8.0
-13.0
6.0
20.0
11.0
6.0
-3.0
-3.0
13.0
51.0
29.0
9.0
-31.0
-2.0
40.0
14.0
3.0
19.0
-19.0
-18.0
2.0
-12.0
-23.0
-19.0
-25.0
-8.0
-12.0
-18.0
-11.0
-11.0
21.0
-21.0
-33.0
-5.0
-4.0
7.0
-25.0
-25.0
-4.0
27.0
7.0
12.0
16.0
6.0
-21.0
-4.0
16.0
29.0
40.0
3.0
-7.0
-3.0
-13.0
-8.0
-1.0
-14.0
-23.0
-34.0
-71.0
-52.0
-29.0
-16.0
7.0
-12.0
-26.0
-1.0
-18.0
-23.0
-11.0
-8.0
-8.0
1.0
-6.0
-3.0
-26.0
-12.0
-33.0
-59.0
-58.0
-83.0
-50.0
-51.0
-43.0
-29.0
-43.0
-45.0
-35.0
-29.0
-29.0
-65.0
-63.0
-39.0
-31.0
-51.0
-62.0
-33.0
-39.0
-72.0
-47.0
-45.0
-38.0
-28.0
3.0
-11.0
-14.0
-8.0
-39.0
-43.0
-39.0
-65.0
-53.0
-48.0
-52.0
-50.0
-67.0
-52.0
-37.0
-65.0
-47.0
-73.0
-100.0
-68.0
-46.0
-45.0
-1.0
-5.0
-17.0
6.0
-69.0
-100.0
-94.0
-78.0
-63.0
-65.0
-40.0
-32.0
-49.0
-40.0
-44.0
-64.0
-21.0
-26.0
-35.0
-30.0
-56.0
-40.0
-56.0
-62.0
-31.0
-15.0
-43.0
-43.0
-35.0
-37.0
-21.0
-42.0
-67.0
-42.0
-32.0
-26.0
-17.0
-7.0
25.0
7.0
-3.0
-4.0
-7.0
-28.0
-26.0
-6.0
-16.0
-15.0
-20.0
-27.0
-5.0
-16.0
-26.0
-30.0
-50.0
-65.0
-45.0
-16.0
-36.0
-39.0
-43.0
-35.0
-21.0
-64.0
-58.0
-19.0
-16.0
-37.0
-47.0
-34.0
-59.0
-46.0
-50.0
-39.0
-42.0
-41.0
-18.0
-41.0
-29.0
-11.0
2.0
-25.0
-16.0
-7.0
-51.0
-28.0
-18.0
11.0
40.0
-44.0
-57.0
-18.0
-6.0
-5.0
-21.0
-15.0
-5.0
-31.0
-8.0
-29.0
-51.0
-4.0
-34.0
-75.0
-44.0
-37.0
-23.0
8.0
-29.0
-21.0
-14.0
-12.0
-31.0
-34.0
0.0
8.0
15.0
36.0
7.0
16.0
39.0
22.0
-4.0
-12.0
-22.0
5.0
-31.0
-37.0
1.0
1.0
-16.0
-45.0
-16.0
36.0
2.0
-4.0
-18.0
-18.0
-8.0
-3.0
-14.0
18.0
12.0
-16.0
-4.0
4.0
26.0
30.0
10.0
-12.0
-20.0
-8.0
-15.0
-27.0
-4.0
15.0
-3.0
2.0
-20.0
-36.0
-54.0
-53.0
-29.0
-22.0
-23.0
-43.0
-39.0
-38.0
-27.0
0.0
4.0
-30.0
-19.0
-18.0
-21.0
-27.0
-19.0
-5.0
-20.0
-26.0
-43.0
-15.0
-13.0
-31.0
-17.0
6.0
6.0
-44.0
-23.0
8.0
8.0
-6.0
-29.0
-25.0
-2.0
-6.0
-4.0
4.0
-7.0
-22.0
2.0
-54.0
-29.0
-47.0
-73.0
-55.0
-53.0
-49.0
-73.0
-60.0
-40.0
-14.0
-45.0
-67.0
-58.0
-62.0
-61.0
-68.0
-76.0
-16.0
-33.0
-31.0
-25.0
-30.0
-60.0
-62.0
-33.0
-39.0
-62.0
-73.0
-55.0
-41.0
-31.0
-77.0
-67.0
-78.0
-64.0
-30.0
-13.0
-39.0
-46.0
-45.0
-37.0
-52.0
-42.0
-19.0
-79.0
-66.0
-41.0
-38.0
-22.0
-12.0
-60.0
-67.0
-49.0
-35.0
-43.0
-63.0
-37.0
-22.0
-35.0
-29.0
-20.0
-19.0
-11.0
-44.0
-36.0
-30.0
-40.0
-42.0
-16.0
-26.0
-14.0
-13.0
-2.0
25.0
31.0
14.0
-28.0
-24.0
-16.0
-6.0
-25.0
-37.0
-42.0
-44.0
-24.0
-13.0
15.0
-17.0
-12.0
-16.0
-19.0
27.0
22.0
-31.0
-16.0
-42.0
-5.0
47.0
6.0
24.0
70.0
78.0
48.0
21.0
121.0
117.0
102.0
220.0
289.0
328.0
335.0
373.0
382.0
380.0
362.0
371.0
363.0
313.0
291.0
274.0
258.0
230.0
203.0
158.0
143.0
125.0
87.0
58.0
48.0
24.0
33.0
32.0
1.0
-37.0
-13.0
-10.0
-51.0
-69.0
-83.0
-80.0
-83.0
-71.0
-40.0
-46.0
-91.0
-86.0
-117.0
-98.0
-81.0
-108.0
-103.0
-123.0
-131.0
-127.0
-105.0
-50.0
-93.0
-140.0
-126.0
-102.0
-74.0
-82.0
-90.0
-112.0
-124.0
-133.0
-119.0
-86.0
-97.0
-128.0
-149.0
-131.0
-110.0
-81.0
-95.0
-78.0
-77.0
-107.0
-118.0
-144.0
-130.0
-123.0
-105.0
-105.0
-93.0
-80.0
-81.0
-98.0
-85.0
-80.0
-48.0
-102.0
-111.0
-107.0
-88.0
-96.0
-106.0
-102.0
-72.0
-94.0
-91.0
-136.0
-156.0
-130.0
-151.0
-139.0
-131.0
-124.0
-125.0
-109.0
-95.0
-79.0
-102.0
-129.0
-158.0
-141.0
-169.0
-164.0
-158.0
-126.0
-108.0
-92.0
-67.0
-82.0
-101.0
-132.0
-129.0
-142.0
-112.0
-114.0
-97.0
-120.0
-107.0
-63.0
-43.0
-26.0
-33.0
-67.0
-59.0
-40.0
-61.0
-40.0
-45.0
-34.0
-64.0
-72.0
-37.0
-51.0
-62.0
-39.0
-52.0
-12.0
13.0
5.0
5.0
-5.0
-16.0
-10.0
-8.0
-45.0
-49.0
45.0
32.0
3.0
16.0
8.0
-22.0
-41.0
-23.0
-2.0
10.0
-21.0
-23.0
-13.0
-30.0
-37.0
-53.0
-16.0
13.0
25.0
48.0
40.0
10.0
-39.0
-16.0
-3.0
36.0
-1.0
-34.0
-22.0
-1.0
7.0
23.0
23.0
13.0
10.0
1.0
1.0
13.0
-12.0
-25.0
-1.0
29.0
14.0
31.0
15.0
32.0
36.0
14.0
26.0
42.0
41.0
35.0
33.0
12.0
24.0
15.0
-20.0
13.0
-3.0
-5.0
18.0
10.0
15.0
19.0
9.0
0.0
4.0
1.0
-16.0
-25.0
-44.0
-42.0
-58.0
-18.0
8.0
-16.0
-31.0
-39.0
-49.0
-41.0
-50.0
-42.0
-33.0
9.0
-4.0
13.0
30.0
48.0
76.0
51.0
8.0
20.0
29.0
15.0
23.0
30.0
37.0
45.0
3.0
-16.0
35.0
30.0
20.0
32.0
10.0
46.0
43.0
30.0
44.0
8.0
21.0
7.0
-24.0
-22.0
-46.0
-43.0
-22.0
-23.0
4.0
4.0
36.0
81.0
73.0
79.0
91.0
53.0
53.0
51.0
43.0
24.0
6.0
19.0
48.0
34.0
6.0
-6.0
21.0
-5.0
-21.0
-9.0
4.0
20.0
7.0
11.0
1.0
-3.0
-13.0
-1.0
15.0
-1.0
9.0
-15.0
20.0
4.0
-33.0
-13.0
11.0
25.0
23.0
13.0
21.0
50.0
43.0
39.0
46.0
68.0
74.0
26.0
34.0
41.0
17.0
28.0
24.0
16.0
29.0
27.0
14.0
15.0
34.0
45.0
13.0
33.0
54.0
71.0
64.0
30.0
17.0
46.0
77.0
52.0
42.0
63.0
50.0
40.0
34.0
48.0
41.0
40.0
32.0
51.0
76.0
111.0
68.0
63.0
59.0
67.0
109.0
117.0
76.0
55.0
82.0
74.0
84.0
91.0
48.0
25.0
30.0
54.0
77.0
62.0
14.0
-11.0
24.0
35.0
20.0
5.0
18.0
56.0
59.0
51.0
73.0
61.0
53.0
40.0
33.0
29.0
12.0
24.0
2.0
-3.0
-10.0
-18.0
-17.0
-24.0
-31.0
-34.0
-8.0
3.0
-4.0
-7.0
-17.0
-5.0
22.0
-34.0
-29.0
-23.0
-23.0
6.0
-16.0
-10.0
9.0
5.0
23.0
13.0
-27.0
-26.0
-18.0
17.0
31.0
25.0
25.0
34.0
26.0
0.0
3.0
-5.0
-21.0
-9.0
-8.0
-27.0
-31.0
4.0
0.0
-8.0
-2.0
-31.0
-22.0
-14.0
-12.0
10.0
-37.0
-32.0
6.0
1.0
-7.0
7.0
25.0
2.0
37.0
44.0
67.0
77.0
65.0
69.0
70.0
62.0
80.0
76.0
68.0
65.0
78.0
69.0
58.0
73.0
63.0
32.0
20.0
25.0
33.0
-16.0
-23.0
-2.0
18.0
48.0
26.0
48.0
57.0
65.0
60.0
52.0
38.0
59.0
79.0
35.0
60.0
60.0
33.0
39.0
26.0
23.0
-11.0
-20.0
44.0
65.0
53.0
70.0
24.0
-8.0
16.0
8.0
0.0
5.0
-5.0
17.0
-3.0
-14.0
23.0
-3.0
3.0
7.0
-3.0
3.0
16.0
-5.0
-25.0
-10.0
-16.0
-6.0
3.0
-3.0
-21.0
6.0
18.0
8.0
6.0
20.0
-8.0
6.0
13.0
-2.0
5.0
19.0
32.0
15.0
4.0
36.0
35.0
33.0
69.0
60.0
77.0
73.0
55.0
67.0
34.0
23.0
27.0
56.0
58.0
15.0
10.0
51.0
44.0
53.0
60.0
38.0
52.0
64.0
68.0
65.0
72.0
87.0
86.0
31.0
-18.0
-19.0
-2.0
-20.0
-22.0
-2.0
2.0
1.0
2.0
26.0
-6.0
3.0
13.0
0.0
-2.0
2.0
7.0
19.0
21.0
-13.0
-9.0
-11.0
-29.0
-22.0
2.0
6.0
32.0
18.0
10.0
17.0
44.0
35.0
55.0
72.0
52.0
50.0
35.0
33.0
41.0
58.0
31.0
32.0
55.0
22.0
-1.0
23.0
52.0
38.0
78.0
73.0
29.0
81.0
53.0
50.0
59.0
69.0
71.0
57.0
50.0
44.0
53.0
54.0
46.0
35.0
72.0
63.0
81.0
61.0
12.0
47.0
39.0
64.0
67.0
22.0
33.0
69.0
73.0
77.0
49.0
5.0
26.0
56.0
46.0
33.0
18.0
14.0
24.0
48.0
43.0
51.0
68.0
72.0
78.0
76.0
71.0
50.0
64.0
40.0
-2.0
2.0
-9.0
18.0
11.0
-5.0
29.0
11.0
25.0
16.0
18.0
44.0
26.0
17.0
31.0
55.0
46.0
50.0
22.0
20.0
29.0
1.0
-14.0
-18.0
-26.0
-7.0
25.0
-25.0
-17.0
23.0
23.0
35.0
60.0
34.0
54.0
65.0
40.0
20.0
-4.0
-8.0
-33.0
-25.0
-38.0
-36.0
2.0
9.0
6.0
-13.0
-27.0
7.0
0.0
0.0
0.0
0.0
0.0
0.0
0.0
0.0
0.0
0.0
0.0
0.0
0.0
0.0
0.0
0.0
0.0
0.0
0.0
0.0
0.0
0.0
0.0
0.0
0.0
0.0
0.0
0.0
0.0
0.0
0.0
0.0
0.0
0.0
0.0
0.0
0.0
0.0
0.0
0.0
0.0
0.0
0.0
0.0
0.0
0.0
0.0
0.0
0.0
0.0
0.0
0.0
0.0
0.0
0.0
0.0
0.0
0.0
0.0
0.0
0.0
0.0
0.0
0.0
0.0
0.0
0.0
0.0
0.0
0.0
0.0
0.0
0.0
0.0
0.0
0.0
0.0
0.0
0.0
0.0
0.0
0.0
0.0
0.0
0.0
0.0
0.0
0.0
0.0
0.0
0.0
0.0
0.0
0.0
0.0
0.0
0.0
0.0
0.0
0.0
0.0
0.0
0.0
0.0
0.0
0.0
0.0
0.0
0.0
0.0
0.0
0.0
0.0
0.0
0.0
0.0
0.0
0.0
0.0
0.0
0.0
0.0
0.0
0.0
0.0
0.0
0.0
0.0
