-35.0
-15.0
-43.0
-82.0
-63.0
-76.0
-86.0
-58.0
-66.0
-41.0
-37.0
-54.0
-59.0
-58.0
-83.0
-72.0
-58.0
-68.0
-80.0
-60.0
-53.0
-68.0
-50.0
-56.0
-80.0
-74.0
-64.0
-83.0
-49.0
-48.0
-54.0
-40.0
-52.0
-85.0
-112.0
-97.0
-64.0
-54.0
-49.0
-43.0
-43.0
-58.0
-62.0
-60.0
-73.0
-80.0
-67.0
-53.0
-87.0
-81.0
-46.0
-66.0
-76.0
-80.0
-70.0
-25.0
-34.0
-58.0
-62.0
-45.0
-31.0
-54.0
-88.0
-49.0
-39.0
-37.0
-25.0
-31.0
-51.0
-76.0
-81.0
-76.0
-96.0
-51.0
-51.0
-93.0
-96.0
-61.0
-57.0
-50.0
-72.0
-68.0
-47.0
-57.0
-73.0
-72.0
-63.0
-40.0
-33.0
-48.0
-89.0
-105.0
-75.0
-30.0
-40.0
-53.0
-50.0
-25.0
-44.0
-76.0
-61.0
-39.0
-41.0
-64.0
-81.0
-62.0
-55.0
-69.0
-81.0
-62.0
-53.0
-81.0
-78.0
-46.0
-61.0
-72.0
-28.0
-23.0
-62.0
-79.0
-53.0
-41.0
-44.0
-40.0
-51.0
-65.0
-84.0
-58.0
-60.0
-70.0
-49.0
-43.0
-37.0
-77.0
-98.0
-69.0
-88.0
-87.0
-68.0
-76.0
-72.0
-63.0
-45.0
-67.0
-92.0
-63.0
-58.0
-80.0
-52.0
-51.0
-52.0
-69.0
-90.0
-73.0
-60.0
-74.0
-89.0
-78.0
-92.0
-73.0
-51.0
-48.0
-60.0
-89.0
-90.0
-61.0
-68.0
-75.0
-65.0
-60.0
-85.0
-103.0
-78.0
-80.0
-76.0
-74.0
-88.0
-77.0
-61.0
-80.0
-53.0
-52.0
-52.0
-26.0
-45.0
-83.0
-98.0
-72.0
-39.0
-82.0
-82.0
-65.0
-81.0
-89.0
-62.0
-58.0
-36.0
-45.0
-53.0
-48.0
-61.0
-84.0
-72.0
-60.0
-39.0
-23.0
-14.0
16.0
48.0
94.0
146.0
196.0
241.0
246.0
284.0
312.0
307.0
303.0
304.0
304.0
285.0
279.0
279.0
271.0
207.0
182.0
148.0
77.0
72.0
72.0
23.0
-12.0
-23.0
-44.0
-69.0
-114.0
-124.0
-96.0
-116.0
-160.0
-153.0
-121.0
-132.0
-164.0
-142.0
-186.0
-221.0
-206.0
-178.0
-153.0
-172.0
-205.0
-177.0
-182.0
-198.0
-177.0
-177.0
-185.0
-159.0
-172.0
-168.0
-174.0
-181.0
-166.0
-193.0
-198.0
-182.0
-179.0
-148.0
-126.0
-140.0
-140.0
-162.0
-178.0
-157.0
-135.0
-117.0
-139.0
-133.0
-96.0
-122.0
-147.0
-131.0
-129.0
-131.0
-126.0
-139.0
-115.0
-96.0
-86.0
-93.0
-94.0
-88.0
-97.0
-81.0
-60.0
-100.0
-124.0
-87.0
-69.0
-87.0
-127.0
-108.0
-68.0
-90.0
-90.0
-84.0
-110.0
-97.0
-95.0
-116.0
-109.0
-90.0
-94.0
-87.0
-78.0
-94.0
-93.0
-104.0
-100.0
-69.0
-110.0
-114.0
-90.0
-89.0
-96.0
-111.0
-102.0
-93.0
-82.0
-96.0
-125.0
-118.0
-103.0
-98.0
-122.0
-100.0
-71.0
-91.0
-136.0
-116.0
-136.0
-162.0
-89.0
-65.0
-97.0
-92.0
-100.0
-98.0
-115.0
-144.0
-126.0
-89.0
-89.0
-105.0
-112.0
-94.0
-83.0
-81.0
-77.0
-110.0
-119.0
-111.0
-105.0
-103.0
-129.0
-120.0
-96.0
-114.0
-132.0
-116.0
-109.0
-84.0
-107.0
-143.0
-111.0
-74.0
-80.0
-89.0
-103.0
-105.0
-103.0
-110.0
-86.0
-97.0
-98.0
-74.0
-77.0
-76.0
-79.0
-84.0
-69.0
-90.0
-96.0
-74.0
-77.0
-72.0
-87.0
-97.0
-103.0
-108.0
-92.0
-69.0
-99.0
-110.0
-94.0
-77.0
-73.0
-97.0
-80.0
-89.0
-108.0
-69.0
-74.0
-102.0
-92.0
-65.0
-77.0
-106.0
-113.0
-105.0
-84.0
-73.0
-87.0
-98.0
-96.0
-82.0
-96.0
-99.0
-99.0
-105.0
-97.0
-89.0
-87.0
-100.0
-103.0
-73.0
-71.0
-88.0
-86.0
-83.0
-82.0
-87.0
-80.0
-68.0
-47.0
-47.0
-59.0
-88.0
-67.0
-55.0
-92.0
-97.0
-55.0
-76.0
-62.0
-56.0
-63.0
-69.0
-87.0
-87.0
-88.0
-72.0
-51.0
-55.0
-90.0
-103.0
-105.0
-89.0
-112.0
-145.0
-87.0
-60.0
-66.0
-83.0
-111.0
-117.0
-102.0
-93.0
-78.0
-78.0
-87.0
-109.0
-120.0
-85.0
-66.0
-96.0
-114.0
-78.0
-88.0
-133.0
-126.0
-92.0
-86.0
-100.0
-62.0
-65.0
-85.0
-90.0
-90.0
-82.0
-66.0
-67.0
-82.0
-93.0
-102.0
-92.0
-96.0
-69.0
-82.0
-74.0
-54.0
-69.0
-76.0
-93.0
-92.0
-89.0
-68.0
-52.0
-64.0
-80.0
-64.0
-46.0
-51.0
-60.0
-68.0
-72.0
-75.0
-93.0
-69.0
-37.0
-62.0
-67.0
-68.0
-54.0
-45.0
-88.0
-96.0
-59.0
-46.0
-65.0
-76.0
-70.0
-97.0
-91.0
-100.0
-80.0
-77.0
-76.0
-87.0
-83.0
-77.0
-102.0
-92.0
-90.0
-94.0
-79.0
-89.0
-114.0
-95.0
-77.0
-55.0
-51.0
-89.0
-95.0
-119.0
-110.0
-60.0
-89.0
-96.0
-61.0
-64.0
-100.0
-123.0
-115.0
-78.0
-86.0
-84.0
-82.0
-81.0
-95.0
-132.0
-102.0
-64.0
-81.0
-87.0
-59.0
-63.0
-54.0
-34.0
-67.0
-86.0
-97.0
-92.0
-93.0
-92.0
-71.0
-79.0
-92.0
-73.0
-65.0
-83.0
-118.0
-112.0
-76.0
-69.0
-101.0
-98.0
-56.0
-62.0
-72.0
-93.0
-85.0
-79.0
-94.0
-88.0
-76.0
-108.0
-102.0
-70.0
-67.0
-100.0
-113.0
-107.0
-80.0
-58.0
-83.0
-77.0
-62.0
-60.0
-61.0
-96.0
-89.0
-53.0
-52.0
-61.0
-53.0
-76.0
-83.0
-55.0
-71.0
-51.0
-45.0
-107.0
-109.0
-104.0
-90.0
-64.0
-69.0
-82.0
-74.0
-78.0
-80.0
-81.0
-73.0
-82.0
-104.0
-84.0
-59.0
-67.0
-75.0
-71.0
-81.0
-60.0
-25.0
-50.0
-67.0
-61.0
-51.0
-52.0
-48.0
-56.0
-83.0
-74.0
-54.0
-57.0
-58.0
-79.0
-98.0
-107.0
-109.0
-58.0
-44.0
-58.0
-62.0
-84.0
-87.0
-82.0
-87.0
-85.0
-54.0
-71.0
-71.0
-63.0
-58.0
-54.0
-103.0
-108.0
-76.0
-79.0
-62.0
-58.0
-71.0
-73.0
-69.0
-64.0
-53.0
-65.0
-89.0
-78.0
-58.0
-62.0
-80.0
-58.0
-75.0
-121.0
-81.0
-67.0
-71.0
-65.0
-72.0
-89.0
-82.0
-74.0
-79.0
-78.0
-70.0
-44.0
-72.0
-51.0
-29.0
-37.0
-35.0
-55.0
-67.0
-63.0
-68.0
-51.0
-38.0
-40.0
-36.0
-32.0
-34.0
-45.0
-35.0
-43.0
-62.0
-23.0
-11.0
-65.0
-81.0
-44.0
-40.0
-43.0
-53.0
-64.0
-48.0
-56.0
-86.0
-83.0
-70.0
-72.0
-84.0
-103.0
-36.0
-13.0
-21.0
-53.0
-92.0
-90.0
-51.0
-51.0
-61.0
-84.0
-72.0
-62.0
-79.0
-78.0
-72.0
-70.0
-78.0
-67.0
-60.0
-59.0
-62.0
-51.0
-63.0
-65.0
-49.0
-87.0
-102.0
-47.0
-40.0
-78.0
-79.0
-57.0
-47.0
-41.0
-65.0
-91.0
-111.0
-40.0
-23.0
-73.0
-100.0
-68.0
-69.0
-77.0
-77.0
-89.0
-96.0
-64.0
-42.0
-35.0
-43.0
-46.0
-60.0
-72.0
-51.0
-44.0
-64.0
-74.0
-48.0
-33.0
-68.0
-71.0
-51.0
-69.0
-62.0
-63.0
-61.0
-40.0
-63.0
-72.0
-46.0
-49.0
-57.0
-75.0
-61.0
-33.0
-37.0
-65.0
-40.0
-70.0
-63.0
-58.0
-41.0
-22.0
-32.0
-78.0
-77.0
-73.0
-56.0
-45.0
-32.0
-63.0
-92.0
-74.0
-63.0
-79.0
-59.0
-68.0
-49.0
-33.0
-49.0
-55.0
-72.0
-68.0
-46.0
-58.0
-71.0
-64.0
-48.0
-36.0
-43.0
-62.0
-69.0
-50.0
-44.0
-53.0
-82.0
-87.0
-42.0
-71.0
-109.0
-98.0
-65.0
-55.0
-62.0
-65.0
-67.0
-69.0
-37.0
-32.0
-30.0
-30.0
-46.0
-32.0
-35.0
-22.0
39.0
53.0
37.0
54.0
77.0
73.0
64.0
91.0
141.0
131.0
124.0
158.0
134.0
149.0
173.0
156.0
149.0
149.0
133.0
126.0
108.0
129.0
157.0
178.0
168.0
143.0
184.0
248.0
208.0
146.0
138.0
171.0
159.0
133.0
128.0
63.0
16.0
22.0
-8.0
-40.0
-96.0
-110.0
-101.0
-106.0
-142.0
-161.0
-158.0
-177.0
-197.0
-201.0
-242.0
-212.0
-166.0
-166.0
-189.0
-205.0
-195.0
-231.0
-236.0
-197.0
-191.0
-200.0
-196.0
-196.0
-181.0
-157.0
-160.0
-180.0
-195.0
-181.0
-164.0
-155.0
-154.0
-165.0
-189.0
-161.0
-150.0
-159.0
-125.0
-118.0
-117.0
-148.0
-165.0
-132.0
-119.0
-145.0
-153.0
-133.0
-91.0
-94.0
-110.0
-93.0
-94.0
-116.0
-107.0
-81.0
-56.0
-47.0
-95.0
-80.0
-52.0
-65.0
-67.0
-81.0
-82.0
-76.0
-72.0
-53.0
-89.0
-87.0
-69.0
-68.0
-69.0
-56.0
-46.0
-72.0
-79.0
-48.0
-26.0
-21.0
-6.0
-25.0
-63.0
-41.0
-32.0
-37.0
-27.0
-47.0
-55.0
-39.0
-59.0
-40.0
-35.0
-45.0
-32.0
-44.0
-45.0
-76.0
-82.0
-25.0
-31.0
-48.0
-37.0
-42.0
-66.0
-75.0
-85.0
-63.0
-38.0
-36.0
-62.0
-73.0
-83.0
-81.0
-83.0
-106.0
-109.0
-77.0
-98.0
-133.0
-109.0
-94.0
-96.0
-72.0
-97.0
-152.0
-152.0
-118.0
-95.0
-107.0
-104.0
-106.0
-110.0
-105.0
-72.0
-80.0
-78.0
-68.0
-70.0
-59.0
-68.0
-67.0
-68.0
-82.0
-86.0
-74.0
-67.0
-33.0
-32.0
-69.0
-74.0
-48.0
-68.0
-62.0
-1.0
6.0
-45.0
-33.0
-15.0
-48.0
-46.0
-49.0
-72.0
-42.0
-17.0
-12.0
-34.0
-60.0
-52.0
-39.0
-74.0
-70.0
-52.0
-50.0
-68.0
-85.0
-60.0
-26.0
-67.0
-93.0
-79.0
-49.0
-37.0
-56.0
-44.0
-61.0
-86.0
-58.0
-41.0
-51.0
-48.0
-47.0
-42.0
-46.0
-62.0
-55.0
-33.0
-20.0
-23.0
-37.0
-57.0
-52.0
-21.0
1.0
-36.0
-58.0
8.0
-1.0
-77.0
-52.0
-25.0
-39.0
-43.0
-53.0
-83.0
-81.0
-74.0
-60.0
-44.0
-77.0
-65.0
-55.0
-61.0
-52.0
-46.0
-32.0
-49.0
-67.0
-52.0
-87.0
-76.0
-51.0
-24.0
-7.0
-35.0
-58.0
-42.0
-33.0
-45.0
-34.0
-54.0
-67.0
-11.0
1.0
-51.0
-36.0
-17.0
-26.0
-14.0
3.0
-5.0
-40.0
-43.0
-30.0
3.0
-23.0
-25.0
-6.0
-22.0
-42.0
-4.0
-18.0
-27.0
-17.0
-6.0
-38.0
-41.0
21.0
-14.0
-44.0
-51.0
-60.0
-7.0
-11.0
-60.0
-36.0
-21.0
-66.0
-74.0
-76.0
-40.0
-71.0
-95.0
-46.0
-24.0
-55.0
-72.0
-77.0
-50.0
-37.0
-68.0
-74.0
-67.0
-54.0
-65.0
-80.0
-58.0
-27.0
-31.0
-36.0
-66.0
-52.0
-44.0
-71.0
-68.0
-69.0
-85.0
-84.0
-88.0
-92.0
-67.0
-43.0
-56.0
-70.0
-42.0
-9.0
-46.0
-55.0
-48.0
-62.0
-32.0
-36.0
-77.0
-94.0
-60.0
-37.0
-50.0
-41.0
-60.0
-100.0
-97.0
-70.0
-88.0
-71.0
-61.0
-101.0
-61.0
-54.0
-99.0
-93.0
-96.0
-108.0
-89.0
-70.0
-86.0
-105.0
-90.0
-75.0
-69.0
-77.0
-88.0
-101.0
-61.0
-48.0
-63.0
-67.0
-80.0
-58.0
-50.0
-67.0
-30.0
-23.0
-48.0
-73.0
-106.0
-52.0
-58.0
-79.0
-55.0
-36.0
-32.0
-27.0
-63.0
-89.0
-68.0
-41.0
-45.0
-94.0
-84.0
-29.0
-53.0
-63.0
-43.0
-49.0
-59.0
-50.0
-54.0
-50.0
-64.0
-74.0
-40.0
-21.0
-25.0
-52.0
-93.0
-103.0
-64.0
-50.0
-55.0
-42.0
-46.0
-64.0
-52.0
-46.0
-53.0
-54.0
-72.0
-44.0
-39.0
-46.0
-29.0
-35.0
-54.0
-55.0
-52.0
-61.0
-74.0
-92.0
-73.0
-24.0
-18.0
-23.0
-13.0
-29.0
-9.0
25.0
23.0
42.0
80.0
135.0
169.0
192.0
249.0
286.0
250.0
279.0
313.0
307.0
290.0
284.0
293.0
269.0
232.0
184.0
147.0
140.0
120.0
45.0
33.0
31.0
-30.0
-30.0
-18.0
-50.0
-77.0
-89.0
-104.0
-127.0
-110.0
-100.0
-128.0
-134.0
-152.0
-168.0
-148.0
-139.0
-160.0
-153.0
-156.0
-162.0
-177.0
-196.0
-163.0
-146.0
-159.0
-158.0
-152.0
-166.0
-156.0
-140.0
-143.0
-154.0
-136.0
-124.0
-128.0
-106.0
-103.0
-126.0
-154.0
-148.0
-123.0
-96.0
-111.0
-114.0
-95.0
-137.0
-143.0
-120.0
-140.0
-115.0
-93.0
-110.0
-138.0
-143.0
-125.0
-118.0
-129.0
-127.0
-121.0
-122.0
-118.0
-146.0
-124.0
-109.0
-108.0
-101.0
-98.0
-102.0
-112.0
-115.0
-96.0
-87.0
-102.0
-100.0
-128.0
-128.0
-131.0
-138.0
-93.0
-86.0
-87.0
-76.0
-96.0
-126.0
-104.0
-102.0
-108.0
-130.0
-121.0
-73.0
-76.0
-97.0
-88.0
-70.0
-58.0
-62.0
-80.0
-88.0
-87.0
-74.0
-51.0
-46.0
-52.0
-79.0
-93.0
-95.0
-110.0
-73.0
-36.0
-64.0
-100.0
-87.0
-93.0
-88.0
-56.0
-78.0
-90.0
-78.0
-45.0
-68.0
-102.0
-62.0
-52.0
-57.0
-53.0
-73.0
-79.0
-71.0
-75.0
-66.0
-71.0
-43.0
-24.0
-52.0
-68.0
-53.0
-56.0
-45.0
-59.0
-45.0
-48.0
-74.0
-61.0
-40.0
-53.0
-55.0
-68.0
-84.0
-82.0
-90.0
-92.0
-91.0
-107.0
-78.0
-65.0
-93.0
-107.0
-84.0
-80.0
-88.0
-79.0
-78.0
-104.0
-108.0
-87.0
-79.0
-80.0
-90.0
-89.0
-82.0
-124.0
-123.0
-102.0
-102.0
-83.0
-64.0
-81.0
-87.0
-82.0
-100.0
-106.0
-110.0
-79.0
-53.0
-79.0
-78.0
-79.0
-87.0
-91.0
-99.0
-86.0
-59.0
-63.0
-72.0
-101.0
-106.0
-105.0
-95.0
-71.0
-68.0
-78.0
-69.0
-98.0
-135.0
-84.0
-44.0
-59.0
-101.0
-103.0
-62.0
-64.0
-90.0
-107.0
-92.0
-54.0
-63.0
-109.0
-108.0
-94.0
-74.0
-65.0
-72.0
-74.0
-80.0
-90.0
-65.0
-86.0
-82.0
-58.0
-58.0
-68.0
-70.0
-73.0
-92.0
-83.0
-52.0
-57.0
-68.0
-66.0
-85.0
-87.0
-70.0
-93.0
-54.0
-39.0
-73.0
-95.0
-83.0
-47.0
-27.0
-69.0
-117.0
-93.0
-77.0
-91.0
-84.0
-63.0
-51.0
-60.0
-78.0
-84.0
-69.0
-70.0
-105.0
-103.0
-65.0
-84.0
-77.0
-49.0
-62.0
-87.0
-71.0
-71.0
-37.0
-49.0
-97.0
-110.0
-70.0
-42.0
-58.0
-74.0
-70.0
-79.0
-89.0
-83.0
-91.0
-69.0
-63.0
-68.0
-76.0
-72.0
-71.0
-67.0
-37.0
-36.0
-61.0
-67.0
-60.0
-55.0
-53.0
-73.0
-79.0
-52.0
-32.0
-50.0
-55.0
-65.0
-80.0
-95.0
-80.0
-50.0
-70.0
-91.0
-55.0
-39.0
-77.0
-58.0
-29.0
-44.0
-57.0
-49.0
-69.0
-49.0
-28.0
-30.0
-52.0
-47.0
-30.0
-33.0
-19.0
-7.0
-59.0
-42.0
-17.0
-36.0
-56.0
-51.0
-22.0
-75.0
-115.0
-103.0
-56.0
-54.0
-77.0
-64.0
-56.0
-93.0
-108.0
-93.0
-87.0
-73.0
-55.0
-75.0
-87.0
-104.0
-101.0
-88.0
-88.0
-96.0
-64.0
-57.0
-68.0
-91.0
-98.0
-62.0
-32.0
-55.0
-51.0
-52.0
-52.0
-67.0
-61.0
-41.0
-59.0
-70.0
-52.0
-73.0
-102.0
-111.0
-91.0
-67.0
-80.0
-87.0
-70.0
-64.0
-86.0
-95.0
-79.0
-78.0
-62.0
-65.0
-89.0
-104.0
-78.0
-60.0
-59.0
-66.0
-85.0
-86.0
-67.0
-79.0
-68.0
-65.0
-87.0
-82.0
-81.0
-48.0
-44.0
-72.0
-55.0
-28.0
-41.0
-42.0
-54.0
-60.0
-36.0
-4.0
23.0
25.0
33.0
67.0
108.0
133.0
131.0
163.0
183.0
189.0
228.0
240.0
192.0
197.0
192.0
181.0
186.0
140.0
114.0
104.0
64.0
49.0
40.0
-11.0
-23.0
-30.0
-83.0
-71.0
-68.0
-90.0
-111.0
-133.0
-124.0
-127.0
-138.0
-124.0
-126.0
-109.0
-119.0
-161.0
-154.0
-155.0
-147.0
-125.0
-125.0
-132.0
-140.0
-133.0
-126.0
-149.0
-126.0
-106.0
-140.0
-130.0
-108.0
-117.0
-138.0
-135.0
-90.0
-78.0
-101.0
-107.0
-113.0
-109.0
-78.0
-75.0
-72.0
-67.0
-79.0
-74.0
-88.0
-98.0
-58.0
-79.0
-79.0
-71.0
-76.0
-78.0
-86.0
-85.0
-88.0
-81.0
-88.0
-91.0
-72.0
-68.0
-117.0
-96.0
-65.0
-79.0
-86.0
-68.0
-86.0
-87.0
-65.0
-87.0
-117.0
-109.0
-79.0
-53.0
-84.0
-95.0
-79.0
-90.0
-99.0
-115.0
-88.0
-52.0
-73.0
-94.0
-72.0
-78.0
-61.0
-80.0
-76.0
-51.0
-64.0
-77.0
-99.0
-94.0
-70.0
-96.0
-125.0
-87.0
-73.0
-84.0
-89.0
-108.0
-102.0
-93.0
-82.0
-114.0
-143.0
-118.0
-93.0
-104.0
-95.0
-83.0
-93.0
-87.0
-102.0
-84.0
-72.0
-88.0
-89.0
-69.0
-67.0
-71.0
-96.0
-101.0
-120.0
-110.0
-91.0
-95.0
-92.0
-60.0
-79.0
-122.0
-97.0
-58.0
-61.0
-67.0
-65.0
-77.0
-84.0
-84.0
-54.0
-42.0
-51.0
-69.0
-76.0
-93.0
-91.0
-54.0
-27.0
-37.0
-41.0
-56.0
-67.0
-58.0
-59.0
-53.0
-39.0
-59.0
-33.0
-32.0
-69.0
-62.0
-49.0
-48.0
-23.0
-27.0
-57.0
-89.0
-71.0
-25.0
-36.0
-74.0
-76.0
-60.0
-77.0
-82.0
-58.0
-53.0
-73.0
-81.0
-87.0
-97.0
-67.0
-26.0
-38.0
-64.0
-79.0
-59.0
-48.0
-58.0
-64.0
-68.0
-78.0
-82.0
-55.0
-52.0
-96.0
-107.0
-57.0
-58.0
-75.0
-65.0
-80.0
-76.0
-51.0
-68.0
-84.0
-97.0
-83.0
-47.0
-59.0
-78.0
-63.0
-76.0
-77.0
-103.0
-103.0
-100.0
-96.0
-71.0
-85.0
-96.0
-64.0
-68.0
-74.0
-73.0
-77.0
-61.0
-40.0
-49.0
-64.0
-67.0
-47.0
-14.0
-22.0
-42.0
-46.0
-24.0
-16.0
-52.0
-57.0
-9.0
3.0
-10.0
-26.0
-52.0
-63.0
-71.0
-57.0
-42.0
-59.0
-74.0
-64.0
-71.0
-59.0
-41.0
-23.0
-44.0
-48.0
-28.0
-41.0
-24.0
2.0
-49.0
-60.0
-15.0
-6.0
-39.0
-49.0
-33.0
-45.0
-50.0
-34.0
-54.0
-79.0
-48.0
-51.0
-54.0
-50.0
-37.0
-10.0
-31.0
-75.0
-98.0
-55.0
-32.0
-56.0
-46.0
-37.0
-37.0
-42.0
-55.0
-62.0
-64.0
-45.0
-55.0
-26.0
4.0
-10.0
-17.0
-34.0
-53.0
-59.0
-63.0
-45.0
-68.0
-86.0
-48.0
-35.0
-69.0
-83.0
-97.0
-83.0
-58.0
-54.0
-49.0
-75.0
-70.0
-51.0
-84.0
-95.0
-88.0
-76.0
-56.0
-35.0
-43.0
-52.0
-83.0
-92.0
-58.0
-45.0
-43.0
-67.0
-49.0
-21.0
-35.0
-53.0
-47.0
-42.0
-37.0
-46.0
-39.0
-21.0
-4.0
3.0
1.0
5.0
42.0
55.0
75.0
164.0
194.0
151.0
179.0
214.0
210.0
195.0
181.0
175.0
141.0
93.0
56.0
27.0
18.0
-17.0
-50.0
-31.0
-44.0
-74.0
-86.0
-96.0
-112.0
-118.0
-103.0
-102.0
-89.0
-78.0
-95.0
-128.0
-129.0
-120.0
-111.0
-104.0
-110.0
-134.0
-129.0
-103.0
-101.0
-120.0
-100.0
-63.0
-102.0
-104.0
-96.0
-112.0
-91.0
-82.0
-103.0
-99.0
-118.0
-106.0
-92.0
-100.0
-106.0
-115.0
-117.0
-68.0
-55.0
-85.0
-96.0
-90.0
-75.0
-108.0
-145.0
-135.0
-74.0
-50.0
-73.0
-93.0
-94.0
-72.0
-68.0
-64.0
-71.0
-82.0
-63.0
-64.0
-78.0
-78.0
-73.0
-60.0
-45.0
-66.0
-101.0
-113.0
-80.0
-55.0
-64.0
-66.0
-89.0
-109.0
-68.0
-72.0
-70.0
-58.0
-76.0
-76.0
-55.0
-59.0
-54.0
-99.0
-89.0
-42.0
-42.0
-51.0
-74.0
-76.0
-69.0
-68.0
-57.0
-71.0
-64.0
-69.0
-73.0
-74.0
-62.0
-66.0
-63.0
-65.0
-77.0
-80.0
-92.0
-93.0
-59.0
-57.0
-70.0
-63.0
-76.0
-90.0
-76.0
-61.0
-64.0
-64.0
-64.0
-64.0
-53.0
-49.0
-53.0
-59.0
-50.0
-58.0
-46.0
-69.0
-89.0
-59.0
-30.0
-51.0
-61.0
-45.0
-35.0
-66.0
-92.0
-49.0
-44.0
-38.0
-43.0
-99.0
-86.0
-48.0
-46.0
-46.0
-49.0
-44.0
-50.0
-71.0
-65.0
-78.0
-79.0
-34.0
-43.0
-58.0
-44.0
-45.0
-58.0
-43.0
-39.0
-62.0
-58.0
-25.0
-15.0
-44.0
-74.0
-61.0
-34.0
0.0
1.0
-24.0
-7.0
11.0
33.0
63.0
71.0
108.0
153.0
162.0
131.0
164.0
224.0
222.0
198.0
177.0
170.0
160.0
157.0
119.0
76.0
60.0
40.0
23.0
1.0
-16.0
-20.0
-44.0
-26.0
-38.0
-77.0
-60.0
-68.0
-68.0
-42.0
-56.0
-59.0
-40.0
-49.0
-58.0
-60.0
-59.0
-36.0
-33.0
-40.0
-41.0
-65.0
-60.0
-55.0
-85.0
-91.0
-79.0
-67.0
-45.0
-31.0
-36.0
-39.0
-67.0
-84.0
-109.0
-102.0
-65.0
-46.0
-60.0
-68.0
-92.0
-83.0
-86.0
-103.0
-115.0
-127.0
-107.0
-104.0
-87.0
-73.0
-100.0
-113.0
-97.0
-89.0
-65.0
-80.0
-97.0
-83.0
-65.0
-59.0
-44.0
-50.0
-80.0
-95.0
-79.0
-83.0
-95.0
-74.0
-65.0
-82.0
-82.0
-97.0
-82.0
-60.0
-95.0
-96.0
-69.0
-75.0
-84.0
-74.0
-67.0
-73.0
-78.0
-53.0
-64.0
-77.0
-92.0
-76.0
-66.0
-73.0
-89.0
-79.0
-57.0
-74.0
-92.0
-93.0
-84.0
-75.0
-50.0
-46.0
-54.0
-70.0
-83.0
-70.0
-52.0
-70.0
-102.0
-71.0
-63.0
-87.0
-72.0
-64.0
-80.0
-100.0
-96.0
-86.0
-97.0
-74.0
-70.0
-100.0
-101.0
-117.0
-129.0
-112.0
-87.0
-65.0
-53.0
-85.0
-96.0
-103.0
-75.0
-40.0
-46.0
-64.0
-67.0
-64.0
-79.0
-81.0
-58.0
-74.0
-80.0
-87.0
-83.0
-87.0
-86.0
-73.0
-91.0
-96.0
-72.0
-62.0
-63.0
-81.0
-110.0
-74.0
-58.0
-32.0
-16.0
-24.0
-10.0
26.0
54.0
95.0
159.0
220.0
212.0
231.0
223.0
250.0
304.0
309.0
271.0
261.0
268.0
210.0
197.0
218.0
201.0
166.0
114.0
76.0
50.0
58.0
40.0
-16.0
-102.0
-71.0
-62.0
-101.0
-136.0
-135.0
-143.0
-167.0
-156.0
-153.0
-163.0
-155.0
-170.0
-213.0
-196.0
-174.0
-156.0
-146.0
-172.0
-171.0
-155.0
-187.0
-199.0
-162.0
-171.0
-189.0
-204.0
-190.0
-157.0
-173.0
-156.0
-140.0
-144.0
-134.0
-150.0
-128.0
-132.0
-158.0
-150.0
-137.0
-137.0
-133.0
-124.0
-101.0
-111.0
-136.0
-122.0
-118.0
-124.0
-99.0
-79.0
-84.0
-86.0
-100.0
-108.0
-100.0
-97.0
-87.0
-90.0
-105.0
-106.0
-102.0
-89.0
-105.0
-118.0
-110.0
-102.0
-74.0
-64.0
-112.0
-105.0
-87.0
-100.0
-99.0
-96.0
-100.0
-91.0
-71.0
-87.0
-109.0
-118.0
-111.0
-92.0
-95.0
-113.0
-126.0
-110.0
-77.0
-90.0
-115.0
-122.0
-103.0
-74.0
-93.0
-83.0
-65.0
-87.0
-74.0
-87.0
-79.0
-65.0
-100.0
-58.0
-34.0
-57.0
-59.0
-68.0
-63.0
-61.0
-65.0
-52.0
-58.0
-50.0
-47.0
-72.0
-81.0
-40.0
-51.0
-63.0
-48.0
-60.0
-82.0
-56.0
-42.0
-71.0
-54.0
-40.0
-50.0
-81.0
-89.0
-86.0
-79.0
-68.0
-90.0
-85.0
-60.0
-65.0
-48.0
-70.0
-88.0
-60.0
-68.0
-67.0
-45.0
-46.0
-53.0
-77.0
-71.0
-48.0
-54.0
-74.0
-74.0
-79.0
-75.0
-87.0
-84.0
-58.0
-77.0
-71.0
-69.0
-73.0
-59.0
-71.0
-62.0
-67.0
-73.0
-43.0
-5.0
-24.0
-57.0
-63.0
-36.0
-24.0
-34.0
-25.0
-26.0
-62.0
-86.0
-84.0
-66.0
-33.0
-41.0
-60.0
-70.0
-81.0
-58.0
-51.0
-35.0
-8.0
-11.0
14.0
61.0
122.0
182.0
227.0
258.0
261.0
262.0
299.0
308.0
296.0
284.0
240.0
262.0
300.0
230.0
139.0
138.0
159.0
121.0
35.0
44.0
35.0
-15.0
-20.0
-37.0
-74.0
-117.0
-123.0
-109.0
-100.0
-108.0
-127.0
-161.0
-176.0
-166.0
-174.0
-162.0
-159.0
-159.0
-150.0
-168.0
-190.0
-155.0
-149.0
-159.0
-173.0
-178.0
-176.0
-147.0
-142.0
-176.0
-191.0
-156.0
-169.0
-209.0
-172.0
-138.0
-145.0
-155.0
-165.0
-163.0
-171.0
-180.0
-142.0
-140.0
-157.0
-144.0
-152.0
-155.0
-127.0
-130.0
-120.0
-124.0
-161.0
-152.0
-156.0
-148.0
-111.0
-123.0
-114.0
-120.0
-137.0
-141.0
-140.0
-156.0
-129.0
-87.0
-111.0
-151.0
-127.0
-93.0
-131.0
-139.0
-119.0
-136.0
-140.0
-129.0
-128.0
-119.0
-101.0
-105.0
-147.0
-133.0
-89.0
-107.0
-115.0
-101.0
-82.0
-95.0
-109.0
-84.0
-61.0
-92.0
-116.0
-92.0
-55.0
-67.0
-84.0
-92.0
-117.0
-107.0
-67.0
-77.0
-113.0
-88.0
-72.0
-91.0
-78.0
-81.0
-80.0
-53.0
-63.0
-58.0
-42.0
-61.0
-80.0
-129.0
-119.0
-50.0
-54.0
-84.0
-103.0
-93.0
-84.0
-98.0
-109.0
-95.0
-103.0
-91.0
-83.0
-105.0
-101.0
-84.0
-80.0
-86.0
-102.0
-99.0
-105.0
-92.0
-87.0
-65.0
-53.0
-76.0
-84.0
-103.0
-74.0
-50.0
-53.0
-66.0
-115.0
-112.0
-72.0
-60.0
-74.0
-74.0
-87.0
-112.0
-78.0
-26.0
-69.0
-102.0
-66.0
-46.0
-85.0
-70.0
-58.0
-78.0
-84.0
-58.0
-80.0
-128.0
-80.0
-68.0
-87.0
-57.0
-72.0
-70.0
-63.0
-66.0
-42.0
-57.0
-92.0
-74.0
-96.0
-72.0
-38.0
-66.0
-73.0
-89.0
-97.0
-69.0
-71.0
-84.0
-92.0
-92.0
-82.0
-88.0
-98.0
-76.0
-77.0
-79.0
-74.0
-89.0
-82.0
-92.0
-89.0
-52.0
-56.0
-84.0
-74.0
-68.0
-54.0
-81.0
-107.0
-83.0
-73.0
-42.0
-31.0
-55.0
-66.0
-81.0
-105.0
-79.0
-72.0
-88.0
-85.0
-89.0
-89.0
-80.0
-95.0
-109.0
-159.0
-124.0
-52.0
-72.0
-83.0
-94.0
-82.0
-30.0
-49.0
-68.0
-65.0
-70.0
-68.0
-77.0
-65.0
-60.0
-68.0
-104.0
-83.0
-70.0
-77.0
-40.0
-40.0
-62.0
-79.0
-98.0
-110.0
-98.0
-61.0
-50.0
-79.0
-83.0
-80.0
-89.0
-87.0
-63.0
-51.0
-76.0
-103.0
-99.0
-106.0
-71.0
-41.0
-64.0
-70.0
-64.0
-62.0
-73.0
-50.0
-46.0
-51.0
-69.0
-82.0
-69.0
-95.0
-112.0
-92.0
-83.0
-88.0
-101.0
-87.0
-81.0
-61.0
-44.0
-59.0
-55.0
-58.0
-96.0
-58.0
-32.0
-41.0
-37.0
-70.0
-62.0
-46.0
-69.0
-62.0
-46.0
-41.0
-31.0
-45.0
-68.0
-93.0
-76.0
-39.0
-65.0
-101.0
-78.0
-76.0
-77.0
-78.0
-79.0
-74.0
-86.0
-98.0
-88.0
-107.0
-115.0
-47.0
-70.0
-91.0
-85.0
-93.0
-86.0
-125.0
-82.0
-24.0
-48.0
-70.0
-46.0
-73.0
-89.0
-65.0
-50.0
-70.0
-98.0
-103.0
-88.0
-73.0
-88.0
-95.0
-80.0
-91.0
-113.0
-104.0
-52.0
-53.0
-65.0
-65.0
-74.0
-98.0
-110.0
-62.0
-37.0
-61.0
-45.0
-61.0
-71.0
-66.0
-67.0
-70.0
-98.0
-98.0
-52.0
-72.0
-75.0
-69.0
-77.0
-56.0
-75.0
-117.0
-108.0
-91.0
-63.0
-45.0
-58.0
-65.0
-67.0
-70.0
-63.0
-65.0
-75.0
-41.0
-64.0
-70.0
-42.0
-49.0
-38.0
-49.0
-75.0
-75.0
-70.0
-55.0
-70.0
-76.0
-57.0
-54.0
-36.0
-30.0
-51.0
-46.0
-44.0
-34.0
-27.0
-63.0
-64.0
-52.0
-65.0
-82.0
-62.0
-65.0
-82.0
-82.0
-87.0
-82.0
-101.0
-108.0
-104.0
-80.0
-69.0
-77.0
-84.0
-60.0
-101.0
-97.0
-58.0
-79.0
-99.0
-84.0
-46.0
-67.0
-109.0
-69.0
-64.0
-88.0
-80.0
-70.0
-67.0
-90.0
-73.0
-67.0
-54.0
-39.0
-48.0
-58.0
-66.0
-70.0
-74.0
-82.0
-72.0
-66.0
-60.0
-61.0
-62.0
-67.0
-52.0
-55.0
-89.0
-92.0
-52.0
-56.0
-74.0
-61.0
-60.0
-69.0
-118.0
-86.0
-48.0
-86.0
-96.0
-67.0
-55.0
-60.0
-85.0
-78.0
-71.0
-51.0
-25.0
-56.0
-69.0
-43.0
-56.0
-86.0
-55.0
-45.0
-51.0
-33.0
-60.0
-71.0
-62.0
-57.0
-53.0
-45.0
-31.0
-15.0
-58.0
-70.0
-44.0
-39.0
-34.0
-48.0
-81.0
-70.0
-56.0
-43.0
-12.0
-21.0
-57.0
-74.0
-76.0
-64.0
-77.0
-35.0
-7.0
-25.0
-36.0
-59.0
-58.0
-59.0
-65.0
-26.0
-43.0
-48.0
-39.0
-72.0
-100.0
-45.0
-24.0
-23.0
-49.0
-64.0
-51.0
-42.0
-49.0
-35.0
-26.0
-41.0
-53.0
-35.0
-11.0
-46.0
-65.0
-23.0
-5.0
-31.0
-41.0
-20.0
-13.0
-50.0
-54.0
-33.0
-43.0
-69.0
-58.0
-50.0
-40.0
-52.0
-46.0
-53.0
-77.0
-61.0
-50.0
-54.0
-33.0
-23.0
-25.0
-50.0
-51.0
-42.0
-39.0
-61.0
-84.0
-99.0
-84.0
-72.0
-47.0
-43.0
-56.0
-77.0
-99.0
-97.0
-69.0
-72.0
-50.0
-51.0
-80.0
-93.0
-91.0
-81.0
-73.0
-84.0
-91.0
-71.0
-86.0
-98.0
-73.0
-77.0
-103.0
-77.0
-51.0
-62.0
-84.0
-71.0
-45.0
-54.0
-55.0
-65.0
-81.0
-50.0
-25.0
-67.0
-73.0
-55.0
-50.0
-64.0
-70.0
-64.0
-82.0
-84.0
-59.0
-56.0
-58.0
-63.0
-96.0
-53.0
-45.0
-81.0
-118.0
-115.0
-68.0
-71.0
-80.0
-79.0
-79.0
-84.0
-105.0
-103.0
-80.0
-86.0
-109.0
-96.0
-87.0
-79.0
-58.0
-71.0
-66.0
-75.0
-83.0
-76.0
-35.0
-32.0
-18.0
-40.0
-34.0
-40.0
-49.0
-15.0
-18.0
-37.0
-28.0
-11.0
-55.0
-67.0
-30.0
8.0
-18.0
-58.0
-48.0
-51.0
-69.0
-43.0
-35.0
-27.0
-31.0
-61.0
-77.0
-44.0
-21.0
-26.0
-59.0
-53.0
-51.0
-54.0
-34.0
-35.0
-49.0
-50.0
-58.0
-34.0
-20.0
-37.0
-37.0
-41.0
-52.0
-73.0
-55.0
-20.0
-58.0
-70.0
-54.0
-53.0
-72.0
-62.0
-77.0
-55.0
-62.0
-93.0
-75.0
-74.0
-78.0
-76.0
-74.0
-84.0
-70.0
-82.0
-91.0
-61.0
-42.0
-39.0
-56.0
-57.0
-62.0
-76.0
-65.0
-33.0
-38.0
-52.0
-73.0
-96.0
-65.0
-73.0
-79.0
-88.0
-91.0
-98.0
-114.0
-65.0
-37.0
-68.0
-97.0
-116.0
-96.0
-67.0
-50.0
-50.0
-53.0
-62.0
-73.0
-86.0
-62.0
-44.0
-78.0
-54.0
-39.0
-46.0
-60.0
-74.0
-86.0
-71.0
-66.0
-71.0
-62.0
-48.0
-50.0
-67.0
-41.0
-56.0
-88.0
-49.0
-33.0
-58.0
-46.0
-23.0
-36.0
-77.0
-108.0
-57.0
-25.0
-40.0
-39.0
-36.0
-65.0
-78.0
-96.0
-63.0
-46.0
-62.0
-42.0
-34.0
-22.0
-32.0
-66.0
-62.0
-54.0
-47.0
-59.0
-64.0
-37.0
-34.0
-51.0
-61.0
-82.0
-45.0
-31.0
-60.0
-69.0
-40.0
-63.0
-27.0
-22.0
-58.0
-23.0
-11.0
-37.0
-32.0
-71.0
-68.0
-20.0
-40.0
-62.0
-43.0
-22.0
-34.0
-63.0
-81.0
-69.0
-71.0
-77.0
-51.0
-59.0
-67.0
-81.0
-88.0
-74.0
-74.0
-70.0
-84.0
-65.0
-60.0
-72.0
-89.0
-87.0
-78.0
-68.0
-67.0
-84.0
-82.0
-91.0
-97.0
-82.0
-82.0
-69.0
-95.0
-124.0
-100.0
-88.0
-79.0
-83.0
-80.0
-80.0
-86.0
-55.0
-40.0
-86.0
-92.0
-89.0
-80.0
-40.0
-21.0
-41.0
-55.0
-69.0
-72.0
-74.0
-89.0
-50.0
-53.0
-72.0
-63.0
-62.0
-73.0
-92.0
-69.0
-51.0
-61.0
-39.0
-50.0
-71.0
-60.0
-37.0
-49.0
-49.0
-58.0
-52.0
-30.0
-64.0
-76.0
-55.0
-50.0
-38.0
-34.0
-23.0
-7.0
6.0
27.0
67.0
110.0
176.0
192.0
194.0
274.0
318.0
306.0
287.0
271.0
280.0
277.0
281.0
287.0
244.0
167.0
145.0
156.0
138.0
104.0
57.0
50.0
30.0
24.0
-15.0
-7.0
-16.0
-55.0
-75.0
-63.0
-70.0
-92.0
-95.0
-101.0
-109.0
-117.0
-125.0
-116.0
-93.0
-110.0
-109.0
-109.0
-123.0
-140.0
-139.0
-125.0
-127.0
-140.0
-120.0
-115.0
-107.0
-118.0
-134.0
-137.0
-161.0
-127.0
-101.0
-100.0
-90.0
-105.0
-123.0
-121.0
-127.0
-132.0
-117.0
-113.0
-101.0
-114.0
-154.0
-127.0
-116.0
-133.0
-133.0
-129.0
-101.0
-99.0
-104.0
-93.0
-120.0
-109.0
-102.0
-107.0
-119.0
-140.0
-111.0
-79.0
-101.0
-115.0
-132.0
-139.0
-118.0
-117.0
-103.0
-78.0
-84.0
-100.0
-107.0
-121.0
-98.0
-98.0
-116.0
-102.0
-87.0
-83.0
-96.0
-112.0
-96.0
-100.0
-120.0
-107.0
-90.0
-86.0
-79.0
-92.0
-84.0
-104.0
-125.0
-95.0
-103.0
-135.0
-99.0
-45.0
-53.0
-65.0
-70.0
-89.0
-96.0
-76.0
-74.0
-84.0
-69.0
-45.0
-62.0
-75.0
-73.0
-49.0
-58.0
-95.0
-84.0
-68.0
-90.0
-87.0
-60.0
-50.0
-79.0
-95.0
-72.0
-50.0
-42.0
-55.0
-79.0
-71.0
-64.0
-29.0
-35.0
-75.0
-58.0
-44.0
-62.0
-53.0
-43.0
-65.0
-46.0
-31.0
-43.0
-48.0
-31.0
-24.0
-45.0
-70.0
-48.0
-17.0
-42.0
-74.0
-54.0
-34.0
-61.0
-111.0
-64.0
-54.0
-89.0
-77.0
-50.0
-60.0
-98.0
-117.0
-85.0
-108.0
-109.0
-62.0
-69.0
-81.0
-80.0
-78.0
-91.0
-79.0
-63.0
-61.0
-52.0
-44.0
-41.0
-58.0
-53.0
-40.0
-28.0
-58.0
-78.0
-67.0
-62.0
-58.0
-38.0
-69.0
-112.0
-82.0
-67.0
-63.0
-64.0
-70.0
-62.0
-66.0
-76.0
-72.0
-69.0
-64.0
-88.0
-82.0
-26.0
-39.0
-54.0
-51.0
-98.0
-80.0
-49.0
-71.0
-62.0
-68.0
-80.0
-52.0
-53.0
-66.0
-36.0
-36.0
-49.0
-51.0
-34.0
-37.0
-58.0
-85.0
-101.0
-60.0
3.0
-16.0
-58.0
-70.0
-101.0
-92.0
-62.0
-54.0
-65.0
-72.0
-62.0
-71.0
-90.0
-94.0
-86.0
-96.0
-116.0
-99.0
-83.0
-67.0
-68.0
-86.0
-78.0
-80.0
-44.0
-22.0
-43.0
-32.0
-59.0
-45.0
-36.0
-37.0
-60.0
-80.0
-50.0
-21.0
-42.0
-55.0
1.0
-16.0
-52.0
-52.0
-35.0
-22.0
-34.0
-5.0
-20.0
-51.0
-32.0
11.0
-7.0
-27.0
-38.0
-39.0
-86.0
-74.0
-19.0
-36.0
-41.0
-34.0
-79.0
-87.0
-52.0
-62.0
-100.0
-81.0
-63.0
-70.0
-55.0
-74.0
-109.0
-116.0
-47.0
-84.0
-108.0
-61.0
-88.0
-101.0
-55.0
-84.0
-86.0
-52.0
-42.0
-61.0
-82.0
-64.0
-47.0
-52.0
-7.0
9.0
-65.0
-81.0
-16.0
27.0
-41.0
-65.0
-42.0
-39.0
-58.0
-34.0
-4.0
-40.0
-81.0
-80.0
-65.0
-52.0
-43.0
-32.0
-25.0
-27.0
-59.0
-71.0
-86.0
-79.0
-58.0
-77.0
-73.0
-28.0
-43.0
-99.0
-91.0
-60.0
-56.0
-52.0
-59.0
-75.0
-63.0
-60.0
-52.0
-51.0
-38.0
-48.0
-62.0
-56.0
-72.0
-109.0
-79.0
-70.0
-88.0
-59.0
-72.0
-92.0
-78.0
-73.0
-79.0
-88.0
-89.0
-80.0
-80.0
-60.0
-42.0
-53.0
-60.0
-69.0
-88.0
-49.0
-43.0
-58.0
-78.0
-90.0
-55.0
-56.0
-79.0
-71.0
-46.0
-71.0
-73.0
-66.0
-62.0
-65.0
-60.0
-50.0
-75.0
-79.0
-72.0
-39.0
-3.0
-30.0
-63.0
-76.0
-90.0
-82.0
-55.0
-80.0
-84.0
-84.0
-97.0
-91.0
-118.0
-124.0
-110.0
-117.0
-118.0
-121.0
-133.0
-109.0
-93.0
-92.0
-100.0
-91.0
-106.0
-112.0
-91.0
-76.0
-105.0
-96.0
-79.0
-86.0
-73.0
-87.0
-108.0
-78.0
-51.0
-65.0
-85.0
-98.0
-58.0
-74.0
-89.0
-24.0
-44.0
-68.0
-51.0
-69.0
-66.0
-56.0
-20.0
-14.0
-60.0
-67.0
-53.0
-50.0
-23.0
-16.0
-37.0
-48.0
-41.0
-30.0
-65.0
-97.0
-51.0
-30.0
-46.0
-59.0
-90.0
-54.0
-6.0
-40.0
-69.0
-45.0
-30.0
-34.0
-54.0
-55.0
-49.0
-60.0
-48.0
-44.0
-44.0
-4.0
-40.0
-87.0
-58.0
-43.0
-34.0
-32.0
-72.0
-56.0
-41.0
-50.0
-25.0
-41.0
-41.0
-12.0
-24.0
-11.0
-9.0
-49.0
-70.0
-61.0
-33.0
-36.0
-44.0
-10.0
-40.0
-59.0
-21.0
-28.0
-39.0
-57.0
-83.0
-50.0
-24.0
-25.0
-30.0
-33.0
-26.0
-54.0
-49.0
-52.0
-44.0
-30.0
-65.0
-80.0
-48.0
-43.0
-48.0
-84.0
-75.0
-15.0
-24.0
-50.0
-24.0
-57.0
-73.0
-49.0
-45.0
-59.0
-52.0
-53.0
-34.0
-39.0
-61.0
-36.0
-55.0
-86.0
-89.0
-97.0
-76.0
-67.0
-91.0
-95.0
-88.0
-98.0
-93.0
-127.0
-140.0
-76.0
-72.0
-98.0
-92.0
-73.0
-82.0
-126.0
-101.0
-72.0
-68.0
-71.0
-81.0
-81.0
-78.0
-55.0
-61.0
-95.0
-96.0
-61.0
-77.0
-111.0
-67.0
-72.0
-82.0
-54.0
-38.0
-63.0
-69.0
-32.0
-40.0
-49.0
-65.0
-67.0
-48.0
-39.0
-58.0
-82.0
-74.0
-56.0
-52.0
-67.0
-79.0
-58.0
-50.0
-32.0
-31.0
-53.0
-74.0
-80.0
-57.0
-35.0
-34.0
-51.0
-58.0
-61.0
-71.0
-56.0
-70.0
-54.0
-39.0
-20.0
-21.0
-71.0
-59.0
-33.0
-43.0
-52.0
-44.0
-24.0
-31.0
-23.0
-21.0
-31.0
-41.0
-45.0
-40.0
-43.0
-39.0
-55.0
-36.0
-6.0
-5.0
-27.0
-39.0
-44.0
-44.0
-41.0
-27.0
-31.0
-55.0
-34.0
-21.0
-16.0
-45.0
-76.0
-46.0
-22.0
-24.0
-42.0
-62.0
-56.0
-59.0
-58.0
-6.0
3.0
-37.0
-77.0
-69.0
-40.0
-26.0
-40.0
-53.0
-42.0
-32.0
-41.0
-17.0
-12.0
-35.0
-92.0
-45.0
17.0
4.0
8.0
-2.0
-7.0
4.0
69.0
104.0
100.0
86.0
107.0
110.0
99.0
201.0
173.0
92.0
103.0
106.0
42.0
47.0
52.0
9.0
-26.0
-17.0
-12.0
-27.0
-48.0
-102.0
-100.0
-67.0
-51.0
-62.0
-94.0
-90.0
-86.0
-117.0
-112.0
-88.0
-55.0
-20.0
-9.0
8.0
92.0
145.0
165.0
228.0
288.0
308.0
292.0
271.0
296.0
290.0
290.0
302.0
278.0
270.0
268.0
211.0
221.0
234.0
176.0
91.0
55.0
133.0
129.0
11.0
-31.0
-34.0
-98.0
-76.0
-94.0
-109.0
-141.0
-163.0
-142.0
-193.0
-256.0
-211.0
-168.0
-206.0
-229.0
-232.0
-233.0
-241.0
-236.0
-216.0
-240.0
-232.0
-238.0
-237.0
-209.0
-216.0
-233.0
-250.0
-213.0
-184.0
-188.0
-183.0
-174.0
-218.0
-220.0
-200.0
-180.0
-173.0
-199.0
-182.0
-152.0
-171.0
-192.0
-168.0
-171.0
-194.0
-202.0
-190.0
-157.0
-136.0
-134.0
-157.0
-186.0
-167.0
-182.0
-184.0
-118.0
-112.0
-145.0
-129.0
-124.0
-157.0
-181.0
-148.0
-133.0
-155.0
-144.0
-140.0
-127.0
-136.0
-163.0
-134.0
-112.0
-121.0
-130.0
-135.0
-154.0
-109.0
-91.0
-112.0
-111.0
-117.0
-112.0
-116.0
-139.0
-116.0
-94.0
-114.0
-110.0
-93.0
-105.0
-98.0
-105.0
-105.0
-115.0
-121.0
-102.0
-98.0
-87.0
-73.0
-73.0
-90.0
-107.0
-136.0
-83.0
-56.0
-72.0
-76.0
-84.0
-58.0
-70.0
-120.0
-92.0
-70.0
-79.0
-54.0
-60.0
-64.0
-77.0
-57.0
-41.0
-54.0
-31.0
-53.0
-77.0
-63.0
-83.0
-76.0
-34.0
-68.0
-88.0
-58.0
-61.0
-86.0
-68.0
-46.0
-42.0
-69.0
-96.0
-93.0
-83.0
-87.0
-87.0
-69.0
-29.0
-53.0
-65.0
-79.0
-101.0
-82.0
-77.0
-74.0
-71.0
-64.0
-49.0
-67.0
-100.0
-69.0
-73.0
-84.0
-73.0
-68.0
-77.0
-71.0
-81.0
-34.0
13.0
30.0
61.0
108.0
162.0
197.0
228.0
286.0
308.0
297.0
293.0
296.0
301.0
288.0
244.0
262.0
285.0
224.0
238.0
193.0
142.0
144.0
110.0
52.0
46.0
93.0
59.0
-46.0
-79.0
-65.0
-63.0
-77.0
-104.0
-120.0
-133.0
-174.0
-176.0
-157.0
-158.0
-143.0
-165.0
-188.0
-185.0
-212.0
-208.0
-172.0
-177.0
-186.0
-188.0
-222.0
-218.0
-206.0
-167.0
-176.0
-200.0
-199.0
-184.0
-203.0
-201.0
-171.0
-151.0
-157.0
-166.0
-150.0
-155.0
-148.0
-144.0
-145.0
-148.0
-127.0
-130.0
-128.0
-138.0
-136.0
-115.0
-126.0
-135.0
-125.0
-128.0
-111.0
-139.0
-171.0
-122.0
-105.0
-101.0
-124.0
-160.0
-139.0
-158.0
-144.0
-91.0
-119.0
-123.0
-124.0
-136.0
-108.0
-131.0
-118.0
-99.0
-130.0
-147.0
-139.0
-140.0
-138.0
-154.0
-127.0
-98.0
-115.0
-110.0
-102.0
-108.0
-81.0
-104.0
-111.0
-61.0
-70.0
-104.0
-111.0
-98.0
-90.0
-101.0
-111.0
-143.0
-91.0
-74.0
-85.0
-89.0
-87.0
-82.0
-97.0
-78.0
-68.0
-105.0
-114.0
-77.0
-77.0
-100.0
-103.0
-88.0
-81.0
-96.0
-109.0
-79.0
-93.0
-117.0
-83.0
-80.0
-90.0
-105.0
-109.0
-108.0
-101.0
-90.0
-98.0
-68.0
-73.0
-93.0
-86.0
-113.0
-84.0
-69.0
-75.0
-65.0
-69.0
-92.0
-85.0
-89.0
-93.0
-82.0
-90.0
-52.0
-64.0
-107.0
-89.0
-74.0
-51.0
-66.0
-84.0
-68.0
-53.0
-71.0
-110.0
-97.0
-35.0
-43.0
-78.0
-72.0
-69.0
-65.0
-62.0
-60.0
-61.0
-53.0
-64.0
-74.0
-65.0
-85.0
-125.0
-129.0
-85.0
-80.0
-103.0
-100.0
-82.0
-73.0
-87.0
-115.0
-125.0
-92.0
-85.0
-91.0
-93.0
-103.0
-97.0
-77.0
-64.0
-68.0
-85.0
-64.0
-68.0
-67.0
-78.0
-93.0
-79.0
-59.0
-60.0
-59.0
-68.0
-63.0
-51.0
-53.0
-48.0
-63.0
-83.0
-33.0
-24.0
-55.0
-52.0
-32.0
-30.0
-75.0
-69.0
-15.0
-13.0
-24.0
-45.0
-73.0
-86.0
-42.0
-45.0
-58.0
-58.0
-33.0
-25.0
-60.0
-57.0
-44.0
-55.0
-25.0
-26.0
-26.0
-27.0
-36.0
-30.0
-27.0
-50.0
-72.0
-74.0
-61.0
-69.0
-92.0
-72.0
-49.0
-70.0
-80.0
-75.0
-53.0
-63.0
-59.0
-53.0
-57.0
-40.0
-32.0
-61.0
-69.0
-78.0
-81.0
-55.0
-58.0
-92.0
-74.0
-70.0
-85.0
-75.0
-103.0
-100.0
-79.0
-81.0
-81.0
-88.0
-90.0
-72.0
-58.0
-73.0
-53.0
-52.0
-64.0
-122.0
-118.0
-40.0
-52.0
-61.0
-38.0
-50.0
-46.0
-57.0
-84.0
-73.0
-43.0
-23.0
-64.0
-76.0
-49.0
-62.0
-68.0
-48.0
-41.0
-41.0
-81.0
-98.0
-44.0
-51.0
-88.0
-82.0
-82.0
-56.0
-47.0
-67.0
-74.0
-87.0
-81.0
-57.0
-68.0
-73.0
-79.0
-65.0
-34.0
-50.0
-37.0
-23.0
-36.0
-35.0
-5.0
27.0
100.0
150.0
172.0
200.0
257.0
281.0
285.0
296.0
284.0
270.0
269.0
284.0
243.0
197.0
198.0
167.0
107.0
84.0
87.0
93.0
46.0
-48.0
-67.0
-18.0
-30.0
-52.0
-71.0
-100.0
-119.0
-109.0
-141.0
-137.0
-100.0
-127.0
-170.0
-167.0
-148.0
-135.0
-156.0
-200.0
-196.0
-197.0
-156.0
-138.0
-173.0
-176.0
-181.0
-190.0
-211.0
-204.0
-202.0
-177.0
-165.0
-166.0
-181.0
-168.0
-155.0
-182.0
-177.0
-149.0
-157.0
-157.0
-154.0
-147.0
-120.0
-136.0
-154.0
-156.0
-156.0
-126.0
-118.0
-140.0
-135.0
-133.0
-124.0
-131.0
-121.0
-139.0
-152.0
-119.0
-116.0
-134.0
-135.0
-138.0
-134.0
-142.0
-135.0
-126.0
-125.0
-103.0
-92.0
-114.0
-134.0
-131.0
-116.0
-139.0
-153.0
-116.0
-104.0
-108.0
-122.0
-135.0
-131.0
-120.0
-112.0
-132.0
-133.0
-118.0
-110.0
-109.0
-88.0
-82.0
-102.0
-130.0
-142.0
-88.0
-68.0
-96.0
-127.0
-103.0
-72.0
-91.0
-88.0
-76.0
-80.0
-79.0
-91.0
-103.0
-112.0
-103.0
-113.0
-100.0
-86.0
-82.0
-84.0
-73.0
-79.0
-96.0
-96.0
-77.0
-82.0
-114.0
-116.0
-89.0
-105.0
-128.0
-131.0
-103.0
-68.0
-73.0
-88.0
-96.0
-87.0
-81.0
-54.0
-21.0
-58.0
-76.0
-77.0
-80.0
-60.0
-101.0
-103.0
-78.0
-56.0
-63.0
-81.0
-83.0
-95.0
-98.0
-61.0
-63.0
-81.0
-63.0
-47.0
-61.0
-48.0
-55.0
-76.0
-42.0
-67.0
-80.0
-62.0
-60.0
-58.0
-56.0
-49.0
-49.0
-82.0
-60.0
-38.0
-50.0
-56.0
-66.0
-64.0
-34.0
-47.0
-48.0
-64.0
-84.0
-79.0
-83.0
-86.0
-81.0
-93.0
-55.0
-62.0
-97.0
-74.0
-58.0
-89.0
-93.0
-89.0
-69.0
-88.0
-102.0
-77.0
-78.0
-83.0
-73.0
-72.0
-81.0
-92.0
-89.0
-73.0
-107.0
-115.0
-81.0
-64.0
-81.0
-110.0
-112.0
-114.0
-116.0
-85.0
-87.0
-106.0
-102.0
-95.0
-91.0
-90.0
-115.0
-78.0
-33.0
-67.0
-75.0
-57.0
-77.0
-91.0
-67.0
-68.0
-54.0
-77.0
-74.0
-95.0
-92.0
-71.0
-61.0
-65.0
-89.0
-63.0
-60.0
-72.0
-91.0
-92.0
-57.0
-63.0
-78.0
-59.0
-46.0
-68.0
-81.0
-67.0
-56.0
-44.0
-33.0
-50.0
-58.0
-35.0
-49.0
-54.0
-44.0
-44.0
-60.0
-57.0
-35.0
-54.0
-78.0
-68.0
-47.0
-56.0
-62.0
-67.0
-59.0
-64.0
-47.0
-23.0
-56.0
-91.0
-49.0
-38.0
-65.0
-59.0
-31.0
-51.0
-82.0
-64.0
-55.0
-89.0
-84.0
-45.0
-77.0
-71.0
-69.0
-83.0
-93.0
-103.0
-54.0
-40.0
-63.0
-58.0
-91.0
-83.0
-36.0
-66.0
-69.0
-42.0
-57.0
-93.0
-87.0
-89.0
-88.0
-85.0
-70.0
-60.0
-91.0
-95.0
-77.0
-61.0
-68.0
-70.0
-54.0
-37.0
-45.0
-51.0
-36.0
-62.0
-65.0
-39.0
-33.0
-47.0
-42.0
-27.0
-45.0
-60.0
-35.0
-56.0
-68.0
-45.0
-42.0
-47.0
-27.0
-34.0
-50.0
-40.0
-11.0
-39.0
-50.0
-29.0
-47.0
-37.0
-11.0
-40.0
-22.0
-23.0
-46.0
-45.0
-46.0
-51.0
-37.0
-37.0
-23.0
7.0
65.0
129.0
155.0
183.0
227.0
250.0
289.0
311.0
306.0
277.0
261.0
263.0
268.0
265.0
225.0
163.0
109.0
102.0
105.0
82.0
53.0
3.0
-37.0
-6.0
14.0
-30.0
-86.0
-128.0
-101.0
-88.0
-108.0
-109.0
-159.0
-176.0
-162.0
-164.0
-189.0
-213.0
-202.0
-154.0
-176.0
-213.0
-203.0
-203.0
-192.0
-206.0
-211.0
-195.0
-202.0
-214.0
-211.0
-199.0
-169.0
-167.0
-174.0
-173.0
-194.0
-182.0
-170.0
-153.0
-121.0
-160.0
-175.0
-135.0
-103.0
-128.0
-160.0
-158.0
-130.0
-123.0
-122.0
-113.0
-117.0
-107.0
-145.0
-146.0
-109.0
-143.0
-147.0
-143.0
-149.0
-136.0
-116.0
-119.0
-135.0
-154.0
-167.0
-172.0
-157.0
-99.0
-99.0
-125.0
-133.0
-152.0
-143.0
-152.0
-154.0
-121.0
-115.0
-115.0
-126.0
-143.0
-116.0
-127.0
-140.0
-116.0
-134.0
-117.0
-101.0
-111.0
-109.0
-114.0
-97.0
-81.0
-109.0
-105.0
-87.0
-83.0
-73.0
-74.0
-90.0
-102.0
-133.0
-106.0
-96.0
-127.0
-98.0
-60.0
-107.0
-102.0
-82.0
-108.0
-112.0
-74.0
-53.0
-68.0
-64.0
-38.0
-50.0
-68.0
-83.0
-68.0
-33.0
-62.0
-86.0
-38.0
-42.0
-82.0
-85.0
-57.0
-25.0
-64.0
-102.0
-70.0
-71.0
-53.0
-34.0
-62.0
-74.0
-78.0
-55.0
-50.0
-82.0
-98.0
-57.0
-61.0
-64.0
-74.0
-101.0
-77.0
-60.0
-62.0
-70.0
-82.0
-68.0
-60.0
-81.0
-87.0
-71.0
-42.0
-51.0
-69.0
-76.0
-83.0
-93.0
-84.0
-74.0
-49.0
-31.0
-62.0
-100.0
-92.0
-79.0
-70.0
-82.0
-70.0
-72.0
-93.0
-110.0
-92.0
-80.0
-82.0
-100.0
-90.0
-80.0
-97.0
-106.0
-103.0
-101.0
-91.0
-113.0
-140.0
-110.0
-70.0
-60.0
-87.0
-124.0
-119.0
-101.0
-134.0
-139.0
-95.0
-77.0
-89.0
-97.0
-104.0
-110.0
-104.0
-88.0
-113.0
-104.0
-74.0
-108.0
-133.0
-110.0
-88.0
-90.0
-90.0
-81.0
-112.0
-106.0
-62.0
-64.0
-107.0
-95.0
-100.0
-96.0
-89.0
-99.0
-93.0
-81.0
-84.0
-79.0
-78.0
-90.0
-120.0
-103.0
-54.0
-76.0
-126.0
-103.0
-79.0
-78.0
-65.0
-60.0
-55.0
-53.0
-32.0
32.0
53.0
58.0
60.0
91.0
158.0
150.0
149.0
153.0
84.0
105.0
100.0
63.0
58.0
63.0
34.0
0.0
-27.0
-58.0
-22.0
-7.0
-8.0
-25.0
-56.0
-63.0
-81.0
-76.0
-64.0
-81.0
-86.0
-90.0
-84.0
-72.0
-101.0
-128.0
-106.0
-91.0
-110.0
-116.0
-101.0
-102.0
-108.0
-76.0
-66.0
-93.0
-101.0
-110.0
-95.0
-83.0
-109.0
-87.0
-77.0
-100.0
-100.0
-87.0
-82.0
-67.0
-67.0
-50.0
-29.0
-4.0
61.0
97.0
129.0
180.0
173.0
208.0
259.0
257.0
280.0
281.0
250.0
189.0
175.0
187.0
164.0
139.0
131.0
90.0
58.0
42.0
-4.0
-20.0
-8.0
-17.0
-57.0
-80.0
-95.0
-108.0
-105.0
-116.0
-143.0
-171.0
-168.0
-184.0
-181.0
-188.0
-203.0
-193.0
-202.0
-188.0
-165.0
-188.0
-230.0
-235.0
-224.0
-228.0
-214.0
-204.0
-190.0
-182.0
-190.0
-182.0
-201.0
-214.0
-229.0
-204.0
-160.0
-167.0
-168.0
-156.0
-175.0
-196.0
-206.0
-162.0
-144.0
-171.0
-176.0
-173.0
-187.0
-165.0
-127.0
-131.0
-133.0
-166.0
-164.0
-146.0
-153.0
-125.0
-129.0
-147.0
-135.0
-117.0
-117.0
-89.0
-100.0
-100.0
-120.0
-156.0
-131.0
-86.0
-104.0
-117.0
-139.0
-148.0
-118.0
-114.0
-122.0
-121.0
-131.0
-114.0
-93.0
-77.0
-63.0
-97.0
-90.0
-89.0
-99.0
-85.0
-106.0
-108.0
-97.0
-104.0
-109.0
-104.0
-133.0
-96.0
-71.0
-99.0
-108.0
-109.0
-77.0
-85.0
-100.0
-97.0
-91.0
-71.0
-61.0
-63.0
-58.0
-35.0
-6.0
35.0
80.0
132.0
142.0
183.0
241.0
258.0
250.0
244.0
195.0
198.0
198.0
181.0
187.0
156.0
78.0
41.0
108.0
65.0
-1.0
-6.0
-10.0
-32.0
-54.0
-69.0
-84.0
-62.0
-83.0
-123.0
-83.0
-90.0
-110.0
-118.0
-162.0
-182.0
-153.0
-153.0
-129.0
-140.0
-153.0
-155.0
-157.0
-154.0
-126.0
-124.0
-129.0
-152.0
-156.0
-131.0
-134.0
-133.0
-130.0
-144.0
-143.0
-121.0
-119.0
-126.0
-135.0
-142.0
-141.0
-146.0
-123.0
-125.0
-158.0
-133.0
-115.0
-109.0
-98.0
-107.0
-118.0
-165.0
-136.0
-100.0
-109.0
-79.0
-87.0
-107.0
-106.0
-115.0
-139.0
-100.0
-74.0
-84.0
-112.0
-127.0
-109.0
-115.0
-101.0
-66.0
-72.0
-74.0
-65.0
-83.0
-117.0
-143.0
-115.0
-72.0
-86.0
-102.0
-79.0
-106.0
-135.0
-125.0
-98.0
-88.0
-114.0
-102.0
-148.0
-138.0
-73.0
-67.0
-99.0
-105.0
-128.0
-130.0
-91.0
-83.0
-102.0
-95.0
-116.0
-131.0
-89.0
-58.0
-86.0
-100.0
-86.0
-88.0
-87.0
-95.0
-117.0
-91.0
-65.0
-74.0
-74.0
-84.0
-103.0
-94.0
-70.0
-67.0
-82.0
-103.0
-83.0
-63.0
-85.0
-102.0
-89.0
-101.0
-115.0
-113.0
-78.0
-75.0
-79.0
-60.0
-80.0
-82.0
-95.0
-112.0
-108.0
-80.0
-75.0
-59.0
-88.0
-107.0
-105.0
-100.0
-118.0
-111.0
-87.0
-94.0
-108.0
-89.0
-65.0
-94.0
-93.0
-68.0
-81.0
-91.0
-91.0
-81.0
-63.0
-52.0
-33.0
-59.0
-65.0
-55.0
-60.0
-53.0
-61.0
-64.0
-61.0
-77.0
-37.0
-30.0
-89.0
-87.0
-45.0
-40.0
-41.0
-52.0
-70.0
-71.0
-50.0
-46.0
-48.0
-48.0
-48.0
-77.0
-105.0
-39.0
9.0
-12.0
-64.0
-58.0
-66.0
-77.0
-53.0
-74.0
-84.0
-42.0
-26.0
-52.0
-55.0
-70.0
-72.0
-35.0
-23.0
-45.0
-94.0
-120.0
-79.0
-57.0
-39.0
-32.0
-82.0
-99.0
-70.0
-62.0
-68.0
-79.0
-90.0
-64.0
-78.0
-85.0
-56.0
-62.0
-79.0
-84.0
-88.0
-75.0
-64.0
-69.0
-46.0
-58.0
-57.0
-60.0
-69.0
-62.0
-96.0
-67.0
-34.0
-64.0
-102.0
-82.0
-32.0
-39.0
-80.0
-87.0
-61.0
-62.0
-53.0
-46.0
-45.0
-36.0
-76.0
-95.0
-52.0
-39.0
-52.0
-40.0
-59.0
-62.0
-42.0
-59.0
-76.0
-70.0
-71.0
-68.0
-49.0
-56.0
-64.0
-72.0
-62.0
-60.0
-59.0
-60.0
-52.0
-45.0
-52.0
-72.0
-67.0
-61.0
-53.0
-46.0
-39.0
-34.0
-82.0
-83.0
-55.0
-45.0
-45.0
-53.0
-73.0
-65.0
-76.0
-78.0
-58.0
-90.0
-88.0
-73.0
-76.0
-59.0
-62.0
-66.0
-69.0
-83.0
-71.0
-23.0
-15.0
-42.0
-85.0
-70.0
-87.0
-97.0
-38.0
-55.0
-94.0
-70.0
-61.0
-71.0
-60.0
-52.0
-81.0
-88.0
-52.0
-56.0
-92.0
-85.0
-48.0
-58.0
-62.0
-53.0
-64.0
-83.0
-81.0
-69.0
-75.0
-74.0
-62.0
-87.0
-83.0
-53.0
-76.0
-81.0
-59.0
-89.0
-88.0
-51.0
-71.0
-69.0
-76.0
-63.0
-66.0
-91.0
-77.0
-70.0
-77.0
-53.0
-73.0
-127.0
-99.0
-72.0
-67.0
-101.0
-106.0
-58.0
-44.0
-69.0
-65.0
-73.0
-71.0
-62.0
-61.0
-44.0
-24.0
-27.0
6.0
37.0
65.0
93.0
133.0
115.0
107.0
147.0
166.0
148.0
99.0
72.0
45.0
87.0
75.0
3.0
32.0
27.0
-30.0
-29.0
-13.0
-18.0
-49.0
-55.0
-72.0
-67.0
-97.0
-83.0
-52.0
-63.0
-58.0
-68.0
-90.0
-142.0
-103.0
-68.0
-103.0
-103.0
-89.0
-84.0
-88.0
-128.0
-109.0
-69.0
-90.0
-73.0
-65.0
-87.0
-103.0
-110.0
-85.0
-63.0
-90.0
-109.0
-94.0
-67.0
-89.0
-114.0
-97.0
-100.0
-97.0
-107.0
-66.0
-71.0
-130.0
-100.0
-66.0
-84.0
-116.0
-129.0
-74.0
-44.0
-93.0
-95.0
-76.0
-85.0
-78.0
-81.0
-100.0
-82.0
-87.0
-105.0
-75.0
-60.0
-90.0
-85.0
-62.0
-73.0
-125.0
-120.0
-50.0
-47.0
-84.0
-82.0
-88.0
-102.0
-108.0
-107.0
-60.0
-53.0
-93.0
-82.0
-70.0
-63.0
-72.0
-48.0
-56.0
-68.0
-81.0
-63.0
-60.0
-64.0
-86.0
-105.0
-56.0
-44.0
-79.0
-71.0
-52.0
-64.0
-85.0
-103.0
-87.0
-52.0
-55.0
-88.0
-102.0
-92.0
-85.0
-81.0
-80.0
-88.0
-92.0
-78.0
-83.0
-112.0
-65.0
-35.0
-76.0
-118.0
-83.0
-22.0
-42.0
-68.0
-63.0
-86.0
-99.0
-47.0
-30.0
-56.0
-100.0
-59.0
-35.0
-76.0
-48.0
-57.0
-71.0
-43.0
-65.0
-75.0
-71.0
-97.0
-89.0
-80.0
-78.0
-51.0
-64.0
-98.0
-77.0
-53.0
-60.0
-66.0
-102.0
-83.0
-12.0
-21.0
-97.0
-117.0
-78.0
-89.0
-73.0
-6.0
-36.0
-105.0
-105.0
-41.0
-16.0
-38.0
-82.0
-85.0
-39.0
-1.0
-17.0
-62.0
-56.0
-40.0
-35.0
-11.0
-22.0
-2.0
18.0
23.0
20.0
29.0
107.0
94.0
102.0
149.0
181.0
159.0
155.0
164.0
153.0
143.0
140.0
136.0
110.0
48.0
74.0
110.0
53.0
43.0
73.0
41.0
-14.0
-52.0
-39.0
-6.0
-46.0
-77.0
-97.0
-79.0
-92.0
-101.0
-88.0
-99.0
-108.0
-130.0
-139.0
-100.0
-90.0
-94.0
-116.0
-135.0
-103.0
-78.0
-115.0
-142.0
-112.0
-99.0
-108.0
-107.0
-105.0
-108.0
-129.0
-120.0
-101.0
-99.0
-104.0
-110.0
-114.0
-84.0
-100.0
-120.0
-102.0
-128.0
-135.0
-91.0
-78.0
-69.0
-113.0
-106.0
-76.0
-88.0
-89.0
-83.0
-74.0
-40.0
-77.0
-87.0
-66.0
-76.0
-91.0
-86.0
-63.0
-54.0
-68.0
-92.0
-97.0
-97.0
-43.0
-47.0
-91.0
-100.0
-75.0
-80.0
-72.0
-79.0
-101.0
-103.0
-74.0
-79.0
-109.0
-79.0
-59.0
-91.0
-106.0
-74.0
-67.0
-100.0
-96.0
-56.0
-40.0
-93.0
-86.0
-39.0
-48.0
-65.0
-80.0
-54.0
-40.0
-54.0
-58.0
-79.0
-76.0
-70.0
-65.0
-63.0
-76.0
-59.0
-50.0
-78.0
-86.0
-96.0
-98.0
-45.0
-59.0
-90.0
-68.0
-67.0
-74.0
-45.0
-72.0
-106.0
-92.0
-117.0
-69.0
-55.0
-80.0
-83.0
-84.0
-78.0
-65.0
-87.0
-81.0
-99.0
-83.0
-45.0
-46.0
-72.0
-102.0
-91.0
-61.0
-65.0
-65.0
-82.0
-139.0
-127.0
-56.0
-74.0
-98.0
-106.0
-85.0
-106.0
-112.0
-65.0
-48.0
-84.0
-91.0
-125.0
-112.0
-64.0
-69.0
-86.0
-71.0
-34.0
-47.0
-92.0
-83.0
-52.0
-55.0
-66.0
-41.0
-59.0
-82.0
-65.0
-53.0
-16.0
-42.0
-64.0
-55.0
-49.0
-56.0
-64.0
-51.0
-19.0
-18.0
-49.0
-43.0
-36.0
-41.0
-70.0
-59.0
-50.0
-36.0
-37.0
-56.0
-52.0
-50.0
-74.0
-52.0
-8.0
-52.0
-71.0
-63.0
-56.0
-23.0
-29.0
-48.0
-49.0
-54.0
-43.0
-51.0
-79.0
-55.0
-25.0
-50.0
-75.0
-78.0
-46.0
-13.0
-24.0
-64.0
-63.0
-58.0
-59.0
-53.0
-39.0
-36.0
-37.0
-54.0
-101.0
-93.0
-52.0
-56.0
-54.0
-17.0
-42.0
-46.0
-31.0
-49.0
-92.0
-20.0
-9.0
-45.0
-27.0
-16.0
-53.0
-52.0
-30.0
-3.0
-2.0
-32.0
-48.0
-41.0
-42.0
-45.0
-35.0
-21.0
-33.0
-50.0
-69.0
-60.0
-55.0
-80.0
-49.0
-58.0
-74.0
-55.0
-60.0
-63.0
-71.0
-71.0
-56.0
-45.0
-61.0
-100.0
-63.0
-20.0
-35.0
-46.0
-59.0
-77.0
-63.0
-39.0
-82.0
-77.0
-33.0
-31.0
-36.0
-46.0
-44.0
-65.0
-87.0
-82.0
-80.0
-37.0
-27.0
-54.0
-59.0
-73.0
-90.0
-93.0
-67.0
-60.0
-84.0
-83.0
-58.0
-40.0
-67.0
-107.0
-71.0
-39.0
-28.0
-23.0
-43.0
-34.0
-22.0
-31.0
-58.0
-71.0
-29.0
-11.0
-23.0
-32.0
-52.0
-48.0
-36.0
-25.0
-23.0
-49.0
-53.0
-21.0
-13.0
-50.0
-44.0
-29.0
-40.0
-43.0
-42.0
-39.0
-51.0
-52.0
-33.0
-33.0
-26.0
-37.0
-41.0
-29.0
-31.0
-55.0
-42.0
0.0
-14.0
-71.0
-67.0
-35.0
-56.0
-39.0
-25.0
-41.0
-39.0
-52.0
-60.0
-33.0
-48.0
-48.0
-16.0
4.0
-17.0
-49.0
-31.0
4.0
-30.0
-25.0
19.0
13.0
12.0
59.0
76.0
76.0
118.0
149.0
206.0
227.0
220.0
192.0
155.0
194.0
220.0
183.0
136.0
95.0
100.0
111.0
79.0
56.0
26.0
-3.0
-18.0
-33.0
-22.0
-30.0
-67.0
-72.0
-47.0
-33.0
-50.0
-101.0
-96.0
-70.0
-88.0
-117.0
-118.0
-78.0
-53.0
-87.0
-88.0
-109.0
-150.0
-111.0
-76.0
-84.0
-114.0
-96.0
-81.0
-116.0
-136.0
-109.0
-91.0
-79.0
-106.0
-136.0
-103.0
-79.0
-97.0
-117.0
-113.0
-95.0
-82.0
-95.0
-83.0
-118.0
-120.0
-73.0
-83.0
-71.0
-84.0
-97.0
-76.0
-87.0
-133.0
-109.0
-71.0
-90.0
-123.0
-109.0
-76.0
-70.0
-88.0
-95.0
-106.0
-110.0
-99.0
-63.0
-48.0
-91.0
-122.0
-111.0
-87.0
-63.0
-70.0
-69.0
-74.0
-99.0
-112.0
-116.0
-99.0
-80.0
-81.0
-86.0
-98.0
-88.0
-68.0
-55.0
-80.0
-74.0
-64.0
-67.0
-79.0
-90.0
-58.0
-43.0
-74.0
-81.0
-74.0
-84.0
-95.0
-51.0
-38.0
-89.0
-85.0
-49.0
-59.0
-88.0
-62.0
-42.0
-84.0
-60.0
-17.0
-34.0
-37.0
-51.0
-80.0
-93.0
-64.0
-45.0
-67.0
-66.0
-33.0
-21.0
-14.0
-45.0
-89.0
-84.0
-80.0
-35.0
23.0
-12.0
-76.0
-99.0
-94.0
-38.0
-16.0
-41.0
-79.0
-92.0
-88.0
-77.0
-32.0
-23.0
-75.0
-66.0
-48.0
-61.0
-69.0
-71.0
-43.0
-27.0
-73.0
-56.0
-34.0
-50.0
-77.0
-97.0
-34.0
17.0
-11.0
-24.0
-63.0
-71.0
-79.0
-90.0
-54.0
-30.0
-49.0
-53.0
-97.0
-108.0
-47.0
-61.0
-75.0
-61.0
-80.0
-69.0
-55.0
-73.0
-81.0
-80.0
-86.0
-60.0
-53.0
-53.0
-88.0
-76.0
-31.0
-72.0
-89.0
-63.0
-50.0
-49.0
-56.0
-95.0
-88.0
-48.0
-24.0
-35.0
-59.0
-54.0
-68.0
-74.0
-32.0
-66.0
-82.0
-65.0
-69.0
-95.0
-98.0
-31.0
-36.0
-112.0
-126.0
-52.0
-35.0
-63.0
-82.0
-72.0
-48.0
-58.0
-101.0
-90.0
-27.0
-15.0
-31.0
-79.0
-63.0
-22.0
-6.0
-49.0
-88.0
-37.0
-21.0
-49.0
-43.0
-44.0
-64.0
-106.0
-92.0
-46.0
-50.0
-86.0
-68.0
-72.0
-54.0
-11.0
1.0
-13.0
-51.0
-77.0
-46.0
-32.0
-44.0
-25.0
-48.0
-81.0
-87.0
-64.0
-47.0
-50.0
-80.0
-116.0
-103.0
-33.0
-23.0
-41.0
-42.0
-60.0
-59.0
-48.0
-36.0
-29.0
-43.0
-74.0
-55.0
-51.0
-54.0
-33.0
-34.0
-14.0
-23.0
-39.0
-6.0
21.0
24.0
41.0
55.0
78.0
127.0
169.0
212.0
256.0
248.0
263.0
303.0
298.0
254.0
240.0
252.0
257.0
214.0
164.0
141.0
154.0
145.0
122.0
78.0
43.0
55.0
70.0
24.0
23.0
-10.0
-42.0
-44.0
-65.0
-52.0
-8.0
-56.0
-111.0
-116.0
-96.0
-69.0
-90.0
-88.0
-129.0
-156.0
-107.0
-92.0
-135.0
-142.0
-126.0
-129.0
-127.0
-129.0
-112.0
-92.0
-104.0
-116.0
-162.0
-137.0
-82.0
-91.0
-109.0
-133.0
-144.0
-113.0
-112.0
-116.0
-113.0
-98.0
-76.0
-88.0
-124.0
-110.0
-81.0
-69.0
-74.0
-102.0
-81.0
-68.0
-95.0
-115.0
-104.0
-90.0
-64.0
-93.0
-105.0
-98.0
-132.0
-96.0
-69.0
-96.0
-99.0
-109.0
-110.0
-76.0
-54.0
-86.0
-95.0
-107.0
-96.0
-92.0
-71.0
-69.0
-75.0
-82.0
-86.0
-87.0
-84.0
-92.0
-88.0
-80.0
-80.0
-91.0
-88.0
-97.0
-92.0
-65.0
-71.0
-103.0
-100.0
-71.0
-108.0
-106.0
-73.0
-98.0
-119.0
-127.0
-93.0
-65.0
-95.0
-83.0
-59.0
-58.0
-83.0
-78.0
-59.0
-55.0
-67.0
-60.0
-37.0
-65.0
-82.0
-74.0
-88.0
-99.0
-90.0
-52.0
-71.0
-100.0
-89.0
-91.0
-89.0
-35.0
-30.0
-73.0
-94.0
-98.0
-98.0
-74.0
-62.0
-65.0
-68.0
-44.0
-51.0
-79.0
-43.0
-17.0
-42.0
-60.0
-103.0
-69.0
-15.0
-55.0
-68.0
-64.0
-89.0
-82.0
-70.0
-60.0
-68.0
-37.0
-48.0
-85.0
-84.0
-67.0
-54.0
-48.0
-55.0
-74.0
-89.0
-64.0
-24.0
-17.0
-64.0
-71.0
-42.0
-68.0
-56.0
-38.0
-62.0
-73.0
-69.0
-61.0
-26.0
-18.0
-41.0
-70.0
-64.0
-65.0
-86.0
-43.0
-7.0
-60.0
-89.0
-88.0
-74.0
-41.0
-51.0
-80.0
-92.0
-100.0
-60.0
-50.0
-84.0
-83.0
-84.0
-112.0
-95.0
-70.0
-88.0
-96.0
-68.0
-38.0
-64.0
-104.0
-83.0
-34.0
-25.0
-46.0
-61.0
-55.0
-37.0
-53.0
-48.0
-49.0
-31.0
-40.0
-64.0
-72.0
-60.0
-66.0
-72.0
-66.0
-32.0
-40.0
-82.0
-79.0
-92.0
-119.0
-64.0
-65.0
-69.0
-66.0
-56.0
-34.0
-37.0
-49.0
-36.0
-50.0
-39.0
-48.0
-76.0
-36.0
-42.0
-60.0
-21.0
-36.0
-71.0
-44.0
-51.0
-69.0
-36.0
-8.0
-5.0
-27.0
-45.0
-44.0
-37.0
-22.0
-34.0
-53.0
-42.0
-60.0
-59.0
-59.0
-77.0
-43.0
-26.0
-52.0
-44.0
-40.0
-74.0
-40.0
-23.0
-55.0
-36.0
-23.0
-54.0
-81.0
-105.0
-81.0
-41.0
-52.0
-62.0
-54.0
-54.0
-62.0
-47.0
-75.0
-60.0
-31.0
-39.0
-56.0
-57.0
-60.0
-52.0
-11.0
-36.0
-58.0
-59.0
-46.0
-61.0
-92.0
-83.0
-56.0
-71.0
-52.0
-32.0
-45.0
-42.0
-40.0
-51.0
-78.0
-83.0
-65.0
-40.0
-15.0
-7.0
-42.0
-60.0
-43.0
-78.0
-70.0
-56.0
-31.0
-23.0
-57.0
-55.0
-21.0
-37.0
-41.0
-31.0
-26.0
-10.0
-14.0
-5.0
23.0
55.0
97.0
166.0
217.0
239.0
289.0
289.0
291.0
305.0
306.0
261.0
262.0
301.0
290.0
214.0
172.0
188.0
186.0
150.0
92.0
71.0
45.0
21.0
5.0
-34.0
-54.0
-35.0
-42.0
-70.0
-89.0
-97.0
-102.0
-116.0
-144.0
-162.0
-184.0
-170.0
-143.0
-164.0
-187.0
-186.0
-184.0
-162.0
-149.0
-168.0
-175.0
-175.0
-163.0
-178.0
-175.0
-172.0
-162.0
-134.0
-131.0
-171.0
-186.0
-164.0
-130.0
-125.0
-140.0
-165.0
-157.0
-137.0
-137.0
-161.0
-122.0
-127.0
-145.0
-133.0
-163.0
-150.0
-93.0
-89.0
-84.0
-79.0
-103.0
-118.0
-113.0
-140.0
-136.0
-79.0
-62.0
-84.0
-106.0
-109.0
-123.0
-137.0
-118.0
-106.0
-110.0
-121.0
-102.0
-69.0
-76.0
-94.0
-124.0
-109.0
-85.0
-92.0
-83.0
-76.0
-91.0
-91.0
-87.0
-109.0
-109.0
-79.0
-58.0
-67.0
-97.0
-97.0
-91.0
-93.0
-82.0
-104.0
-111.0
-63.0
-48.0
-52.0
-61.0
-53.0
-79.0
-95.0
-74.0
-72.0
-70.0
-79.0
-92.0
-82.0
-56.0
-53.0
-83.0
-95.0
-76.0
-76.0
-57.0
-72.0
-70.0
-53.0
-70.0
-74.0
-70.0
-56.0
-43.0
-71.0
-65.0
-48.0
-65.0
-72.0
-64.0
-37.0
-21.0
-48.0
-56.0
-68.0
-62.0
-56.0
-89.0
-96.0
-58.0
-20.0
3.0
-37.0
-83.0
-69.0
-42.0
-42.0
-87.0
-116.0
-52.0
-53.0
-100.0
-90.0
-101.0
-89.0
-68.0
-96.0
-86.0
-80.0
-66.0
-52.0
-78.0
-82.0
-73.0
-85.0
-88.0
-63.0
-59.0
-96.0
-95.0
-98.0
-69.0
-53.0
-81.0
-83.0
-87.0
-80.0
-54.0
-47.0
-66.0
-72.0
-67.0
-66.0
-87.0
-118.0
-98.0
-72.0
-77.0
-67.0
-51.0
-91.0
-82.0
-54.0
-62.0
-55.0
-55.0
-62.0
-58.0
-81.0
-68.0
-27.0
-30.0
-36.0
-57.0
-95.0
-68.0
-26.0
-42.0
-52.0
-74.0
-95.0
-99.0
-118.0
-87.0
-40.0
-16.0
-34.0
-69.0
-92.0
-100.0
-88.0
-68.0
-72.0
-56.0
-58.0
-67.0
-78.0
-79.0
-54.0
-45.0
-86.0
-72.0
-70.0
-112.0
-76.0
-44.0
-65.0
-78.0
-114.0
-99.0
-60.0
-41.0
-52.0
-70.0
-79.0
-86.0
-100.0
-73.0
-27.0
-37.0
-45.0
-52.0
-96.0
-89.0
-43.0
-57.0
-41.0
-52.0
-83.0
-115.0
-70.0
-12.0
-44.0
-98.0
-107.0
-109.0
-102.0
-60.0
-54.0
-75.0
-78.0
-71.0
-60.0
-79.0
-61.0
-54.0
-46.0
-41.0
-67.0
-78.0
-38.0
-13.0
-23.0
-45.0
-78.0
-77.0
-40.0
-31.0
-51.0
-84.0
-47.0
-36.0
-53.0
-40.0
-66.0
-72.0
-58.0
-76.0
-57.0
-32.0
-65.0
-57.0
-43.0
-53.0
-52.0
-55.0
-52.0
-43.0
-59.0
-63.0
-81.0
-84.0
-49.0
-48.0
-50.0
-59.0
-86.0
-102.0
-81.0
-74.0
-74.0
-99.0
-97.0
-66.0
-73.0
-76.0
-85.0
-82.0
-46.0
-51.0
-95.0
-104.0
-69.0
-48.0
-57.0
-59.0
-70.0
-78.0
-59.0
-71.0
-84.0
-46.0
-27.0
-44.0
-82.0
-77.0
-63.0
-64.0
-64.0
-39.0
-74.0
-100.0
-72.0
-60.0
-36.0
-43.0
-87.0
-107.0
-78.0
-85.0
-92.0
-55.0
-51.0
-67.0
-86.0
-107.0
-131.0
-115.0
-61.0
-22.0
-31.0
-54.0
-79.0
-104.0
-100.0
-67.0
-39.0
-42.0
-41.0
-24.0
-27.0
-42.0
-71.0
-117.0
-96.0
-23.0
-13.0
-57.0
-65.0
-58.0
-73.0
-105.0
-79.0
-93.0
-100.0
-69.0
-54.0
-71.0
-80.0
-91.0
-90.0
-59.0
-71.0
-54.0
-57.0
-54.0
-78.0
-115.0
-111.0
-84.0
-49.0
-41.0
-63.0
-79.0
-74.0
-79.0
-89.0
-98.0
-50.0
-16.0
-37.0
-62.0
-55.0
-24.0
-30.0
-87.0
-108.0
-59.0
-41.0
-56.0
-69.0
-58.0
-36.0
-74.0
-88.0
-48.0
-70.0
-82.0
-62.0
-54.0
-71.0
-80.0
-53.0
-48.0
-70.0
-45.0
-41.0
-68.0
-54.0
-56.0
-55.0
-30.0
-42.0
-58.0
-68.0
-56.0
-30.0
-45.0
-32.0
-31.0
-61.0
-68.0
-60.0
-30.0
-24.0
-48.0
-54.0
-55.0
-98.0
-87.0
-36.0
-35.0
-29.0
-33.0
-61.0
-76.0
-82.0
-83.0
-67.0
-46.0
-44.0
-33.0
-39.0
-55.0
-68.0
-37.0
-20.0
-45.0
-46.0
-62.0
-60.0
-48.0
-49.0
-6.0
2.0
-26.0
-61.0
-83.0
-43.0
-15.0
-43.0
-56.0
-52.0
-64.0
-71.0
-105.0
-80.0
-41.0
-21.0
-20.0
-51.0
-62.0
-63.0
-56.0
-54.0
-65.0
-50.0
-20.0
-22.0
-50.0
-42.0
-34.0
-40.0
-65.0
-102.0
-68.0
-22.0
-39.0
-50.0
-41.0
-34.0
-58.0
-81.0
-54.0
-40.0
-44.0
-34.0
-56.0
-80.0
-40.0
-18.0
-40.0
-45.0
-16.0
-10.0
-12.0
-16.0
-41.0
-36.0
-40.0
12.0
28.0
11.0
-33.0
-25.0
-18.0
-50.0
-64.0
-7.0
7.0
1.0
-35.0
-63.0
-26.0
-25.0
-40.0
-12.0
-15.0
-43.0
-45.0
-18.0
-32.0
-49.0
-22.0
-32.0
-63.0
-71.0
-40.0
-32.0
-34.0
-52.0
-79.0
-51.0
-52.0
-65.0
-33.0
-20.0
-11.0
-41.0
-69.0
-66.0
-96.0
-79.0
-47.0
-72.0
-70.0
-76.0
-48.0
-59.0
-85.0
-51.0
-26.0
-30.0
-58.0
-89.0
-36.0
-12.0
-30.0
-46.0
-56.0
-46.0
-62.0
-62.0
-32.0
-31.0
-85.0
-62.0
-54.0
-59.0
-44.0
-54.0
-72.0
-65.0
-56.0
-59.0
-84.0
-80.0
-22.0
-45.0
-84.0
-86.0
-97.0
-78.0
-70.0
-60.0
-49.0
-72.0
-86.0
-86.0
-78.0
-69.0
-92.0
-85.0
-69.0
-76.0
-56.0
-69.0
-86.0
-52.0
-58.0
-74.0
-76.0
-65.0
-23.0
-29.0
-44.0
-30.0
-35.0
-50.0
-68.0
-79.0
-76.0
-41.0
-43.0
-54.0
-52.0
-32.0
-14.0
-54.0
-54.0
-9.0
-7.0
-15.0
-42.0
-22.0
-19.0
-13.0
33.0
24.0
8.0
32.0
84.0
114.0
145.0
145.0
206.0
232.0
266.0
289.0
247.0
209.0
216.0
206.0
230.0
192.0
173.0
159.0
112.0
83.0
56.0
63.0
-10.0
-14.0
41.0
37.0
-25.0
-89.0
-118.0
-98.0
-101.0
-103.0
-95.0
-102.0
-150.0
-157.0
-114.0
-131.0
-124.0
-138.0
-138.0
-144.0
-135.0
-122.0
-110.0
-124.0
-121.0
-130.0
-127.0
-116.0
-125.0
-146.0
-134.0
-125.0
-107.0
-111.0
-110.0
-112.0
-149.0
-129.0
-85.0
-82.0
-136.0
-122.0
-74.0
-79.0
-97.0
-103.0
-103.0
-90.0
-58.0
-65.0
-115.0
-116.0
-98.0
-89.0
-97.0
-81.0
-80.0
-103.0
-85.0
-59.0
-87.0
-121.0
-105.0
-106.0
-72.0
-59.0
-95.0
-88.0
-70.0
-62.0
-50.0
-73.0
-90.0
-109.0
-101.0
-59.0
-65.0
-74.0
-59.0
-63.0
-81.0
-116.0
-106.0
-36.0
-39.0
-89.0
-104.0
-93.0
-56.0
-57.0
-91.0
-93.0
-76.0
-59.0
-82.0
-116.0
-113.0
-99.0
-61.0
-36.0
-78.0
-94.0
-61.0
-74.0
-81.0
-76.0
-68.0
-72.0
-68.0
-70.0
-61.0
-78.0
-77.0
-63.0
-63.0
-69.0
-71.0
-96.0
-93.0
-74.0
-52.0
-78.0
-96.0
-74.0
-45.0
-58.0
-92.0
-67.0
-51.0
-64.0
-39.0
-32.0
-44.0
-60.0
-90.0
-82.0
-11.0
-6.0
-38.0
-46.0
-60.0
-69.0
-56.0
-36.0
-15.0
-46.0
-80.0
-61.0
-49.0
-62.0
-49.0
-15.0
-19.0
-63.0
-69.0
-53.0
-45.0
-26.0
-16.0
-74.0
-54.0
11.0
-17.0
-53.0
-91.0
-76.0
-30.0
-33.0
-28.0
-57.0
-84.0
-79.0
-67.0
-71.0
-67.0
-32.0
-20.0
-30.0
-36.0
-45.0
-59.0
-67.0
-35.0
-31.0
-37.0
-46.0
-41.0
-42.0
-62.0
-74.0
-39.0
-27.0
-29.0
-42.0
-68.0
-57.0
-22.0
-18.0
-33.0
-54.0
-46.0
-54.0
-54.0
-26.0
-41.0
-65.0
-48.0
-44.0
-41.0
-40.0
-71.0
-71.0
-64.0
-40.0
-18.0
-42.0
-50.0
-55.0
-58.0
-56.0
-43.0
-45.0
-61.0
-79.0
-63.0
-54.0
-49.0
-51.0
-66.0
-39.0
-50.0
-55.0
-23.0
-33.0
-90.0
-69.0
-40.0
-55.0
-52.0
-46.0
-64.0
-68.0
-54.0
-35.0
-55.0
-76.0
-74.0
-50.0
-40.0
-41.0
-52.0
-24.0
-19.0
-40.0
-24.0
2.0
-13.0
-59.0
-84.0
-62.0
-45.0
-40.0
-31.0
-23.0
-5.0
10.0
50.0
129.0
156.0
168.0
234.0
288.0
297.0
259.0
277.0
297.0
239.0
244.0
269.0
194.0
162.0
158.0
139.0
135.0
116.0
38.0
31.0
22.0
-28.0
-17.0
-16.0
-27.0
-50.0
-85.0
-98.0
-108.0
-135.0
-146.0
-141.0
-134.0
-135.0
-120.0
-115.0
-143.0
-147.0
-164.0
-168.0
-148.0
-151.0
-187.0
-181.0
-168.0
-168.0
-170.0
-186.0
-170.0
-165.0
-171.0
-152.0
-152.0
-184.0
-180.0
-121.0
-91.0
-125.0
-129.0
-98.0
-114.0
-138.0
-122.0
-111.0
-107.0
-101.0
-105.0
-94.0
-99.0
-112.0
-109.0
-125.0
-114.0
-85.0
-97.0
-126.0
-115.0
-93.0
-76.0
-83.0
-100.0
-117.0
-92.0
-48.0
-87.0
-88.0
-79.0
-91.0
-58.0
-61.0
-102.0
-81.0
-56.0
-74.0
-69.0
-52.0
-42.0
-53.0
-62.0
-93.0
-107.0
-69.0
-70.0
-73.0
-36.0
-47.0
-77.0
-78.0
-100.0
-79.0
-77.0
-90.0
-73.0
-82.0
-88.0
-83.0
-60.0
-60.0
-64.0
-76.0
-57.0
-58.0
-67.0
-88.0
-128.0
-86.0
-22.0
-26.0
-71.0
-108.0
-93.0
-60.0
-59.0
-69.0
-96.0
-91.0
-60.0
-94.0
-109.0
-89.0
-93.0
-97.0
-97.0
-87.0
-56.0
-51.0
-68.0
-78.0
-82.0
-80.0
-63.0
-43.0
-29.0
-31.0
-64.0
-73.0
-78.0
-69.0
-64.0
-75.0
-70.0
-73.0
-82.0
-79.0
-57.0
-23.0
-6.0
11.0
41.0
85.0
116.0
121.0
152.0
204.0
214.0
228.0
204.0
190.0
184.0
157.0
140.0
144.0
80.0
55.0
64.0
18.0
14.0
4.0
-40.0
-48.0
-45.0
-67.0
-77.0
-102.0
-88.0
-96.0
-103.0
-100.0
-129.0
-162.0
-125.0
-105.0
-126.0
-161.0
-146.0
-95.0
-101.0
-127.0
-138.0
-122.0
-118.0
-112.0
-120.0
-130.0
-134.0
-137.0
-114.0
-69.0
-73.0
-95.0
-125.0
-120.0
-102.0
-92.0
-93.0
-117.0
-128.0
-94.0
-90.0
-90.0
-83.0
-106.0
-81.0
-54.0
-62.0
-77.0
-78.0
-73.0
-84.0
-100.0
-78.0
-74.0
-79.0
-99.0
-109.0
-88.0
-67.0
-87.0
-85.0
-84.0
-92.0
-91.0
-89.0
-103.0
-100.0
-76.0
-56.0
-58.0
-60.0
-103.0
-109.0
-73.0
-72.0
-79.0
-59.0
-64.0
-60.0
-55.0
-80.0
-82.0
-80.0
-59.0
-56.0
-92.0
-76.0
-41.0
-63.0
-69.0
-50.0
-58.0
-63.0
-81.0
-103.0
-102.0
-111.0
-77.0
-67.0
-64.0
-58.0
-101.0
-96.0
-69.0
-79.0
-94.0
-50.0
-58.0
-71.0
-80.0
-66.0
-71.0
-97.0
-73.0
-73.0
-117.0
-128.0
-67.0
-33.0
-61.0
-67.0
-43.0
-59.0
-105.0
-92.0
-51.0
-79.0
-94.0
-54.0
-50.0
-78.0
-79.0
-42.0
-43.0
-57.0
-62.0
-90.0
-113.0
-82.0
-52.0
-84.0
-75.0
-72.0
-69.0
-51.0
-57.0
-71.0
-66.0
-55.0
-67.0
-81.0
-70.0
-62.0
-51.0
-48.0
-61.0
-42.0
-44.0
-56.0
-22.0
-36.0
-80.0
-65.0
-67.0
-32.0
-4.0
-12.0
-18.0
-41.0
-63.0
-70.0
-49.0
-34.0
-35.0
9.0
13.0
-44.0
-52.0
-26.0
-27.0
-16.0
-4.0
13.0
42.0
68.0
114.0
188.0
213.0
196.0
214.0
266.0
297.0
275.0
262.0
225.0
224.0
228.0
219.0
195.0
147.0
108.0
106.0
71.0
58.0
75.0
50.0
8.0
-6.0
-12.0
-26.0
-34.0
-27.0
-52.0
-45.0
-57.0
-98.0
-101.0
-93.0
-104.0
-107.0
-123.0
-126.0
-122.0
-125.0
-126.0
-127.0
-124.0
-147.0
-130.0
-146.0
-164.0
-133.0
-150.0
-185.0
-168.0
-148.0
-147.0
-139.0
-125.0
-116.0
-143.0
-147.0
-144.0
-139.0
-125.0
-112.0
-95.0
-86.0
-112.0
-139.0
-149.0
-152.0
-118.0
-97.0
-95.0
-108.0
-123.0
-116.0
-114.0
-125.0
-126.0
-132.0
-109.0
-103.0
-133.0
-89.0
-69.0
-83.0
-81.0
-108.0
-125.0
-126.0
-119.0
-81.0
-83.0
-105.0
-97.0
-77.0
-99.0
-100.0
-107.0
-61.0
-47.0
-82.0
-89.0
-104.0
-90.0
-81.0
-102.0
-104.0
-62.0
-41.0
-56.0
-79.0
-92.0
-84.0
-74.0
-53.0
-61.0
-14.0
-8.0
-60.0
-79.0
-55.0
-46.0
-31.0
-49.0
-85.0
-75.0
-60.0
-63.0
-61.0
-42.0
-33.0
-69.0
-65.0
-49.0
-87.0
-81.0
-42.0
-53.0
-86.0
-69.0
-33.0
-39.0
-52.0
-60.0
-77.0
-68.0
-55.0
-70.0
-75.0
-81.0
-89.0
-65.0
-55.0
-43.0
-49.0
-67.0
-77.0
-81.0
-53.0
-56.0
-82.0
-102.0
-76.0
-61.0
-49.0
-31.0
-46.0
-61.0
-58.0
-78.0
-81.0
-50.0
-12.0
-36.0
-53.0
-35.0
-37.0
-73.0
-71.0
-56.0
-78.0
-91.0
-87.0
-73.0
-50.0
-49.0
-60.0
-42.0
-45.0
-62.0
-84.0
-76.0
-59.0
-66.0
-49.0
-39.0
-36.0
-37.0
-52.0
-59.0
-54.0
-55.0
-31.0
-13.0
-17.0
-16.0
22.0
73.0
77.0
95.0
188.0
210.0
196.0
230.0
193.0
166.0
246.0
250.0
167.0
128.0
139.0
120.0
46.0
55.0
120.0
69.0
23.0
25.0
-17.0
-49.0
-24.0
-39.0
-69.0
-60.0
-45.0
-72.0
-91.0
-65.0
-78.0
-96.0
-99.0
-100.0
-82.0
-79.0
-72.0
-80.0
-112.0
-157.0
-136.0
-109.0
-97.0
-79.0
-127.0
-129.0
-105.0
-133.0
-129.0
-114.0
-111.0
-137.0
-131.0
-51.0
-55.0
-149.0
-194.0
-118.0
-76.0
-82.0
-110.0
-112.0
-99.0
-109.0
-97.0
-89.0
-92.0
-124.0
-112.0
-70.0
-85.0
-83.0
-71.0
-122.0
-128.0
-89.0
-104.0
-117.0
-85.0
-106.0
-122.0
-79.0
-64.0
-93.0
-112.0
-117.0
-152.0
-112.0
-73.0
-98.0
-121.0
-129.0
-105.0
-56.0
-55.0
-101.0
-110.0
-120.0
-70.0
-39.0
-89.0
-102.0
-77.0
-86.0
-97.0
-101.0
-113.0
-92.0
-108.0
-105.0
-79.0
-61.0
-66.0
-107.0
-127.0
-94.0
-63.0
-79.0
-82.0
-92.0
-91.0
-84.0
-73.0
-59.0
-32.0
-27.0
-41.0
-70.0
-84.0
-55.0
-35.0
-40.0
-32.0
-1.0
8.0
43.0
89.0
121.0
172.0
226.0
250.0
263.0
293.0
306.0
291.0
256.0
238.0
263.0
265.0
274.0
224.0
166.0
153.0
131.0
118.0
114.0
82.0
61.0
40.0
39.0
-6.0
-55.0
-48.0
-78.0
-88.0
-77.0
-125.0
-125.0
-110.0
-149.0
-172.0
-147.0
-177.0
-186.0
-190.0
-166.0
-167.0
-208.0
-212.0
-184.0
-182.0
-177.0
-194.0
-189.0
-188.0
-195.0
-177.0
-163.0
-184.0
-200.0
-178.0
-156.0
-163.0
-158.0
-161.0
-183.0
-183.0
-149.0
-154.0
-164.0
-152.0
-134.0
-99.0
-133.0
-152.0
-143.0
-119.0
-101.0
-136.0
-127.0
-134.0
-136.0
-118.0
-118.0
-109.0
-102.0
-116.0
-110.0
-113.0
-88.0
-119.0
-142.0
-93.0
-74.0
-110.0
-179.0
-109.0
-77.0
-148.0
-197.0
-145.0
-95.0
-113.0
-147.0
-131.0
-130.0
-146.0
-145.0
-156.0
-129.0
-114.0
-100.0
-95.0
-110.0
-126.0
-101.0
-81.0
-94.0
-118.0
-125.0
-73.0
-66.0
-117.0
-128.0
-120.0
-103.0
-79.0
-120.0
-139.0
-77.0
-51.0
-107.0
-135.0
-127.0
-95.0
-105.0
-102.0
-118.0
-109.0
-73.0
-98.0
-129.0
-120.0
-133.0
-102.0
-50.0
-88.0
-117.0
-124.0
-87.0
-62.0
-60.0
-65.0
-89.0
-120.0
-108.0
-97.0
-72.0
-62.0
-42.0
-56.0
-75.0
-82.0
-98.0
-91.0
-20.0
-5.0
-77.0
-135.0
-81.0
-26.0
-36.0
-76.0
-106.0
-89.0
-74.0
-78.0
-65.0
-92.0
-116.0
-106.0
-80.0
-71.0
-79.0
-79.0
-99.0
-89.0
-49.0
-46.0
-87.0
-83.0
-56.0
-46.0
-89.0
-96.0
-66.0
-80.0
-95.0
-76.0
-44.0
-38.0
-58.0
-89.0
-78.0
-71.0
-67.0
-38.0
-42.0
-38.0
-50.0
-64.0
-40.0
-33.0
-67.0
-67.0
-71.0
-77.0
-67.0
-61.0
-51.0
-64.0
-76.0
-91.0
-92.0
-67.0
-52.0
-91.0
-77.0
-62.0
-70.0
-77.0
-59.0
-46.0
-64.0
-72.0
-82.0
-79.0
-43.0
-38.0
-81.0
-78.0
-38.0
-25.0
-52.0
-102.0
-84.0
-55.0
-71.0
-64.0
-50.0
-72.0
-83.0
-67.0
-82.0
-74.0
-48.0
-34.0
-59.0
-73.0
-59.0
-58.0
-56.0
-24.0
-16.0
-44.0
-45.0
-45.0
-67.0
-85.0
-79.0
-55.0
-70.0
-64.0
-50.0
-69.0
-64.0
-60.0
-74.0
-72.0
-72.0
-83.0
-107.0
-72.0
-32.0
-50.0
-69.0
-61.0
-102.0
-125.0
-64.0
-35.0
-36.0
-58.0
-63.0
-70.0
-87.0
-76.0
-42.0
-53.0
-45.0
-51.0
-68.0
-35.0
-37.0
-56.0
-51.0
-49.0
-52.0
-52.0
-50.0
-50.0
-44.0
-22.0
-50.0
-81.0
-41.0
-44.0
-49.0
-29.0
-25.0
-51.0
-58.0
-37.0
-46.0
-74.0
-63.0
-17.0
-16.0
-24.0
-22.0
-12.0
-20.0
-51.0
-70.0
-41.0
-18.0
1.0
1.0
-25.0
-46.0
-42.0
-33.0
-34.0
-43.0
-33.0
-12.0
-41.0
-43.0
-20.0
-15.0
-18.0
-23.0
-5.0
23.0
1.0
11.0
42.0
85.0
149.0
150.0
146.0
255.0
315.0
289.0
267.0
239.0
256.0
281.0
232.0
196.0
217.0
229.0
210.0
144.0
131.0
139.0
138.0
106.0
45.0
25.0
43.0
-6.0
-20.0
-23.0
-73.0
-39.0
-37.0
-77.0
-103.0
-118.0
-127.0
-137.0
-88.0
-83.0
-164.0
-180.0
-127.0
-102.0
-116.0
-153.0
-157.0
-156.0
-132.0
-109.0
-100.0
-133.0
-149.0
-140.0
-159.0
-150.0
-133.0
-120.0
-105.0
-116.0
-118.0
-152.0
-122.0
-79.0
-112.0
-143.0
-155.0
-168.0
-101.0
-83.0
-122.0
-106.0
-102.0
-138.0
-139.0
-100.0
-93.0
-93.0
-81.0
-99.0
-111.0
-129.0
-116.0
-100.0
-106.0
-117.0
-120.0
-118.0
-116.0
-128.0
-97.0
-115.0
-139.0
-145.0
0.0
0.0
0.0
0.0
0.0
0.0
0.0
0.0
0.0
0.0
0.0
0.0
0.0
0.0
0.0
0.0
0.0
0.0
0.0
0.0
0.0
0.0
0.0
0.0
0.0
0.0
0.0
0.0
0.0
0.0
0.0
0.0
0.0
0.0
0.0
0.0
0.0
0.0
0.0
0.0
0.0
0.0
0.0
0.0
0.0
0.0
0.0
0.0
0.0
0.0
0.0
0.0
0.0
0.0
0.0
0.0
0.0
0.0
0.0
0.0
0.0
0.0
0.0
0.0
0.0
0.0
0.0
0.0
0.0
0.0
0.0
0.0
0.0
0.0
0.0
0.0
0.0
0.0
0.0
0.0
0.0
0.0
0.0
0.0
0.0
0.0
0.0
0.0
0.0
0.0
0.0
0.0
0.0
0.0
0.0
0.0
0.0
0.0
0.0
0.0
0.0
0.0
0.0
0.0
0.0
0.0
0.0
0.0
0.0
0.0
0.0
0.0
