14.0
41.0
29.0
25.0
17.0
55.0
61.0
44.0
33.0
79.0
27.0
33.0
49.0
68.0
91.0
107.0
116.0
137.0
143.0
150.0
253.0
316.0
457.0
549.0
607.0
593.0
598.0
597.0
594.0
600.0
597.0
598.0
598.0
598.0
599.0
584.0
597.0
600.0
596.0
595.0
599.0
585.0
586.0
555.0
532.0
489.0
475.0
441.0
431.0
457.0
437.0
418.0
432.0
412.0
415.0
355.0
388.0
386.0
372.0
360.0
309.0
340.0
306.0
314.0
280.0
280.0
289.0
295.0
263.0
309.0
272.0
263.0
291.0
245.0
234.0
289.0
214.0
225.0
212.0
258.0
215.0
224.0
149.0
112.0
178.0
167.0
86.0
139.0
92.0
69.0
29.0
59.0
56.0
42.0
72.0
41.0
62.0
89.0
59.0
73.0
109.0
91.0
53.0
61.0
61.0
30.0
16.0
64.0
60.0
23.0
67.0
8.0
-11.0
-31.0
21.0
10.0
39.0
-17.0
15.0
20.0
-41.0
-31.0
-24.0
-63.0
-29.0
-45.0
-37.0
-26.0
-14.0
-44.0
-36.0
-30.0
-62.0
-51.0
-33.0
-29.0
-22.0
-46.0
-55.0
-4.0
-8.0
-45.0
19.0
-37.0
-82.0
-51.0
-61.0
-42.0
-33.0
-82.0
-30.0
14.0
-60.0
-57.0
-35.0
-49.0
-33.0
-70.0
-37.0
-81.0
-58.0
-39.0
-51.0
-70.0
-59.0
-39.0
-68.0
-70.0
-97.0
-78.0
-113.0
-136.0
-155.0
-141.0
-125.0
-102.0
-78.0
-95.0
-83.0
-105.0
-98.0
-108.0
-90.0
-122.0
-177.0
-128.0
-168.0
-216.0
-177.0
-176.0
-192.0
-126.0
-138.0
-188.0
-203.0
-187.0
-156.0
-134.0
-106.0
-121.0
-90.0
-91.0
-120.0
-178.0
-177.0
-182.0
-194.0
-174.0
-210.0
-231.0
-204.0
-209.0
-221.0
-184.0
-176.0
-148.0
-183.0
-201.0
-211.0
-231.0
-180.0
-180.0
-199.0
-192.0
-197.0
-218.0
-246.0
-263.0
-238.0
-220.0
-276.0
-235.0
-298.0
-254.0
-265.0
-293.0
-267.0
-275.0
-259.0
-242.0
-259.0
-263.0
-227.0
-272.0
-286.0
-298.0
-279.0
-316.0
-265.0
-267.0
-300.0
-327.0
-277.0
-258.0
-288.0
-257.0
-289.0
-262.0
-258.0
-266.0
-201.0
-237.0
-267.0
-208.0
-229.0
-222.0
-230.0
-238.0
-273.0
-267.0
-271.0
-281.0
-252.0
-211.0
-229.0
-247.0
-241.0
-238.0
-231.0
-214.0
-168.0
-155.0
-178.0
-197.0
-211.0
-218.0
-247.0
-223.0
-257.0
-239.0
-237.0
-222.0
-233.0
-227.0
-252.0
-242.0
-267.0
-231.0
-263.0
-250.0
-191.0
-200.0
-191.0
-197.0
-222.0
-228.0
-269.0
-259.0
-220.0
-227.0
-244.0
-225.0
-227.0
-262.0
-224.0
-224.0
-219.0
-213.0
-190.0
-208.0
-243.0
-242.0
-308.0
-249.0
-282.0
-300.0
-274.0
-237.0
-254.0
-257.0
-222.0
-236.0
-219.0
-251.0
-229.0
-187.0
-256.0
-215.0
-213.0
-203.0
-218.0
-237.0
-207.0
-228.0
-216.0
-192.0
-164.0
-175.0
-190.0
-211.0
-202.0
-189.0
-211.0
-191.0
-184.0
-215.0
-194.0
-214.0
-227.0
-201.0
-209.0
-210.0
-217.0
-252.0
-249.0
-256.0
-265.0
-297.0
-312.0
-306.0
-309.0
-333.0
-309.0
-322.0
-329.0
-328.0
-327.0
-310.0
-295.0
-323.0
-294.0
-310.0
-317.0
-316.0
-309.0
-310.0
-341.0
-357.0
-341.0
-348.0
-364.0
-341.0
-341.0
-298.0
-271.0
-309.0
-271.0
-308.0
-325.0
-308.0
-329.0
-315.0
-329.0
-317.0
-319.0
-344.0
-351.0
-327.0
-344.0
-299.0
-258.0
-228.0
-217.0
-193.0
-164.0
-153.0
-197.0
-223.0
-292.0
-271.0
-265.0
-304.0
-318.0
-308.0
-312.0
-319.0
-315.0
-335.0
-305.0
-323.0
-328.0
-318.0
-342.0
-306.0
-332.0
-338.0
-332.0
-308.0
-314.0
-305.0
-300.0
-301.0
-286.0
-314.0
-308.0
-316.0
-309.0
-309.0
-332.0
-320.0
-325.0
-326.0
-287.0
-290.0
-263.0
-295.0
-301.0
-332.0
-333.0
-314.0
-301.0
-306.0
-278.0
-265.0
-297.0
-269.0
-254.0
-295.0
-274.0
-283.0
-279.0
-275.0
-266.0
-282.0
-262.0
-296.0
-239.0
-239.0
-206.0
-175.0
-177.0
-159.0
-158.0
-167.0
-186.0
-205.0
-216.0
-275.0
-312.0
-290.0
-303.0
-310.0
-282.0
-304.0
-309.0
-299.0
-336.0
-317.0
-318.0
-320.0
-293.0
-319.0
-345.0
-341.0
-336.0
-339.0
-328.0
-294.0
-282.0
-289.0
-284.0
-312.0
-285.0
-289.0
-274.0
-263.0
-251.0
-265.0
-262.0
-259.0
-272.0
-284.0
-256.0
-261.0
-275.0
-251.0
-225.0
-191.0
-221.0
-229.0
-228.0
-180.0
-192.0
-196.0
-172.0
-181.0
-199.0
-193.0
-201.0
-246.0
-237.0
-248.0
-246.0
-212.0
-215.0
-239.0
-221.0
-245.0
-228.0
-225.0
-218.0
-201.0
-196.0
-187.0
-197.0
-174.0
-169.0
-171.0
-145.0
-139.0
-100.0
-49.0
-60.0
-4.0
4.0
-50.0
-16.0
-30.0
-59.0
-22.0
-25.0
-35.0
-20.0
-31.0
-45.0
-34.0
-46.0
-29.0
-45.0
-58.0
-30.0
-34.0
-39.0
-12.0
-44.0
-34.0
4.0
16.0
12.0
-4.0
26.0
47.0
8.0
82.0
36.0
45.0
69.0
67.0
99.0
76.0
81.0
78.0
105.0
96.0
111.0
113.0
99.0
122.0
95.0
140.0
116.0
110.0
114.0
132.0
119.0
117.0
124.0
163.0
162.0
158.0
175.0
168.0
133.0
136.0
109.0
104.0
171.0
132.0
109.0
143.0
166.0
136.0
114.0
140.0
171.0
152.0
167.0
164.0
141.0
142.0
89.0
183.0
200.0
187.0
205.0
210.0
209.0
210.0
199.0
159.0
185.0
235.0
223.0
244.0
258.0
225.0
205.0
199.0
229.0
185.0
222.0
271.0
272.0
267.0
288.0
264.0
269.0
291.0
278.0
283.0
278.0
313.0
288.0
304.0
274.0
261.0
277.0
222.0
230.0
227.0
213.0
259.0
219.0
216.0
266.0
225.0
235.0
243.0
219.0
199.0
191.0
195.0
197.0
214.0
178.0
208.0
229.0
222.0
251.0
246.0
224.0
198.0
176.0
173.0
144.0
172.0
210.0
246.0
216.0
243.0
255.0
212.0
231.0
229.0
261.0
208.0
197.0
251.0
182.0
152.0
149.0
161.0
127.0
141.0
162.0
211.0
171.0
135.0
135.0
139.0
105.0
81.0
98.0
150.0
114.0
137.0
144.0
188.0
176.0
122.0
171.0
121.0
134.0
162.0
127.0
142.0
191.0
186.0
206.0
121.0
102.0
154.0
83.0
156.0
161.0
131.0
197.0
162.0
115.0
128.0
118.0
115.0
101.0
106.0
98.0
115.0
100.0
107.0
73.0
58.0
67.0
26.0
124.0
154.0
118.0
84.0
125.0
106.0
86.0
53.0
52.0
41.0
65.0
42.0
28.0
37.0
46.0
13.0
22.0
29.0
12.0
21.0
18.0
15.0
25.0
12.0
-7.0
-7.0
-25.0
-28.0
-77.0
-76.0
-62.0
-63.0
-89.0
-65.0
-61.0
-56.0
-75.0
-107.0
-114.0
-124.0
-126.0
-106.0
-116.0
-74.0
-111.0
-108.0
-113.0
-183.0
-164.0
-135.0
-187.0
-161.0
-182.0
-191.0
-205.0
-225.0
-229.0
-224.0
-236.0
-202.0
-209.0
-193.0
-199.0
-203.0
-183.0
-191.0
-231.0
-182.0
-221.0
-261.0
-227.0
-227.0
-235.0
-279.0
-304.0
-296.0
-283.0
-267.0
-235.0
-207.0
-194.0
-222.0
-241.0
-240.0
-268.0
-253.0
-210.0
-196.0
-145.0
-156.0
-179.0
-253.0
-256.0
-296.0
-269.0
-177.0
-230.0
-241.0
-266.0
-302.0
-328.0
-332.0
-344.0
-321.0
-345.0
-315.0
-293.0
-280.0
-288.0
-281.0
-256.0
-289.0
-274.0
-249.0
-276.0
-277.0
-276.0
-300.0
-322.0
-351.0
-352.0
-393.0
-392.0
-356.0
-386.0
-370.0
-349.0
-370.0
-373.0
-385.0
-396.0
-402.0
-382.0
-373.0
-354.0
-347.0
-336.0
-348.0
-366.0
-335.0
-356.0
-351.0
-329.0
-378.0
-344.0
-345.0
-377.0
-335.0
-297.0
-283.0
-276.0
-293.0
-280.0
-260.0
-272.0
-283.0
-265.0
-247.0
-268.0
-288.0
-280.0
-266.0
-276.0
-281.0
-232.0
-260.0
-223.0
-224.0
-213.0
-211.0
-211.0
-169.0
-169.0
-191.0
-176.0
-192.0
-193.0
-210.0
-222.0
-241.0
-254.0
-269.0
-246.0
-256.0
-263.0
-268.0
-265.0
-274.0
-276.0
-261.0
-259.0
-270.0
-229.0
-227.0
-244.0
-208.0
-216.0
-195.0
-174.0
-185.0
-176.0
-163.0
-199.0
-159.0
-126.0
-139.0
-142.0
-187.0
-191.0
-173.0
-183.0
-166.0
-168.0
-167.0
-161.0
-165.0
-175.0
-167.0
-174.0
-169.0
-159.0
-149.0
-167.0
-164.0
-183.0
-165.0
-178.0
-146.0
-171.0
-159.0
-163.0
-171.0
-171.0
-165.0
-167.0
-146.0
-140.0
-145.0
-122.0
-157.0
-148.0
-122.0
-133.0
-108.0
-100.0
-100.0
-108.0
-81.0
-102.0
-87.0
-92.0
-92.0
-90.0
-89.0
-55.0
-80.0
-63.0
-24.0
-22.0
-20.0
-21.0
-24.0
-39.0
-53.0
-38.0
-44.0
-62.0
-49.0
-95.0
-88.0
-46.0
-111.0
-114.0
-92.0
-98.0
-93.0
-103.0
-107.0
-110.0
-106.0
-128.0
-95.0
-100.0
-58.0
-80.0
-91.0
-76.0
-95.0
-75.0
-67.0
-80.0
-68.0
-76.0
-80.0
-92.0
-109.0
-105.0
-80.0
-120.0
-67.0
-79.0
-72.0
-63.0
-81.0
-35.0
-31.0
-26.0
15.0
10.0
-14.0
2.0
-13.0
-26.0
-5.0
-12.0
-18.0
-13.0
-11.0
-4.0
-33.0
-49.0
-35.0
-71.0
-53.0
-42.0
-5.0
6.0
-22.0
-74.0
-39.0
-46.0
-16.0
-37.0
-23.0
-16.0
-11.0
-33.0
-15.0
-30.0
-30.0
-46.0
-26.0
-22.0
-18.0
-26.0
-31.0
-61.0
-29.0
-46.0
-42.0
-39.0
-43.0
-55.0
-56.0
-64.0
-31.0
-58.0
-13.0
-1.0
-7.0
-15.0
-13.0
-16.0
-28.0
-31.0
-6.0
33.0
39.0
34.0
39.0
3.0
15.0
17.0
37.0
14.0
10.0
3.0
2.0
-14.0
6.0
-29.0
15.0
49.0
34.0
24.0
34.0
31.0
40.0
71.0
54.0
86.0
82.0
64.0
116.0
48.0
91.0
116.0
44.0
107.0
69.0
72.0
89.0
39.0
66.0
63.0
42.0
51.0
32.0
45.0
96.0
86.0
102.0
79.0
85.0
87.0
87.0
70.0
76.0
68.0
62.0
46.0
32.0
48.0
69.0
74.0
117.0
70.0
80.0
69.0
93.0
115.0
75.0
60.0
86.0
56.0
77.0
64.0
27.0
51.0
34.0
35.0
58.0
61.0
76.0
74.0
23.0
20.0
-10.0
1.0
33.0
34.0
55.0
52.0
30.0
55.0
31.0
11.0
42.0
47.0
44.0
-3.0
-6.0
25.0
21.0
25.0
51.0
58.0
48.0
78.0
43.0
64.0
51.0
34.0
42.0
8.0
48.0
42.0
56.0
77.0
88.0
74.0
65.0
55.0
79.0
99.0
77.0
95.0
86.0
50.0
108.0
83.0
76.0
133.0
108.0
105.0
61.0
58.0
37.0
45.0
57.0
38.0
41.0
25.0
44.0
24.0
34.0
-8.0
43.0
40.0
53.0
60.0
56.0
44.0
65.0
59.0
51.0
36.0
34.0
67.0
64.0
36.0
53.0
39.0
62.0
58.0
58.0
92.0
105.0
115.0
122.0
102.0
133.0
109.0
108.0
136.0
120.0
105.0
88.0
98.0
116.0
108.0
79.0
104.0
102.0
99.0
138.0
96.0
109.0
87.0
89.0
75.0
62.0
63.0
102.0
82.0
115.0
122.0
106.0
130.0
128.0
154.0
162.0
147.0
109.0
113.0
77.0
75.0
79.0
86.0
86.0
122.0
120.0
137.0
122.0
122.0
88.0
90.0
86.0
32.0
79.0
31.0
17.0
68.0
59.0
79.0
66.0
32.0
39.0
30.0
26.0
35.0
56.0
54.0
70.0
69.0
83.0
80.0
96.0
118.0
104.0
98.0
127.0
104.0
117.0
69.0
78.0
97.0
102.0
80.0
80.0
52.0
12.0
29.0
24.0
35.0
35.0
52.0
44.0
40.0
22.0
35.0
14.0
46.0
39.0
53.0
49.0
56.0
53.0
77.0
88.0
121.0
117.0
128.0
132.0
96.0
118.0
130.0
121.0
122.0
133.0
106.0
139.0
124.0
110.0
156.0
114.0
150.0
110.0
136.0
145.0
125.0
146.0
135.0
92.0
119.0
114.0
130.0
148.0
137.0
161.0
152.0
129.0
126.0
123.0
125.0
134.0
101.0
124.0
137.0
104.0
119.0
92.0
86.0
60.0
67.0
105.0
141.0
154.0
125.0
87.0
45.0
70.0
58.0
85.0
81.0
78.0
76.0
100.0
99.0
117.0
100.0
114.0
82.0
62.0
111.0
65.0
74.0
102.0
76.0
115.0
114.0
105.0
86.0
43.0
36.0
58.0
51.0
79.0
90.0
77.0
98.0
90.0
101.0
147.0
132.0
143.0
132.0
127.0
117.0
98.0
111.0
131.0
135.0
146.0
126.0
100.0
121.0
103.0
112.0
115.0
113.0
168.0
156.0
134.0
116.0
90.0
99.0
113.0
83.0
102.0
110.0
103.0
121.0
146.0
95.0
119.0
103.0
82.0
96.0
91.0
106.0
119.0
83.0
103.0
81.0
51.0
72.0
51.0
29.0
43.0
48.0
73.0
84.0
95.0
95.0
68.0
90.0
68.0
49.0
56.0
53.0
64.0
34.0
58.0
64.0
78.0
78.0
103.0
96.0
69.0
79.0
78.0
127.0
90.0
98.0
110.0
79.0
97.0
96.0
80.0
99.0
108.0
97.0
174.0
165.0
131.0
99.0
48.0
87.0
60.0
70.0
89.0
77.0
65.0
63.0
59.0
90.0
87.0
83.0
110.0
85.0
96.0
89.0
61.0
67.0
92.0
71.0
92.0
82.0
90.0
97.0
87.0
77.0
79.0
89.0
91.0
109.0
125.0
120.0
95.0
139.0
121.0
138.0
157.0
126.0
106.0
110.0
71.0
79.0
74.0
108.0
112.0
57.0
107.0
100.0
64.0
79.0
70.0
74.0
82.0
59.0
59.0
71.0
69.0
96.0
101.0
79.0
95.0
115.0
115.0
124.0
117.0
117.0
120.0
83.0
88.0
90.0
97.0
85.0
81.0
97.0
97.0
107.0
108.0
81.0
88.0
57.0
88.0
97.0
74.0
79.0
106.0
75.0
95.0
103.0
64.0
88.0
84.0
99.0
115.0
117.0
128.0
141.0
124.0
160.0
131.0
140.0
157.0
149.0
130.0
141.0
122.0
131.0
137.0
118.0
90.0
50.0
95.0
58.0
70.0
73.0
59.0
54.0
98.0
78.0
94.0
37.0
-22.0
-7.0
18.0
16.0
43.0
33.0
50.0
50.0
49.0
95.0
67.0
80.0
84.0
51.0
47.0
68.0
52.0
94.0
60.0
75.0
59.0
79.0
78.0
121.0
34.0
72.0
63.0
55.0
92.0
64.0
81.0
118.0
78.0
109.0
65.0
54.0
68.0
53.0
56.0
52.0
54.0
71.0
58.0
65.0
47.0
61.0
64.0
67.0
77.0
71.0
55.0
30.0
35.0
43.0
34.0
41.0
57.0
80.0
86.0
64.0
111.0
98.0
107.0
78.0
73.0
81.0
77.0
80.0
82.0
103.0
87.0
82.0
69.0
42.0
67.0
49.0
46.0
43.0
61.0
74.0
35.0
44.0
40.0
14.0
50.0
34.0
50.0
55.0
56.0
101.0
82.0
65.0
71.0
67.0
67.0
76.0
55.0
50.0
63.0
35.0
43.0
49.0
59.0
91.0
68.0
72.0
86.0
73.0
84.0
53.0
67.0
90.0
108.0
139.0
146.0
139.0
109.0
38.0
59.0
79.0
53.0
65.0
54.0
51.0
65.0
78.0
98.0
101.0
80.0
111.0
118.0
115.0
135.0
121.0
125.0
133.0
110.0
101.0
90.0
50.0
73.0
41.0
35.0
83.0
33.0
89.0
80.0
79.0
79.0
41.0
25.0
41.0
15.0
36.0
15.0
33.0
50.0
44.0
39.0
50.0
48.0
-2.0
12.0
22.0
35.0
22.0
2.0
37.0
-3.0
18.0
33.0
11.0
29.0
26.0
40.0
55.0
12.0
7.0
25.0
5.0
-2.0
-4.0
4.0
36.0
32.0
33.0
32.0
30.0
31.0
26.0
16.0
26.0
26.0
15.0
12.0
-4.0
4.0
-18.0
21.0
12.0
12.0
27.0
24.0
24.0
48.0
39.0
48.0
86.0
52.0
37.0
19.0
5.0
9.0
18.0
29.0
53.0
47.0
35.0
27.0
3.0
2.0
-12.0
-22.0
-24.0
-61.0
-30.0
-36.0
-30.0
-17.0
-47.0
-69.0
-77.0
-73.0
-56.0
-26.0
-23.0
-15.0
-11.0
-35.0
37.0
-15.0
-19.0
-24.0
-41.0
-40.0
-83.0
-106.0
-105.0
-109.0
-114.0
-91.0
-127.0
-91.0
-101.0
-90.0
-74.0
-89.0
-84.0
-51.0
-57.0
-39.0
-40.0
-46.0
-12.0
0.0
12.0
-3.0
2.0
3.0
-3.0
-10.0
1.0
-30.0
-42.0
-33.0
-34.0
-30.0
-39.0
-16.0
-36.0
-22.0
-15.0
-60.0
-44.0
-25.0
-3.0
-37.0
-33.0
-20.0
-17.0
-20.0
-6.0
-12.0
-13.0
-21.0
-31.0
-27.0
-48.0
-54.0
-61.0
-34.0
-20.0
-49.0
-52.0
-42.0
-32.0
-18.0
-30.0
-20.0
-6.0
-10.0
10.0
-17.0
-15.0
6.0
1.0
32.0
25.0
-1.0
25.0
-12.0
8.0
8.0
6.0
-7.0
-13.0
6.0
6.0
-8.0
23.0
6.0
3.0
13.0
-5.0
23.0
16.0
23.0
25.0
26.0
43.0
74.0
92.0
50.0
27.0
-26.0
0.0
24.0
5.0
30.0
32.0
29.0
46.0
35.0
51.0
60.0
61.0
35.0
45.0
30.0
49.0
14.0
17.0
-5.0
3.0
-11.0
-15.0
-14.0
24.0
8.0
5.0
-5.0
3.0
24.0
36.0
34.0
23.0
24.0
50.0
30.0
20.0
10.0
-5.0
15.0
22.0
-11.0
28.0
11.0
-7.0
30.0
11.0
7.0
-17.0
-10.0
-6.0
-14.0
-36.0
7.0
-6.0
-24.0
15.0
-22.0
5.0
16.0
5.0
27.0
-6.0
-25.0
10.0
5.0
-1.0
4.0
-54.0
-16.0
-41.0
-13.0
-32.0
-34.0
-4.0
15.0
24.0
17.0
39.0
37.0
30.0
13.0
26.0
39.0
-6.0
-4.0
-17.0
-11.0
20.0
-26.0
-4.0
-5.0
-21.0
10.0
27.0
49.0
53.0
21.0
21.0
9.0
31.0
8.0
25.0
2.0
27.0
-2.0
-8.0
-5.0
-6.0
-2.0
-18.0
-23.0
10.0
21.0
-2.0
-63.0
-95.0
-54.0
-57.0
-69.0
-39.0
-45.0
-31.0
-15.0
-21.0
24.0
18.0
8.0
-13.0
-20.0
-7.0
18.0
8.0
27.0
34.0
23.0
42.0
20.0
17.0
15.0
6.0
20.0
21.0
25.0
18.0
16.0
1.0
25.0
11.0
22.0
22.0
-6.0
26.0
6.0
-10.0
10.0
-13.0
-14.0
-10.0
-15.0
-22.0
-38.0
-58.0
-33.0
-17.0
-45.0
-61.0
-34.0
-20.0
-18.0
-23.0
0.0
-10.0
6.0
-30.0
-22.0
-20.0
1.0
-17.0
1.0
5.0
17.0
14.0
10.0
10.0
29.0
18.0
13.0
3.0
39.0
20.0
-20.0
-14.0
-33.0
-12.0
-2.0
13.0
43.0
32.0
24.0
30.0
5.0
23.0
60.0
-13.0
34.0
54.0
33.0
47.0
64.0
73.0
83.0
60.0
85.0
65.0
79.0
99.0
110.0
76.0
62.0
52.0
33.0
29.0
31.0
54.0
41.0
66.0
95.0
126.0
89.0
76.0
26.0
34.0
5.0
36.0
74.0
85.0
77.0
70.0
56.0
64.0
35.0
67.0
71.0
23.0
27.0
27.0
12.0
3.0
6.0
28.0
54.0
53.0
54.0
42.0
67.0
41.0
24.0
5.0
24.0
3.0
20.0
41.0
53.0
66.0
67.0
52.0
70.0
51.0
50.0
43.0
31.0
60.0
54.0
61.0
57.0
63.0
59.0
72.0
66.0
57.0
60.0
57.0
58.0
41.0
45.0
66.0
70.0
82.0
95.0
91.0
110.0
109.0
115.0
110.0
89.0
93.0
72.0
84.0
89.0
96.0
103.0
111.0
84.0
97.0
90.0
108.0
119.0
87.0
109.0
93.0
136.0
132.0
146.0
112.0
108.0
121.0
128.0
132.0
106.0
91.0
79.0
119.0
118.0
136.0
127.0
123.0
119.0
122.0
98.0
95.0
115.0
79.0
74.0
83.0
75.0
107.0
122.0
86.0
100.0
66.0
78.0
121.0
71.0
134.0
116.0
122.0
108.0
56.0
49.0
48.0
64.0
69.0
37.0
37.0
19.0
8.0
22.0
35.0
34.0
65.0
-10.0
1.0
26.0
23.0
25.0
60.0
25.0
43.0
31.0
35.0
34.0
-4.0
-30.0
-7.0
-11.0
25.0
16.0
9.0
49.0
4.0
25.0
33.0
3.0
45.0
22.0
20.0
46.0
31.0
46.0
29.0
29.0
46.0
37.0
9.0
8.0
0.0
31.0
31.0
-4.0
2.0
10.0
-1.0
21.0
9.0
-1.0
34.0
32.0
41.0
10.0
17.0
49.0
13.0
13.0
21.0
2.0
-1.0
0.0
3.0
-5.0
30.0
27.0
6.0
22.0
4.0
42.0
33.0
44.0
17.0
46.0
44.0
37.0
14.0
30.0
33.0
29.0
48.0
13.0
28.0
14.0
56.0
43.0
43.0
70.0
75.0
100.0
84.0
87.0
142.0
190.0
137.0
172.0
165.0
147.0
162.0
128.0
196.0
173.0
188.0
154.0
63.0
83.0
110.0
108.0
120.0
124.0
135.0
124.0
81.0
81.0
100.0
54.0
64.0
41.0
26.0
56.0
36.0
35.0
51.0
42.0
60.0
26.0
44.0
37.0
22.0
33.0
28.0
21.0
32.0
30.0
33.0
47.0
51.0
51.0
93.0
41.0
69.0
69.0
30.0
51.0
52.0
66.0
58.0
45.0
21.0
35.0
29.0
3.0
-20.0
-4.0
-20.0
-16.0
17.0
-15.0
-26.0
-12.0
-23.0
-33.0
8.0
-23.0
-16.0
-22.0
-30.0
-20.0
2.0
6.0
11.0
29.0
39.0
29.0
5.0
6.0
26.0
5.0
0.0
-17.0
29.0
38.0
14.0
18.0
2.0
14.0
22.0
27.0
32.0
20.0
17.0
24.0
14.0
8.0
15.0
5.0
34.0
23.0
1.0
46.0
2.0
-4.0
4.0
16.0
12.0
2.0
10.0
30.0
21.0
-9.0
-2.0
-29.0
12.0
49.0
21.0
45.0
-21.0
-26.0
-2.0
-11.0
4.0
-13.0
-18.0
0.0
24.0
7.0
8.0
1.0
23.0
10.0
15.0
12.0
-10.0
-29.0
-2.0
-13.0
1.0
18.0
-23.0
19.0
6.0
1.0
11.0
-14.0
13.0
19.0
26.0
52.0
59.0
19.0
48.0
43.0
50.0
52.0
58.0
86.0
62.0
60.0
73.0
72.0
50.0
43.0
35.0
35.0
26.0
11.0
44.0
-11.0
17.0
7.0
-12.0
-3.0
1.0
15.0
2.0
-10.0
13.0
25.0
25.0
33.0
34.0
15.0
10.0
19.0
37.0
38.0
11.0
16.0
25.0
43.0
41.0
37.0
39.0
45.0
22.0
47.0
29.0
44.0
50.0
56.0
62.0
69.0
59.0
48.0
33.0
39.0
33.0
32.0
11.0
11.0
35.0
52.0
33.0
35.0
103.0
73.0
86.0
37.0
38.0
46.0
39.0
50.0
42.0
39.0
49.0
86.0
51.0
92.0
119.0
112.0
107.0
46.0
49.0
21.0
-1.0
40.0
17.0
27.0
34.0
5.0
29.0
34.0
44.0
59.0
68.0
63.0
53.0
40.0
73.0
86.0
37.0
71.0
89.0
99.0
95.0
81.0
106.0
69.0
80.0
122.0
142.0
157.0
155.0
165.0
202.0
177.0
184.0
183.0
149.0
152.0
129.0
133.0
126.0
116.0
111.0
134.0
130.0
117.0
121.0
116.0
103.0
96.0
97.0
118.0
107.0
108.0
103.0
93.0
92.0
84.0
71.0
98.0
96.0
105.0
86.0
89.0
95.0
93.0
88.0
93.0
110.0
108.0
94.0
43.0
43.0
60.0
36.0
42.0
83.0
72.0
76.0
80.0
80.0
110.0
107.0
129.0
139.0
137.0
184.0
166.0
190.0
159.0
158.0
140.0
115.0
161.0
155.0
185.0
202.0
197.0
191.0
233.0
216.0
168.0
177.0
123.0
133.0
149.0
153.0
185.0
150.0
145.0
148.0
149.0
165.0
183.0
176.0
162.0
105.0
95.0
128.0
121.0
97.0
96.0
53.0
33.0
42.0
37.0
65.0
59.0
60.0
50.0
18.0
17.0
-20.0
-16.0
-30.0
-50.0
-23.0
-29.0
-26.0
2.0
14.0
5.0
21.0
13.0
19.0
33.0
10.0
-2.0
-19.0
-37.0
2.0
0.0
50.0
69.0
57.0
72.0
64.0
96.0
87.0
76.0
51.0
65.0
42.0
42.0
47.0
43.0
43.0
52.0
64.0
64.0
114.0
162.0
142.0
188.0
211.0
207.0
210.0
176.0
164.0
145.0
182.0
184.0
208.0
188.0
211.0
218.0
224.0
228.0
223.0
224.0
263.0
223.0
194.0
222.0
197.0
187.0
205.0
238.0
268.0
280.0
300.0
326.0
277.0
290.0
277.0
276.0
297.0
288.0
269.0
308.0
268.0
282.0
259.0
286.0
358.0
330.0
333.0
362.0
341.0
319.0
347.0
332.0
313.0
313.0
293.0
296.0
259.0
335.0
313.0
334.0
353.0
353.0
397.0
409.0
354.0
295.0
284.0
300.0
305.0
292.0
298.0
254.0
263.0
274.0
267.0
270.0
298.0
276.0
254.0
238.0
201.0
178.0
176.0
208.0
225.0
227.0
194.0
188.0
191.0
173.0
197.0
227.0
225.0
222.0
244.0
253.0
210.0
253.0
257.0
249.0
243.0
221.0
230.0
236.0
202.0
249.0
293.0
254.0
324.0
286.0
306.0
252.0
218.0
225.0
233.0
224.0
268.0
258.0
237.0
288.0
234.0
270.0
232.0
253.0
247.0
239.0
251.0
256.0
249.0
242.0
257.0
212.0
199.0
214.0
207.0
233.0
217.0
246.0
250.0
262.0
298.0
249.0
251.0
230.0
220.0
208.0
203.0
172.0
202.0
158.0
128.0
187.0
142.0
135.0
174.0
146.0
155.0
133.0
176.0
156.0
149.0
158.0
129.0
138.0
132.0
125.0
126.0
109.0
103.0
104.0
89.0
89.0
110.0
130.0
106.0
146.0
129.0
152.0
143.0
65.0
79.0
60.0
114.0
74.0
103.0
107.0
88.0
101.0
109.0
108.0
96.0
117.0
54.0
51.0
63.0
12.0
22.0
12.0
10.0
62.0
88.0
86.0
99.0
69.0
24.0
4.0
0.0
2.0
-20.0
-10.0
-6.0
-2.0
41.0
0.0
3.0
-17.0
-16.0
26.0
21.0
-3.0
63.0
26.0
20.0
-19.0
-55.0
-21.0
-58.0
-91.0
-86.0
-85.0
-81.0
-56.0
-58.0
-53.0
-68.0
-40.0
-4.0
-49.0
-53.0
-77.0
-129.0
-126.0
-114.0
-125.0
-112.0
-87.0
-78.0
-83.0
-84.0
-95.0
-53.0
-87.0
-107.0
-123.0
-112.0
-125.0
-137.0
-140.0
-106.0
-132.0
-133.0
-136.0
-127.0
-92.0
-83.0
-108.0
-116.0
-135.0
-127.0
-138.0
-134.0
-155.0
-174.0
-190.0
-184.0
-183.0
-149.0
-197.0
-208.0
-176.0
-218.0
-176.0
-174.0
-195.0
-195.0
-184.0
-121.0
-144.0
-169.0
-166.0
-258.0
-276.0
-252.0
-275.0
-258.0
-247.0
-280.0
-243.0
-240.0
-293.0
-257.0
-226.0
-186.0
-195.0
-172.0
-180.0
-230.0
-234.0
-240.0
-233.0
-243.0
-202.0
-202.0
-132.0
-136.0
-204.0
-183.0
-221.0
-210.0
-244.0
-239.0
-192.0
-177.0
-177.0
-180.0
-169.0
-168.0
-166.0
-188.0
-183.0
-175.0
-202.0
-149.0
-144.0
-139.0
-157.0
-180.0
-175.0
-193.0
-241.0
-232.0
-219.0
-205.0
-174.0
-139.0
-138.0
-140.0
-137.0
-103.0
-113.0
-137.0
-118.0
-104.0
-117.0
-162.0
-150.0
-125.0
-156.0
-126.0
-128.0
-143.0
-138.0
-144.0
-143.0
-158.0
-158.0
-138.0
-107.0
-83.0
-96.0
-134.0
-110.0
-115.0
-145.0
-105.0
-92.0
-127.0
-115.0
-100.0
-118.0
-130.0
-139.0
-106.0
-61.0
-91.0
-69.0
-68.0
-56.0
-36.0
-53.0
-74.0
-105.0
-103.0
-117.0
-110.0
-83.0
-96.0
-69.0
-66.0
-121.0
-168.0
-126.0
-113.0
-91.0
-51.0
-90.0
-93.0
-101.0
-119.0
-151.0
-149.0
-136.0
-143.0
-172.0
-171.0
-185.0
-155.0
-136.0
-153.0
-124.0
-87.0
-111.0
-95.0
-109.0
-157.0
-148.0
-142.0
-142.0
-142.0
-137.0
-139.0
-117.0
-136.0
-145.0
-99.0
-84.0
-79.0
-91.0
-84.0
-52.0
-67.0
-88.0
-94.0
-108.0
-109.0
-112.0
-112.0
-81.0
-90.0
-108.0
-109.0
-135.0
-125.0
-132.0
-118.0
-103.0
-88.0
-87.0
-111.0
-96.0
-89.0
-97.0
-50.0
-92.0
-131.0
-137.0
-105.0
-143.0
-150.0
-155.0
-135.0
-135.0
-169.0
-164.0
-130.0
-130.0
-122.0
-129.0
-131.0
-82.0
-95.0
-94.0
-90.0
-121.0
-110.0
-95.0
-99.0
-37.0
-51.0
-72.0
-89.0
-81.0
-106.0
-144.0
-119.0
-105.0
-100.0
-94.0
-80.0
-98.0
-62.0
-45.0
-31.0
-6.0
16.0
37.0
22.0
-59.0
-72.0
-76.0
-60.0
-26.0
-39.0
-37.0
-65.0
-77.0
-100.0
-121.0
-109.0
-76.0
-71.0
-55.0
-44.0
-60.0
-112.0
-115.0
-158.0
-136.0
-161.0
-155.0
-114.0
-132.0
-128.0
-121.0
-141.0
-156.0
-174.0
-147.0
-147.0
-183.0
-152.0
-114.0
-139.0
-122.0
-131.0
-117.0
-130.0
-141.0
-101.0
-140.0
-119.0
-114.0
-114.0
-83.0
-118.0
-163.0
-174.0
-185.0
-205.0
-186.0
-186.0
-184.0
-163.0
-163.0
-136.0
-178.0
-154.0
-165.0
-188.0
-148.0
-172.0
-202.0
-200.0
-201.0
-173.0
-175.0
-195.0
-192.0
-165.0
-160.0
-114.0
-125.0
-114.0
-81.0
-129.0
-110.0
-109.0
-162.0
-150.0
-174.0
-165.0
-148.0
-181.0
-183.0
-144.0
-157.0
-111.0
-144.0
-134.0
-69.0
-68.0
-79.0
-77.0
-121.0
-136.0
-150.0
-119.0
-149.0
-169.0
-162.0
-144.0
-124.0
-120.0
-130.0
-97.0
-60.0
-52.0
-44.0
-44.0
-97.0
-168.0
-169.0
-180.0
-168.0
-179.0
-164.0
-187.0
-213.0
-188.0
-163.0
-159.0
-173.0
-135.0
-160.0
-122.0
-134.0
-150.0
-168.0
-176.0
-177.0
-190.0
-178.0
-221.0
-229.0
-216.0
-193.0
-217.0
-177.0
-165.0
-136.0
-108.0
-98.0
-87.0
-97.0
-96.0
-95.0
-128.0
-135.0
-158.0
-157.0
-141.0
-133.0
-110.0
-97.0
-87.0
-99.0
-91.0
-67.0
-45.0
-91.0
-72.0
-42.0
-78.0
-106.0
-110.0
-120.0
-153.0
-142.0
-117.0
-83.0
-97.0
-89.0
-92.0
-100.0
-83.0
-73.0
-65.0
-54.0
-54.0
-67.0
-47.0
-104.0
-82.0
-92.0
-97.0
-83.0
-99.0
-97.0
-84.0
-73.0
-83.0
-62.0
-87.0
-87.0
-79.0
-84.0
-77.0
-67.0
-63.0
-80.0
-82.0
-16.0
-60.0
-16.0
-31.0
-58.0
-13.0
-29.0
-30.0
-31.0
-35.0
-27.0
-23.0
-48.0
-32.0
-7.0
-41.0
-7.0
-43.0
27.0
45.0
53.0
-3.0
-46.0
-54.0
-74.0
-54.0
-100.0
-77.0
-106.0
-96.0
-59.0
-99.0
-58.0
-49.0
-46.0
-35.0
-58.0
-78.0
-81.0
-71.0
-108.0
-41.0
-51.0
-39.0
-51.0
-45.0
-87.0
-92.0
-100.0
-87.0
-99.0
-92.0
-84.0
-29.0
-9.0
-24.0
-2.0
-32.0
-27.0
-37.0
-40.0
-51.0
-80.0
-97.0
-80.0
-104.0
-88.0
-71.0
-117.0
-96.0
-92.0
-119.0
-117.0
-136.0
-139.0
-107.0
-117.0
-117.0
-122.0
-129.0
-115.0
-109.0
-90.0
-95.0
-99.0
-90.0
-104.0
-134.0
-125.0
-108.0
-72.0
-90.0
-100.0
-90.0
-108.0
-115.0
-124.0
-113.0
-98.0
-95.0
-115.0
-131.0
-164.0
-179.0
-165.0
-165.0
-171.0
-177.0
-172.0
-146.0
-146.0
-73.0
-121.0
-5.0
-71.0
-35.0
-48.0
-86.0
-90.0
-116.0
-117.0
-122.0
-111.0
-67.0
-106.0
-77.0
-68.0
-70.0
-22.0
-53.0
-64.0
-35.0
-48.0
-14.0
-66.0
-159.0
-149.0
-160.0
-166.0
-137.0
-139.0
-124.0
-80.0
-132.0
-96.0
-84.0
-121.0
-147.0
-191.0
-159.0
-191.0
-155.0
-184.0
-171.0
-165.0
-135.0
-135.0
-112.0
-101.0
-159.0
-131.0
-152.0
-182.0
-129.0
-153.0
-124.0
-156.0
-110.0
-112.0
-56.0
-93.0
-67.0
-87.0
-77.0
-72.0
-90.0
-103.0
-108.0
-106.0
-92.0
-90.0
-93.0
-90.0
-99.0
-120.0
-127.0
-129.0
-132.0
-121.0
-118.0
-109.0
-113.0
-109.0
-146.0
-186.0
-162.0
-159.0
-110.0
-92.0
-135.0
-101.0
-82.0
-121.0
-89.0
-100.0
-108.0
-98.0
-102.0
-101.0
-109.0
-111.0
-81.0
-108.0
-120.0
-116.0
-93.0
-60.0
-67.0
-44.0
-26.0
-6.0
-11.0
-11.0
-17.0
0.0
-40.0
-43.0
-30.0
-30.0
-33.0
-40.0
-48.0
-27.0
-36.0
-50.0
-8.0
-26.0
-43.0
-33.0
-50.0
-39.0
-17.0
-31.0
-29.0
-29.0
-100.0
-88.0
-100.0
-31.0
-25.0
14.0
47.0
20.0
48.0
5.0
-31.0
17.0
-23.0
-8.0
13.0
34.0
7.0
22.0
-7.0
-31.0
-25.0
-7.0
-71.0
-63.0
-44.0
-40.0
-20.0
-36.0
-53.0
-34.0
-29.0
-13.0
-35.0
-9.0
-23.0
-60.0
-36.0
-64.0
-77.0
-42.0
-56.0
-76.0
-65.0
-27.0
-30.0
-9.0
-33.0
-51.0
-23.0
-99.0
-105.0
-42.0
-109.0
-115.0
-51.0
-51.0
-53.0
-94.0
-78.0
-79.0
-82.0
-79.0
-62.0
-66.0
-84.0
-48.0
-91.0
-72.0
-101.0
-99.0
-107.0
-157.0
-199.0
-131.0
-115.0
-150.0
-125.0
-129.0
-95.0
-140.0
-142.0
-120.0
-167.0
-130.0
-98.0
-101.0
-99.0
-104.0
-106.0
-110.0
-143.0
-95.0
-94.0
-91.0
-74.0
-34.0
-64.0
-91.0
-88.0
-101.0
-166.0
-92.0
-79.0
-89.0
-35.0
6.0
-21.0
-79.0
-158.0
-217.0
-182.0
-195.0
-209.0
-173.0
-68.0
-69.0
-26.0
-21.0
23.0
-7.0
-43.0
-46.0
-65.0
-96.0
-119.0
-75.0
-102.0
-96.0
-75.0
-117.0
-103.0
-60.0
-60.0
-59.0
-27.0
-46.0
-4.0
-14.0
-27.0
-33.0
-22.0
-42.0
-49.0
-88.0
-72.0
-101.0
-121.0
-117.0
-140.0
-136.0
-121.0
-107.0
-81.0
-75.0
-76.0
-78.0
-62.0
-73.0
-75.0
-101.0
-111.0
-108.0
-63.0
-15.0
-32.0
-16.0
17.0
34.0
29.0
32.0
31.0
13.0
-7.0
-38.0
15.0
-21.0
-43.0
-34.0
-42.0
-46.0
-79.0
-46.0
-48.0
-39.0
-30.0
10.0
-23.0
-7.0
-39.0
-29.0
-56.0
-35.0
-68.0
-83.0
-97.0
-51.0
-46.0
-64.0
-24.0
-43.0
-65.0
-71.0
-53.0
17.0
-4.0
-19.0
1.0
-29.0
-36.0
-52.0
-53.0
-114.0
-104.0
-69.0
-28.0
-20.0
-26.0
-74.0
-93.0
-60.0
-41.0
-29.0
-45.0
-31.0
-24.0
-59.0
-70.0
-45.0
-46.0
-43.0
-46.0
-50.0
-50.0
-85.0
-108.0
-79.0
-71.0
-95.0
-54.0
-70.0
-94.0
-95.0
-105.0
-110.0
-72.0
-72.0
-51.0
-49.0
-54.0
-21.0
-15.0
-55.0
-44.0
-11.0
-26.0
-47.0
-70.0
-69.0
-90.0
-104.0
-133.0
-139.0
-146.0
-137.0
-94.0
-58.0
-90.0
-46.0
-42.0
-29.0
-10.0
-21.0
-25.0
-6.0
-19.0
-40.0
-61.0
-70.0
-73.0
-33.0
-44.0
-27.0
34.0
37.0
25.0
15.0
39.0
25.0
-3.0
1.0
-8.0
-28.0
-59.0
-72.0
-74.0
-70.0
-54.0
-5.0
-3.0
15.0
45.0
54.0
81.0
80.0
100.0
82.0
121.0
80.0
46.0
31.0
1.0
49.0
31.0
54.0
84.0
70.0
65.0
59.0
44.0
43.0
17.0
43.0
40.0
29.0
33.0
32.0
41.0
20.0
-35.0
6.0
9.0
7.0
23.0
14.0
2.0
27.0
-2.0
17.0
14.0
17.0
16.0
45.0
35.0
-8.0
-31.0
30.0
19.0
19.0
43.0
21.0
-3.0
-21.0
-34.0
-5.0
-19.0
1.0
-29.0
-23.0
18.0
21.0
40.0
39.0
31.0
62.0
60.0
41.0
17.0
48.0
36.0
34.0
46.0
26.0
-2.0
-21.0
-43.0
-45.0
-69.0
-62.0
-51.0
-37.0
-20.0
-26.0
-21.0
-26.0
-3.0
25.0
31.0
-4.0
-1.0
3.0
-42.0
-90.0
-115.0
-84.0
-127.0
-129.0
-87.0
-92.0
-82.0
-35.0
-43.0
-13.0
-29.0
-39.0
-20.0
-22.0
-7.0
-41.0
-96.0
-122.0
-161.0
-135.0
-130.0
-126.0
-120.0
-144.0
-91.0
-44.0
-45.0
-13.0
-25.0
-57.0
-16.0
-47.0
-68.0
-53.0
-108.0
-111.0
-87.0
-85.0
-81.0
-63.0
-63.0
-26.0
-52.0
-18.0
-29.0
-45.0
-112.0
-119.0
-95.0
-95.0
-121.0
-89.0
-74.0
-112.0
-95.0
-86.0
-111.0
-76.0
-74.0
-112.0
-116.0
-98.0
-93.0
-104.0
-109.0
-130.0
-135.0
-136.0
-117.0
-143.0
-112.0
-125.0
-113.0
-114.0
-106.0
-107.0
-105.0
-111.0
-99.0
-121.0
-89.0
-91.0
-82.0
-74.0
-95.0
-103.0
-93.0
-83.0
-87.0
-63.0
-68.0
-43.0
-17.0
-39.0
-20.0
-25.0
-25.0
-2.0
-7.0
-15.0
-26.0
-35.0
-26.0
-64.0
-30.0
-29.0
-11.0
1.0
5.0
7.0
17.0
3.0
-1.0
22.0
-3.0
17.0
47.0
44.0
38.0
7.0
-6.0
16.0
20.0
22.0
46.0
53.0
27.0
34.0
12.0
-15.0
-13.0
0.0
12.0
20.0
-16.0
-37.0
-22.0
18.0
-45.0
-12.0
37.0
17.0
6.0
1.0
-1.0
4.0
-18.0
-2.0
24.0
16.0
40.0
21.0
25.0
-24.0
-24.0
-13.0
-21.0
-28.0
-3.0
-15.0
-15.0
35.0
12.0
-8.0
-5.0
-36.0
-8.0
-42.0
-72.0
-71.0
-74.0
-44.0
-52.0
-13.0
-14.0
-16.0
-7.0
9.0
16.0
15.0
14.0
4.0
-9.0
36.0
39.0
25.0
17.0
24.0
15.0
14.0
18.0
12.0
25.0
71.0
13.0
37.0
37.0
31.0
45.0
45.0
7.0
-13.0
-27.0
-46.0
-55.0
-41.0
-13.0
3.0
-28.0
-1.0
22.0
13.0
10.0
-26.0
-10.0
-22.0
-10.0
-26.0
-58.0
-37.0
-23.0
-9.0
4.0
-3.0
3.0
18.0
2.0
-20.0
-46.0
-46.0
-12.0
-39.0
-62.0
-32.0
-61.0
-56.0
-43.0
-30.0
-38.0
-65.0
-89.0
-78.0
-90.0
-58.0
-29.0
-45.0
-8.0
-37.0
-37.0
-31.0
-45.0
-59.0
-80.0
-103.0
-16.0
2.0
12.0
-21.0
-46.0
-27.0
-21.0
-31.0
-32.0
-37.0
-30.0
-8.0
-52.0
-26.0
-34.0
-43.0
17.0
-20.0
-23.0
-11.0
-57.0
-42.0
-26.0
-33.0
-15.0
16.0
33.0
9.0
-4.0
24.0
-23.0
-5.0
19.0
28.0
10.0
27.0
14.0
20.0
8.0
-5.0
-1.0
-10.0
26.0
25.0
21.0
21.0
13.0
-21.0
-31.0
-55.0
-6.0
-2.0
-45.0
-27.0
-21.0
-12.0
-36.0
-30.0
-17.0
-15.0
3.0
11.0
40.0
17.0
25.0
-13.0
-18.0
-17.0
-22.0
-55.0
-54.0
-50.0
-44.0
-9.0
-27.0
-13.0
33.0
23.0
49.0
45.0
4.0
-11.0
-32.0
-21.0
-39.0
-8.0
7.0
-3.0
-1.0
-5.0
-20.0
-19.0
-50.0
-35.0
24.0
-22.0
20.0
26.0
7.0
7.0
22.0
22.0
22.0
26.0
40.0
72.0
61.0
55.0
6.0
-37.0
-11.0
-55.0
-6.0
11.0
24.0
34.0
-9.0
-2.0
14.0
11.0
23.0
27.0
20.0
48.0
18.0
-11.0
-32.0
-39.0
-29.0
2.0
20.0
24.0
3.0
17.0
1.0
10.0
25.0
15.0
4.0
32.0
25.0
62.0
42.0
-3.0
90.0
70.0
87.0
64.0
50.0
32.0
27.0
27.0
11.0
36.0
9.0
36.0
22.0
23.0
65.0
32.0
17.0
11.0
16.0
-4.0
-10.0
8.0
26.0
27.0
6.0
46.0
9.0
12.0
47.0
24.0
31.0
31.0
42.0
-4.0
-30.0
-16.0
-26.0
-22.0
-22.0
-21.0
-3.0
-8.0
-5.0
2.0
-26.0
-17.0
-35.0
-34.0
-25.0
-3.0
-11.0
-4.0
13.0
1.0
45.0
8.0
32.0
65.0
-6.0
26.0
37.0
27.0
50.0
12.0
-19.0
-34.0
-49.0
-23.0
-40.0
18.0
51.0
63.0
33.0
-5.0
13.0
16.0
27.0
24.0
-20.0
0.0
-11.0
-14.0
-5.0
-1.0
-8.0
-12.0
3.0
-16.0
41.0
61.0
50.0
100.0
62.0
41.0
70.0
45.0
17.0
-3.0
-10.0
-10.0
-40.0
-14.0
-17.0
-25.0
-9.0
3.0
12.0
47.0
89.0
73.0
115.0
91.0
89.0
86.0
73.0
121.0
32.0
3.0
-10.0
-55.0
-41.0
-8.0
12.0
45.0
50.0
8.0
-10.0
-56.0
-48.0
-15.0
-12.0
10.0
26.0
20.0
3.0
-12.0
-16.0
-15.0
-12.0
4.0
0.0
-7.0
6.0
-13.0
8.0
19.0
12.0
49.0
39.0
50.0
55.0
13.0
34.0
6.0
-7.0
45.0
41.0
22.0
66.0
68.0
46.0
39.0
27.0
30.0
35.0
20.0
22.0
26.0
40.0
43.0
33.0
35.0
27.0
31.0
54.0
86.0
115.0
117.0
79.0
82.0
33.0
82.0
85.0
67.0
82.0
50.0
50.0
47.0
23.0
37.0
7.0
20.0
5.0
36.0
30.0
59.0
48.0
41.0
71.0
52.0
64.0
43.0
14.0
48.0
43.0
39.0
16.0
-14.0
5.0
-5.0
28.0
56.0
49.0
52.0
36.0
21.0
23.0
45.0
40.0
69.0
71.0
68.0
71.0
27.0
18.0
14.0
4.0
21.0
13.0
1.0
-1.0
-18.0
6.0
22.0
51.0
56.0
76.0
80.0
98.0
74.0
77.0
88.0
55.0
145.0
83.0
98.0
69.0
101.0
58.0
63.0
89.0
84.0
99.0
118.0
111.0
109.0
136.0
153.0
115.0
147.0
91.0
103.0
110.0
105.0
121.0
140.0
103.0
117.0
111.0
68.0
84.0
53.0
78.0
88.0
98.0
130.0
129.0
95.0
88.0
50.0
25.0
32.0
43.0
86.0
80.0
94.0
113.0
77.0
54.0
31.0
1.0
48.0
35.0
43.0
48.0
13.0
-13.0
-25.0
-9.0
51.0
41.0
23.0
-17.0
1.0
-5.0
36.0
46.0
46.0
32.0
40.0
84.0
102.0
128.0
96.0
77.0
33.0
3.0
31.0
14.0
4.0
45.0
61.0
57.0
59.0
35.0
-9.0
32.0
10.0
6.0
26.0
1.0
33.0
37.0
8.0
36.0
56.0
64.0
71.0
26.0
10.0
-7.0
-22.0
21.0
-39.0
19.0
28.0
15.0
53.0
58.0
33.0
66.0
25.0
41.0
46.0
35.0
37.0
12.0
-16.0
24.0
-25.0
-26.0
5.0
-1.0
-23.0
-12.0
-21.0
5.0
30.0
78.0
105.0
82.0
95.0
32.0
6.0
2.0
-18.0
-55.0
-39.0
-35.0
-29.0
0.0
0.0
32.0
14.0
18.0
3.0
-21.0
-21.0
-31.0
-6.0
-11.0
28.0
12.0
11.0
5.0
-33.0
-33.0
-38.0
-18.0
-22.0
-13.0
-12.0
-26.0
10.0
-12.0
-7.0
-21.0
-1.0
0.0
22.0
14.0
59.0
70.0
82.0
53.0
4.0
1.0
32.0
24.0
15.0
17.0
5.0
-17.0
-1.0
10.0
14.0
17.0
18.0
23.0
-1.0
18.0
21.0
3.0
8.0
-10.0
17.0
-23.0
-16.0
-33.0
-51.0
-89.0
-74.0
-72.0
-29.0
-24.0
-13.0
21.0
-9.0
30.0
27.0
39.0
46.0
40.0
44.0
81.0
33.0
17.0
21.0
-21.0
-26.0
-40.0
-18.0
1.0
11.0
-11.0
-19.0
-18.0
13.0
-9.0
-12.0
4.0
-11.0
-24.0
-50.0
-83.0
-91.0
-58.0
-69.0
-58.0
-37.0
-45.0
-31.0
-31.0
-13.0
-7.0
8.0
16.0
4.0
6.0
-10.0
-35.0
-55.0
-79.0
-67.0
-44.0
-21.0
-14.0
-50.0
-62.0
-51.0
-58.0
-54.0
-42.0
-68.0
-82.0
-62.0
-79.0
-86.0
-85.0
-96.0
-59.0
-32.0
-50.0
-17.0
-46.0
-29.0
-13.0
-3.0
-21.0
-19.0
-13.0
11.0
-34.0
-41.0
-43.0
-90.0
-145.0
-115.0
-135.0
-74.0
-105.0
-96.0
-37.0
-26.0
-3.0
-32.0
-23.0
-12.0
-35.0
-81.0
-90.0
-100.0
-99.0
-109.0
-107.0
-68.0
-78.0
-83.0
-70.0
-72.0
-59.0
-72.0
-86.0
-55.0
-53.0
-26.0
-36.0
-20.0
-78.0
-112.0
-118.0
-118.0
-156.0
-169.0
-164.0
-146.0
-115.0
-98.0
-127.0
-133.0
-138.0
-114.0
-118.0
-139.0
-137.0
-103.0
-129.0
-138.0
-121.0
-113.0
-164.0
-120.0
-143.0
-166.0
-100.0
-122.0
-153.0
-145.0
-112.0
-137.0
-149.0
-136.0
-144.0
-130.0
-143.0
-123.0
-118.0
-131.0
-105.0
-93.0
-108.0
-113.0
-64.0
-104.0
-103.0
-74.0
-75.0
-67.0
-88.0
-28.0
-26.0
-6.0
-6.0
-38.0
-59.0
-97.0
-122.0
-120.0
-132.0
-126.0
-102.0
-137.0
-100.0
-71.0
-75.0
-45.0
-51.0
-16.0
40.0
40.0
101.0
73.0
62.0
10.0
-46.0
-37.0
-32.0
-12.0
10.0
25.0
3.0
50.0
21.0
47.0
-1.0
-13.0
5.0
7.0
9.0
33.0
-10.0
22.0
12.0
10.0
12.0
9.0
16.0
21.0
20.0
18.0
24.0
43.0
45.0
41.0
23.0
53.0
31.0
35.0
64.0
46.0
62.0
31.0
14.0
7.0
22.0
26.0
40.0
51.0
26.0
26.0
14.0
35.0
20.0
2.0
20.0
13.0
77.0
39.0
53.0
74.0
99.0
93.0
123.0
115.0
112.0
120.0
91.0
91.0
54.0
46.0
78.0
51.0
55.0
20.0
21.0
54.0
37.0
20.0
76.0
62.0
129.0
110.0
129.0
119.0
89.0
92.0
77.0
63.0
56.0
61.0
26.0
56.0
22.0
31.0
40.0
31.0
79.0
48.0
72.0
110.0
116.0
79.0
96.0
82.0
111.0
88.0
78.0
81.0
36.0
104.0
107.0
65.0
68.0
42.0
37.0
45.0
67.0
77.0
42.0
55.0
63.0
76.0
86.0
55.0
24.0
31.0
65.0
41.0
59.0
52.0
61.0
81.0
107.0
115.0
101.0
74.0
75.0
77.0
67.0
88.0
105.0
65.0
88.0
74.0
83.0
103.0
107.0
119.0
98.0
101.0
74.0
47.0
50.0
48.0
35.0
73.0
53.0
51.0
51.0
22.0
14.0
3.0
8.0
24.0
6.0
11.0
4.0
-63.0
-22.0
-26.0
-26.0
-15.0
-32.0
16.0
81.0
35.0
43.0
26.0
-18.0
5.0
8.0
-1.0
8.0
-15.0
-6.0
-5.0
-24.0
21.0
1.0
-6.0
-3.0
-4.0
24.0
2.0
-3.0
48.0
1.0
-32.0
42.0
1.0
15.0
16.0
11.0
-5.0
28.0
12.0
42.0
4.0
3.0
15.0
-34.0
-9.0
-21.0
-73.0
-47.0
-83.0
-62.0
-31.0
14.0
40.0
13.0
-1.0
20.0
15.0
28.0
-10.0
-32.0
-27.0
-100.0
-132.0
-117.0
-146.0
-112.0
-82.0
-88.0
-61.0
-72.0
-51.0
-13.0
20.0
18.0
26.0
1.0
-16.0
-52.0
-91.0
-101.0
-110.0
-115.0
-106.0
-95.0
-45.0
-56.0
-49.0
-25.0
-16.0
12.0
72.0
79.0
90.0
43.0
-2.0
-56.0
-41.0
-70.0
-88.0
-95.0
-87.0
-109.0
-108.0
-45.0
-61.0
-27.0
-7.0
9.0
48.0
95.0
78.0
27.0
-20.0
10.0
0.0
-55.0
-50.0
-93.0
-83.0
-86.0
-84.0
-79.0
-28.0
-14.0
-5.0
-17.0
-6.0
34.0
16.0
-29.0
-54.0
-86.0
-26.0
-44.0
-60.0
-44.0
-20.0
-26.0
-31.0
-16.0
21.0
34.0
68.0
105.0
80.0
52.0
26.0
-20.0
-26.0
-76.0
-72.0
-51.0
-30.0
-38.0
3.0
-7.0
0.0
-13.0
5.0
8.0
93.0
130.0
152.0
154.0
68.0
29.0
-1.0
4.0
41.0
31.0
53.0
13.0
-8.0
2.0
-15.0
17.0
2.0
11.0
8.0
18.0
6.0
-3.0
-28.0
-45.0
-59.0
-34.0
-58.0
-54.0
-51.0
-35.0
-61.0
-63.0
-33.0
-59.0
-22.0
2.0
34.0
62.0
51.0
29.0
-7.0
-57.0
-89.0
-85.0
-64.0
-86.0
-70.0
-50.0
-83.0
-37.0
-41.0
-23.0
-21.0
-14.0
-23.0
-11.0
-31.0
-48.0
-53.0
-96.0
-79.0
-90.0
-63.0
-72.0
-74.0
-59.0
-87.0
-87.0
-46.0
-46.0
-16.0
-4.0
-15.0
-34.0
-12.0
-30.0
-35.0
-71.0
-89.0
-84.0
-93.0
-87.0
-48.0
-61.0
-78.0
-64.0
-41.0
-15.0
-45.0
-42.0
-27.0
-3.0
27.0
29.0
18.0
8.0
-12.0
-30.0
-29.0
-23.0
-35.0
-19.0
-12.0
-5.0
-52.0
-85.0
-65.0
-80.0
-62.0
-13.0
-27.0
-4.0
-39.0
-72.0
-45.0
-59.0
-48.0
-52.0
-85.0
-40.0
-81.0
-60.0
-57.0
-93.0
-69.0
-88.0
-95.0
-85.0
-69.0
-98.0
-58.0
-68.0
-65.0
-35.0
-47.0
-77.0
-91.0
-88.0
-101.0
-102.0
-60.0
-74.0
-74.0
-71.0
-79.0
-58.0
-13.0
-56.0
-45.0
-50.0
-30.0
-22.0
-23.0
-43.0
-68.0
-35.0
-53.0
-7.0
-26.0
-44.0
-48.0
-54.0
-68.0
-65.0
-71.0
-97.0
-106.0
-58.0
-52.0
-74.0
-100.0
-119.0
-81.0
-71.0
-52.0
-33.0
-53.0
-8.0
42.0
-4.0
42.0
35.0
29.0
-5.0
-6.0
-27.0
-18.0
-65.0
-65.0
-82.0
-92.0
-64.0
-39.0
-27.0
-2.0
-36.0
-2.0
33.0
12.0
61.0
69.0
30.0
34.0
-37.0
-22.0
-45.0
-34.0
-17.0
-36.0
-31.0
-15.0
-44.0
5.0
8.0
11.0
23.0
29.0
15.0
22.0
-27.0
-14.0
-41.0
6.0
-5.0
-2.0
2.0
3.0
-22.0
-26.0
-12.0
8.0
32.0
37.0
38.0
49.0
23.0
61.0
80.0
91.0
112.0
123.0
144.0
106.0
39.0
15.0
18.0
17.0
53.0
72.0
105.0
104.0
128.0
152.0
135.0
115.0
173.0
152.0
159.0
177.0
196.0
188.0
172.0
110.0
119.0
85.0
93.0
98.0
78.0
147.0
162.0
132.0
146.0
165.0
148.0
159.0
147.0
140.0
139.0
146.0
166.0
139.0
178.0
182.0
152.0
191.0
164.0
176.0
236.0
240.0
271.0
277.0
284.0
274.0
262.0
222.0
216.0
205.0
173.0
174.0
170.0
179.0
172.0
174.0
187.0
189.0
200.0
197.0
220.0
252.0
249.0
220.0
239.0
235.0
164.0
154.0
133.0
141.0
118.0
128.0
147.0
136.0
127.0
149.0
213.0
225.0
229.0
220.0
196.0
194.0
180.0
178.0
152.0
102.0
55.0
34.0
34.0
62.0
73.0
119.0
149.0
198.0
219.0
243.0
251.0
289.0
281.0
300.0
287.0
275.0
252.0
216.0
192.0
192.0
126.0
176.0
173.0
181.0
215.0
215.0
291.0
317.0
368.0
392.0
374.0
361.0
332.0
293.0
313.0
299.0
252.0
271.0
276.0
251.0
276.0
242.0
214.0
199.0
211.0
227.0
273.0
332.0
360.0
344.0
309.0
277.0
204.0
181.0
153.0
146.0
177.0
185.0
238.0
201.0
202.0
215.0
177.0
174.0
152.0
139.0
108.0
98.0
36.0
61.0
64.0
68.0
79.0
70.0
111.0
116.0
132.0
154.0
172.0
192.0
220.0
202.0
191.0
189.0
134.0
153.0
147.0
161.0
188.0
181.0
154.0
136.0
112.0
164.0
164.0
184.0
207.0
219.0
233.0
251.0
268.0
277.0
246.0
223.0
150.0
147.0
205.0
204.0
216.0
198.0
191.0
167.0
165.0
165.0
211.0
195.0
194.0
215.0
204.0
244.0
235.0
270.0
264.0
250.0
205.0
149.0
113.0
128.0
127.0
122.0
134.0
148.0
174.0
210.0
247.0
295.0
349.0
360.0
354.0
326.0
289.0
258.0
194.0
178.0
177.0
164.0
156.0
174.0
120.0
139.0
140.0
139.0
168.0
180.0
228.0
249.0
277.0
283.0
248.0
234.0
249.0
192.0
163.0
133.0
115.0
126.0
108.0
81.0
81.0
72.0
96.0
157.0
139.0
166.0
194.0
208.0
193.0
161.0
161.0
155.0
126.0
119.0
59.0
73.0
84.0
83.0
74.0
64.0
56.0
91.0
92.0
91.0
110.0
109.0
130.0
91.0
75.0
64.0
31.0
22.0
14.0
12.0
15.0
3.0
0.0
21.0
12.0
37.0
57.0
34.0
78.0
69.0
50.0
35.0
25.0
7.0
-65.0
-101.0
-38.0
-34.0
-45.0
-44.0
-36.0
-31.0
-26.0
-21.0
-5.0
18.0
6.0
11.0
-39.0
-32.0
-49.0
-105.0
-88.0
-78.0
-109.0
-92.0
-119.0
-88.0
-74.0
-109.0
-105.0
-52.0
-49.0
-35.0
1.0
26.0
40.0
19.0
17.0
-5.0
-54.0
-71.0
-90.0
-93.0
-71.0
-111.0
-112.0
-105.0
-91.0
-66.0
-62.0
-54.0
-32.0
-54.0
-78.0
-87.0
-73.0
-52.0
-46.0
-88.0
-91.0
-111.0
-110.0
-120.0
-139.0
-102.0
-86.0
-107.0
-93.0
-101.0
-72.0
-93.0
-123.0
-99.0
-119.0
-150.0
-100.0
-153.0
-137.0
-142.0
-162.0
-137.0
-127.0
-102.0
-88.0
-85.0
-69.0
-44.0
-33.0
-50.0
-72.0
-124.0
-119.0
-110.0
-97.0
-97.0
-68.0
-90.0
-94.0
-107.0
-123.0
-132.0
-100.0
-90.0
-58.0
-61.0
-48.0
-57.0
-52.0
-92.0
-88.0
-107.0
-142.0
-102.0
-102.0
-125.0
-137.0
-174.0
-178.0
-158.0
-152.0
-106.0
-127.0
-99.0
-80.0
-76.0
-81.0
-72.0
-111.0
-91.0
-139.0
-167.0
-155.0
-158.0
-175.0
-164.0
-173.0
-155.0
-170.0
-166.0
-119.0
-153.0
-104.0
-93.0
-88.0
-88.0
-106.0
-104.0
-112.0
-130.0
-135.0
-134.0
-137.0
-142.0
-163.0
-153.0
-134.0
-181.0
-177.0
-177.0
-165.0
-148.0
-127.0
-127.0
-143.0
-152.0
-144.0
-169.0
-181.0
-185.0
-228.0
-215.0
-200.0
-201.0
-199.0
-168.0
-120.0
-136.0
-162.0
-142.0
-115.0
-127.0
-121.0
-114.0
-110.0
-112.0
-133.0
-135.0
-167.0
-186.0
-167.0
-164.0
-185.0
-169.0
-153.0
-127.0
-111.0
-143.0
-144.0
-114.0
-138.0
-128.0
-167.0
-154.0
-125.0
-162.0
-179.0
-193.0
-197.0
-208.0
-234.0
-211.0
-220.0
-185.0
-155.0
-155.0
-182.0
-150.0
-162.0
-166.0
-175.0
-190.0
-162.0
-138.0
-137.0
-152.0
-194.0
-257.0
-246.0
-230.0
-199.0
-182.0
-180.0
-162.0
-161.0
-136.0
-138.0
-159.0
-117.0
-115.0
-128.0
-143.0
-165.0
-187.0
-202.0
-187.0
-195.0
-225.0
-221.0
-225.0
-210.0
-212.0
-195.0
-187.0
-186.0
-179.0
-155.0
-157.0
-168.0
-154.0
-173.0
-206.0
-235.0
-224.0
-254.0
-260.0
-234.0
-260.0
-213.0
-211.0
-227.0
-240.0
-250.0
-254.0
-221.0
-211.0
-164.0
-177.0
-183.0
-183.0
-212.0
-240.0
-270.0
-242.0
-194.0
-197.0
-176.0
-166.0
-183.0
-161.0
-175.0
-194.0
-205.0
-210.0
-192.0
-199.0
-183.0
-213.0
-245.0
-227.0
-187.0
-171.0
-144.0
-120.0
-111.0
-124.0
-117.0
-156.0
-111.0
-103.0
-99.0
-101.0
-150.0
-172.0
-185.0
-208.0
-172.0
-175.0
-162.0
-149.0
-145.0
-119.0
-119.0
-141.0
-126.0
-126.0
-119.0
-123.0
-142.0
-115.0
-115.0
-154.0
-175.0
-210.0
-225.0
-199.0
-213.0
-196.0
-219.0
-200.0
-164.0
-143.0
-133.0
-153.0
-126.0
-108.0
-119.0
-119.0
-146.0
-183.0
-167.0
-124.0
-156.0
-160.0
-163.0
-169.0
-162.0
-172.0
-193.0
-158.0
-163.0
-135.0
-109.0
-100.0
-72.0
-115.0
-126.0
-108.0
-132.0
-149.0
-156.0
-158.0
-167.0
-167.0
-166.0
-137.0
-143.0
-114.0
-112.0
-103.0
-73.0
-90.0
-82.0
-69.0
-111.0
-120.0
-148.0
-185.0
-178.0
-176.0
-190.0
-172.0
-177.0
-160.0
-160.0
-178.0
-165.0
-153.0
-121.0
-115.0
-113.0
-116.0
-140.0
-182.0
-186.0
-206.0
-211.0
-206.0
-213.0
-194.0
-210.0
-206.0
-224.0
-195.0
-166.0
-125.0
-130.0
-95.0
-73.0
-86.0
-80.0
-106.0
-115.0
-132.0
-158.0
-143.0
-140.0
-114.0
-111.0
-147.0
-125.0
-106.0
-126.0
-89.0
-99.0
-102.0
-74.0
-52.0
-80.0
-96.0
-123.0
-158.0
-162.0
-200.0
-150.0
-139.0
-122.0
-101.0
-126.0
-119.0
-106.0
-91.0
-72.0
-76.0
-81.0
-64.0
-72.0
-78.0
-98.0
-122.0
-118.0
-133.0
-135.0
-135.0
-154.0
-142.0
-139.0
-168.0
-152.0
-146.0
-116.0
-112.0
-106.0
-134.0
-138.0
-130.0
-157.0
-154.0
-166.0
-151.0
-155.0
-159.0
-177.0
-163.0
-143.0
-158.0
-128.0
-94.0
-107.0
-72.0
-81.0
-88.0
-80.0
-95.0
-80.0
-102.0
-112.0
-124.0
-112.0
-101.0
-104.0
-96.0
-86.0
-77.0
-72.0
-35.0
-48.0
-54.0
-62.0
-105.0
-96.0
-98.0
-115.0
-123.0
-137.0
-117.0
-61.0
-53.0
-56.0
-61.0
-73.0
-46.0
-65.0
-70.0
-68.0
-65.0
-43.0
-46.0
-59.0
-60.0
-65.0
-83.0
-81.0
-81.0
-83.0
-77.0
-68.0
-37.0
-49.0
-33.0
-40.0
-26.0
-4.0
-23.0
-33.0
12.0
15.0
-1.0
21.0
-36.0
-83.0
-33.0
-41.0
-46.0
17.0
-2.0
37.0
43.0
84.0
81.0
60.0
51.0
-4.0
-26.0
-53.0
-49.0
-49.0
-20.0
-19.0
-18.0
-24.0
-2.0
34.0
64.0
79.0
136.0
127.0
115.0
119.0
103.0
111.0
65.0
71.0
55.0
43.0
45.0
44.0
56.0
74.0
63.0
76.0
79.0
95.0
118.0
124.0
130.0
180.0
180.0
187.0
190.0
147.0
131.0
93.0
65.0
45.0
46.0
40.0
42.0
61.0
67.0
102.0
136.0
145.0
148.0
182.0
166.0
166.0
198.0
201.0
183.0
163.0
165.0
154.0
154.0
134.0
138.0
134.0
138.0
138.0
161.0
152.0
186.0
162.0
192.0
192.0
177.0
199.0
175.0
158.0
173.0
165.0
188.0
177.0
160.0
182.0
168.0
168.0
163.0
136.0
143.0
113.0
125.0
137.0
110.0
165.0
205.0
160.0
152.0
155.0
141.0
163.0
161.0
168.0
183.0
154.0
152.0
175.0
169.0
195.0
156.0
155.0
178.0
183.0
186.0
203.0
167.0
156.0
167.0
182.0
202.0
202.0
204.0
191.0
183.0
211.0
168.0
140.0
160.0
146.0
143.0
149.0
143.0
169.0
139.0
137.0
126.0
135.0
156.0
162.0
143.0
182.0
182.0
156.0
159.0
157.0
175.0
163.0
105.0
99.0
100.0
71.0
68.0
87.0
98.0
80.0
97.0
120.0
117.0
110.0
140.0
143.0
102.0
119.0
94.0
95.0
100.0
81.0
67.0
54.0
69.0
95.0
80.0
115.0
121.0
132.0
137.0
107.0
98.0
117.0
137.0
125.0
96.0
101.0
129.0
120.0
147.0
165.0
144.0
172.0
157.0
155.0
160.0
122.0
108.0
157.0
87.0
103.0
97.0
59.0
64.0
56.0
39.0
63.0
69.0
118.0
119.0
69.0
69.0
58.0
127.0
128.0
153.0
182.0
138.0
98.0
142.0
79.0
87.0
102.0
99.0
74.0
63.0
56.0
52.0
22.0
48.0
77.0
79.0
98.0
129.0
106.0
94.0
62.0
69.0
76.0
71.0
64.0
56.0
64.0
87.0
71.0
77.0
80.0
41.0
48.0
83.0
61.0
83.0
78.0
63.0
55.0
35.0
59.0
69.0
88.0
80.0
68.0
60.0
41.0
54.0
51.0
44.0
39.0
32.0
30.0
27.0
1.0
-21.0
-14.0
12.0
9.0
23.0
17.0
20.0
42.0
43.0
50.0
-6.0
-30.0
8.0
18.0
13.0
13.0
-39.0
-42.0
-63.0
-69.0
-40.0
-31.0
-25.0
-25.0
-32.0
-21.0
-33.0
-39.0
-16.0
-18.0
-18.0
16.0
11.0
-16.0
-35.0
-66.0
-92.0
-133.0
-127.0
-115.0
-91.0
-67.0
-63.0
-65.0
-28.0
-95.0
-55.0
-39.0
-29.0
-7.0
8.0
17.0
10.0
-27.0
-50.0
-84.0
-94.0
-77.0
-98.0
-112.0
-152.0
-162.0
-144.0
-145.0
-144.0
-126.0
-127.0
-121.0
-99.0
-111.0
-100.0
-68.0
-91.0
-94.0
-102.0
-119.0
-118.0
-96.0
-111.0
-108.0
-128.0
-108.0
-96.0
-122.0
-95.0
-111.0
-106.0
-105.0
-117.0
-131.0
-123.0
-111.0
-110.0
-107.0
-106.0
-88.0
-92.0
-126.0
-139.0
-118.0
-81.0
-67.0
-60.0
-31.0
-58.0
-15.0
-70.0
-86.0
-91.0
-126.0
-126.0
-112.0
-144.0
-84.0
-88.0
-114.0
-55.0
-65.0
-34.0
-17.0
-11.0
1.0
4.0
-10.0
-41.0
-91.0
-100.0
-102.0
-116.0
-80.0
-106.0
-114.0
-114.0
-104.0
-101.0
-78.0
-119.0
-49.0
5.0
-25.0
-6.0
20.0
12.0
-20.0
-39.0
-45.0
-10.0
-48.0
-65.0
-139.0
-172.0
-145.0
-148.0
-110.0
-133.0
-131.0
-142.0
-115.0
-100.0
-40.0
-30.0
-12.0
-50.0
-57.0
-59.0
-89.0
-84.0
-80.0
-133.0
-137.0
-140.0
-144.0
-130.0
-126.0
-144.0
-146.0
-171.0
-138.0
-137.0
-118.0
-102.0
-96.0
-102.0
-83.0
-77.0
-53.0
-61.0
-79.0
-64.0
-65.0
-92.0
-80.0
-96.0
-82.0
-47.0
-77.0
-67.0
-96.0
-110.0
-97.0
-103.0
-90.0
-77.0
-77.0
-54.0
-50.0
-64.0
-53.0
-25.0
6.0
32.0
36.0
73.0
35.0
20.0
-4.0
-50.0
-50.0
-55.0
-72.0
-41.0
-86.0
-66.0
-45.0
-43.0
-35.0
-19.0
-15.0
27.0
30.0
59.0
77.0
70.0
117.0
97.0
103.0
86.0
44.0
52.0
54.0
50.0
75.0
79.0
92.0
111.0
134.0
144.0
175.0
180.0
172.0
187.0
197.0
200.0
147.0
103.0
83.0
72.0
77.0
77.0
65.0
84.0
64.0
59.0
68.0
83.0
118.0
136.0
112.0
99.0
53.0
41.0
34.0
-7.0
-9.0
-11.0
-25.0
-9.0
-17.0
-35.0
-22.0
-28.0
1.0
56.0
63.0
120.0
135.0
130.0
153.0
90.0
82.0
66.0
43.0
70.0
34.0
73.0
42.0
36.0
27.0
34.0
31.0
62.0
40.0
62.0
80.0
53.0
62.0
98.0
89.0
63.0
70.0
48.0
36.0
13.0
1.0
0.0
8.0
-5.0
-4.0
17.0
23.0
20.0
55.0
79.0
86.0
75.0
68.0
98.0
62.0
24.0
20.0
-8.0
-12.0
-33.0
-27.0
-41.0
-2.0
-22.0
23.0
59.0
91.0
117.0
124.0
109.0
90.0
39.0
34.0
35.0
14.0
42.0
-2.0
-26.0
18.0
23.0
36.0
53.0
45.0
76.0
105.0
123.0
169.0
160.0
110.0
46.0
14.0
0.0
-18.0
-38.0
-29.0
-37.0
-46.0
-48.0
-57.0
-32.0
-26.0
-12.0
-5.0
5.0
40.0
36.0
35.0
37.0
45.0
30.0
6.0
-33.0
-13.0
-39.0
-70.0
-86.0
-100.0
-87.0
-69.0
-72.0
-44.0
-41.0
-43.0
-16.0
-35.0
-54.0
-27.0
-50.0
-50.0
-67.0
-83.0
-73.0
-95.0
-95.0
-92.0
-100.0
-91.0
-63.0
-61.0
-21.0
-25.0
-2.0
-4.0
-33.0
-41.0
-68.0
-83.0
-99.0
-99.0
-83.0
-93.0
-89.0
-101.0
-78.0
-52.0
-14.0
13.0
21.0
47.0
32.0
5.0
-61.0
-108.0
-129.0
-131.0
-133.0
-101.0
-140.0
-99.0
-92.0
-96.0
-87.0
-91.0
-80.0
-36.0
-17.0
21.0
46.0
44.0
45.0
56.0
52.0
32.0
-43.0
-70.0
-71.0
-65.0
-74.0
-113.0
-144.0
-149.0
-134.0
-132.0
-108.0
-102.0
-63.0
-42.0
-19.0
-36.0
-97.0
-136.0
-126.0
-109.0
-114.0
-126.0
-141.0
-152.0
-159.0
-163.0
-149.0
-173.0
-161.0
-159.0
-163.0
-147.0
-185.0
-185.0
-205.0
-221.0
-241.0
-227.0
-221.0
-220.0
-210.0
-214.0
-202.0
-211.0
-182.0
-166.0
-183.0
-160.0
-194.0
-186.0
-191.0
-236.0
-233.0
-214.0
-236.0
-203.0
-190.0
-178.0
-165.0
-158.0
-135.0
-134.0
-146.0
-106.0
-84.0
-80.0
-100.0
-136.0
-159.0
-184.0
-212.0
-189.0
-196.0
-229.0
-187.0
-174.0
-194.0
-194.0
-164.0
-129.0
-114.0
-84.0
-64.0
-63.0
-27.0
-26.0
-77.0
-89.0
-124.0
-141.0
-144.0
-128.0
-124.0
-122.0
-133.0
-138.0
-142.0
-150.0
-139.0
-120.0
-93.0
-64.0
-69.0
-84.0
-96.0
-106.0
-130.0
-139.0
-166.0
-182.0
-180.0
-156.0
-161.0
-146.0
-121.0
-143.0
-124.0
-120.0
-133.0
-145.0
-152.0
-146.0
-121.0
-134.0
-97.0
-90.0
-122.0
-137.0
-160.0
-175.0
-185.0
-169.0
-158.0
-150.0
-162.0
-126.0
-145.0
-115.0
-71.0
-76.0
-93.0
-125.0
-157.0
-153.0
-153.0
-155.0
-125.0
-136.0
-149.0
-125.0
-161.0
-174.0
-162.0
-153.0
-116.0
-110.0
-86.0
-69.0
-124.0
-133.0
-172.0
-166.0
-149.0
-160.0
-143.0
-145.0
-154.0
-156.0
-164.0
-151.0
-148.0
-121.0
-119.0
-84.0
-91.0
-116.0
-124.0
-114.0
-146.0
-164.0
-153.0
-136.0
-121.0
-111.0
-108.0
-102.0
-86.0
-114.0
-126.0
-87.0
-62.0
-51.0
-48.0
-32.0
-45.0
-96.0
-106.0
-124.0
-154.0
-127.0
-150.0
-121.0
-109.0
-116.0
-95.0
-93.0
-74.0
-35.0
-50.0
-18.0
-11.0
-22.0
-17.0
-13.0
-46.0
-37.0
-49.0
-43.0
-26.0
-60.0
-101.0
-95.0
-99.0
-72.0
-69.0
-72.0
-68.0
-81.0
-52.0
-98.0
-90.0
-41.0
-63.0
-35.0
14.0
26.0
27.0
-7.0
-42.0
-15.0
-37.0
-32.0
-27.0
-32.0
-12.0
-50.0
-43.0
-19.0
-64.0
-92.0
-77.0
-78.0
-82.0
-52.0
-53.0
-32.0
-27.0
-22.0
7.0
8.0
-9.0
-3.0
12.0
0.0
-29.0
-63.0
-50.0
-61.0
-45.0
-32.0
-21.0
16.0
-2.0
-2.0
16.0
-1.0
53.0
41.0
6.0
-3.0
-24.0
-11.0
-3.0
-5.0
-3.0
10.0
19.0
40.0
27.0
22.0
54.0
32.0
35.0
27.0
31.0
-7.0
-56.0
-36.0
-40.0
-33.0
-23.0
-22.0
-41.0
-55.0
-32.0
-20.0
5.0
8.0
44.0
52.0
47.0
29.0
7.0
-30.0
-26.0
-41.0
-43.0
-27.0
-45.0
-33.0
-41.0
-16.0
-18.0
-39.0
-9.0
0.0
4.0
-4.0
-7.0
-22.0
-13.0
-58.0
-53.0
-73.0
-68.0
-83.0
-98.0
-65.0
-37.0
-36.0
-34.0
-12.0
13.0
23.0
-18.0
-57.0
-64.0
-78.0
-61.0
-93.0
-89.0
-66.0
-51.0
-55.0
-63.0
-89.0
-103.0
-70.0
-117.0
-87.0
-92.0
-92.0
-101.0
-142.0
-153.0
-152.0
-166.0
-136.0
-140.0
-158.0
-159.0
-152.0
-163.0
-136.0
-147.0
-108.0
-102.0
-44.0
-25.0
-29.0
-17.0
-20.0
-28.0
-43.0
-74.0
-106.0
-115.0
-131.0
-132.0
-100.0
-118.0
-95.0
-82.0
-71.0
-52.0
-74.0
-59.0
-63.0
-81.0
-45.0
-59.0
-36.0
-24.0
-13.0
-12.0
1.0
14.0
12.0
-5.0
-49.0
-48.0
-74.0
-89.0
-73.0
-64.0
-37.0
-52.0
-72.0
-69.0
-88.0
-85.0
-89.0
-94.0
-116.0
-108.0
-70.0
-35.0
-34.0
4.0
-3.0
1.0
-10.0
-52.0
-96.0
-114.0
-138.0
-129.0
-121.0
-104.0
-77.0
-64.0
-102.0
-88.0
-111.0
-121.0
-89.0
-70.0
-14.0
8.0
-6.0
12.0
-31.0
-61.0
-100.0
-177.0
-125.0
-123.0
-89.0
-37.0
-20.0
-11.0
-13.0
-48.0
-40.0
-31.0
-44.0
-34.0
-25.0
-23.0
2.0
-45.0
-56.0
-63.0
-87.0
-55.0
-78.0
-70.0
-69.0
-62.0
-29.0
-40.0
-33.0
1.0
23.0
34.0
-17.0
-58.0
-56.0
-37.0
-53.0
-33.0
-12.0
10.0
-11.0
-21.0
32.0
18.0
-4.0
-14.0
-11.0
-15.0
17.0
31.0
20.0
3.0
-11.0
-1.0
-5.0
-3.0
4.0
53.0
50.0
60.0
60.0
86.0
41.0
46.0
9.0
8.0
1.0
-3.0
-21.0
-20.0
2.0
-2.0
-2.0
4.0
13.0
-10.0
3.0
-6.0
13.0
29.0
30.0
36.0
81.0
77.0
42.0
71.0
39.0
35.0
46.0
55.0
56.0
32.0
8.0
26.0
17.0
32.0
55.0
59.0
76.0
56.0
55.0
83.0
20.0
30.0
48.0
73.0
116.0
136.0
96.0
77.0
21.0
48.0
71.0
73.0
96.0
95.0
111.0
89.0
64.0
59.0
42.0
50.0
67.0
77.0
74.0
111.0
81.0
47.0
69.0
64.0
95.0
115.0
90.0
67.0
57.0
37.0
33.0
43.0
35.0
40.0
74.0
89.0
109.0
108.0
111.0
140.0
106.0
122.0
96.0
117.0
107.0
96.0
84.0
72.0
86.0
66.0
46.0
56.0
61.0
46.0
54.0
66.0
74.0
79.0
83.0
76.0
51.0
48.0
10.0
-8.0
54.0
104.0
102.0
126.0
144.0
124.0
99.0
78.0
70.0
20.0
10.0
86.0
82.0
71.0
87.0
80.0
88.0
69.0
42.0
41.0
31.0
60.0
84.0
92.0
89.0
119.0
91.0
103.0
56.0
52.0
70.0
47.0
75.0
106.0
103.0
118.0
118.0
119.0
126.0
101.0
99.0
135.0
115.0
119.0
115.0
119.0
135.0
147.0
174.0
155.0
142.0
119.0
115.0
127.0
138.0
163.0
153.0
152.0
175.0
185.0
156.0
159.0
142.0
118.0
116.0
133.0
105.0
162.0
160.0
168.0
147.0
125.0
136.0
112.0
118.0
177.0
157.0
156.0
184.0
145.0
170.0
140.0
103.0
131.0
140.0
150.0
178.0
181.0
215.0
227.0
264.0
293.0
290.0
292.0
241.0
253.0
276.0
244.0
219.0
231.0
199.0
188.0
162.0
177.0
203.0
254.0
266.0
297.0
291.0
262.0
252.0
252.0
263.0
251.0
253.0
257.0
228.0
224.0
233.0
204.0
189.0
177.0
191.0
221.0
253.0
224.0
252.0
265.0
261.0
253.0
242.0
242.0
227.0
214.0
229.0
221.0
235.0
268.0
267.0
274.0
278.0
292.0
331.0
299.0
288.0
328.0
290.0
271.0
249.0
220.0
187.0
181.0
166.0
191.0
224.0
239.0
237.0
231.0
282.0
276.0
299.0
279.0
260.0
252.0
186.0
169.0
171.0
213.0
229.0
237.0
253.0
254.0
257.0
247.0
273.0
287.0
304.0
285.0
300.0
311.0
285.0
257.0
250.0
224.0
232.0
222.0
184.0
212.0
276.0
287.0
294.0
328.0
303.0
301.0
301.0
298.0
284.0
240.0
247.0
235.0
227.0
227.0
197.0
215.0
196.0
208.0
204.0
203.0
215.0
233.0
213.0
224.0
193.0
165.0
141.0
117.0
139.0
156.0
150.0
169.0
184.0
180.0
192.0
185.0
176.0
161.0
175.0
203.0
201.0
198.0
176.0
147.0
138.0
121.0
124.0
159.0
142.0
159.0
216.0
199.0
165.0
153.0
142.0
122.0
129.0
99.0
88.0
135.0
168.0
154.0
137.0
162.0
169.0
191.0
202.0
183.0
156.0
129.0
116.0
157.0
127.0
151.0
140.0
116.0
112.0
102.0
86.0
121.0
123.0
116.0
131.0
161.0
156.0
144.0
70.0
51.0
83.0
80.0
98.0
58.0
78.0
69.0
50.0
54.0
18.0
-13.0
33.0
11.0
25.0
70.0
109.0
121.0
120.0
134.0
109.0
60.0
12.0
-23.0
-42.0
-53.0
-86.0
-68.0
-31.0
-27.0
-21.0
-34.0
-35.0
-33.0
-10.0
-17.0
1.0
-13.0
-27.0
-88.0
-60.0
-53.0
-59.0
-55.0
-58.0
-79.0
-93.0
-58.0
-101.0
-67.0
-91.0
-72.0
-60.0
-53.0
-29.0
-31.0
-44.0
-20.0
-65.0
-76.0
-56.0
-69.0
-44.0
-24.0
-15.0
24.0
18.0
-4.0
-36.0
-52.0
-54.0
-45.0
-50.0
-56.0
-54.0
-60.0
-48.0
-55.0
-58.0
-82.0
-79.0
-40.0
-36.0
-59.0
-85.0
-77.0
-56.0
-36.0
-61.0
-46.0
-48.0
-55.0
-61.0
-45.0
-65.0
-43.0
-86.0
-61.0
-82.0
-96.0
-95.0
-99.0
-73.0
-88.0
-70.0
-59.0
-12.0
-14.0
-40.0
-66.0
-110.0
-108.0
-102.0
-83.0
-84.0
-80.0
-58.0
-74.0
-67.0
-76.0
-88.0
-82.0
-65.0
-63.0
-33.0
-56.0
-52.0
-14.0
-41.0
-38.0
-35.0
-58.0
-30.0
-49.0
-66.0
-44.0
-57.0
-54.0
-34.0
-26.0
-6.0
-1.0
-11.0
-18.0
-69.0
-88.0
-81.0
-88.0
-71.0
-58.0
-40.0
-41.0
-54.0
-44.0
-50.0
-28.0
-27.0
-75.0
-82.0
-49.0
-47.0
-53.0
-57.0
-60.0
-13.0
-34.0
-30.0
1.0
-17.0
-14.0
6.0
-7.0
-12.0
-12.0
-33.0
-37.0
-77.0
-39.0
-39.0
-51.0
1.0
8.0
12.0
15.0
20.0
33.0
29.0
33.0
22.0
1.0
-8.0
46.0
13.0
19.0
13.0
21.0
8.0
-39.0
-16.0
-23.0
-52.0
-30.0
-23.0
-63.0
-62.0
-44.0
-48.0
-43.0
-16.0
-26.0
-13.0
-22.0
-37.0
-31.0
-17.0
-10.0
-26.0
-14.0
-100.0
-105.0
-72.0
-73.0
-83.0
-87.0
-29.0
-59.0
-23.0
-25.0
-29.0
-24.0
-37.0
-72.0
-101.0
-98.0
-48.0
-51.0
-10.0
-4.0
3.0
-16.0
-45.0
-54.0
-63.0
-91.0
-98.0
-54.0
-89.0
-69.0
-24.0
-21.0
-39.0
-77.0
-22.0
-37.0
-28.0
5.0
-26.0
-12.0
24.0
24.0
24.0
-18.0
-12.0
-49.0
-33.0
-24.0
-35.0
-35.0
-17.0
16.0
2.0
2.0
-23.0
-26.0
-14.0
-38.0
-37.0
-14.0
-17.0
-11.0
-1.0
27.0
8.0
-44.0
-43.0
-47.0
-59.0
-39.0
-42.0
3.0
43.0
25.0
35.0
20.0
-18.0
-47.0
-51.0
-16.0
8.0
8.0
20.0
17.0
-4.0
-16.0
-3.0
-26.0
-24.0
-27.0
-47.0
-62.0
-50.0
-45.0
-43.0
-61.0
-71.0
-63.0
-97.0
-86.0
-46.0
-16.0
-25.0
8.0
-61.0
-102.0
-70.0
-60.0
-51.0
-59.0
-98.0
-88.0
-31.0
-72.0
-61.0
-74.0
-68.0
-54.0
-99.0
-96.0
-79.0
-61.0
-56.0
-83.0
-61.0
-36.0
-91.0
-97.0
-67.0
-74.0
-32.0
-36.0
-79.0
-68.0
-80.0
-118.0
-119.0
-111.0
-88.0
-94.0
-64.0
-84.0
-91.0
-59.0
-47.0
-74.0
-94.0
-63.0
-93.0
-86.0
-108.0
-127.0
-137.0
-125.0
-105.0
-105.0
-73.0
-70.0
-82.0
-99.0
-55.0
-89.0
-109.0
-113.0
-125.0
-92.0
-140.0
-137.0
-121.0
-107.0
-124.0
-133.0
-148.0
-126.0
-143.0
-129.0
-126.0
-127.0
-119.0
-118.0
-114.0
-122.0
-169.0
-154.0
-149.0
-151.0
-146.0
-196.0
-177.0
-135.0
-156.0
-153.0
-134.0
-137.0
-149.0
-143.0
-122.0
-109.0
-127.0
-112.0
-117.0
-110.0
-122.0
-137.0
-154.0
-174.0
-197.0
-179.0
-204.0
-197.0
-174.0
-228.0
-177.0
-195.0
-194.0
-163.0
-165.0
-180.0
-240.0
-215.0
-187.0
-181.0
-215.0
-222.0
-204.0
-226.0
-181.0
-142.0
-169.0
-139.0
-162.0
-180.0
-188.0
-171.0
-155.0
-164.0
-145.0
-101.0
-111.0
-128.0
-110.0
-137.0
-169.0
-172.0
-165.0
-120.0
-147.0
-147.0
-142.0
-173.0
-149.0
-167.0
-168.0
-147.0
-148.0
-137.0
-147.0
-183.0
-187.0
-213.0
-254.0
-256.0
-252.0
-216.0
-171.0
-178.0
-158.0
-107.0
-94.0
-114.0
-164.0
-155.0
-164.0
-180.0
-166.0
-160.0
-147.0
-138.0
-136.0
-126.0
-144.0
-159.0
-165.0
-161.0
-173.0
-185.0
-164.0
-174.0
-183.0
-196.0
-182.0
-186.0
-222.0
-230.0
-203.0
-187.0
-171.0
-150.0
-131.0
-122.0
-129.0
-147.0
-178.0
-166.0
-176.0
-176.0
-149.0
-147.0
-163.0
-142.0
-159.0
-148.0
-146.0
-143.0
-145.0
-148.0
-144.0
-127.0
-166.0
-130.0
-131.0
-163.0
-121.0
-158.0
-185.0
-212.0
-228.0
-212.0
-153.0
-149.0
-129.0
-133.0
-153.0
-143.0
-159.0
-117.0
-114.0
-140.0
-127.0
-122.0
-95.0
-101.0
-145.0
-142.0
-145.0
-135.0
-118.0
-153.0
-132.0
-114.0
-136.0
-148.0
-163.0
-190.0
-173.0
-163.0
-167.0
-138.0
-112.0
-114.0
-89.0
-125.0
-114.0
-115.0
-149.0
-133.0
-133.0
-130.0
-119.0
-105.0
-127.0
-149.0
-153.0
-122.0
-150.0
-166.0
-153.0
-138.0
-105.0
-120.0
-136.0
-100.0
-111.0
-116.0
-122.0
-119.0
-79.0
-87.0
-77.0
-61.0
-80.0
-86.0
-103.0
-149.0
-155.0
-149.0
-161.0
-158.0
-144.0
-110.0
-70.0
-73.0
-76.0
-85.0
-88.0
-52.0
-69.0
-71.0
-53.0
-53.0
-44.0
-58.0
-86.0
-84.0
-107.0
-118.0
-144.0
-126.0
-103.0
-95.0
-92.0
-80.0
-118.0
-90.0
-86.0
-121.0
-58.0
-106.0
-114.0
-86.0
-70.0
-24.0
10.0
7.0
-43.0
-74.0
-82.0
-58.0
-97.0
-65.0
-82.0
-114.0
-91.0
-81.0
-84.0
-75.0
-88.0
-87.0
-64.0
-100.0
-74.0
-30.0
-25.0
-6.0
-29.0
-43.0
-35.0
-52.0
-45.0
-69.0
-75.0
-54.0
-52.0
-42.0
-58.0
-89.0
-53.0
-61.0
-39.0
-48.0
-33.0
-43.0
-19.0
-43.0
-12.0
8.0
-10.0
-14.0
-2.0
-27.0
-41.0
-43.0
-48.0
-20.0
-32.0
-19.0
-2.0
-23.0
-8.0
-9.0
-1.0
-22.0
-11.0
23.0
41.0
18.0
21.0
-32.0
-19.0
-36.0
-43.0
-14.0
-25.0
-10.0
20.0
-22.0
13.0
20.0
-24.0
-4.0
-20.0
-10.0
2.0
6.0
63.0
79.0
43.0
45.0
-5.0
18.0
15.0
25.0
27.0
4.0
28.0
46.0
59.0
46.0
52.0
22.0
28.0
-5.0
-17.0
-20.0
-26.0
-35.0
18.0
23.0
69.0
82.0
20.0
13.0
-37.0
-1.0
32.0
-8.0
-37.0
-25.0
-34.0
-22.0
-6.0
1.0
-16.0
-21.0
-35.0
-26.0
-10.0
-1.0
15.0
14.0
25.0
-11.0
-3.0
3.0
-29.0
-65.0
-55.0
-44.0
-4.0
-8.0
17.0
25.0
12.0
36.0
17.0
-4.0
-25.0
-41.0
-19.0
-29.0
-1.0
28.0
37.0
48.0
68.0
67.0
40.0
42.0
12.0
39.0
30.0
54.0
60.0
37.0
68.0
33.0
-11.0
8.0
-20.0
-8.0
-18.0
-10.0
-11.0
-38.0
-95.0
-44.0
-5.0
7.0
25.0
36.0
56.0
74.0
74.0
72.0
46.0
30.0
52.0
53.0
38.0
38.0
17.0
31.0
7.0
16.0
20.0
-1.0
-46.0
-42.0
-40.0
-10.0
-38.0
-47.0
-30.0
-29.0
-30.0
-8.0
-3.0
17.0
17.0
6.0
16.0
-3.0
-19.0
-30.0
-57.0
-63.0
-57.0
-33.0
11.0
5.0
20.0
24.0
27.0
56.0
78.0
111.0
135.0
125.0
136.0
121.0
76.0
80.0
58.0
44.0
32.0
23.0
41.0
45.0
71.0
73.0
43.0
18.0
21.0
13.0
-10.0
25.0
40.0
61.0
55.0
50.0
26.0
-9.0
-50.0
-66.0
-39.0
-29.0
-9.0
15.0
35.0
28.0
33.0
15.0
-22.0
-11.0
-22.0
-25.0
-25.0
-21.0
-3.0
22.0
24.0
53.0
34.0
24.0
17.0
-5.0
-40.0
-15.0
-16.0
44.0
54.0
60.0
43.0
2.0
11.0
-7.0
11.0
25.0
36.0
25.0
45.0
28.0
55.0
43.0
36.0
32.0
19.0
40.0
23.0
4.0
10.0
29.0
-22.0
-7.0
-2.0
21.0
32.0
18.0
65.0
91.0
49.0
61.0
65.0
48.0
37.0
-14.0
-32.0
-16.0
-30.0
-32.0
-43.0
-60.0
-29.0
-31.0
2.0
-1.0
-8.0
21.0
10.0
13.0
29.0
17.0
39.0
48.0
11.0
1.0
-25.0
-15.0
-23.0
-14.0
8.0
15.0
24.0
15.0
30.0
3.0
-4.0
-2.0
-7.0
-9.0
-33.0
-12.0
37.0
99.0
78.0
7.0
-35.0
-12.0
-16.0
10.0
49.0
29.0
41.0
18.0
20.0
24.0
-7.0
2.0
21.0
-1.0
-8.0
-22.0
-8.0
-18.0
-20.0
-14.0
1.0
0.0
20.0
43.0
52.0
60.0
70.0
62.0
21.0
-7.0
6.0
16.0
42.0
40.0
28.0
18.0
4.0
8.0
36.0
43.0
33.0
54.0
43.0
28.0
6.0
-10.0
-18.0
-28.0
-27.0
-26.0
-35.0
5.0
29.0
14.0
7.0
-42.0
-43.0
-52.0
-71.0
-40.0
-31.0
-16.0
-8.0
-48.0
-54.0
-37.0
-34.0
-16.0
-2.0
16.0
21.0
40.0
48.0
-1.0
-45.0
-15.0
-46.0
-54.0
-36.0
-13.0
-32.0
26.0
50.0
41.0
12.0
-17.0
-22.0
-1.0
-12.0
4.0
2.0
32.0
7.0
13.0
39.0
44.0
45.0
39.0
37.0
46.0
18.0
16.0
-2.0
18.0
46.0
59.0
21.0
21.0
49.0
68.0
68.0
40.0
48.0
47.0
21.0
12.0
33.0
12.0
2.0
4.0
17.0
44.0
83.0
86.0
73.0
50.0
60.0
56.0
73.0
74.0
42.0
19.0
5.0
14.0
0.0
-26.0
-33.0
-25.0
-51.0
-28.0
-15.0
40.0
64.0
37.0
16.0
22.0
-6.0
-33.0
-28.0
-36.0
13.0
-7.0
19.0
21.0
-5.0
-3.0
-16.0
-15.0
25.0
31.0
45.0
18.0
8.0
-9.0
8.0
-14.0
-10.0
-26.0
-36.0
-7.0
-1.0
34.0
30.0
14.0
35.0
17.0
-13.0
-23.0
-36.0
-26.0
-32.0
-46.0
-24.0
-29.0
10.0
-18.0
-36.0
-24.0
-27.0
-14.0
-3.0
4.0
-32.0
-20.0
-1.0
6.0
7.0
17.0
12.0
10.0
-1.0
23.0
13.0
37.0
41.0
45.0
62.0
14.0
5.0
12.0
-32.0
-15.0
11.0
-7.0
20.0
43.0
41.0
50.0
3.0
8.0
31.0
23.0
16.0
-20.0
-52.0
-41.0
-43.0
-34.0
-30.0
-33.0
-18.0
-6.0
-3.0
13.0
13.0
22.0
45.0
28.0
40.0
38.0
46.0
47.0
-5.0
-46.0
-63.0
-62.0
-21.0
-16.0
-3.0
16.0
49.0
72.0
58.0
71.0
114.0
95.0
76.0
54.0
19.0
2.0
-7.0
-13.0
-22.0
-20.0
-36.0
-16.0
21.0
55.0
92.0
91.0
126.0
98.0
91.0
51.0
9.0
-2.0
2.0
5.0
30.0
10.0
20.0
36.0
7.0
26.0
37.0
20.0
58.0
45.0
49.0
47.0
36.0
31.0
31.0
15.0
12.0
29.0
41.0
34.0
36.0
20.0
18.0
-5.0
32.0
17.0
58.0
87.0
72.0
88.0
101.0
76.0
0.0
0.0
0.0
0.0
0.0
0.0
0.0
0.0
0.0
0.0
0.0
0.0
0.0
0.0
0.0
0.0
0.0
0.0
0.0
0.0
0.0
0.0
0.0
0.0
0.0
0.0
0.0
0.0
0.0
0.0
0.0
0.0
0.0
0.0
0.0
0.0
0.0
0.0
0.0
0.0
0.0
0.0
0.0
0.0
0.0
0.0
0.0
0.0
0.0
0.0
0.0
0.0
0.0
0.0
0.0
0.0
0.0
0.0
0.0
0.0
0.0
0.0
0.0
0.0
0.0
0.0
0.0
0.0
0.0
0.0
0.0
0.0
0.0
0.0
0.0
0.0
0.0
0.0
0.0
0.0
0.0
0.0
0.0
0.0
0.0
0.0
0.0
0.0
0.0
0.0
0.0
0.0
0.0
0.0
0.0
0.0
0.0
0.0
0.0
0.0
0.0
0.0
0.0
0.0
0.0
0.0
0.0
0.0
0.0
0.0
0.0
0.0
0.0
0.0
0.0
0.0
0.0
0.0
0.0
0.0
0.0
0.0
0.0
0.0
0.0
0.0
0.0
0.0
