-78.0
-59.0
-56.0
-76.0
-60.0
-71.0
-71.0
-58.0
-78.0
-63.0
-76.0
-93.0
-80.0
-95.0
-86.0
-80.0
-88.0
-80.0
-75.0
-79.0
-70.0
-82.0
-87.0
-81.0
-97.0
-84.0
-81.0
-86.0
-69.0
-80.0
-81.0
-66.0
-82.0
-69.0
-67.0
-78.0
-58.0
-69.0
-83.0
-62.0
-79.0
-70.0
-59.0
-74.0
-63.0
-75.0
-73.0
-56.0
-76.0
-59.0
-69.0
-78.0
-54.0
-68.0
-64.0
-52.0
-68.0
-60.0
-70.0
-79.0
-61.0
-66.0
-63.0
-50.0
-71.0
-61.0
-51.0
-61.0
-48.0
-69.0
-78.0
-55.0
-71.0
-62.0
-64.0
-74.0
-60.0
-87.0
-85.0
-69.0
-88.0
-85.0
-85.0
-92.0
-79.0
-90.0
-93.0
-93.0
-101.0
-73.0
-66.0
-71.0
-65.0
-71.0
-65.0
-57.0
-71.0
-74.0
-68.0
-82.0
-58.0
-71.0
-69.0
-50.0
-73.0
-67.0
-60.0
-81.0
-77.0
-81.0
-78.0
-71.0
-73.0
-72.0
-73.0
-80.0
-66.0
-72.0
-64.0
-61.0
-72.0
-68.0
-76.0
-88.0
-75.0
-87.0
-86.0
-77.0
-87.0
-80.0
-73.0
-78.0
-65.0
-59.0
-58.0
-46.0
-70.0
-62.0
-77.0
-96.0
-74.0
-92.0
-95.0
-82.0
-94.0
-68.0
-67.0
-81.0
-62.0
-72.0
-65.0
-63.0
-84.0
-74.0
-78.0
-84.0
-67.0
-76.0
-77.0
-53.0
-77.0
-80.0
-74.0
-77.0
-67.0
-99.0
-108.0
-87.0
-103.0
-93.0
-93.0
-119.0
-99.0
-95.0
-99.0
-79.0
-86.0
-63.0
-112.0
-108.0
-55.0
-70.0
-91.0
-80.0
-89.0
-87.0
-55.0
-59.0
-46.0
-86.0
-70.0
-86.0
-31.0
-14.0
-75.0
-69.0
-72.0
-83.0
-58.0
-52.0
-96.0
-63.0
-72.0
-87.0
-69.0
-90.0
-83.0
-69.0
-73.0
-67.0
-70.0
-73.0
-60.0
-76.0
-83.0
-74.0
-93.0
-80.0
-61.0
-73.0
-70.0
-71.0
-77.0
-55.0
-71.0
-57.0
-68.0
-81.0
-59.0
-62.0
-64.0
-55.0
-67.0
-71.0
-75.0
-71.0
-51.0
-50.0
-54.0
-51.0
-70.0
-57.0
-43.0
-47.0
-34.0
-46.0
-49.0
-52.0
-64.0
-48.0
-35.0
-48.0
-43.0
-54.0
-48.0
-38.0
-45.0
-29.0
-33.0
-38.0
-12.0
-22.0
-26.0
-12.0
-32.0
-27.0
-33.0
-44.0
-27.0
-39.0
-39.0
-16.0
-36.0
-42.0
-47.0
-53.0
-34.0
-46.0
-45.0
-29.0
-45.0
-39.0
-39.0
-56.0
-33.0
-45.0
-40.0
-20.0
-37.0
-26.0
-44.0
-77.0
-62.0
-62.0
-48.0
-23.0
-45.0
-36.0
-31.0
-41.0
-10.0
-20.0
-22.0
-11.0
-45.0
-35.0
-29.0
-35.0
-25.0
-42.0
-48.0
-34.0
-51.0
-47.0
-52.0
-50.0
-32.0
-45.0
-36.0
-17.0
-34.0
-20.0
-23.0
-30.0
-24.0
-29.0
-33.0
-20.0
-34.0
-34.0
-44.0
-49.0
-31.0
-46.0
-36.0
-17.0
-34.0
-22.0
-18.0
-39.0
-20.0
-32.0
-32.0
-28.0
-44.0
-26.0
-27.0
-38.0
-27.0
-31.0
-33.0
-33.0
-39.0
-24.0
-18.0
-25.0
-13.0
-23.0
-35.0
-23.0
-40.0
-39.0
-30.0
-48.0
-41.0
-35.0
-38.0
-19.0
-32.0
-26.0
-22.0
-36.0
-28.0
-49.0
-47.0
-32.0
-52.0
-34.0
-31.0
-44.0
-30.0
-32.0
-26.0
-22.0
-40.0
-27.0
-28.0
-37.0
-19.0
-16.0
-34.0
-15.0
-19.0
-12.0
-16.0
-8.0
3.0
-24.0
-26.0
-15.0
-41.0
-33.0
-35.0
-45.0
-33.0
-34.0
-34.0
-14.0
-39.0
-25.0
-22.0
-33.0
-7.0
-28.0
-24.0
-3.0
-22.0
-4.0
-4.0
-22.0
-1.0
2.0
2.0
31.0
19.0
52.0
103.0
149.0
230.0
281.0
262.0
260.0
265.0
263.0
266.0
267.0
262.0
235.0
211.0
190.0
126.0
93.0
67.0
32.0
20.0
-15.0
-54.0
-80.0
-144.0
-175.0
-190.0
-222.0
-218.0
-230.0
-234.0
-235.0
-245.0
-239.0
-239.0
-249.0
-216.0
-234.0
-244.0
-214.0
-225.0
-220.0
-223.0
-226.0
-206.0
-220.0
-208.0
-198.0
-208.0
-208.0
-210.0
-212.0
-198.0
-223.0
-223.0
-211.0
-230.0
-214.0
-219.0
-218.0
-191.0
-204.0
-196.0
-178.0
-182.0
-176.0
-168.0
-180.0
-156.0
-169.0
-176.0
-158.0
-175.0
-166.0
-165.0
-170.0
-161.0
-164.0
-157.0
-142.0
-150.0
-150.0
-151.0
-156.0
-137.0
-152.0
-144.0
-120.0
-139.0
-131.0
-127.0
-145.0
-129.0
-142.0
-152.0
-142.0
-168.0
-156.0
-110.0
-127.0
-110.0
-129.0
-135.0
-128.0
-138.0
-127.0
-126.0
-136.0
-112.0
-123.0
-124.0
-101.0
-133.0
-112.0
-98.0
-116.0
-109.0
-121.0
-116.0
-109.0
-127.0
-111.0
-116.0
-131.0
-100.0
-119.0
-134.0
-116.0
-127.0
-122.0
-106.0
-111.0
-97.0
-109.0
-114.0
-101.0
-117.0
-104.0
-103.0
-115.0
-102.0
-111.0
-119.0
-100.0
-105.0
-102.0
-100.0
-112.0
-98.0
-109.0
-105.0
-86.0
-98.0
-93.0
-95.0
-114.0
-93.0
-105.0
-114.0
-101.0
-122.0
-150.0
-187.0
-212.0
-197.0
-206.0
-203.0
-193.0
-202.0
-184.0
-184.0
-193.0
-176.0
-175.0
-166.0
-143.0
-155.0
-130.0
-130.0
-166.0
-161.0
-167.0
-166.0
-130.0
-140.0
-131.0
-127.0
-144.0
-136.0
-140.0
-138.0
-135.0
-147.0
-140.0
-134.0
-132.0
-126.0
-128.0
-128.0
-108.0
-123.0
-114.0
-120.0
-119.0
-92.0
-90.0
-97.0
-90.0
-108.0
-105.0
-95.0
-96.0
-78.0
-86.0
-88.0
-66.0
-84.0
-85.0
-68.0
-78.0
-58.0
-63.0
-58.0
-42.0
-65.0
-67.0
-56.0
-69.0
-63.0
-79.0
-86.0
-80.0
-93.0
-74.0
-65.0
-78.0
-65.0
-59.0
-62.0
-45.0
-44.0
-42.0
-44.0
-53.0
-44.0
-62.0
-67.0
-49.0
-67.0
-52.0
-42.0
-53.0
-36.0
-47.0
-56.0
-43.0
-51.0
-35.0
-26.0
-39.0
-12.0
-29.0
-24.0
-8.0
-30.0
-12.0
3.0
-6.0
12.0
6.0
-4.0
-5.0
-12.0
-8.0
-8.0
-14.0
2.0
-16.0
-5.0
22.0
17.0
16.0
11.0
11.0
24.0
4.0
15.0
29.0
12.0
27.0
33.0
0.0
8.0
3.0
-13.0
5.0
-3.0
10.0
7.0
6.0
27.0
17.0
8.0
20.0
-4.0
6.0
44.0
25.0
35.0
22.0
26.0
41.0
21.0
27.0
41.0
11.0
24.0
17.0
20.0
47.0
21.0
36.0
43.0
31.0
43.0
28.0
40.0
47.0
16.0
29.0
27.0
16.0
35.0
35.0
41.0
72.0
71.0
81.0
83.0
71.0
91.0
84.0
86.0
105.0
82.0
89.0
92.0
88.0
113.0
105.0
81.0
105.0
115.0
123.0
119.0
108.0
112.0
93.0
94.0
101.0
92.0
96.0
102.0
97.0
116.0
111.0
100.0
103.0
81.0
80.0
97.0
88.0
92.0
86.0
81.0
86.0
83.0
92.0
91.0
86.0
105.0
89.0
93.0
111.0
96.0
106.0
105.0
102.0
119.0
96.0
96.0
96.0
74.0
89.0
96.0
76.0
108.0
87.0
86.0
103.0
100.0
108.0
110.0
102.0
120.0
106.0
112.0
115.0
89.0
114.0
133.0
118.0
121.0
114.0
120.0
131.0
104.0
109.0
116.0
99.0
109.0
111.0
101.0
121.0
120.0
127.0
133.0
113.0
139.0
124.0
121.0
125.0
117.0
117.0
105.0
89.0
106.0
108.0
105.0
124.0
114.0
122.0
117.0
100.0
119.0
98.0
108.0
122.0
109.0
135.0
125.0
100.0
112.0
101.0
98.0
126.0
124.0
128.0
136.0
120.0
131.0
119.0
98.0
102.0
93.0
90.0
98.0
82.0
96.0
74.0
73.0
87.0
64.0
69.0
75.0
76.0
92.0
77.0
82.0
97.0
84.0
103.0
90.0
55.0
70.0
60.0
52.0
68.0
59.0
80.0
64.0
46.0
59.0
50.0
41.0
48.0
21.0
23.0
30.0
15.0
34.0
29.0
40.0
46.0
18.0
25.0
36.0
22.0
42.0
27.0
20.0
27.0
18.0
28.0
23.0
23.0
31.0
23.0
25.0
31.0
16.0
29.0
24.0
6.0
13.0
-3.0
-1.0
10.0
-15.0
7.0
8.0
-6.0
26.0
15.0
12.0
11.0
-21.0
23.0
30.0
34.0
42.0
15.0
-8.0
-4.0
-5.0
12.0
10.0
-9.0
-13.0
-31.0
-33.0
-25.0
-30.0
-27.0
-22.0
-35.0
-14.0
-19.0
-23.0
-8.0
-9.0
1.0
2.0
-14.0
-10.0
-17.0
-19.0
-14.0
-36.0
-31.0
-35.0
-55.0
-46.0
-62.0
-68.0
-54.0
-63.0
-41.0
-25.0
-38.0
-37.0
-56.0
-45.0
-34.0
-46.0
-39.0
-37.0
-46.0
-36.0
-55.0
-51.0
-49.0
-73.0
-54.0
-45.0
-59.0
-33.0
-52.0
-62.0
-51.0
-71.0
-70.0
-65.0
-85.0
-65.0
-62.0
-48.0
-23.0
-49.0
-47.0
-42.0
-43.0
-24.0
-28.0
-25.0
-20.0
-37.0
-24.0
-22.0
-41.0
-24.0
-58.0
-74.0
-68.0
-69.0
-52.0
-51.0
-63.0
-56.0
-68.0
-74.0
-54.0
-79.0
-69.0
-56.0
-74.0
-77.0
-91.0
-78.0
-61.0
-77.0
-79.0
-80.0
-74.0
-61.0
-79.0
-85.0
-75.0
-96.0
-87.0
-65.0
-98.0
-78.0
-99.0
-105.0
-86.0
-93.0
-80.0
-62.0
-78.0
-59.0
-63.0
-69.0
-64.0
-100.0
-88.0
-88.0
-103.0
-96.0
-110.0
-117.0
-95.0
-119.0
-112.0
-98.0
-98.0
-86.0
-98.0
-106.0
-98.0
-100.0
-108.0
-109.0
-116.0
-101.0
-113.0
-112.0
-83.0
-88.0
-81.0
-95.0
-104.0
-91.0
-105.0
-98.0
-80.0
-104.0
-73.0
-67.0
-88.0
-77.0
-95.0
-94.0
-87.0
-107.0
-88.0
-85.0
-101.0
-90.0
-99.0
-92.0
-77.0
-93.0
-82.0
-90.0
-88.0
-82.0
-96.0
-103.0
-82.0
-86.0
-77.0
-69.0
-72.0
-72.0
-86.0
-81.0
-76.0
-91.0
-71.0
-57.0
-73.0
-71.0
-83.0
-89.0
-74.0
-73.0
-69.0
-73.0
-70.0
-71.0
-86.0
-88.0
-50.0
-65.0
-79.0
-53.0
-52.0
-50.0
-56.0
-71.0
-56.0
-75.0
-75.0
-65.0
-83.0
-85.0
-88.0
-95.0
-108.0
-80.0
-64.0
-69.0
-90.0
-78.0
-87.0
-91.0
-69.0
-95.0
-69.0
-78.0
-93.0
-50.0
-81.0
-90.0
-75.0
-100.0
-128.0
-116.0
-123.0
-102.0
-98.0
-106.0
-94.0
-120.0
-106.0
-108.0
-110.0
-99.0
-114.0
-107.0
-91.0
-103.0
-89.0
-90.0
-119.0
-96.0
-93.0
-115.0
-97.0
-95.0
-100.0
-97.0
-106.0
-96.0
-97.0
-109.0
-94.0
-92.0
-88.0
-85.0
-101.0
-79.0
-73.0
-76.0
-63.0
-74.0
-79.0
-89.0
-61.0
-63.0
-67.0
-87.0
-45.0
-67.0
-52.0
-41.0
-67.0
-23.0
-64.0
-39.0
-26.0
-52.0
-17.0
-50.0
-32.0
-49.0
-41.0
-103.0
-58.0
-63.0
-109.0
-67.0
-34.0
-43.0
-67.0
-51.0
-27.0
-64.0
-42.0
-48.0
-74.0
-55.0
-56.0
-59.0
-36.0
-72.0
-61.0
-43.0
-57.0
-43.0
-60.0
-67.0
-34.0
-67.0
-52.0
-30.0
-52.0
-35.0
-33.0
-38.0
-16.0
-37.0
-24.0
-24.0
-51.0
-46.0
-37.0
-35.0
-35.0
-47.0
-60.0
-43.0
-60.0
-36.0
-43.0
-30.0
-20.0
-40.0
-30.0
-40.0
-63.0
-49.0
-49.0
-55.0
-33.0
-55.0
-68.0
-63.0
-72.0
-54.0
-68.0
-57.0
-39.0
-58.0
-48.0
-56.0
-73.0
-49.0
-59.0
-59.0
-37.0
-55.0
-49.0
-44.0
-78.0
-67.0
-61.0
-66.0
-56.0
-71.0
-81.0
-86.0
-98.0
-84.0
-95.0
-86.0
-74.0
-86.0
-73.0
-67.0
-82.0
-60.0
-69.0
-79.0
-69.0
-82.0
-65.0
-60.0
-77.0
-76.0
-89.0
-92.0
-77.0
-92.0
-87.0
-78.0
-83.0
-67.0
-80.0
-90.0
-76.0
-84.0
-65.0
-61.0
-69.0
-56.0
-60.0
-57.0
-54.0
-78.0
-60.0
-57.0
-76.0
-63.0
-77.0
-98.0
-88.0
-90.0
-78.0
-105.0
-111.0
-89.0
-112.0
-99.0
-67.0
-92.0
-81.0
-78.0
-88.0
-54.0
-64.0
-68.0
-57.0
-40.0
-35.0
-42.0
-59.0
-60.0
-53.0
-59.0
-76.0
-62.0
-55.0
-63.0
-90.0
-43.0
-74.0
-78.0
-40.0
-92.0
-109.0
-123.0
-129.0
-61.0
-97.0
-102.0
-76.0
-106.0
-67.0
-96.0
-108.0
-85.0
-112.0
-112.0
-84.0
-100.0
-101.0
-93.0
-96.0
-75.0
-109.0
-104.0
-80.0
-90.0
-87.0
-93.0
-108.0
-87.0
-78.0
-81.0
-61.0
-77.0
-81.0
-83.0
-101.0
-77.0
-82.0
-90.0
-70.0
-74.0
-70.0
-75.0
-80.0
-59.0
-73.0
-94.0
-74.0
-83.0
-80.0
-87.0
-106.0
-84.0
-103.0
-114.0
-86.0
-99.0
-102.0
-88.0
-87.0
-76.0
-102.0
-101.0
-80.0
-103.0
-87.0
-73.0
-79.0
-37.0
-62.0
-78.0
-68.0
-103.0
-92.0
-79.0
-109.0
-96.0
-88.0
-101.0
-88.0
-86.0
-66.0
-62.0
-74.0
-58.0
-65.0
-63.0
-58.0
-62.0
-61.0
-63.0
-75.0
-49.0
-51.0
-51.0
-34.0
-48.0
-45.0
-41.0
-55.0
-45.0
-52.0
-59.0
-44.0
-56.0
-50.0
-53.0
-61.0
-24.0
-43.0
-39.0
-12.0
-39.0
-29.0
-22.0
-39.0
-35.0
-40.0
-53.0
-40.0
-49.0
-35.0
-43.0
-60.0
-37.0
-52.0
-58.0
-44.0
-67.0
-50.0
-40.0
-43.0
-14.0
-8.0
-20.0
-27.0
-46.0
-29.0
-28.0
-40.0
-22.0
-40.0
-48.0
-42.0
-54.0
-45.0
-45.0
-63.0
-26.0
-25.0
-40.0
-29.0
-36.0
-28.0
-31.0
-54.0
-33.0
-37.0
-48.0
-29.0
-49.0
-53.0
-50.0
-70.0
-59.0
-53.0
-58.0
-34.0
-53.0
-51.0
-50.0
-50.0
-44.0
-46.0
-60.0
-51.0
-65.0
-50.0
-50.0
-68.0
-49.0
-63.0
-69.0
-49.0
-66.0
-53.0
-36.0
-53.0
-34.0
-36.0
-40.0
-18.0
-35.0
-22.0
-31.0
-42.0
-35.0
-43.0
-60.0
-40.0
-58.0
-45.0
-36.0
-48.0
-23.0
-20.0
-21.0
-9.0
-22.0
-40.0
-41.0
-59.0
-36.0
-25.0
-12.0
-5.0
-20.0
-11.0
-15.0
-26.0
-22.0
-34.0
-31.0
-21.0
-51.0
-32.0
-30.0
-42.0
-18.0
-32.0
-37.0
-7.0
-23.0
-20.0
-13.0
-20.0
-16.0
-31.0
-26.0
-7.0
-25.0
-22.0
-14.0
-27.0
-22.0
-30.0
-27.0
-10.0
-29.0
-16.0
-14.0
-27.0
-11.0
-1.0
-9.0
5.0
-17.0
-22.0
-6.0
-22.0
-2.0
1.0
1.0
10.0
-14.0
-13.0
-5.0
-21.0
-12.0
-5.0
-13.0
-5.0
-20.0
-8.0
3.0
-7.0
18.0
18.0
-8.0
1.0
-2.0
-1.0
-1.0
-5.0
17.0
4.0
3.0
12.0
8.0
13.0
7.0
-7.0
-1.0
0.0
5.0
17.0
15.0
-2.0
2.0
-27.0
-3.0
-32.0
-35.0
-3.0
-12.0
-59.0
1.0
0.0
-22.0
-37.0
-34.0
-21.0
-31.0
-44.0
-10.0
-30.0
-3.0
-18.0
-23.0
-4.0
-59.0
-40.0
-21.0
-29.0
-2.0
-31.0
-59.0
-18.0
-23.0
-19.0
-11.0
-26.0
-7.0
-27.0
-30.0
-21.0
-43.0
-29.0
-15.0
-33.0
-30.0
-31.0
-17.0
-25.0
-33.0
-21.0
-26.0
-38.0
-21.0
-26.0
-28.0
-26.0
-57.0
-56.0
-51.0
-55.0
-39.0
-39.0
-43.0
-31.0
-41.0
-52.0
-48.0
-63.0
-30.0
-23.0
-32.0
-27.0
-39.0
-52.0
-46.0
-53.0
-45.0
-51.0
-44.0
-34.0
-46.0
-25.0
-27.0
-52.0
-33.0
-50.0
-58.0
-39.0
-54.0
-47.0
-37.0
-46.0
-25.0
-22.0
-39.0
-21.0
-41.0
-31.0
-22.0
-27.0
-18.0
-21.0
-26.0
-39.0
-69.0
-61.0
-44.0
-72.0
-54.0
-45.0
-50.0
-42.0
-48.0
-34.0
-22.0
-35.0
-4.0
-27.0
-29.0
1.0
-14.0
-13.0
-11.0
-25.0
-10.0
-22.0
-36.0
-21.0
-20.0
-21.0
-7.0
-29.0
-13.0
-5.0
4.0
24.0
12.0
11.0
11.0
-2.0
1.0
-7.0
-13.0
-2.0
-14.0
-14.0
-16.0
-34.0
-26.0
-25.0
-48.0
-14.0
-7.0
-13.0
1.0
-11.0
0.0
4.0
-18.0
-3.0
-8.0
-14.0
-12.0
-18.0
-9.0
-28.0
-43.0
-22.0
-41.0
-37.0
-36.0
-58.0
-49.0
-48.0
-51.0
-27.0
-28.0
-20.0
-1.0
-4.0
7.0
-3.0
-15.0
-4.0
-10.0
-13.0
-6.0
-20.0
-2.0
-1.0
-4.0
-6.0
-17.0
-20.0
-25.0
-42.0
-16.0
-2.0
-12.0
7.0
-2.0
-21.0
-45.0
-52.0
-25.0
-25.0
-27.0
-5.0
-12.0
-3.0
3.0
-17.0
-8.0
-21.0
-23.0
-14.0
-24.0
-29.0
-36.0
-59.0
-37.0
-36.0
-34.0
-26.0
-44.0
-41.0
-41.0
-51.0
-28.0
-39.0
-35.0
-12.0
-30.0
-20.0
-21.0
-42.0
-20.0
-27.0
-39.0
-41.0
-53.0
-13.0
-18.0
-32.0
-20.0
-26.0
-45.0
-25.0
-38.0
-37.0
-25.0
-36.0
-22.0
-17.0
-19.0
-8.0
-21.0
-7.0
-5.0
-20.0
-5.0
-10.0
-17.0
5.0
0.0
-10.0
-14.0
-12.0
-19.0
-18.0
-9.0
-5.0
-23.0
-13.0
-10.0
-21.0
1.0
-15.0
-18.0
-5.0
-21.0
-15.0
-5.0
-18.0
-3.0
-5.0
-1.0
15.0
-4.0
5.0
2.0
-16.0
5.0
1.0
-18.0
-5.0
-28.0
-20.0
-16.0
-27.0
-21.0
-21.0
-15.0
0.0
-1.0
5.0
-7.0
-1.0
11.0
8.0
-18.0
-22.0
-35.0
-14.0
0.0
-13.0
4.0
-11.0
-19.0
-2.0
-26.0
-3.0
16.0
-6.0
1.0
-8.0
-16.0
-13.0
-22.0
-14.0
-8.0
-18.0
-6.0
-14.0
-31.0
-3.0
-8.0
-2.0
11.0
-4.0
19.0
5.0
-4.0
7.0
-10.0
4.0
8.0
-11.0
-8.0
-25.0
-40.0
-10.0
-18.0
-5.0
4.0
-21.0
-4.0
-1.0
-11.0
13.0
-1.0
3.0
8.0
-9.0
6.0
-8.0
-20.0
-6.0
-21.0
-17.0
-22.0
-26.0
4.0
-3.0
-10.0
0.0
-17.0
-2.0
-2.0
-13.0
6.0
2.0
5.0
18.0
-11.0
-5.0
-4.0
-18.0
-15.0
-21.0
-26.0
1.0
-9.0
-16.0
1.0
-7.0
6.0
-1.0
-7.0
13.0
10.0
3.0
15.0
-4.0
20.0
24.0
10.0
28.0
4.0
1.0
-2.0
-13.0
-9.0
-3.0
-6.0
16.0
15.0
11.0
17.0
-1.0
8.0
12.0
9.0
27.0
4.0
10.0
18.0
0.0
13.0
12.0
14.0
16.0
10.0
15.0
15.0
1.0
11.0
4.0
-4.0
20.0
8.0
11.0
6.0
0.0
18.0
18.0
6.0
29.0
14.0
11.0
20.0
-3.0
-1.0
-4.0
-10.0
17.0
4.0
14.0
22.0
10.0
28.0
26.0
24.0
35.0
27.0
43.0
48.0
27.0
41.0
34.0
10.0
24.0
4.0
4.0
22.0
13.0
18.0
6.0
1.0
27.0
14.0
30.0
30.0
14.0
14.0
4.0
4.0
36.0
5.0
11.0
24.0
8.0
42.0
32.0
30.0
49.0
25.0
33.0
45.0
37.0
51.0
46.0
34.0
32.0
26.0
34.0
42.0
23.0
30.0
36.0
26.0
39.0
24.0
12.0
22.0
11.0
54.0
90.0
125.0
186.0
195.0
253.0
271.0
247.0
238.0
215.0
182.0
159.0
131.0
112.0
101.0
62.0
68.0
55.0
20.0
25.0
4.0
1.0
-4.0
-19.0
-4.0
-23.0
-41.0
-22.0
-51.0
-49.0
-37.0
-60.0
-41.0
-52.0
-63.0
-55.0
-58.0
-53.0
-45.0
-71.0
-51.0
-64.0
-69.0
-34.0
-42.0
-44.0
-32.0
-46.0
-34.0
-33.0
-41.0
-31.0
-51.0
-37.0
-22.0
-32.0
-16.0
-21.0
-31.0
-20.0
-38.0
-42.0
-37.0
-52.0
-36.0
-44.0
-53.0
-48.0
-60.0
-42.0
-44.0
-64.0
-26.0
-33.0
-43.0
-18.0
-32.0
-33.0
-34.0
-57.0
-32.0
-33.0
-39.0
-16.0
-24.0
-24.0
-21.0
-42.0
-33.0
-27.0
-27.0
-19.0
-39.0
-23.0
-8.0
-27.0
-4.0
-7.0
-30.0
-30.0
-17.0
-13.0
-16.0
-28.0
-20.0
-20.0
-27.0
-27.0
-46.0
-36.0
-20.0
-26.0
5.0
-3.0
-27.0
-16.0
-30.0
-26.0
-10.0
-26.0
-11.0
-13.0
-24.0
-8.0
-29.0
-32.0
-16.0
-18.0
-14.0
-24.0
-27.0
-18.0
-18.0
-12.0
-6.0
-26.0
-12.0
-18.0
-4.0
-2.0
-8.0
12.0
23.0
2.0
13.0
15.0
-4.0
1.0
-7.0
0.0
7.0
-23.0
-3.0
-3.0
-1.0
9.0
3.0
12.0
14.0
-17.0
-5.0
0.0
-3.0
-5.0
-3.0
1.0
1.0
-7.0
2.0
2.0
8.0
28.0
4.0
11.0
7.0
-3.0
27.0
17.0
-2.0
7.0
-3.0
5.0
22.0
1.0
3.0
4.0
0.0
5.0
-8.0
-3.0
13.0
17.0
24.0
21.0
29.0
37.0
-4.0
4.0
26.0
4.0
24.0
13.0
-3.0
4.0
-5.0
6.0
0.0
-8.0
16.0
-1.0
-4.0
28.0
14.0
5.0
30.0
25.0
23.0
15.0
5.0
-4.0
-7.0
-10.0
3.0
-4.0
-2.0
-17.0
-31.0
-15.0
-14.0
-3.0
18.0
18.0
29.0
17.0
16.0
17.0
8.0
19.0
36.0
6.0
12.0
-4.0
-21.0
-1.0
-22.0
-21.0
-10.0
-32.0
-25.0
-33.0
-31.0
-7.0
-14.0
6.0
31.0
13.0
27.0
26.0
1.0
9.0
-7.0
0.0
5.0
-8.0
26.0
40.0
16.0
33.0
13.0
1.0
15.0
1.0
13.0
8.0
7.0
20.0
5.0
20.0
28.0
7.0
8.0
8.0
-11.0
14.0
9.0
3.0
13.0
2.0
24.0
25.0
7.0
17.0
-13.0
7.0
24.0
11.0
18.0
9.0
13.0
30.0
12.0
4.0
12.0
4.0
15.0
5.0
10.0
44.0
33.0
31.0
32.0
22.0
29.0
14.0
7.0
28.0
6.0
15.0
33.0
24.0
30.0
17.0
15.0
20.0
15.0
34.0
50.0
10.0
58.0
43.0
35.0
49.0
15.0
21.0
19.0
-3.0
29.0
32.0
26.0
46.0
32.0
24.0
27.0
15.0
25.0
25.0
16.0
29.0
13.0
8.0
25.0
7.0
32.0
15.0
6.0
25.0
5.0
4.0
17.0
10.0
15.0
17.0
15.0
30.0
9.0
17.0
26.0
17.0
34.0
33.0
16.0
26.0
20.0
26.0
32.0
21.0
19.0
19.0
6.0
23.0
10.0
1.0
15.0
8.0
26.0
29.0
13.0
22.0
17.0
22.0
44.0
35.0
51.0
44.0
27.0
37.0
8.0
17.0
38.0
35.0
48.0
42.0
34.0
60.0
25.0
22.0
30.0
19.0
49.0
36.0
18.0
46.0
34.0
31.0
35.0
35.0
37.0
29.0
27.0
42.0
27.0
33.0
46.0
18.0
34.0
47.0
34.0
45.0
41.0
45.0
47.0
34.0
41.0
46.0
36.0
48.0
19.0
20.0
35.0
3.0
20.0
21.0
4.0
28.0
32.0
34.0
45.0
27.0
37.0
37.0
45.0
57.0
37.0
32.0
42.0
28.0
40.0
31.0
24.0
45.0
40.0
34.0
47.0
32.0
45.0
39.0
34.0
52.0
26.0
34.0
57.0
31.0
42.0
56.0
47.0
64.0
47.0
43.0
37.0
-4.0
53.0
55.0
50.0
77.0
58.0
55.0
61.0
51.0
53.0
50.0
47.0
70.0
64.0
44.0
48.0
39.0
54.0
45.0
34.0
47.0
45.0
39.0
46.0
46.0
57.0
47.0
51.0
64.0
34.0
51.0
54.0
42.0
51.0
40.0
36.0
54.0
33.0
36.0
49.0
32.0
54.0
54.0
46.0
48.0
40.0
46.0
48.0
36.0
38.0
44.0
22.0
58.0
52.0
41.0
41.0
12.0
4.0
-11.0
-22.0
3.0
7.0
16.0
15.0
5.0
22.0
6.0
-8.0
13.0
10.0
8.0
22.0
-5.0
8.0
-4.0
-15.0
11.0
-2.0
14.0
29.0
8.0
4.0
-3.0
-17.0
-5.0
-20.0
-16.0
-2.0
-13.0
4.0
-6.0
-22.0
2.0
-1.0
-4.0
12.0
-2.0
12.0
2.0
-13.0
-8.0
-21.0
-29.0
-13.0
-23.0
-8.0
-8.0
-16.0
13.0
10.0
-2.0
15.0
10.0
32.0
25.0
8.0
17.0
-10.0
-7.0
14.0
0.0
23.0
26.0
7.0
18.0
8.0
1.0
13.0
1.0
5.0
-1.0
-15.0
6.0
-15.0
-8.0
-14.0
-2.0
27.0
25.0
14.0
30.0
1.0
-8.0
4.0
-12.0
-5.0
10.0
-1.0
8.0
-4.0
7.0
25.0
5.0
17.0
22.0
8.0
17.0
4.0
-2.0
6.0
-1.0
8.0
11.0
15.0
27.0
15.0
14.0
23.0
1.0
6.0
7.0
-4.0
11.0
6.0
17.0
16.0
-1.0
10.0
11.0
-16.0
9.0
4.0
-1.0
-11.0
-29.0
-18.0
-27.0
-39.0
-25.0
-34.0
-39.0
-20.0
-40.0
-30.0
-34.0
-44.0
-12.0
-20.0
-19.0
-10.0
-21.0
-11.0
-24.0
-49.0
-27.0
-35.0
-33.0
-22.0
-51.0
-41.0
-46.0
-60.0
-30.0
-58.0
-52.0
-25.0
-52.0
-46.0
-38.0
-46.0
-32.0
-39.0
-34.0
-10.0
-26.0
-17.0
-29.0
-45.0
-20.0
-36.0
-34.0
-23.0
-29.0
-14.0
-21.0
-30.0
-15.0
-26.0
-30.0
-21.0
-36.0
-35.0
-27.0
-45.0
-21.0
-22.0
-29.0
-22.0
-32.0
-26.0
-38.0
-37.0
-20.0
-45.0
-31.0
-13.0
-29.0
-15.0
-17.0
-17.0
-2.0
-23.0
-16.0
10.0
-10.0
-5.0
-2.0
-18.0
-1.0
-14.0
-14.0
-5.0
-25.0
-5.0
6.0
-7.0
17.0
-3.0
-3.0
7.0
-11.0
8.0
5.0
-13.0
3.0
-11.0
10.0
30.0
16.0
30.0
18.0
9.0
21.0
-2.0
-1.0
-3.0
-23.0
-6.0
-8.0
-17.0
-7.0
-9.0
26.0
28.0
13.0
23.0
13.0
3.0
18.0
7.0
10.0
24.0
13.0
26.0
22.0
22.0
28.0
3.0
4.0
28.0
18.0
31.0
26.0
4.0
16.0
13.0
10.0
21.0
22.0
29.0
24.0
7.0
24.0
25.0
22.0
29.0
24.0
10.0
-4.0
-16.0
-1.0
-12.0
5.0
9.0
-16.0
1.0
1.0
-2.0
20.0
-9.0
6.0
26.0
-1.0
27.0
17.0
5.0
24.0
5.0
8.0
4.0
-14.0
11.0
-2.0
-10.0
14.0
2.0
-4.0
14.0
6.0
8.0
3.0
-5.0
20.0
-11.0
-19.0
10.0
-4.0
-4.0
-6.0
-28.0
-9.0
-7.0
4.0
8.0
-13.0
1.0
1.0
-14.0
17.0
15.0
20.0
22.0
12.0
14.0
18.0
12.0
22.0
4.0
1.0
15.0
-19.0
6.0
10.0
2.0
16.0
-5.0
-5.0
-6.0
-24.0
-10.0
-9.0
-12.0
5.0
1.0
7.0
13.0
-7.0
15.0
7.0
-2.0
23.0
11.0
8.0
12.0
-4.0
-1.0
-7.0
-18.0
5.0
-11.0
-17.0
-17.0
-34.0
-6.0
7.0
-4.0
8.0
-5.0
-2.0
12.0
1.0
15.0
-1.0
-7.0
14.0
-14.0
-3.0
22.0
3.0
17.0
4.0
-11.0
-3.0
-18.0
-23.0
-11.0
-24.0
-17.0
-11.0
-26.0
-14.0
-27.0
-32.0
-16.0
-33.0
-17.0
-23.0
-26.0
-13.0
-30.0
-25.0
-16.0
-36.0
-21.0
-21.0
-40.0
-30.0
-58.0
-55.0
-24.0
-34.0
-14.0
-4.0
-29.0
-24.0
-33.0
-33.0
-25.0
-35.0
-23.0
-25.0
-37.0
-17.0
-37.0
-34.0
-8.0
-29.0
-15.0
-13.0
-27.0
-14.0
-18.0
-15.0
-6.0
-15.0
-12.0
-13.0
-22.0
-8.0
-26.0
-14.0
7.0
-23.0
-12.0
-4.0
-12.0
-5.0
-11.0
-6.0
-6.0
-22.0
-8.0
4.0
-10.0
7.0
4.0
-13.0
-18.0
-27.0
-17.0
-13.0
-12.0
13.0
1.0
-7.0
-10.0
-18.0
6.0
4.0
-2.0
6.0
-8.0
-19.0
-15.0
-31.0
-19.0
-12.0
-11.0
1.0
-20.0
-21.0
-11.0
-23.0
-9.0
-13.0
-23.0
-14.0
-26.0
-20.0
-18.0
-33.0
-2.0
7.0
-21.0
-8.0
-7.0
-14.0
1.0
-10.0
6.0
-8.0
-6.0
2.0
-8.0
8.0
15.0
-11.0
-9.0
2.0
8.0
24.0
25.0
12.0
26.0
25.0
30.0
33.0
27.0
43.0
30.0
28.0
34.0
20.0
29.0
22.0
2.0
8.0
-4.0
-2.0
7.0
-3.0
12.0
25.0
10.0
27.0
29.0
22.0
29.0
18.0
24.0
22.0
6.0
24.0
25.0
27.0
33.0
8.0
31.0
30.0
27.0
46.0
27.0
1.0
-12.0
-10.0
12.0
14.0
-8.0
4.0
3.0
-2.0
9.0
-15.0
-2.0
4.0
-1.0
21.0
11.0
1.0
5.0
-16.0
4.0
3.0
-12.0
12.0
-8.0
-18.0
-8.0
-25.0
-12.0
-6.0
-12.0
-4.0
-17.0
-13.0
-5.0
-8.0
16.0
19.0
3.0
10.0
-8.0
-10.0
1.0
-3.0
6.0
5.0
-3.0
10.0
4.0
-2.0
7.0
-11.0
-5.0
5.0
-8.0
9.0
4.0
2.0
16.0
14.0
13.0
17.0
7.0
21.0
13.0
24.0
38.0
17.0
34.0
37.0
16.0
37.0
20.0
14.0
15.0
5.0
16.0
15.0
-1.0
21.0
15.0
15.0
22.0
4.0
9.0
15.0
12.0
21.0
-1.0
-31.0
-9.0
15.0
6.0
6.0
0.0
17.0
2.0
-2.0
3.0
-14.0
-5.0
-12.0
-19.0
1.0
-8.0
-6.0
-6.0
-16.0
-19.0
-12.0
-21.0
-5.0
-8.0
-15.0
-8.0
-24.0
-24.0
-15.0
-35.0
-26.0
-34.0
-33.0
-14.0
-30.0
-21.0
-24.0
-48.0
-39.0
-47.0
-52.0
-39.0
-48.0
-45.0
-42.0
-42.0
-13.0
-16.0
-31.0
-14.0
-37.0
-32.0
-41.0
-60.0
-40.0
-56.0
-52.0
-42.0
-63.0
-52.0
-42.0
-45.0
-28.0
-33.0
-29.0
-23.0
-67.0
-39.0
-33.0
-55.0
-36.0
-49.0
-56.0
-41.0
-46.0
-44.0
-36.0
-51.0
-46.0
-64.0
-65.0
-52.0
-64.0
-45.0
-42.0
-43.0
-27.0
-32.0
-35.0
-29.0
-39.0
-34.0
-36.0
-46.0
-37.0
-47.0
-60.0
-52.0
-28.0
-25.0
-26.0
-43.0
-35.0
-39.0
-42.0
-35.0
-41.0
-34.0
-24.0
-19.0
-10.0
-26.0
-20.0
-14.0
-25.0
-7.0
-2.0
-12.0
6.0
-1.0
-10.0
10.0
-5.0
2.0
8.0
-8.0
5.0
-17.0
-21.0
2.0
-16.0
-5.0
-7.0
-22.0
-7.0
-20.0
-10.0
8.0
-13.0
-1.0
2.0
-18.0
-8.0
-14.0
-20.0
-3.0
-10.0
-4.0
-10.0
-18.0
-7.0
-4.0
-4.0
2.0
-23.0
-3.0
7.0
-6.0
16.0
1.0
2.0
23.0
-6.0
-5.0
1.0
-12.0
3.0
-9.0
1.0
13.0
-14.0
6.0
-1.0
-10.0
5.0
0.0
-3.0
20.0
-3.0
10.0
8.0
5.0
27.0
15.0
23.0
55.0
40.0
59.0
41.0
11.0
11.0
0.0
1.0
18.0
-6.0
8.0
5.0
1.0
25.0
12.0
0.0
5.0
-8.0
-4.0
-2.0
-16.0
3.0
-4.0
-8.0
10.0
-5.0
7.0
1.0
-5.0
7.0
-9.0
-13.0
7.0
-10.0
-2.0
4.0
-22.0
-20.0
-28.0
-30.0
-12.0
-15.0
-7.0
-5.0
-16.0
6.0
3.0
-6.0
16.0
4.0
6.0
4.0
-13.0
7.0
8.0
3.0
7.0
-5.0
-3.0
-1.0
-4.0
7.0
-6.0
-3.0
-2.0
-17.0
6.0
6.0
-13.0
-1.0
-6.0
0.0
8.0
-2.0
-4.0
-12.0
-22.0
-5.0
-17.0
-12.0
-2.0
-17.0
-13.0
-2.0
-17.0
4.0
1.0
-3.0
18.0
3.0
3.0
12.0
1.0
-2.0
-7.0
-7.0
2.0
-11.0
-5.0
2.0
-15.0
2.0
-10.0
-14.0
-1.0
-20.0
-4.0
-10.0
-11.0
9.0
-12.0
-1.0
21.0
8.0
1.0
16.0
4.0
-5.0
-18.0
-7.0
16.0
0.0
-14.0
-26.0
-36.0
-22.0
-29.0
-8.0
2.0
-26.0
-8.0
-6.0
-15.0
13.0
-17.0
-13.0
17.0
-4.0
15.0
15.0
18.0
53.0
32.0
23.0
19.0
-22.0
-25.0
-17.0
-26.0
-5.0
-7.0
10.0
13.0
-1.0
-5.0
2.0
-4.0
-5.0
-19.0
-13.0
-1.0
-16.0
-7.0
-14.0
-24.0
8.0
7.0
2.0
13.0
11.0
16.0
11.0
-13.0
1.0
4.0
-1.0
16.0
8.0
19.0
31.0
11.0
30.0
17.0
10.0
17.0
1.0
18.0
5.0
-13.0
17.0
15.0
9.0
9.0
2.0
7.0
16.0
23.0
35.0
12.0
14.0
27.0
9.0
24.0
37.0
32.0
57.0
37.0
29.0
31.0
9.0
15.0
12.0
-5.0
22.0
6.0
11.0
21.0
-3.0
6.0
10.0
3.0
17.0
15.0
6.0
23.0
10.0
20.0
22.0
14.0
32.0
24.0
0.0
21.0
5.0
13.0
24.0
16.0
34.0
39.0
39.0
45.0
10.0
15.0
23.0
-1.0
20.0
24.0
8.0
14.0
2.0
21.0
26.0
1.0
26.0
17.0
10.0
22.0
5.0
10.0
-3.0
-21.0
14.0
-11.0
-17.0
1.0
-21.0
-16.0
3.0
-5.0
-1.0
-12.0
-15.0
-3.0
-21.0
-14.0
-9.0
-23.0
-2.0
-4.0
-7.0
6.0
-1.0
3.0
-11.0
-24.0
-16.0
-44.0
-23.0
-8.0
-21.0
-2.0
11.0
-7.0
6.0
-14.0
-12.0
16.0
7.0
27.0
26.0
-2.0
7.0
2.0
-7.0
22.0
5.0
-9.0
5.0
-15.0
10.0
6.0
-5.0
-3.0
-26.0
-7.0
-3.0
-13.0
-2.0
-25.0
-22.0
-7.0
-14.0
3.0
11.0
5.0
16.0
3.0
6.0
7.0
-7.0
-1.0
3.0
-14.0
-3.0
-18.0
-11.0
3.0
-10.0
-1.0
-1.0
-16.0
7.0
-4.0
-13.0
-8.0
-24.0
-4.0
-1.0
-31.0
-8.0
-16.0
-32.0
-7.0
-13.0
-7.0
2.0
-6.0
19.0
10.0
0.0
3.0
12.0
16.0
-1.0
-7.0
5.0
-19.0
-31.0
-8.0
-22.0
-11.0
-3.0
-15.0
-9.0
-16.0
-8.0
1.0
-23.0
-17.0
-7.0
-23.0
-7.0
-15.0
-11.0
-4.0
-21.0
-24.0
-13.0
-30.0
-42.0
-5.0
-7.0
-10.0
-26.0
-23.0
-21.0
-24.0
-18.0
-25.0
-29.0
-17.0
-30.0
-18.0
-34.0
-45.0
-20.0
-27.0
-26.0
-20.0
-23.0
-16.0
-15.0
-26.0
-16.0
-30.0
-42.0
-24.0
-43.0
-25.0
-13.0
-25.0
-1.0
-25.0
-50.0
-33.0
-43.0
-34.0
-32.0
-48.0
-27.0
-38.0
-49.0
-26.0
-35.0
-32.0
-27.0
-33.0
-13.0
-21.0
-25.0
-13.0
-29.0
-20.0
-26.0
-50.0
-26.0
-30.0
-32.0
-20.0
-26.0
-16.0
-2.0
-15.0
5.0
-4.0
1.0
12.0
-5.0
0.0
-2.0
-25.0
-12.0
-21.0
-17.0
2.0
-33.0
-3.0
-3.0
3.0
7.0
-15.0
-16.0
-11.0
-14.0
-10.0
-4.0
-21.0
-11.0
-12.0
-22.0
-4.0
-16.0
-13.0
1.0
-10.0
11.0
1.0
-7.0
12.0
-7.0
6.0
12.0
3.0
23.0
9.0
-2.0
16.0
12.0
11.0
4.0
-12.0
2.0
-4.0
-8.0
15.0
2.0
16.0
21.0
13.0
26.0
10.0
18.0
31.0
3.0
21.0
18.0
-6.0
23.0
8.0
-6.0
6.0
6.0
17.0
22.0
-2.0
12.0
11.0
7.0
25.0
7.0
6.0
5.0
1.0
16.0
13.0
8.0
30.0
13.0
8.0
10.0
-3.0
11.0
4.0
-3.0
4.0
-7.0
-3.0
0.0
-30.0
-12.0
-22.0
-19.0
3.0
-15.0
-7.0
-5.0
-23.0
-14.0
-20.0
-34.0
-17.0
-24.0
-20.0
-7.0
-22.0
0.0
8.0
-1.0
12.0
-8.0
-23.0
-19.0
-30.0
-4.0
-8.0
-18.0
-2.0
-13.0
-7.0
6.0
-3.0
2.0
-8.0
3.0
19.0
-23.0
12.0
25.0
-8.0
27.0
11.0
1.0
12.0
-4.0
1.0
16.0
-3.0
-7.0
-5.0
-7.0
4.0
-8.0
2.0
1.0
-15.0
5.0
-9.0
-5.0
11.0
-3.0
11.0
2.0
-16.0
5.0
-11.0
-21.0
-12.0
-30.0
-24.0
-20.0
-24.0
-2.0
-8.0
-8.0
2.0
-12.0
-11.0
-13.0
-19.0
1.0
5.0
9.0
20.0
5.0
20.0
18.0
2.0
30.0
17.0
-5.0
20.0
27.0
22.0
31.0
-3.0
14.0
5.0
2.0
25.0
18.0
39.0
49.0
33.0
44.0
33.0
20.0
33.0
21.0
25.0
30.0
15.0
37.0
24.0
15.0
36.0
9.0
17.0
16.0
-1.0
7.0
-4.0
-26.0
1.0
-21.0
-18.0
-6.0
-23.0
-15.0
-15.0
-31.0
-21.0
-26.0
-23.0
-17.0
-26.0
-10.0
-30.0
-34.0
-25.0
-34.0
-32.0
-32.0
-41.0
-27.0
-34.0
-43.0
-26.0
-33.0
-34.0
-23.0
-31.0
-8.0
-14.0
-23.0
-9.0
-25.0
-23.0
-22.0
-25.0
5.0
-12.0
-25.0
-11.0
-7.0
-2.0
-7.0
-3.0
10.0
-3.0
-11.0
-2.0
-22.0
-19.0
-16.0
-15.0
3.0
-8.0
-15.0
-13.0
-35.0
-26.0
-23.0
-34.0
-19.0
-35.0
-35.0
-22.0
-39.0
-48.0
-56.0
-54.0
6.0
-14.0
-10.0
-2.0
-24.0
-20.0
-17.0
-34.0
-32.0
-31.0
-38.0
-22.0
-33.0
-20.0
-14.0
-29.0
-25.0
-33.0
-37.0
-22.0
-32.0
-24.0
-27.0
-45.0
-39.0
-34.0
-38.0
-30.0
-42.0
-31.0
-25.0
-45.0
-12.0
-18.0
-33.0
-21.0
-27.0
-29.0
-27.0
-29.0
-18.0
-8.0
-16.0
-15.0
-33.0
-13.0
-10.0
-23.0
4.0
-11.0
-32.0
-15.0
-35.0
-24.0
-13.0
-21.0
1.0
-15.0
-18.0
2.0
-12.0
-8.0
-4.0
-22.0
-15.0
-39.0
-20.0
-9.0
-19.0
-7.0
-11.0
-32.0
-24.0
-26.0
-29.0
-29.0
-35.0
-15.0
-10.0
-8.0
11.0
-16.0
-8.0
1.0
-16.0
-10.0
1.0
-4.0
28.0
9.0
-4.0
8.0
-9.0
2.0
-4.0
-15.0
-3.0
-10.0
-17.0
-12.0
-33.0
-29.0
-26.0
-38.0
-20.0
-22.0
-33.0
-21.0
-40.0
-40.0
1.0
-33.0
-6.0
-1.0
-8.0
4.0
-8.0
-20.0
-24.0
-50.0
-28.0
-37.0
-49.0
-22.0
-49.0
-45.0
-33.0
-43.0
-31.0
-27.0
-31.0
-27.0
-43.0
-39.0
-23.0
-43.0
-28.0
-37.0
-38.0
-28.0
-54.0
-40.0
-29.0
-36.0
-13.0
-24.0
-34.0
-30.0
-54.0
-41.0
-25.0
-33.0
-21.0
-23.0
-28.0
-22.0
-35.0
-25.0
-18.0
-40.0
-37.0
-36.0
-44.0
-19.0
-42.0
-41.0
-29.0
-32.0
-11.0
-22.0
-31.0
-25.0
-44.0
-39.0
-30.0
-36.0
-17.0
-22.0
-27.0
-5.0
-31.0
-25.0
-21.0
-29.0
-4.0
-13.0
-21.0
11.0
-20.0
-21.0
-18.0
-33.0
-30.0
-36.0
-33.0
-15.0
-25.0
-31.0
-14.0
-23.0
-14.0
-23.0
-30.0
-20.0
-26.0
-30.0
-12.0
-20.0
-15.0
-14.0
-15.0
0.0
-26.0
-23.0
-18.0
-40.0
-23.0
-19.0
-19.0
-9.0
-21.0
-8.0
5.0
-12.0
14.0
-12.0
-5.0
32.0
1.0
18.0
25.0
2.0
12.0
5.0
-2.0
3.0
-21.0
-15.0
-23.0
-53.0
-41.0
-36.0
-41.0
-29.0
-37.0
-31.0
-14.0
-33.0
-22.0
-18.0
-27.0
-4.0
-16.0
-16.0
1.0
-30.0
-42.0
-36.0
-34.0
-26.0
-62.0
-40.0
-29.0
-44.0
-40.0
-59.0
-61.0
-64.0
-88.0
-73.0
-59.0
-68.0
-54.0
-60.0
-53.0
-30.0
-50.0
-50.0
-31.0
-54.0
-53.0
-61.0
-64.0
-62.0
-72.0
-58.0
-53.0
-59.0
-40.0
-44.0
-50.0
-40.0
-55.0
-53.0
-39.0
-42.0
-20.0
-29.0
-39.0
-15.0
-33.0
-39.0
-36.0
-46.0
-20.0
-28.0
-36.0
-21.0
-33.0
-32.0
-22.0
-34.0
-31.0
-31.0
-44.0
-30.0
-41.0
-43.0
-33.0
-51.0
-32.0
-41.0
-42.0
-40.0
-55.0
-44.0
-32.0
-38.0
-23.0
-44.0
-54.0
-36.0
-54.0
-55.0
-46.0
-67.0
-61.0
-51.0
-46.0
-25.0
-38.0
-28.0
-17.0
-31.0
-18.0
-33.0
-37.0
8.0
-22.0
-5.0
-4.0
-22.0
-20.0
-30.0
-36.0
-21.0
-41.0
-30.0
-26.0
-51.0
-31.0
-45.0
-46.0
-33.0
-34.0
-36.0
-35.0
-41.0
-17.0
-7.0
-22.0
-20.0
-31.0
-34.0
-31.0
-42.0
-41.0
-43.0
-49.0
-35.0
-38.0
-37.0
-19.0
-38.0
-33.0
-41.0
-38.0
-19.0
-41.0
-32.0
-39.0
-67.0
-44.0
-38.0
-37.0
-25.0
-43.0
-41.0
-54.0
-79.0
-54.0
-62.0
-74.0
-17.0
-21.0
-26.0
-12.0
-39.0
-27.0
-36.0
-44.0
-10.0
-28.0
-22.0
-13.0
-37.0
-25.0
-26.0
-23.0
-16.0
-45.0
-37.0
-39.0
-48.0
-37.0
-43.0
-33.0
-19.0
-33.0
-16.0
-12.0
-36.0
17.0
18.0
-1.0
23.0
7.0
5.0
-3.0
-22.0
-1.0
-4.0
-15.0
-1.0
5.0
13.0
14.0
1.0
15.0
10.0
-3.0
24.0
19.0
30.0
29.0
18.0
36.0
24.0
10.0
15.0
16.0
26.0
29.0
-2.0
-6.0
-1.0
-12.0
4.0
5.0
17.0
15.0
-12.0
19.0
6.0
-6.0
11.0
3.0
10.0
25.0
3.0
8.0
12.0
14.0
18.0
9.0
22.0
20.0
17.0
35.0
13.0
-14.0
-9.0
-18.0
-10.0
-14.0
-26.0
-3.0
-7.0
-16.0
3.0
-20.0
-24.0
-9.0
-31.0
-13.0
-4.0
-14.0
-1.0
-22.0
-18.0
-2.0
-27.0
-9.0
-15.0
-19.0
-3.0
-20.0
-20.0
-10.0
-20.0
-5.0
-4.0
-17.0
-3.0
-14.0
-8.0
1.0
-24.0
-9.0
-12.0
-12.0
13.0
-21.0
-25.0
-48.0
-84.0
-69.0
-58.0
-65.0
-39.0
-32.0
-21.0
-20.0
-41.0
-28.0
-28.0
-39.0
-16.0
-25.0
-23.0
-41.0
-59.0
-32.0
-48.0
-36.0
-27.0
-50.0
-45.0
-44.0
-66.0
-59.0
-55.0
-59.0
-44.0
-59.0
-41.0
-36.0
-51.0
-24.0
-16.0
-25.0
-11.0
-30.0
-38.0
-36.0
-54.0
-29.0
-23.0
-35.0
-27.0
-42.0
-34.0
-28.0
-36.0
-13.0
-24.0
-31.0
-26.0
-40.0
-26.0
-5.0
-27.0
-16.0
-25.0
-31.0
-24.0
-59.0
-43.0
-13.0
-28.0
-5.0
-14.0
-25.0
-17.0
-41.0
-36.0
-23.0
-42.0
-23.0
-30.0
-33.0
-11.0
-8.0
3.0
3.0
-16.0
-5.0
-10.0
-28.0
-14.0
-28.0
-26.0
-14.0
-22.0
-6.0
-9.0
-21.0
-10.0
-17.0
-10.0
-2.0
-12.0
5.0
12.0
11.0
29.0
22.0
20.0
24.0
-4.0
5.0
11.0
-8.0
-3.0
-24.0
-7.0
6.0
-15.0
4.0
-17.0
-31.0
-18.0
-34.0
-35.0
-8.0
-2.0
-8.0
-5.0
-24.0
-29.0
-39.0
-44.0
-30.0
-35.0
-21.0
-34.0
-36.0
-37.0
-60.0
-51.0
-42.0
-53.0
-24.0
-24.0
-38.0
-33.0
-43.0
-25.0
-18.0
-31.0
-14.0
-21.0
-24.0
-12.0
-20.0
-22.0
-13.0
-21.0
-6.0
-8.0
-8.0
13.0
-5.0
-7.0
-8.0
-23.0
-18.0
-21.0
-22.0
-10.0
-16.0
-6.0
-4.0
-28.0
-21.0
-25.0
-26.0
-9.0
-13.0
-7.0
4.0
-11.0
6.0
17.0
12.0
21.0
-5.0
-4.0
5.0
-12.0
-5.0
1.0
-4.0
21.0
4.0
1.0
12.0
-2.0
18.0
23.0
18.0
34.0
11.0
16.0
37.0
24.0
44.0
36.0
30.0
43.0
27.0
27.0
24.0
7.0
21.0
17.0
14.0
32.0
34.0
42.0
37.0
18.0
32.0
25.0
15.0
38.0
22.0
5.0
19.0
13.0
33.0
18.0
4.0
34.0
31.0
33.0
33.0
19.0
34.0
32.0
22.0
46.0
29.0
32.0
35.0
14.0
36.0
27.0
21.0
41.0
26.0
28.0
36.0
19.0
45.0
35.0
11.0
39.0
45.0
46.0
50.0
39.0
40.0
16.0
10.0
20.0
-4.0
5.0
7.0
6.0
14.0
4.0
-16.0
2.0
-14.0
0.0
16.0
4.0
7.0
-3.0
-19.0
-28.0
-34.0
-20.0
-12.0
-27.0
-15.0
-24.0
-31.0
-26.0
-29.0
-23.0
-18.0
-31.0
-22.0
-21.0
-33.0
-13.0
-18.0
-9.0
-1.0
-10.0
3.0
-3.0
-11.0
-3.0
-19.0
-5.0
-12.0
-39.0
-2.0
-7.0
-8.0
-11.0
-23.0
-12.0
-8.0
-16.0
13.0
5.0
-5.0
13.0
8.0
5.0
7.0
-4.0
9.0
8.0
-12.0
-4.0
-11.0
-6.0
4.0
-12.0
15.0
6.0
6.0
16.0
6.0
11.0
16.0
2.0
24.0
32.0
21.0
37.0
19.0
19.0
42.0
8.0
17.0
26.0
18.0
35.0
25.0
31.0
37.0
13.0
31.0
39.0
33.0
45.0
36.0
38.0
38.0
32.0
51.0
45.0
46.0
67.0
45.0
37.0
50.0
38.0
61.0
59.0
42.0
65.0
59.0
57.0
52.0
29.0
52.0
44.0
31.0
45.0
40.0
40.0
43.0
25.0
43.0
47.0
48.0
77.0
49.0
52.0
48.0
32.0
44.0
33.0
21.0
42.0
36.0
37.0
42.0
17.0
25.0
29.0
12.0
25.0
19.0
33.0
43.0
35.0
40.0
35.0
11.0
10.0
1.0
-5.0
-1.0
-5.0
22.0
24.0
18.0
27.0
13.0
20.0
16.0
6.0
16.0
14.0
-1.0
17.0
-1.0
-3.0
4.0
3.0
18.0
6.0
4.0
20.0
6.0
9.0
13.0
-10.0
1.0
3.0
-2.0
7.0
1.0
14.0
32.0
38.0
80.0
112.0
163.0
209.0
234.0
262.0
270.0
264.0
263.0
252.0
240.0
216.0
226.0
204.0
177.0
136.0
156.0
129.0
99.0
90.0
51.0
34.0
15.0
-20.0
-16.0
-34.0
-65.0
-61.0
-89.0
-96.0
-84.0
-112.0
-112.0
-120.0
-136.0
-136.0
-153.0
-131.0
-117.0
-132.0
-118.0
-118.0
-119.0
-115.0
-120.0
-99.0
-60.0
-32.0
64.0
144.0
199.0
275.0
268.0
259.0
266.0
267.0
266.0
262.0
214.0
206.0
154.0
124.0
92.0
41.0
26.0
-4.0
-45.0
-71.0
-115.0
-135.0
-158.0
-213.0
-229.0
-248.0
-263.0
-256.0
-260.0
-261.0
-257.0
-262.0
-262.0
-260.0
-249.0
-227.0
-233.0
-244.0
-235.0
-256.0
-258.0
-251.0
-239.0
-210.0
-219.0
-201.0
-192.0
-205.0
-187.0
-196.0
-214.0
-200.0
-214.0
-204.0
-212.0
-235.0
-209.0
-201.0
-206.0
-188.0
-188.0
-177.0
-174.0
-195.0
-188.0
-184.0
-191.0
-176.0
-175.0
-169.0
-161.0
-169.0
-158.0
-153.0
-156.0
-134.0
-143.0
-133.0
-146.0
-143.0
-106.0
-133.0
-139.0
-122.0
-131.0
-144.0
-136.0
-155.0
-139.0
-140.0
-152.0
-138.0
-146.0
-164.0
-149.0
-160.0
-138.0
-127.0
-138.0
-120.0
-129.0
-130.0
-124.0
-145.0
-142.0
-135.0
-143.0
-127.0
-129.0
-136.0
-125.0
-122.0
-113.0
-121.0
-128.0
-110.0
-125.0
-128.0
-116.0
-131.0
-114.0
-112.0
-123.0
-98.0
-112.0
-99.0
-88.0
-107.0
-92.0
-95.0
-101.0
-89.0
-104.0
-107.0
-118.0
-130.0
-109.0
-114.0
-111.0
-92.0
-106.0
-83.0
-82.0
-101.0
-87.0
-79.0
-84.0
-63.0
-81.0
-96.0
-98.0
-117.0
-109.0
-116.0
-124.0
-101.0
-110.0
-109.0
-115.0
-142.0
-121.0
-133.0
-143.0
-122.0
-126.0
-117.0
-101.0
-119.0
-106.0
-109.0
-121.0
-98.0
-105.0
-95.0
-89.0
-107.0
-89.0
-107.0
-131.0
-112.0
-131.0
-134.0
-108.0
-130.0
-123.0
-113.0
-116.0
-102.0
-93.0
-83.0
-78.0
-87.0
-85.0
-96.0
-104.0
-89.0
-100.0
-102.0
-103.0
-124.0
-116.0
-123.0
-127.0
-92.0
-120.0
-109.0
-105.0
-127.0
-116.0
-108.0
-116.0
-101.0
-116.0
-100.0
-119.0
-107.0
-60.0
-83.0
-86.0
-74.0
-105.0
-96.0
-83.0
-90.0
-76.0
-90.0
-90.0
-80.0
-109.0
-108.0
-90.0
-100.0
-86.0
-86.0
-100.0
-81.0
-93.0
-93.0
-88.0
-106.0
-83.0
-76.0
-88.0
-71.0
-90.0
-80.0
-74.0
-86.0
-62.0
-66.0
-79.0
-58.0
-69.0
-80.0
-50.0
-65.0
-59.0
-62.0
-74.0
-60.0
-69.0
-65.0
-59.0
-78.0
-56.0
-62.0
-68.0
-59.0
-67.0
-58.0
-51.0
-65.0
-59.0
-70.0
-80.0
-67.0
-78.0
-68.0
-52.0
-65.0
-63.0
-71.0
-74.0
-56.0
-60.0
-65.0
-53.0
-49.0
-33.0
-45.0
-45.0
-37.0
-46.0
-50.0
-33.0
-53.0
-35.0
-25.0
-35.0
-1.0
-34.0
-31.0
-9.0
-29.0
2.0
-64.0
-55.0
-23.0
-44.0
-61.0
-9.0
-33.0
-14.0
-72.0
-51.0
-31.0
-51.0
-45.0
-34.0
-52.0
-39.0
-30.0
-48.0
-26.0
-40.0
-40.0
-45.0
-64.0
-60.0
-61.0
-76.0
-55.0
-59.0
-61.0
-46.0
-72.0
-53.0
-40.0
-35.0
-12.0
-26.0
-28.0
-24.0
-41.0
-21.0
-29.0
-43.0
-44.0
-53.0
-50.0
-44.0
-51.0
-33.0
-24.0
-29.0
-23.0
-26.0
-35.0
-28.0
-28.0
-15.0
-21.0
-20.0
-14.0
-30.0
-23.0
-6.0
-33.0
-14.0
-20.0
-35.0
-14.0
-24.0
-24.0
-17.0
-31.0
-11.0
-12.0
-25.0
2.0
-29.0
-17.0
-3.0
-23.0
-15.0
-11.0
-17.0
-23.0
-31.0
-28.0
-24.0
-19.0
-10.0
-14.0
-24.0
5.0
1.0
5.0
10.0
-11.0
-4.0
-4.0
-10.0
15.0
1.0
3.0
18.0
4.0
15.0
13.0
-7.0
8.0
-9.0
1.0
12.0
-9.0
4.0
3.0
6.0
34.0
22.0
20.0
20.0
14.0
26.0
20.0
8.0
16.0
11.0
-1.0
4.0
-6.0
15.0
15.0
-2.0
11.0
3.0
12.0
4.0
-18.0
13.0
22.0
3.0
20.0
4.0
-1.0
-5.0
-8.0
13.0
11.0
10.0
25.0
12.0
7.0
25.0
18.0
26.0
18.0
12.0
25.0
-4.0
-14.0
-18.0
-42.0
0.0
25.0
27.0
51.0
27.0
6.0
10.0
-22.0
-26.0
-7.0
-8.0
9.0
-12.0
-14.0
-1.0
-20.0
4.0
17.0
11.0
29.0
18.0
10.0
9.0
-6.0
6.0
12.0
20.0
31.0
19.0
10.0
7.0
-8.0
-3.0
-4.0
-11.0
17.0
3.0
-2.0
10.0
-8.0
0.0
-5.0
-5.0
14.0
-23.0
-5.0
52.0
4.0
23.0
35.0
22.0
43.0
46.0
36.0
49.0
25.0
36.0
34.0
21.0
34.0
14.0
18.0
22.0
8.0
21.0
10.0
-2.0
10.0
-4.0
4.0
26.0
6.0
23.0
30.0
16.0
37.0
20.0
24.0
24.0
14.0
4.0
-12.0
-36.0
-23.0
-22.0
-25.0
2.0
-10.0
-6.0
-14.0
-34.0
-16.0
-15.0
-11.0
7.0
0.0
8.0
10.0
6.0
22.0
-1.0
-7.0
14.0
-17.0
-9.0
-14.0
-7.0
12.0
2.0
8.0
13.0
-24.0
-16.0
-15.0
-23.0
-6.0
-2.0
-2.0
21.0
-2.0
20.0
23.0
-24.0
6.0
13.0
-14.0
-5.0
-7.0
-2.0
-3.0
-3.0
20.0
11.0
14.0
24.0
-1.0
20.0
20.0
-9.0
-2.0
-13.0
-16.0
-2.0
-23.0
-22.0
-25.0
-37.0
-26.0
-32.0
-19.0
-11.0
-25.0
1.0
-11.0
-55.0
-52.0
-16.0
-11.0
-11.0
-20.0
-5.0
-6.0
-16.0
-3.0
-22.0
-18.0
-9.0
-41.0
-34.0
-41.0
-39.0
-26.0
-32.0
-21.0
-10.0
-21.0
5.0
1.0
-10.0
1.0
-6.0
-2.0
9.0
-12.0
0.0
1.0
-5.0
6.0
-5.0
-5.0
-2.0
-26.0
-18.0
-16.0
-31.0
-11.0
-16.0
-21.0
-20.0
-40.0
-30.0
-32.0
-34.0
-12.0
-18.0
-17.0
-4.0
-25.0
-20.0
7.0
-21.0
2.0
-7.0
-4.0
3.0
-16.0
6.0
11.0
-17.0
2.0
-4.0
-10.0
7.0
-6.0
-5.0
-5.0
-18.0
-5.0
-21.0
-13.0
0.0
-14.0
-7.0
-13.0
-26.0
-6.0
-22.0
-18.0
-19.0
-40.0
-6.0
-13.0
-22.0
-17.0
-27.0
-11.0
-4.0
-9.0
1.0
-5.0
-11.0
11.0
0.0
-1.0
4.0
-17.0
-3.0
-3.0
-12.0
2.0
-8.0
-1.0
16.0
11.0
15.0
4.0
-13.0
-7.0
-16.0
-8.0
-5.0
-6.0
16.0
4.0
-40.0
4.0
8.0
16.0
43.0
23.0
37.0
36.0
20.0
17.0
-5.0
-16.0
-3.0
-11.0
-1.0
5.0
-4.0
7.0
-5.0
1.0
18.0
12.0
4.0
5.0
-8.0
1.0
-15.0
-13.0
-10.0
-12.0
8.0
9.0
-12.0
-1.0
-25.0
-14.0
-7.0
-24.0
2.0
4.0
-11.0
2.0
-16.0
-8.0
-2.0
-21.0
-13.0
-3.0
-17.0
-8.0
-8.0
-23.0
-26.0
-35.0
-22.0
-16.0
-15.0
-3.0
-18.0
-7.0
-1.0
-36.0
-20.0
-6.0
-21.0
-1.0
-1.0
-3.0
-5.0
-10.0
-4.0
-7.0
-2.0
-9.0
-12.0
-10.0
0.0
-18.0
-19.0
-17.0
-32.0
-30.0
-33.0
-33.0
-23.0
-48.0
-34.0
-39.0
-33.0
-23.0
-30.0
-30.0
-10.0
-32.0
-3.0
-6.0
-27.0
-1.0
-22.0
-20.0
8.0
-2.0
2.0
6.0
0.0
9.0
-1.0
4.0
9.0
8.0
-2.0
-10.0
-21.0
5.0
-5.0
7.0
14.0
-7.0
11.0
5.0
7.0
14.0
0.0
1.0
-3.0
-25.0
-9.0
-8.0
-26.0
2.0
-2.0
-7.0
-1.0
-24.0
-11.0
-24.0
-40.0
-27.0
-37.0
-40.0
-16.0
-18.0
-17.0
-21.0
-23.0
-3.0
-14.0
-6.0
9.0
-7.0
2.0
0.0
-18.0
-9.0
-21.0
-9.0
-2.0
-31.0
-18.0
-17.0
-41.0
-21.0
-22.0
-20.0
-8.0
-8.0
2.0
1.0
-5.0
18.0
-1.0
-5.0
17.0
7.0
29.0
14.0
-2.0
9.0
-29.0
-35.0
-11.0
-31.0
-14.0
-10.0
-25.0
-13.0
-15.0
-18.0
2.0
-6.0
5.0
-9.0
-12.0
8.0
1.0
3.0
7.0
-21.0
-7.0
-12.0
-23.0
-10.0
-24.0
-41.0
-30.0
-46.0
-34.0
-27.0
-27.0
-4.0
-24.0
-37.0
-17.0
-26.0
-13.0
-10.0
-23.0
-11.0
-18.0
-25.0
-26.0
-40.0
-27.0
-33.0
-46.0
-31.0
-44.0
-42.0
-38.0
-45.0
-25.0
-33.0
-54.0
-40.0
-46.0
-44.0
-29.0
-36.0
-8.0
-8.0
-29.0
-13.0
-16.0
-3.0
14.0
-11.0
-2.0
-13.0
-26.0
-5.0
-21.0
-17.0
-15.0
-26.0
-23.0
-20.0
-29.0
-10.0
-15.0
-18.0
-2.0
-5.0
-11.0
8.0
-2.0
2.0
-24.0
-26.0
-14.0
-26.0
-6.0
-8.0
-30.0
-11.0
-9.0
-13.0
-1.0
-18.0
-12.0
-14.0
-39.0
-25.0
-40.0
-38.0
-14.0
-41.0
-31.0
-32.0
-33.0
-18.0
-38.0
-30.0
-12.0
-29.0
-24.0
-21.0
-29.0
-21.0
-33.0
-21.0
-18.0
-30.0
-12.0
-16.0
-36.0
-25.0
-24.0
-13.0
-13.0
-27.0
-4.0
-12.0
-33.0
-18.0
-26.0
-32.0
-24.0
-48.0
-33.0
21.0
-8.0
8.0
3.0
8.0
-4.0
-42.0
-26.0
-22.0
-35.0
-23.0
-37.0
-37.0
-25.0
-36.0
-18.0
-21.0
-33.0
-25.0
-42.0
-49.0
-40.0
-58.0
-46.0
-46.0
-62.0
-39.0
-45.0
-48.0
-44.0
-52.0
-45.0
-42.0
-49.0
-30.0
-52.0
-55.0
-42.0
-56.0
-45.0
-40.0
-62.0
-42.0
-39.0
-29.0
-21.0
-43.0
-29.0
-25.0
-35.0
-8.0
-15.0
-26.0
-7.0
-19.0
-18.0
-14.0
-23.0
6.0
-12.0
-9.0
-2.0
-27.0
-29.0
-23.0
-16.0
-3.0
-17.0
-33.0
-13.0
-19.0
-30.0
-14.0
-4.0
12.0
2.0
-23.0
-17.0
-27.0
-30.0
-34.0
-34.0
-18.0
-26.0
-19.0
-6.0
-11.0
-7.0
-5.0
-17.0
0.0
-13.0
-17.0
5.0
-12.0
-2.0
1.0
-11.0
6.0
-2.0
-4.0
3.0
-14.0
-1.0
4.0
-1.0
33.0
23.0
24.0
43.0
18.0
26.0
34.0
6.0
30.0
27.0
34.0
53.0
25.0
29.0
36.0
24.0
39.0
35.0
39.0
37.0
20.0
31.0
33.0
21.0
42.0
38.0
41.0
45.0
32.0
36.0
27.0
3.0
27.0
16.0
25.0
41.0
18.0
47.0
49.0
47.0
55.0
49.0
48.0
57.0
27.0
44.0
35.0
17.0
35.0
18.0
15.0
24.0
12.0
27.0
27.0
16.0
25.0
19.0
25.0
43.0
30.0
40.0
35.0
30.0
34.0
5.0
-3.0
7.0
-3.0
13.0
24.0
18.0
39.0
34.0
36.0
34.0
5.0
22.0
24.0
10.0
31.0
20.0
19.0
35.0
11.0
17.0
11.0
-15.0
53.0
47.0
41.0
65.0
34.0
33.0
37.0
20.0
48.0
28.0
21.0
22.0
5.0
20.0
13.0
-8.0
16.0
17.0
14.0
33.0
22.0
34.0
42.0
33.0
51.0
33.0
20.0
36.0
24.0
39.0
25.0
7.0
26.0
21.0
13.0
23.0
7.0
17.0
23.0
10.0
32.0
38.0
32.0
47.0
34.0
32.0
31.0
18.0
30.0
15.0
20.0
36.0
30.0
36.0
36.0
20.0
43.0
26.0
25.0
32.0
4.0
25.0
31.0
23.0
40.0
26.0
28.0
33.0
24.0
28.0
26.0
23.0
29.0
8.0
16.0
17.0
-8.0
-6.0
-8.0
-8.0
3.0
4.0
-10.0
13.0
-7.0
1.0
12.0
4.0
12.0
15.0
11.0
20.0
4.0
8.0
12.0
15.0
30.0
26.0
16.0
8.0
-27.0
-23.0
-27.0
-31.0
-6.0
-7.0
-14.0
-3.0
-21.0
-5.0
-6.0
-17.0
1.0
1.0
-10.0
-7.0
-29.0
-34.0
-22.0
-35.0
-21.0
-32.0
-36.0
-16.0
-28.0
-29.0
-39.0
-38.0
-32.0
-48.0
-60.0
-47.0
-63.0
-51.0
-40.0
-52.0
-43.0
-44.0
-46.0
-43.0
-55.0
-32.0
-38.0
-44.0
-24.0
-26.0
-34.0
-32.0
-42.0
-24.0
-16.0
-23.0
-6.0
-14.0
-22.0
-14.0
-28.0
-20.0
-16.0
-33.0
-31.0
-26.0
-28.0
-14.0
-18.0
-2.0
6.0
-8.0
10.0
-8.0
-4.0
6.0
3.0
24.0
18.0
11.0
10.0
-7.0
-21.0
-1.0
-7.0
4.0
7.0
-6.0
9.0
-16.0
-22.0
-7.0
-34.0
-30.0
-18.0
-27.0
-10.0
-13.0
-6.0
-4.0
-23.0
-15.0
-5.0
-22.0
-14.0
-21.0
-22.0
-1.0
-18.0
-20.0
-16.0
-29.0
-12.0
-13.0
-12.0
-13.0
-27.0
-15.0
0.0
-12.0
1.0
-4.0
-9.0
-4.0
-21.0
-19.0
-15.0
-34.0
-22.0
-32.0
-32.0
-20.0
-45.0
-34.0
-36.0
-50.0
-41.0
-48.0
-39.0
-17.0
-36.0
-18.0
-34.0
-67.0
-46.0
-40.0
-45.0
-31.0
-44.0
-32.0
-31.0
-37.0
-16.0
-26.0
-42.0
-29.0
-51.0
-24.0
-22.0
-43.0
-31.0
-40.0
-45.0
-33.0
-68.0
-71.0
-51.0
-53.0
-67.0
-69.0
-27.0
-33.0
-45.0
-44.0
-43.0
-51.0
-41.0
-41.0
-30.0
-14.0
-32.0
-22.0
-29.0
-32.0
-14.0
-19.0
-32.0
-23.0
-43.0
-40.0
-27.0
-33.0
-14.0
-18.0
-24.0
-20.0
-36.0
-19.0
-13.0
-25.0
-3.0
-25.0
-22.0
2.0
-5.0
-6.0
-10.0
-19.0
-10.0
-15.0
-13.0
-2.0
-10.0
7.0
-5.0
-22.0
-15.0
-20.0
-32.0
-25.0
-26.0
-24.0
-42.0
-32.0
25.0
-6.0
-14.0
-2.0
-22.0
-24.0
-13.0
-27.0
-21.0
-16.0
-19.0
-11.0
-17.0
-5.0
-12.0
-29.0
-12.0
-10.0
-13.0
-12.0
-36.0
-40.0
-40.0
-51.0
-40.0
-47.0
-49.0
-32.0
-42.0
-37.0
-27.0
-49.0
-28.0
-30.0
-36.0
-18.0
-7.0
-7.0
8.0
-4.0
5.0
-10.0
-8.0
-11.0
-33.0
-30.0
-32.0
-49.0
-30.0
-46.0
-48.0
-36.0
-50.0
-53.0
-58.0
-57.0
-41.0
-75.0
-46.0
-3.0
-53.0
-44.0
-43.0
-71.0
-61.0
-78.0
-81.0
-61.0
-70.0
-63.0
-62.0
-86.0
-67.0
-69.0
-71.0
-50.0
-74.0
-79.0
-73.0
-80.0
-51.0
-55.0
-59.0
-56.0
-64.0
-53.0
-49.0
-63.0
-52.0
-57.0
-49.0
-42.0
-71.0
-60.0
-30.0
-42.0
-22.0
-22.0
-26.0
-14.0
-25.0
-11.0
-21.0
-37.0
-29.0
-52.0
-56.0
-41.0
-68.0
-45.0
-31.0
-30.0
-12.0
-40.0
-48.0
-33.0
-51.0
-31.0
-29.0
-40.0
-22.0
-25.0
-32.0
-23.0
-26.0
-7.0
-5.0
-25.0
-13.0
-9.0
-24.0
-16.0
-24.0
-18.0
-20.0
-33.0
-4.0
-18.0
-21.0
-1.0
-22.0
-16.0
-10.0
-13.0
4.0
-10.0
-2.0
12.0
-13.0
-9.0
-9.0
-22.0
-16.0
-22.0
-25.0
-17.0
-32.0
-27.0
-25.0
-37.0
9.0
-4.0
-8.0
7.0
-10.0
3.0
19.0
9.0
9.0
-15.0
-31.0
-25.0
-30.0
-28.0
-14.0
-23.0
-12.0
-14.0
-7.0
4.0
-10.0
-10.0
-8.0
-15.0
-8.0
-22.0
-22.0
4.0
-16.0
-20.0
-15.0
-37.0
-20.0
-15.0
-16.0
-2.0
-19.0
3.0
-7.0
-23.0
-13.0
-12.0
-7.0
9.0
-12.0
8.0
7.0
-17.0
1.0
-8.0
-12.0
6.0
-13.0
-17.0
-25.0
-35.0
-15.0
-28.0
-23.0
-5.0
-21.0
-14.0
-5.0
-34.0
-8.0
-2.0
2.0
15.0
6.0
16.0
19.0
3.0
17.0
10.0
-8.0
-4.0
-11.0
-5.0
-14.0
-24.0
0.0
-9.0
-9.0
-1.0
-21.0
-17.0
-10.0
-13.0
11.0
-2.0
-2.0
5.0
-10.0
-18.0
-16.0
-30.0
-21.0
-33.0
-26.0
-11.0
-21.0
-12.0
-5.0
-11.0
-6.0
-13.0
-14.0
-5.0
-23.0
-22.0
-21.0
-29.0
-12.0
-22.0
-30.0
-19.0
-33.0
-30.0
-13.0
-30.0
-18.0
-24.0
-27.0
-3.0
-22.0
-7.0
1.0
-14.0
1.0
-8.0
-22.0
-5.0
-30.0
-22.0
-18.0
-35.0
-35.0
-44.0
-49.0
-27.0
-53.0
-46.0
-29.0
-44.0
-35.0
-38.0
-39.0
-20.0
-39.0
-21.0
-18.0
-26.0
-6.0
-9.0
-13.0
-4.0
-36.0
-24.0
-18.0
-40.0
-22.0
-35.0
-43.0
-24.0
-37.0
-34.0
-34.0
-45.0
-37.0
-46.0
-48.0
-32.0
-32.0
-22.0
-24.0
-35.0
-22.0
-36.0
-56.0
2.0
-11.0
-20.0
-16.0
-46.0
-40.0
-41.0
-47.0
-27.0
-30.0
-14.0
-8.0
-21.0
-14.0
-44.0
-61.0
-48.0
-59.0
-56.0
-50.0
-64.0
-53.0
-54.0
-61.0
-61.0
-80.0
-69.0
-63.0
-77.0
-53.0
-59.0
-68.0
-45.0
-56.0
-54.0
-48.0
-60.0
-39.0
-54.0
-64.0
-52.0
-71.0
-65.0
-87.0
-83.0
-59.0
-59.0
-57.0
-42.0
-52.0
-42.0
-29.0
-45.0
-31.0
-50.0
-61.0
-46.0
-60.0
-51.0
-41.0
-54.0
-45.0
-59.0
-60.0
-28.0
-45.0
-35.0
-23.0
-32.0
-29.0
-28.0
-28.0
-20.0
-35.0
-27.0
-29.0
-40.0
-22.0
-30.0
-35.0
-19.0
-23.0
-21.0
-20.0
-27.0
-9.0
-7.0
-11.0
12.0
-21.0
-13.0
-11.0
-30.0
-6.0
-7.0
-17.0
-12.0
-27.0
-16.0
-12.0
-20.0
-6.0
-11.0
-20.0
-2.0
-11.0
5.0
20.0
4.0
20.0
15.0
17.0
26.0
1.0
-5.0
27.0
57.0
63.0
57.0
43.0
42.0
25.0
18.0
27.0
23.0
43.0
39.0
40.0
37.0
18.0
30.0
33.0
28.0
31.0
17.0
20.0
41.0
17.0
19.0
34.0
13.0
24.0
14.0
7.0
20.0
-7.0
3.0
6.0
1.0
30.0
28.0
17.0
28.0
8.0
16.0
34.0
32.0
55.0
61.0
36.0
25.0
5.0
15.0
23.0
18.0
32.0
32.0
21.0
28.0
11.0
16.0
4.0
1.0
15.0
8.0
21.0
26.0
10.0
25.0
26.0
12.0
18.0
11.0
5.0
8.0
7.0
15.0
14.0
-4.0
15.0
2.0
-5.0
15.0
2.0
4.0
7.0
-5.0
14.0
6.0
-8.0
4.0
-1.0
0.0
-1.0
-6.0
13.0
3.0
-5.0
7.0
-12.0
9.0
5.0
-4.0
17.0
15.0
16.0
29.0
20.0
22.0
22.0
15.0
26.0
5.0
13.0
10.0
-16.0
-11.0
-4.0
-13.0
1.0
-9.0
-20.0
-5.0
-20.0
-12.0
-8.0
-18.0
-1.0
-6.0
-4.0
11.0
-3.0
12.0
13.0
18.0
20.0
3.0
-1.0
18.0
3.0
16.0
15.0
7.0
11.0
10.0
16.0
31.0
6.0
14.0
12.0
-12.0
7.0
5.0
2.0
3.0
-3.0
5.0
6.0
-7.0
20.0
10.0
1.0
11.0
-3.0
-20.0
13.0
6.0
15.0
12.0
-3.0
-3.0
-5.0
1.0
5.0
-5.0
-5.0
-14.0
-14.0
-1.0
-13.0
-11.0
-9.0
-29.0
-12.0
-22.0
-11.0
14.0
4.0
10.0
8.0
-15.0
-3.0
-15.0
-17.0
5.0
1.0
-1.0
-3.0
-15.0
-17.0
-28.0
-33.0
-12.0
-26.0
-20.0
-14.0
-15.0
1.0
-5.0
-19.0
-2.0
-5.0
-2.0
-1.0
-14.0
-15.0
-3.0
-8.0
11.0
-1.0
14.0
12.0
3.0
31.0
12.0
1.0
18.0
3.0
7.0
9.0
0.0
2.0
2.0
3.0
26.0
18.0
22.0
33.0
24.0
44.0
29.0
11.0
21.0
-2.0
-11.0
-16.0
-26.0
-18.0
-18.0
-22.0
-11.0
-25.0
-16.0
-13.0
-13.0
-2.0
-8.0
-20.0
1.0
-29.0
-15.0
4.0
-4.0
6.0
-4.0
-5.0
15.0
-13.0
-5.0
17.0
2.0
4.0
-12.0
-20.0
0.0
-23.0
-10.0
-1.0
-20.0
-4.0
-15.0
-30.0
-8.0
-15.0
-3.0
1.0
-24.0
-8.0
-1.0
-16.0
4.0
-13.0
-3.0
-5.0
-32.0
-26.0
-28.0
-40.0
-22.0
-23.0
-16.0
-7.0
-24.0
-10.0
-10.0
-15.0
-5.0
-26.0
-27.0
-18.0
-35.0
-13.0
-20.0
-24.0
-5.0
-22.0
-25.0
-7.0
-33.0
-31.0
-39.0
-39.0
-21.0
-51.0
-45.0
-36.0
-35.0
-26.0
-30.0
-25.0
-17.0
-39.0
-31.0
-20.0
-27.0
-6.0
-13.0
-22.0
-12.0
-44.0
-35.0
-22.0
-38.0
-13.0
-6.0
-5.0
3.0
-19.0
-8.0
-10.0
-21.0
-1.0
-8.0
-27.0
2.0
0.0
3.0
14.0
-10.0
-13.0
-8.0
-20.0
-15.0
-27.0
-20.0
-14.0
-36.0
-23.0
-25.0
-35.0
-16.0
-42.0
-30.0
-18.0
-35.0
-20.0
-29.0
-34.0
-9.0
-32.0
-27.0
-25.0
-49.0
-22.0
-25.0
-31.0
-14.0
-31.0
-25.0
-31.0
-42.0
-21.0
-22.0
-37.0
-25.0
-33.0
-24.0
-27.0
-43.0
-30.0
-46.0
-44.0
-24.0
-35.0
-25.0
-25.0
-44.0
-37.0
-55.0
-68.0
-11.0
-26.0
-25.0
3.0
-11.0
-11.0
-18.0
-25.0
-25.0
-39.0
-30.0
-22.0
-40.0
-20.0
-30.0
-45.0
-24.0
-26.0
-25.0
-24.0
-37.0
-21.0
-12.0
-35.0
-23.0
-37.0
-26.0
-23.0
-40.0
-23.0
-8.0
-22.0
-13.0
-26.0
-26.0
-24.0
-35.0
-21.0
-15.0
-32.0
-17.0
-38.0
-29.0
-24.0
-44.0
-50.0
-24.0
-16.0
-18.0
-43.0
-37.0
-31.0
-49.0
-25.0
-20.0
-22.0
-1.0
-12.0
-11.0
-12.0
-27.0
-10.0
-10.0
-14.0
8.0
-3.0
6.0
16.0
-17.0
-10.0
-22.0
-34.0
-15.0
-29.0
-15.0
-12.0
-29.0
-17.0
-20.0
-39.0
-32.0
-40.0
-32.0
-19.0
-42.0
-30.0
-33.0
-36.0
-29.0
-39.0
-25.0
-31.0
-39.0
-15.0
-27.0
-31.0
-17.0
-26.0
-24.0
-25.0
-31.0
-12.0
-12.0
-43.0
-30.0
-26.0
-32.0
-19.0
-20.0
-20.0
-25.0
-34.0
-33.0
-45.0
-35.0
-20.0
-39.0
-23.0
-1.0
10.0
50.0
61.0
80.0
105.0
102.0
107.0
103.0
105.0
126.0
116.0
114.0
156.0
153.0
201.0
239.0
236.0
269.0
257.0
243.0
222.0
193.0
201.0
179.0
154.0
159.0
156.0
165.0
162.0
128.0
129.0
97.0
78.0
72.0
18.0
8.0
1.0
-38.0
-42.0
-69.0
-88.0
-70.0
-97.0
-97.0
-88.0
-101.0
-98.0
-106.0
-114.0
-101.0
-119.0
-105.0
-87.0
-121.0
-118.0
-127.0
-136.0
-117.0
-122.0
-118.0
-100.0
-109.0
-98.0
-104.0
-109.0
-91.0
-110.0
-109.0
-105.0
-115.0
-96.0
-94.0
-111.0
-101.0
-118.0
-102.0
-96.0
-103.0
-95.0
-90.0
-98.0
-79.0
-90.0
-89.0
-84.0
-108.0
-89.0
-88.0
-82.0
-68.0
-83.0
-80.0
-77.0
-84.0
-71.0
-81.0
-96.0
-71.0
-87.0
-95.0
-100.0
-120.0
-91.0
-97.0
-108.0
-95.0
-108.0
-96.0
-83.0
-88.0
-66.0
-74.0
-77.0
-78.0
-77.0
-53.0
-53.0
-55.0
-49.0
-75.0
-82.0
-74.0
-93.0
-86.0
-83.0
-105.0
-95.0
-112.0
-113.0
-90.0
-98.0
-75.0
-60.0
-70.0
-52.0
-52.0
-61.0
-59.0
-73.0
-72.0
-60.0
-79.0
-71.0
-71.0
-83.0
-70.0
-96.0
-81.0
-59.0
-77.0
-65.0
-58.0
-71.0
-53.0
-55.0
-50.0
-51.0
-55.0
-31.0
-43.0
-54.0
-34.0
-50.0
-46.0
-40.0
-62.0
-65.0
-53.0
-54.0
-39.0
-48.0
-34.0
-31.0
-44.0
-19.0
-18.0
-13.0
-6.0
-13.0
-21.0
-18.0
-31.0
-31.0
-52.0
-66.0
-49.0
-65.0
-49.0
-39.0
-51.0
-38.0
-37.0
-39.0
-15.0
-40.0
-45.0
-39.0
-51.0
-41.0
-52.0
-60.0
-48.0
-69.0
-63.0
-58.0
-69.0
-53.0
-50.0
-48.0
-27.0
-37.0
-31.0
-23.0
-44.0
-22.0
-19.0
-14.0
-10.0
-33.0
-32.0
-33.0
-42.0
-18.0
-24.0
-34.0
-27.0
-41.0
-20.0
-24.0
-42.0
-16.0
-20.0
-44.0
-34.0
-44.0
-35.0
-27.0
-48.0
-37.0
-33.0
-41.0
-15.0
-32.0
-32.0
-34.0
-50.0
-36.0
-17.0
-22.0
-14.0
-27.0
-26.0
-28.0
-61.0
-51.0
-55.0
-49.0
-35.0
-61.0
-39.0
-27.0
-53.0
-42.0
-43.0
-55.0
-26.0
-34.0
-30.0
-22.0
-37.0
-18.0
-22.0
-29.0
-20.0
-32.0
-17.0
-12.0
-24.0
-20.0
-29.0
-36.0
-18.0
-34.0
-34.0
-25.0
-51.0
-52.0
-51.0
-49.0
-25.0
-23.0
-32.0
-8.0
-16.0
-1.0
-17.0
-26.0
-10.0
-23.0
-14.0
-6.0
-22.0
-14.0
-24.0
-32.0
-24.0
-27.0
-22.0
-23.0
-31.0
-18.0
-31.0
-33.0
-22.0
-26.0
-23.0
-14.0
-18.0
10.0
-10.0
-11.0
-6.0
-31.0
-31.0
-15.0
-18.0
-5.0
-5.0
-12.0
-5.0
-21.0
-26.0
-17.0
-14.0
-1.0
6.0
-5.0
4.0
-5.0
-7.0
-10.0
-30.0
-12.0
-36.0
-27.0
7.0
-15.0
-6.0
-11.0
-31.0
-20.0
-18.0
-20.0
2.0
-19.0
-8.0
6.0
-9.0
12.0
8.0
-6.0
2.0
-12.0
-5.0
1.0
-24.0
-5.0
-6.0
-23.0
-15.0
-33.0
-36.0
-8.0
-23.0
-4.0
-15.0
-47.0
-1.0
10.0
-1.0
4.0
-2.0
4.0
-15.0
-31.0
-6.0
-18.0
-12.0
5.0
-20.0
-21.0
-37.0
-59.0
-34.0
-39.0
-40.0
-26.0
-23.0
-31.0
-33.0
-33.0
-27.0
-48.0
-29.0
-20.0
-38.0
-24.0
-29.0
-32.0
-13.0
-28.0
-5.0
-2.0
-18.0
-8.0
-14.0
-21.0
-11.0
-6.0
3.0
8.0
-14.0
3.0
8.0
-2.0
17.0
5.0
-3.0
3.0
4.0
7.0
6.0
3.0
19.0
-2.0
-4.0
11.0
-3.0
12.0
15.0
14.0
27.0
3.0
-5.0
1.0
-5.0
-1.0
2.0
1.0
11.0
-10.0
5.0
1.0
-15.0
-1.0
-17.0
-10.0
11.0
-21.0
-17.0
0.0
-15.0
2.0
-15.0
-16.0
-1.0
-13.0
-5.0
1.0
-10.0
-12.0
-12.0
-6.0
5.0
-1.0
14.0
3.0
-15.0
-21.0
-23.0
-9.0
4.0
-11.0
-8.0
3.0
-17.0
1.0
-11.0
-30.0
-8.0
-6.0
-4.0
5.0
-4.0
11.0
6.0
-2.0
13.0
4.0
16.0
25.0
-1.0
23.0
8.0
-12.0
2.0
-8.0
-6.0
6.0
-13.0
10.0
0.0
-14.0
1.0
-23.0
-21.0
0.0
-2.0
16.0
0.0
-6.0
5.0
-8.0
-10.0
-2.0
-11.0
2.0
-5.0
-8.0
4.0
-7.0
-7.0
-15.0
-23.0
-6.0
-23.0
-45.0
-21.0
-32.0
-18.0
-10.0
-33.0
-24.0
-23.0
-27.0
-2.0
0.0
-10.0
7.0
-11.0
-1.0
-12.0
-43.0
7.0
8.0
-1.0
13.0
-12.0
-11.0
-5.0
-9.0
2.0
-22.0
-21.0
-13.0
-27.0
-4.0
-10.0
-18.0
-4.0
-18.0
-12.0
-17.0
-39.0
-26.0
-23.0
-34.0
-13.0
-30.0
-27.0
-13.0
-32.0
-21.0
-23.0
-33.0
-22.0
-34.0
-29.0
-18.0
-31.0
-23.0
-25.0
-34.0
-31.0
-42.0
-22.0
-18.0
-30.0
-15.0
-17.0
-23.0
-4.0
-18.0
-18.0
-2.0
-21.0
-13.0
-13.0
-15.0
-5.0
-16.0
-10.0
-4.0
-23.0
-7.0
-6.0
-23.0
-13.0
-24.0
-25.0
-30.0
-45.0
-27.0
-30.0
-38.0
-26.0
-23.0
-31.0
-27.0
-36.0
-20.0
-27.0
-40.0
-27.0
-41.0
-20.0
-8.0
-17.0
10.0
-3.0
-8.0
21.0
-3.0
-16.0
-5.0
-20.0
-17.0
-26.0
-37.0
-14.0
-29.0
-22.0
-15.0
-31.0
-20.0
-24.0
-27.0
-15.0
-30.0
-37.0
-35.0
-56.0
-41.0
-37.0
-45.0
-30.0
-27.0
-33.0
-16.0
-22.0
-21.0
-20.0
-15.0
-2.0
-20.0
-21.0
-11.0
-27.0
-14.0
-15.0
-19.0
1.0
-14.0
-27.0
-29.0
-52.0
-40.0
-45.0
-41.0
-24.0
-33.0
-37.0
-33.0
-40.0
-16.0
-30.0
-41.0
-17.0
-23.0
-24.0
-27.0
-51.0
-37.0
-39.0
-50.0
-31.0
-30.0
-32.0
-33.0
-49.0
-42.0
-52.0
-49.0
-45.0
-56.0
-45.0
-38.0
-39.0
-20.0
-32.0
-41.0
-22.0
-17.0
-11.0
-10.0
-14.0
-13.0
-11.0
-5.0
-1.0
-19.0
-10.0
-11.0
-53.0
-50.0
-58.0
-70.0
-58.0
-68.0
-74.0
-58.0
-73.0
-61.0
-55.0
-58.0
-43.0
-53.0
-54.0
-54.0
-62.0
-59.0
-68.0
-78.0
-67.0
-69.0
-63.0
-44.0
-49.0
-34.0
-28.0
-36.0
-25.0
-38.0
-36.0
-27.0
-42.0
-44.0
-28.0
-22.0
-16.0
-27.0
-23.0
-26.0
-48.0
-39.0
-43.0
-53.0
-37.0
-40.0
-20.0
-18.0
-27.0
-17.0
-41.0
-52.0
-34.0
-51.0
-47.0
-27.0
-41.0
-32.0
-34.0
-42.0
-29.0
-47.0
-40.0
-30.0
-51.0
-43.0
-43.0
-45.0
-10.0
-12.0
-12.0
-2.0
-35.0
-39.0
-19.0
-24.0
-17.0
-18.0
-7.0
-4.0
-36.0
-28.0
-28.0
-35.0
-15.0
-28.0
-25.0
10.0
3.0
11.0
-4.0
-36.0
-22.0
-28.0
-26.0
-12.0
-25.0
-7.0
-7.0
-10.0
14.0
1.0
-5.0
1.0
-33.0
-33.0
-29.0
-27.0
7.0
-2.0
-18.0
14.0
5.0
-2.0
-10.0
-30.0
-16.0
-26.0
-30.0
-15.0
-18.0
-8.0
-11.0
-8.0
8.0
2.0
5.0
20.0
10.0
14.0
14.0
3.0
23.0
5.0
7.0
14.0
-4.0
8.0
3.0
-23.0
-4.0
1.0
8.0
18.0
-6.0
4.0
-3.0
-4.0
13.0
14.0
33.0
45.0
24.0
42.0
36.0
11.0
36.0
26.0
14.0
24.0
5.0
17.0
8.0
-1.0
12.0
3.0
4.0
15.0
2.0
13.0
14.0
6.0
32.0
29.0
24.0
34.0
23.0
36.0
44.0
34.0
44.0
40.0
40.0
52.0
25.0
46.0
42.0
36.0
51.0
21.0
23.0
29.0
17.0
39.0
33.0
35.0
45.0
28.0
31.0
30.0
14.0
23.0
26.0
22.0
47.0
43.0
31.0
26.0
14.0
26.0
23.0
6.0
24.0
11.0
14.0
28.0
4.0
16.0
13.0
4.0
21.0
18.0
30.0
43.0
26.0
29.0
31.0
17.0
37.0
35.0
40.0
41.0
30.0
37.0
33.0
26.0
35.0
-6.0
-17.0
5.0
-11.0
11.0
22.0
3.0
25.0
18.0
26.0
35.0
13.0
15.0
-1.0
-10.0
-7.0
3.0
39.0
24.0
3.0
26.0
16.0
0.0
8.0
-11.0
-2.0
21.0
2.0
7.0
4.0
-17.0
-1.0
-18.0
-17.0
-11.0
-21.0
-5.0
-5.0
-3.0
-2.0
6.0
7.0
3.0
-7.0
1.0
4.0
6.0
22.0
17.0
23.0
28.0
5.0
15.0
14.0
13.0
30.0
26.0
37.0
32.0
22.0
31.0
16.0
-3.0
11.0
0.0
12.0
28.0
13.0
32.0
37.0
25.0
46.0
35.0
35.0
34.0
23.0
24.0
8.0
4.0
17.0
9.0
9.0
26.0
18.0
26.0
17.0
10.0
27.0
18.0
22.0
35.0
13.0
31.0
27.0
4.0
20.0
12.0
13.0
36.0
11.0
9.0
47.0
27.0
27.0
22.0
23.0
21.0
15.0
21.0
22.0
17.0
26.0
5.0
13.0
17.0
-1.0
19.0
17.0
10.0
36.0
34.0
36.0
41.0
32.0
34.0
26.0
9.0
19.0
-1.0
-4.0
7.0
-14.0
-1.0
2.0
-8.0
-2.0
-18.0
-3.0
4.0
-20.0
-12.0
-8.0
-16.0
-5.0
-21.0
-17.0
2.0
-12.0
-1.0
1.0
-14.0
-22.0
-38.0
-39.0
-27.0
-48.0
-37.0
-41.0
-50.0
-33.0
-43.0
-40.0
-31.0
-36.0
-17.0
-29.0
-35.0
-25.0
-28.0
-26.0
-21.0
-31.0
-24.0
-30.0
-32.0
-20.0
-37.0
-32.0
-11.0
-31.0
-20.0
-17.0
-38.0
-27.0
-36.0
-31.0
-17.0
-26.0
-12.0
-13.0
-21.0
-22.0
-32.0
-23.0
-20.0
-33.0
-10.0
-23.0
-30.0
-6.0
-14.0
-12.0
5.0
-12.0
-20.0
-30.0
-46.0
-26.0
-35.0
-27.0
-18.0
-43.0
-36.0
-24.0
-25.0
-15.0
-24.0
-17.0
-7.0
-21.0
-17.0
-28.0
-33.0
-15.0
-27.0
-13.0
2.0
-15.0
-2.0
-6.0
-26.0
-15.0
-18.0
-4.0
8.0
-7.0
-4.0
0.0
-14.0
2.0
-7.0
-1.0
8.0
-14.0
-2.0
-1.0
-3.0
27.0
12.0
4.0
-3.0
-13.0
-8.0
-15.0
-33.0
-40.0
-6.0
-24.0
-12.0
-3.0
13.0
1.0
-1.0
27.0
4.0
1.0
18.0
3.0
13.0
4.0
-7.0
18.0
2.0
5.0
9.0
-11.0
3.0
-17.0
-41.0
-15.0
-35.0
-37.0
-17.0
-26.0
-17.0
-10.0
-17.0
-2.0
-15.0
1.0
27.0
16.0
26.0
14.0
-20.0
-7.0
-25.0
-27.0
-12.0
-15.0
5.0
11.0
-5.0
0.0
3.0
2.0
8.0
2.0
33.0
21.0
10.0
14.0
-1.0
3.0
22.0
5.0
8.0
7.0
-7.0
12.0
2.0
-4.0
3.0
2.0
18.0
20.0
10.0
31.0
25.0
21.0
20.0
16.0
15.0
7.0
4.0
11.0
-3.0
-4.0
15.0
-16.0
4.0
1.0
-15.0
-1.0
-2.0
-2.0
8.0
-12.0
-1.0
5.0
-20.0
1.0
-16.0
-19.0
-4.0
-12.0
-20.0
-7.0
-2.0
7.0
5.0
-4.0
-4.0
-13.0
-26.0
-25.0
-37.0
-27.0
-29.0
-44.0
-17.0
-30.0
-19.0
-11.0
-32.0
-24.0
-23.0
-30.0
-3.0
-34.0
-29.0
-29.0
-46.0
-8.0
-18.0
-12.0
9.0
-23.0
-13.0
-23.0
-25.0
-19.0
-45.0
-18.0
-14.0
-30.0
-25.0
-20.0
-41.0
-15.0
-31.0
-43.0
-27.0
-36.0
-10.0
-14.0
-31.0
-16.0
-33.0
-48.0
-26.0
-32.0
-16.0
-7.0
-16.0
-12.0
-25.0
-21.0
-11.0
-31.0
-14.0
-18.0
-29.0
-8.0
-19.0
-23.0
-18.0
-39.0
-29.0
-30.0
-42.0
-41.0
-49.0
-46.0
-41.0
-46.0
-26.0
-35.0
-33.0
-17.0
-29.0
-23.0
-26.0
-52.0
-29.0
-32.0
-39.0
-14.0
-23.0
-31.0
-37.0
-44.0
-39.0
-37.0
-41.0
-31.0
-53.0
-73.0
-33.0
-43.0
-51.0
-32.0
-52.0
-38.0
-55.0
-42.0
-33.0
-62.0
-46.0
-52.0
-66.0
-44.0
-60.0
-53.0
-45.0
-68.0
-65.0
-64.0
-69.0
-49.0
-64.0
-63.0
-54.0
-53.0
-42.0
-37.0
-46.0
-25.0
-35.0
-39.0
-24.0
-42.0
-29.0
-42.0
-49.0
-31.0
-35.0
-34.0
-41.0
-58.0
-35.0
-63.0
-53.0
-22.0
-35.0
-15.0
-15.0
-49.0
-29.0
-31.0
-40.0
-23.0
-38.0
-20.0
-11.0
-50.0
-30.0
-34.0
-55.0
-14.0
-24.0
-41.0
-31.0
-50.0
-38.0
-39.0
-59.0
-36.0
-31.0
-23.0
-10.0
-36.0
-29.0
-23.0
-42.0
-30.0
-34.0
-33.0
-17.0
-35.0
-27.0
-16.0
-29.0
-14.0
-34.0
-33.0
-18.0
-44.0
-45.0
-35.0
-50.0
-26.0
-33.0
-38.0
-45.0
-55.0
-44.0
-39.0
-50.0
-39.0
-47.0
-43.0
-30.0
-50.0
-39.0
-39.0
-49.0
-31.0
-43.0
-33.0
-18.0
-38.0
-35.0
-48.0
-28.0
-23.0
-49.0
-46.0
-51.0
-78.0
-60.0
-69.0
-70.0
-56.0
-56.0
-51.0
-29.0
-33.0
-23.0
-23.0
-52.0
-55.0
-61.0
-62.0
-49.0
-72.0
-65.0
-67.0
-76.0
-55.0
-61.0
-59.0
-51.0
-78.0
-70.0
-58.0
-73.0
-58.0
-64.0
-63.0
-43.0
-45.0
-34.0
-39.0
-50.0
-45.0
-51.0
-46.0
-34.0
-49.0
-42.0
-42.0
-49.0
-44.0
-56.0
-39.0
-27.0
-53.0
-37.0
-35.0
-53.0
-35.0
-37.0
-35.0
-21.0
-42.0
-37.0
-33.0
-38.0
-18.0
-33.0
-33.0
-22.0
-44.0
-39.0
-40.0
-48.0
-30.0
-25.0
-45.0
-47.0
-65.0
-48.0
-48.0
-50.0
-20.0
-35.0
-34.0
-25.0
-42.0
-31.0
-29.0
-32.0
-15.0
-37.0
-34.0
-32.0
-50.0
-36.0
-33.0
-39.0
-25.0
-33.0
-25.0
-18.0
-43.0
-32.0
-30.0
-36.0
-25.0
-33.0
-25.0
-4.0
-22.0
-15.0
-15.0
-25.0
-6.0
-22.0
-16.0
7.0
-14.0
-2.0
5.0
-15.0
-11.0
-20.0
-23.0
-16.0
-25.0
-23.0
-22.0
-26.0
3.0
-3.0
-17.0
-12.0
-1.0
15.0
15.0
9.0
13.0
-10.0
-17.0
-4.0
-17.0
-15.0
-14.0
-31.0
-8.0
-17.0
-10.0
1.0
-10.0
13.0
20.0
11.0
22.0
-4.0
-14.0
0.0
0.0
0.0
0.0
0.0
0.0
0.0
0.0
0.0
0.0
0.0
0.0
0.0
0.0
0.0
0.0
0.0
0.0
0.0
0.0
0.0
0.0
0.0
0.0
0.0
0.0
0.0
0.0
0.0
0.0
0.0
0.0
0.0
0.0
0.0
0.0
0.0
0.0
0.0
0.0
0.0
0.0
0.0
0.0
0.0
0.0
0.0
0.0
0.0
0.0
0.0
0.0
0.0
0.0
0.0
0.0
0.0
0.0
0.0
0.0
0.0
0.0
0.0
0.0
0.0
0.0
0.0
0.0
0.0
0.0
0.0
0.0
0.0
0.0
0.0
0.0
0.0
0.0
0.0
0.0
0.0
0.0
0.0
0.0
0.0
0.0
0.0
0.0
0.0
0.0
0.0
0.0
0.0
0.0
0.0
0.0
0.0
0.0
0.0
0.0
0.0
0.0
0.0
0.0
0.0
0.0
0.0
0.0
0.0
0.0
0.0
0.0
0.0
0.0
0.0
0.0
0.0
0.0
0.0
0.0
0.0
0.0
0.0
0.0
0.0
0.0
0.0
0.0
