-198.0
-178.0
-182.0
-158.0
-150.0
-166.0
-197.0
-210.0
-254.0
-263.0
-244.0
-228.0
-190.0
-158.0
-176.0
-174.0
-135.0
-154.0
-153.0
-131.0
-146.0
-153.0
-156.0
-134.0
-129.0
-116.0
-122.0
-96.0
-70.0
-103.0
-97.0
-90.0
-95.0
-93.0
-77.0
-65.0
-84.0
-103.0
-109.0
-95.0
-106.0
-87.0
-125.0
-120.0
-71.0
-100.0
-105.0
-97.0
-98.0
-88.0
-96.0
-128.0
-117.0
-124.0
-93.0
-51.0
-106.0
-100.0
-98.0
-96.0
-107.0
-153.0
-126.0
-86.0
-102.0
-85.0
-90.0
-103.0
-83.0
-144.0
-146.0
-82.0
-94.0
-91.0
-73.0
-91.0
-82.0
-51.0
-75.0
-72.0
-3.0
-43.0
-30.0
-3.0
-15.0
-46.0
-34.0
-59.0
-54.0
-63.0
-53.0
-49.0
-73.0
-53.0
-42.0
-66.0
-39.0
-84.0
-90.0
-88.0
-51.0
-80.0
-74.0
-84.0
-80.0
-45.0
-63.0
-88.0
-100.0
-100.0
-99.0
-75.0
-63.0
-59.0
-48.0
-36.0
-49.0
-27.0
-32.0
-34.0
-55.0
-44.0
-43.0
-51.0
-32.0
-48.0
-31.0
-78.0
-111.0
-101.0
-122.0
-137.0
-140.0
-115.0
-90.0
-67.0
-97.0
-61.0
-49.0
-81.0
-64.0
-68.0
-55.0
-48.0
-40.0
-51.0
-63.0
-82.0
-55.0
-60.0
-33.0
-13.0
-29.0
-19.0
-34.0
-15.0
-24.0
-36.0
-27.0
-19.0
-17.0
-22.0
40.0
32.0
-24.0
-1.0
-20.0
-71.0
-83.0
-34.0
-34.0
-43.0
-21.0
-12.0
-25.0
-13.0
-61.0
-48.0
-45.0
-26.0
-23.0
-35.0
-6.0
6.0
12.0
-24.0
-26.0
11.0
20.0
14.0
29.0
26.0
15.0
-10.0
-1.0
-10.0
21.0
13.0
13.0
22.0
21.0
39.0
-13.0
-5.0
51.0
52.0
30.0
21.0
5.0
20.0
-10.0
7.0
26.0
4.0
6.0
7.0
-3.0
-3.0
29.0
15.0
34.0
47.0
41.0
42.0
30.0
-5.0
1.0
38.0
0.0
-7.0
58.0
78.0
31.0
13.0
11.0
-8.0
11.0
-10.0
0.0
-7.0
-16.0
8.0
-25.0
-16.0
-10.0
-13.0
3.0
28.0
-4.0
-27.0
1.0
-18.0
-43.0
-38.0
-43.0
-48.0
-9.0
26.0
3.0
7.0
20.0
1.0
-9.0
-22.0
-24.0
15.0
21.0
20.0
28.0
6.0
21.0
27.0
-14.0
21.0
33.0
16.0
55.0
27.0
21.0
61.0
11.0
34.0
54.0
21.0
23.0
43.0
51.0
34.0
26.0
8.0
-18.0
43.0
32.0
15.0
54.0
53.0
40.0
14.0
16.0
5.0
45.0
15.0
35.0
20.0
-6.0
-17.0
-16.0
14.0
34.0
44.0
33.0
26.0
2.0
-8.0
11.0
60.0
50.0
28.0
71.0
56.0
17.0
37.0
13.0
42.0
72.0
73.0
93.0
84.0
35.0
53.0
71.0
41.0
81.0
100.0
72.0
43.0
71.0
65.0
45.0
29.0
56.0
18.0
16.0
44.0
36.0
55.0
72.0
54.0
53.0
45.0
85.0
103.0
89.0
63.0
67.0
100.0
91.0
59.0
68.0
68.0
58.0
82.0
30.0
38.0
48.0
53.0
76.0
53.0
63.0
59.0
72.0
104.0
122.0
108.0
104.0
104.0
64.0
76.0
73.0
48.0
33.0
12.0
16.0
18.0
20.0
18.0
29.0
28.0
-17.0
86.0
121.0
98.0
149.0
155.0
134.0
92.0
109.0
117.0
100.0
97.0
105.0
83.0
70.0
87.0
69.0
71.0
70.0
71.0
71.0
71.0
60.0
37.0
61.0
34.0
41.0
56.0
56.0
55.0
59.0
54.0
89.0
88.0
92.0
57.0
66.0
98.0
75.0
71.0
91.0
88.0
128.0
142.0
95.0
100.0
91.0
78.0
75.0
89.0
88.0
75.0
79.0
76.0
93.0
84.0
45.0
64.0
50.0
56.0
63.0
56.0
64.0
53.0
30.0
42.0
87.0
91.0
102.0
71.0
54.0
139.0
157.0
137.0
157.0
152.0
121.0
97.0
91.0
73.0
61.0
48.0
75.0
93.0
51.0
59.0
86.0
71.0
103.0
97.0
81.0
93.0
97.0
79.0
68.0
62.0
64.0
60.0
59.0
104.0
102.0
83.0
72.0
73.0
85.0
82.0
55.0
51.0
43.0
59.0
79.0
64.0
38.0
54.0
64.0
66.0
75.0
104.0
79.0
73.0
96.0
115.0
100.0
98.0
82.0
79.0
70.0
81.0
73.0
72.0
83.0
53.0
29.0
61.0
40.0
24.0
44.0
48.0
63.0
88.0
69.0
80.0
77.0
70.0
50.0
42.0
66.0
62.0
60.0
55.0
76.0
55.0
50.0
51.0
49.0
33.0
15.0
44.0
62.0
49.0
55.0
52.0
32.0
39.0
49.0
68.0
68.0
64.0
53.0
44.0
48.0
49.0
30.0
60.0
61.0
55.0
32.0
27.0
30.0
52.0
47.0
63.0
57.0
21.0
30.0
51.0
45.0
55.0
62.0
72.0
52.0
50.0
79.0
61.0
55.0
56.0
53.0
71.0
83.0
45.0
91.0
121.0
118.0
135.0
142.0
131.0
125.0
122.0
109.0
45.0
33.0
73.0
79.0
81.0
96.0
91.0
103.0
95.0
84.0
91.0
76.0
60.0
93.0
72.0
118.0
135.0
142.0
157.0
162.0
145.0
127.0
125.0
150.0
144.0
132.0
114.0
92.0
87.0
111.0
79.0
73.0
76.0
88.0
110.0
93.0
97.0
123.0
111.0
131.0
135.0
94.0
119.0
111.0
128.0
153.0
136.0
118.0
122.0
94.0
81.0
52.0
68.0
88.0
99.0
102.0
55.0
55.0
76.0
63.0
44.0
55.0
78.0
92.0
115.0
105.0
65.0
70.0
93.0
54.0
58.0
71.0
61.0
62.0
88.0
92.0
99.0
93.0
87.0
107.0
86.0
-7.0
42.0
94.0
79.0
117.0
102.0
106.0
75.0
83.0
103.0
67.0
84.0
99.0
106.0
115.0
122.0
128.0
136.0
114.0
93.0
92.0
90.0
78.0
83.0
88.0
94.0
100.0
76.0
100.0
106.0
110.0
85.0
71.0
86.0
87.0
113.0
97.0
95.0
103.0
92.0
96.0
79.0
76.0
94.0
108.0
119.0
113.0
100.0
88.0
55.0
36.0
24.0
62.0
89.0
73.0
59.0
80.0
42.0
50.0
78.0
44.0
47.0
10.0
12.0
7.0
16.0
4.0
41.0
50.0
81.0
81.0
49.0
73.0
112.0
116.0
130.0
105.0
87.0
86.0
79.0
79.0
79.0
69.0
58.0
66.0
43.0
30.0
26.0
51.0
52.0
48.0
81.0
67.0
54.0
58.0
60.0
49.0
73.0
43.0
57.0
69.0
79.0
72.0
58.0
43.0
46.0
64.0
34.0
31.0
42.0
77.0
100.0
105.0
84.0
73.0
62.0
72.0
101.0
94.0
120.0
91.0
74.0
114.0
77.0
77.0
89.0
102.0
134.0
140.0
132.0
102.0
92.0
66.0
18.0
59.0
86.0
112.0
93.0
49.0
56.0
52.0
35.0
91.0
48.0
66.0
69.0
23.0
35.0
35.0
39.0
47.0
54.0
35.0
13.0
22.0
29.0
46.0
46.0
30.0
48.0
43.0
58.0
45.0
36.0
-10.0
10.0
23.0
32.0
88.0
46.0
30.0
65.0
65.0
72.0
68.0
59.0
53.0
67.0
43.0
9.0
21.0
6.0
22.0
29.0
5.0
6.0
16.0
35.0
51.0
63.0
30.0
20.0
49.0
27.0
15.0
33.0
16.0
44.0
71.0
59.0
42.0
29.0
5.0
11.0
54.0
76.0
57.0
47.0
20.0
-3.0
3.0
5.0
3.0
30.0
32.0
24.0
12.0
18.0
27.0
27.0
13.0
-18.0
-21.0
-24.0
-1.0
23.0
25.0
31.0
14.0
7.0
-11.0
-25.0
-10.0
5.0
27.0
16.0
43.0
24.0
-11.0
-12.0
-22.0
-23.0
-45.0
-31.0
-14.0
12.0
51.0
23.0
4.0
39.0
38.0
26.0
48.0
127.0
173.0
154.0
122.0
105.0
91.0
69.0
58.0
70.0
65.0
62.0
90.0
58.0
25.0
51.0
33.0
51.0
63.0
66.0
46.0
32.0
31.0
20.0
30.0
2.0
19.0
29.0
47.0
65.0
62.0
53.0
33.0
29.0
23.0
36.0
49.0
65.0
14.0
31.0
55.0
44.0
-4.0
2.0
5.0
-23.0
-6.0
-10.0
-5.0
-59.0
-44.0
-53.0
-44.0
3.0
20.0
55.0
34.0
-6.0
-7.0
-24.0
-28.0
-40.0
-29.0
-11.0
-23.0
-20.0
-7.0
-8.0
4.0
-6.0
-23.0
-7.0
-35.0
-5.0
-9.0
-21.0
-4.0
13.0
52.0
19.0
-3.0
-13.0
-21.0
-35.0
35.0
79.0
55.0
26.0
42.0
39.0
45.0
49.0
39.0
50.0
49.0
32.0
28.0
30.0
63.0
53.0
51.0
71.0
66.0
62.0
58.0
68.0
83.0
112.0
97.0
78.0
73.0
50.0
26.0
18.0
36.0
29.0
-6.0
-16.0
21.0
50.0
27.0
31.0
40.0
45.0
4.0
31.0
43.0
39.0
-5.0
-20.0
-26.0
-21.0
12.0
24.0
-11.0
-27.0
-9.0
1.0
-12.0
3.0
-7.0
8.0
18.0
31.0
54.0
71.0
72.0
39.0
30.0
36.0
45.0
23.0
32.0
36.0
55.0
10.0
11.0
32.0
43.0
69.0
54.0
34.0
45.0
44.0
56.0
70.0
85.0
84.0
64.0
33.0
42.0
34.0
20.0
20.0
-1.0
9.0
3.0
-5.0
-4.0
-13.0
-23.0
-6.0
-5.0
-8.0
-7.0
-8.0
33.0
54.0
78.0
44.0
60.0
70.0
68.0
71.0
60.0
29.0
3.0
13.0
10.0
-7.0
-17.0
-43.0
-32.0
18.0
-7.0
-1.0
-20.0
-7.0
15.0
24.0
11.0
20.0
32.0
48.0
38.0
18.0
40.0
43.0
59.0
71.0
53.0
44.0
13.0
-36.0
-14.0
49.0
68.0
43.0
45.0
-1.0
14.0
24.0
3.0
14.0
32.0
17.0
28.0
25.0
9.0
10.0
-11.0
-6.0
-1.0
17.0
31.0
46.0
29.0
28.0
51.0
40.0
43.0
52.0
68.0
50.0
48.0
59.0
42.0
44.0
40.0
51.0
29.0
22.0
8.0
15.0
6.0
19.0
45.0
35.0
37.0
20.0
-4.0
21.0
4.0
-17.0
-8.0
2.0
50.0
29.0
28.0
41.0
41.0
33.0
31.0
21.0
29.0
5.0
24.0
35.0
-3.0
13.0
27.0
32.0
35.0
-19.0
-11.0
8.0
36.0
24.0
-3.0
0.0
18.0
10.0
5.0
-13.0
11.0
45.0
39.0
47.0
79.0
75.0
51.0
50.0
21.0
-8.0
8.0
-9.0
-12.0
-14.0
-13.0
29.0
7.0
-15.0
-4.0
27.0
13.0
36.0
37.0
34.0
43.0
45.0
56.0
48.0
49.0
25.0
-21.0
7.0
33.0
22.0
14.0
21.0
1.0
-1.0
0.0
-21.0
-25.0
-30.0
-25.0
-12.0
2.0
-17.0
-36.0
-1.0
17.0
7.0
13.0
-3.0
13.0
7.0
21.0
36.0
52.0
58.0
49.0
58.0
64.0
75.0
67.0
50.0
43.0
39.0
24.0
46.0
75.0
49.0
43.0
43.0
3.0
-27.0
6.0
30.0
48.0
43.0
29.0
39.0
13.0
69.0
88.0
72.0
86.0
75.0
64.0
77.0
80.0
74.0
73.0
52.0
72.0
81.0
61.0
105.0
110.0
130.0
102.0
79.0
99.0
115.0
127.0
122.0
153.0
204.0
174.0
154.0
145.0
129.0
140.0
124.0
120.0
145.0
132.0
159.0
146.0
114.0
112.0
118.0
85.0
101.0
118.0
106.0
116.0
140.0
119.0
111.0
134.0
109.0
136.0
149.0
146.0
175.0
156.0
152.0
113.0
125.0
145.0
131.0
146.0
158.0
136.0
167.0
151.0
118.0
126.0
128.0
130.0
137.0
140.0
136.0
115.0
131.0
161.0
139.0
143.0
168.0
158.0
137.0
120.0
119.0
117.0
112.0
67.0
107.0
125.0
140.0
129.0
71.0
72.0
61.0
67.0
93.0
65.0
86.0
91.0
81.0
98.0
73.0
59.0
88.0
92.0
94.0
78.0
52.0
72.0
78.0
37.0
59.0
59.0
52.0
40.0
30.0
51.0
80.0
43.0
39.0
49.0
39.0
17.0
22.0
5.0
-1.0
11.0
18.0
-6.0
-6.0
50.0
36.0
26.0
42.0
83.0
60.0
14.0
18.0
29.0
36.0
22.0
12.0
4.0
40.0
42.0
22.0
15.0
12.0
-2.0
8.0
17.0
-33.0
-31.0
-24.0
-15.0
-6.0
-5.0
-22.0
-16.0
-37.0
-29.0
-3.0
-7.0
3.0
-21.0
-39.0
-16.0
-28.0
-11.0
5.0
10.0
0.0
13.0
-8.0
-26.0
11.0
-1.0
-19.0
-22.0
-35.0
-23.0
-36.0
-55.0
-41.0
-21.0
-45.0
-68.0
-47.0
-42.0
-54.0
-53.0
-44.0
-65.0
-77.0
-76.0
-71.0
-46.0
-36.0
-77.0
-56.0
-33.0
-61.0
-64.0
-65.0
-73.0
-114.0
-87.0
-107.0
-115.0
-86.0
-108.0
-100.0
-51.0
-56.0
-86.0
-76.0
-69.0
-55.0
-25.0
-59.0
-39.0
-51.0
-70.0
-35.0
-65.0
-18.0
-44.0
-94.0
-78.0
-68.0
-54.0
-53.0
-91.0
-93.0
-68.0
-95.0
-90.0
-62.0
-43.0
-18.0
-63.0
-40.0
-35.0
-61.0
-53.0
-86.0
-134.0
-119.0
-114.0
-82.0
-74.0
-68.0
-59.0
-58.0
-39.0
-81.0
-86.0
-61.0
-61.0
-69.0
-98.0
-88.0
-55.0
-50.0
-54.0
-77.0
-88.0
-85.0
-95.0
-80.0
-90.0
-95.0
-89.0
-101.0
-152.0
-169.0
-162.0
-141.0
-112.0
-81.0
-100.0
-84.0
-99.0
-125.0
-116.0
-107.0
-127.0
-124.0
-116.0
-93.0
-113.0
-110.0
-111.0
-83.0
-74.0
-80.0
-54.0
-46.0
-45.0
-73.0
-71.0
-47.0
-79.0
-62.0
-47.0
-65.0
-75.0
-69.0
-61.0
-75.0
-93.0
-82.0
-100.0
-78.0
-83.0
-117.0
-104.0
-82.0
-78.0
-64.0
-85.0
-83.0
-67.0
-69.0
-61.0
-68.0
-71.0
-76.0
-90.0
-75.0
-49.0
-83.0
-101.0
-90.0
-45.0
-21.0
-50.0
-61.0
-60.0
-59.0
-40.0
-74.0
-101.0
-21.0
-16.0
-42.0
-12.0
-41.0
-55.0
-64.0
-49.0
-32.0
-22.0
-31.0
-27.0
-11.0
3.0
17.0
1.0
16.0
11.0
7.0
1.0
-17.0
10.0
-7.0
-12.0
-8.0
-17.0
-34.0
-69.0
-36.0
-6.0
-2.0
6.0
-2.0
-33.0
-37.0
-35.0
-21.0
-23.0
-24.0
-20.0
-48.0
-77.0
-58.0
-61.0
-60.0
-52.0
-98.0
-80.0
-43.0
-74.0
-78.0
-74.0
-70.0
-65.0
-30.0
-32.0
-10.0
-36.0
-56.0
-73.0
-53.0
-29.0
-56.0
-51.0
-52.0
-87.0
-59.0
-65.0
-120.0
-77.0
-48.0
-83.0
-72.0
-62.0
-38.0
-33.0
-44.0
6.0
-29.0
-44.0
-4.0
-13.0
32.0
33.0
-16.0
-1.0
-18.0
-17.0
-3.0
-44.0
-46.0
-50.0
-15.0
-3.0
-40.0
-42.0
-43.0
-27.0
11.0
30.0
-2.0
-2.0
-31.0
-31.0
-8.0
22.0
18.0
-4.0
-6.0
-9.0
3.0
5.0
-13.0
-36.0
-11.0
8.0
22.0
8.0
-13.0
-12.0
2.0
5.0
27.0
-18.0
-14.0
-4.0
-33.0
23.0
44.0
32.0
15.0
11.0
27.0
22.0
9.0
-11.0
-5.0
15.0
20.0
7.0
10.0
13.0
-28.0
-11.0
5.0
-26.0
-15.0
-6.0
2.0
37.0
17.0
11.0
-4.0
-18.0
12.0
28.0
-5.0
18.0
1.0
-25.0
-44.0
-45.0
-59.0
-73.0
-84.0
-52.0
-17.0
-44.0
-70.0
-54.0
-39.0
3.0
18.0
29.0
31.0
0.0
22.0
29.0
15.0
9.0
27.0
15.0
-31.0
14.0
83.0
30.0
68.0
70.0
49.0
77.0
52.0
27.0
29.0
-10.0
-7.0
-7.0
-14.0
-3.0
29.0
27.0
18.0
5.0
4.0
34.0
5.0
7.0
13.0
-10.0
-19.0
3.0
46.0
41.0
23.0
42.0
51.0
69.0
81.0
67.0
56.0
42.0
64.0
60.0
24.0
11.0
64.0
73.0
28.0
24.0
-12.0
-5.0
-2.0
6.0
-22.0
-15.0
11.0
7.0
11.0
13.0
-2.0
2.0
5.0
23.0
32.0
8.0
-24.0
12.0
22.0
33.0
61.0
20.0
-16.0
11.0
30.0
30.0
35.0
21.0
12.0
21.0
30.0
55.0
46.0
41.0
39.0
19.0
56.0
52.0
50.0
45.0
17.0
4.0
46.0
61.0
55.0
70.0
86.0
106.0
118.0
90.0
32.0
30.0
27.0
26.0
54.0
67.0
48.0
52.0
41.0
55.0
62.0
52.0
59.0
65.0
76.0
98.0
110.0
129.0
105.0
72.0
62.0
54.0
74.0
76.0
52.0
73.0
87.0
52.0
74.0
95.0
89.0
90.0
78.0
93.0
139.0
92.0
90.0
107.0
105.0
121.0
101.0
98.0
111.0
119.0
163.0
206.0
196.0
209.0
219.0
229.0
231.0
217.0
254.0
235.0
230.0
260.0
291.0
283.0
301.0
293.0
279.0
300.0
268.0
261.0
277.0
276.0
278.0
289.0
305.0
309.0
331.0
339.0
344.0
315.0
356.0
354.0
319.0
286.0
295.0
338.0
327.0
326.0
319.0
286.0
305.0
337.0
319.0
326.0
312.0
280.0
305.0
298.0
292.0
284.0
294.0
315.0
315.0
299.0
290.0
279.0
278.0
274.0
294.0
312.0
293.0
273.0
287.0
312.0
291.0
254.0
257.0
278.0
262.0
242.0
240.0
221.0
209.0
246.0
226.0
173.0
200.0
233.0
208.0
187.0
194.0
200.0
168.0
170.0
168.0
161.0
175.0
155.0
142.0
165.0
156.0
172.0
173.0
160.0
139.0
104.0
133.0
157.0
153.0
155.0
136.0
120.0
144.0
149.0
120.0
109.0
126.0
108.0
97.0
85.0
88.0
91.0
79.0
45.0
78.0
104.0
76.0
26.0
54.0
79.0
31.0
37.0
49.0
36.0
51.0
65.0
34.0
-2.0
21.0
76.0
68.0
47.0
55.0
45.0
65.0
35.0
14.0
54.0
69.0
53.0
57.0
66.0
57.0
46.0
48.0
60.0
43.0
53.0
63.0
-3.0
-5.0
44.0
36.0
31.0
55.0
51.0
-1.0
42.0
64.0
45.0
24.0
38.0
48.0
80.0
88.0
42.0
28.0
12.0
-10.0
15.0
3.0
-17.0
-28.0
26.0
44.0
20.0
15.0
4.0
-17.0
-7.0
-16.0
-24.0
-19.0
-23.0
-60.0
-61.0
-24.0
0.0
-1.0
-15.0
-7.0
-14.0
-12.0
14.0
-1.0
-27.0
-39.0
-64.0
-58.0
-77.0
-45.0
-20.0
-48.0
-41.0
-45.0
-62.0
-60.0
-35.0
-11.0
-39.0
-10.0
-21.0
-56.0
-76.0
-86.0
-84.0
-66.0
-50.0
-47.0
-39.0
-51.0
-79.0
-45.0
-70.0
-100.0
-56.0
-38.0
-13.0
-60.0
-87.0
-70.0
-88.0
-74.0
-80.0
-97.0
-94.0
-114.0
-91.0
-84.0
-98.0
-76.0
-52.0
-68.0
-53.0
-85.0
-95.0
-68.0
-58.0
-63.0
-71.0
-81.0
-94.0
-77.0
-59.0
-69.0
-80.0
-115.0
-124.0
-140.0
-161.0
-162.0
-156.0
-182.0
-195.0
-199.0
-195.0
-191.0
-185.0
-201.0
-187.0
-163.0
-150.0
-145.0
-155.0
-168.0
-133.0
-129.0
-128.0
-140.0
-140.0
-156.0
-148.0
-134.0
-151.0
-128.0
-143.0
-151.0
-145.0
-147.0
-147.0
-155.0
-194.0
-190.0
-182.0
-168.0
-203.0
-211.0
-172.0
-175.0
-169.0
-173.0
-161.0
-184.0
-180.0
-176.0
-182.0
-186.0
-162.0
-194.0
-183.0
-164.0
-186.0
-195.0
-183.0
-184.0
-192.0
-176.0
-157.0
-157.0
-138.0
-136.0
-121.0
-126.0
-112.0
-131.0
-171.0
-176.0
-167.0
-202.0
-186.0
-156.0
-129.0
-149.0
-172.0
-183.0
-207.0
-211.0
-211.0
-206.0
-174.0
-165.0
-167.0
-147.0
-162.0
-161.0
-162.0
-181.0
-159.0
-150.0
-178.0
-177.0
-168.0
-180.0
-165.0
-157.0
-169.0
-148.0
-135.0
-138.0
-155.0
-138.0
-132.0
-129.0
-133.0
-156.0
-162.0
-154.0
-155.0
-129.0
-126.0
-118.0
-119.0
-131.0
-146.0
-130.0
-153.0
-126.0
-111.0
-139.0
-130.0
-117.0
-111.0
-121.0
-140.0
-137.0
-122.0
-137.0
-115.0
-118.0
-184.0
-57.0
-14.0
-42.0
-13.0
-26.0
-44.0
-77.0
-78.0
-92.0
-125.0
-119.0
-99.0
-95.0
-87.0
-100.0
-108.0
-78.0
-90.0
-122.0
-112.0
-115.0
-105.0
-97.0
-97.0
-76.0
-112.0
-132.0
-109.0
-116.0
-100.0
-88.0
-99.0
-106.0
-108.0
-93.0
-111.0
-135.0
-123.0
-97.0
-102.0
-104.0
-109.0
-108.0
-93.0
-95.0
-121.0
-125.0
-121.0
-95.0
-120.0
-93.0
-62.0
-43.0
-47.0
-43.0
-67.0
-73.0
-106.0
-93.0
-77.0
-114.0
-154.0
-120.0
-117.0
-125.0
-128.0
-144.0
-127.0
-111.0
-109.0
-106.0
-108.0
-101.0
-96.0
-95.0
-92.0
-119.0
-112.0
-128.0
-147.0
-134.0
-142.0
-129.0
-99.0
-99.0
-91.0
-91.0
-115.0
-84.0
-78.0
-90.0
-93.0
-101.0
-71.0
-60.0
-63.0
-64.0
-69.0
-66.0
-48.0
-68.0
-100.0
-91.0
7.0
-14.0
-31.0
-52.0
-84.0
-96.0
-90.0
-112.0
-115.0
-116.0
-119.0
-119.0
-130.0
-131.0
-121.0
-115.0
-107.0
-83.0
-108.0
-121.0
-154.0
-147.0
-126.0
-137.0
-108.0
-99.0
-133.0
-86.0
-65.0
-77.0
-111.0
-49.0
-52.0
-36.0
-54.0
-50.0
-63.0
-68.0
-78.0
-77.0
-86.0
-91.0
-108.0
-88.0
-87.0
-73.0
-91.0
-130.0
-131.0
-129.0
-105.0
-133.0
-127.0
-125.0
-126.0
-113.0
-105.0
-93.0
-76.0
-56.0
-90.0
-100.0
-92.0
-107.0
-109.0
-99.0
-106.0
-90.0
-117.0
-121.0
-105.0
-106.0
-110.0
-128.0
-117.0
-86.0
-106.0
-107.0
-90.0
-121.0
-116.0
-83.0
-99.0
-107.0
-99.0
-118.0
-120.0
-138.0
-148.0
-139.0
-157.0
-125.0
-130.0
-165.0
-174.0
-182.0
-157.0
-160.0
-157.0
-153.0
-125.0
-123.0
-148.0
-115.0
-137.0
-119.0
-95.0
-134.0
-114.0
-112.0
-121.0
-109.0
-99.0
-108.0
-114.0
-112.0
-89.0
-85.0
-115.0
-141.0
-124.0
-96.0
-87.0
-121.0
-118.0
-110.0
-91.0
-90.0
-101.0
-95.0
-104.0
-107.0
-99.0
-106.0
-108.0
-141.0
-105.0
-87.0
-137.0
-105.0
-72.0
-52.0
-67.0
-86.0
-97.0
-96.0
-108.0
-109.0
-105.0
-121.0
-129.0
-156.0
-147.0
-157.0
-178.0
-174.0
-166.0
-181.0
-148.0
-137.0
-139.0
-149.0
-144.0
-130.0
-128.0
-147.0
-150.0
-143.0
-131.0
-121.0
-149.0
-159.0
-137.0
-126.0
-94.0
-111.0
-139.0
-124.0
-108.0
-108.0
-106.0
-110.0
-139.0
-144.0
-126.0
-116.0
-136.0
-137.0
-122.0
-108.0
-115.0
-122.0
-87.0
-70.0
-56.0
-38.0
-79.0
-91.0
-88.0
-89.0
-71.0
-50.0
-83.0
-108.0
-101.0
-70.0
-62.0
-87.0
-69.0
-121.0
-116.0
-32.0
-15.0
-21.0
-2.0
-14.0
-30.0
-41.0
-53.0
-32.0
-20.0
-62.0
-27.0
-17.0
-21.0
-14.0
0.0
-20.0
-59.0
-63.0
-25.0
-21.0
-14.0
-15.0
-65.0
-62.0
-46.0
-27.0
2.0
8.0
-44.0
-32.0
-18.0
-22.0
-12.0
-42.0
-2.0
6.0
-39.0
-21.0
-14.0
8.0
10.0
10.0
35.0
-6.0
17.0
15.0
-13.0
6.0
13.0
0.0
3.0
34.0
19.0
30.0
30.0
10.0
20.0
31.0
60.0
41.0
38.0
55.0
79.0
79.0
55.0
35.0
37.0
38.0
65.0
76.0
52.0
51.0
68.0
55.0
71.0
84.0
105.0
105.0
79.0
79.0
87.0
67.0
59.0
17.0
38.0
40.0
36.0
25.0
6.0
39.0
49.0
34.0
50.0
61.0
58.0
38.0
56.0
54.0
29.0
21.0
37.0
43.0
20.0
8.0
31.0
28.0
34.0
23.0
11.0
-17.0
14.0
68.0
53.0
57.0
54.0
67.0
94.0
78.0
33.0
49.0
45.0
11.0
40.0
53.0
70.0
71.0
25.0
54.0
86.0
65.0
83.0
88.0
62.0
51.0
16.0
34.0
38.0
42.0
54.0
41.0
27.0
32.0
35.0
59.0
102.0
93.0
79.0
37.0
69.0
96.0
102.0
104.0
107.0
100.0
71.0
50.0
50.0
64.0
67.0
83.0
67.0
69.0
76.0
82.0
82.0
55.0
43.0
29.0
32.0
12.0
16.0
47.0
43.0
43.0
32.0
31.0
43.0
36.0
50.0
39.0
24.0
35.0
30.0
21.0
5.0
-20.0
-15.0
-5.0
-2.0
21.0
9.0
20.0
34.0
32.0
26.0
-23.0
-28.0
-3.0
-15.0
-19.0
-21.0
-23.0
-61.0
-48.0
-36.0
-11.0
8.0
-6.0
-50.0
-23.0
19.0
39.0
17.0
37.0
30.0
3.0
23.0
22.0
12.0
3.0
7.0
11.0
-6.0
-35.0
-26.0
-20.0
-24.0
-30.0
-18.0
-11.0
-2.0
-11.0
-18.0
-17.0
-68.0
-29.0
38.0
59.0
56.0
53.0
62.0
46.0
65.0
52.0
19.0
10.0
3.0
2.0
32.0
26.0
48.0
36.0
-14.0
-13.0
8.0
-5.0
8.0
3.0
14.0
-3.0
-23.0
-2.0
-7.0
7.0
16.0
25.0
40.0
33.0
52.0
36.0
36.0
51.0
41.0
18.0
17.0
-1.0
14.0
28.0
-22.0
-21.0
-7.0
-23.0
-35.0
-37.0
-42.0
-9.0
23.0
-18.0
-22.0
-3.0
-1.0
16.0
12.0
25.0
6.0
-31.0
-29.0
-13.0
-33.0
-74.0
-101.0
-88.0
-84.0
-39.0
-24.0
-43.0
-32.0
-42.0
-46.0
-27.0
-4.0
15.0
0.0
-17.0
-20.0
-41.0
-56.0
-58.0
-64.0
-43.0
-40.0
-61.0
-39.0
-47.0
-49.0
-32.0
-38.0
-44.0
-35.0
-18.0
7.0
0.0
-2.0
-11.0
8.0
11.0
6.0
-9.0
18.0
7.0
3.0
16.0
12.0
33.0
15.0
35.0
70.0
22.0
-4.0
21.0
51.0
61.0
60.0
19.0
45.0
47.0
37.0
73.0
58.0
44.0
32.0
39.0
24.0
27.0
18.0
-14.0
-32.0
-24.0
7.0
-2.0
55.0
34.0
36.0
49.0
27.0
15.0
39.0
6.0
11.0
13.0
17.0
39.0
41.0
34.0
12.0
-22.0
-5.0
3.0
2.0
-20.0
-31.0
-24.0
-2.0
-4.0
-11.0
-13.0
-14.0
1.0
-2.0
-24.0
-35.0
-18.0
-18.0
-24.0
-19.0
-23.0
-6.0
16.0
10.0
-2.0
10.0
13.0
-12.0
14.0
41.0
24.0
-1.0
-10.0
-11.0
27.0
25.0
4.0
-2.0
-3.0
-15.0
-9.0
21.0
-5.0
-9.0
-10.0
3.0
7.0
15.0
25.0
15.0
-5.0
10.0
-3.0
-19.0
14.0
6.0
2.0
-14.0
-18.0
-8.0
-2.0
6.0
-7.0
-3.0
-5.0
11.0
21.0
34.0
16.0
-26.0
-40.0
22.0
30.0
12.0
10.0
1.0
1.0
3.0
-33.0
-13.0
-12.0
1.0
1.0
36.0
10.0
15.0
33.0
29.0
-13.0
-6.0
-9.0
-11.0
15.0
-14.0
-7.0
-7.0
-18.0
-16.0
-5.0
7.0
20.0
25.0
42.0
53.0
36.0
16.0
39.0
33.0
4.0
-4.0
8.0
13.0
-1.0
12.0
-3.0
-3.0
25.0
30.0
30.0
30.0
18.0
-8.0
23.0
7.0
2.0
35.0
50.0
45.0
32.0
27.0
11.0
7.0
-21.0
-67.0
-12.0
20.0
10.0
27.0
24.0
12.0
24.0
22.0
4.0
12.0
4.0
12.0
-10.0
-9.0
-5.0
1.0
20.0
55.0
55.0
44.0
43.0
52.0
21.0
-7.0
49.0
43.0
33.0
21.0
11.0
14.0
-7.0
21.0
32.0
26.0
44.0
40.0
53.0
42.0
50.0
64.0
61.0
51.0
14.0
21.0
25.0
6.0
30.0
15.0
26.0
22.0
24.0
50.0
30.0
20.0
20.0
-8.0
23.0
28.0
36.0
60.0
16.0
8.0
29.0
34.0
33.0
47.0
41.0
35.0
20.0
8.0
37.0
30.0
-6.0
-3.0
-6.0
-5.0
-8.0
-5.0
-23.0
-5.0
-12.0
-4.0
-2.0
11.0
35.0
83.0
92.0
91.0
89.0
83.0
83.0
61.0
61.0
45.0
43.0
33.0
21.0
38.0
51.0
99.0
76.0
105.0
141.0
128.0
123.0
132.0
141.0
106.0
91.0
98.0
97.0
93.0
94.0
67.0
64.0
92.0
79.0
69.0
59.0
51.0
54.0
62.0
67.0
61.0
64.0
68.0
55.0
44.0
53.0
62.0
51.0
51.0
71.0
53.0
58.0
16.0
5.0
11.0
22.0
39.0
34.0
-7.0
-22.0
-2.0
17.0
53.0
66.0
77.0
46.0
22.0
9.0
-8.0
-2.0
8.0
9.0
12.0
22.0
26.0
24.0
29.0
40.0
30.0
38.0
66.0
87.0
90.0
53.0
46.0
39.0
40.0
35.0
38.0
41.0
68.0
100.0
75.0
44.0
22.0
-14.0
-6.0
33.0
24.0
17.0
5.0
21.0
20.0
3.0
11.0
28.0
61.0
72.0
54.0
59.0
60.0
30.0
41.0
44.0
34.0
9.0
-3.0
-14.0
-21.0
5.0
12.0
-10.0
11.0
9.0
28.0
37.0
37.0
39.0
82.0
102.0
70.0
58.0
52.0
58.0
54.0
56.0
42.0
12.0
22.0
-6.0
-3.0
6.0
29.0
-4.0
4.0
22.0
8.0
13.0
18.0
1.0
22.0
27.0
64.0
47.0
27.0
-3.0
31.0
57.0
59.0
69.0
40.0
78.0
52.0
74.0
76.0
70.0
49.0
68.0
62.0
61.0
91.0
98.0
82.0
74.0
80.0
67.0
78.0
89.0
84.0
46.0
25.0
49.0
78.0
73.0
85.0
59.0
36.0
11.0
37.0
102.0
149.0
106.0
93.0
79.0
72.0
102.0
76.0
45.0
59.0
62.0
91.0
77.0
101.0
117.0
100.0
114.0
83.0
76.0
54.0
56.0
30.0
41.0
64.0
89.0
51.0
30.0
31.0
19.0
26.0
81.0
95.0
86.0
64.0
81.0
84.0
60.0
27.0
60.0
63.0
60.0
84.0
49.0
33.0
44.0
80.0
83.0
63.0
49.0
39.0
18.0
19.0
12.0
8.0
23.0
32.0
36.0
22.0
23.0
26.0
10.0
10.0
20.0
6.0
43.0
38.0
-2.0
12.0
26.0
4.0
10.0
-15.0
-1.0
-18.0
-10.0
12.0
-10.0
1.0
-17.0
-26.0
-16.0
-10.0
-8.0
-33.0
-46.0
-23.0
-8.0
-25.0
-29.0
-13.0
5.0
-16.0
-22.0
-13.0
4.0
4.0
-6.0
-7.0
-37.0
17.0
29.0
13.0
40.0
19.0
-3.0
-7.0
-4.0
18.0
4.0
-3.0
40.0
35.0
25.0
54.0
50.0
42.0
40.0
18.0
31.0
39.0
27.0
2.0
-1.0
23.0
34.0
5.0
14.0
13.0
2.0
42.0
22.0
9.0
2.0
11.0
16.0
22.0
36.0
20.0
12.0
-4.0
-11.0
-18.0
-7.0
3.0
3.0
-10.0
-22.0
7.0
13.0
27.0
22.0
11.0
-7.0
-1.0
7.0
8.0
0.0
-9.0
29.0
15.0
10.0
-12.0
-40.0
-9.0
-9.0
-8.0
-1.0
1.0
-24.0
-37.0
-42.0
37.0
42.0
-4.0
84.0
56.0
27.0
4.0
2.0
24.0
23.0
-13.0
-1.0
-1.0
-10.0
24.0
11.0
6.0
2.0
-8.0
-1.0
7.0
29.0
35.0
30.0
8.0
-9.0
-32.0
-37.0
-10.0
17.0
49.0
38.0
18.0
-7.0
-2.0
-3.0
-22.0
9.0
23.0
1.0
7.0
14.0
2.0
8.0
21.0
45.0
37.0
-11.0
-7.0
-48.0
-53.0
-43.0
-40.0
-50.0
-34.0
-47.0
-10.0
-30.0
-22.0
-17.0
-24.0
15.0
12.0
-4.0
10.0
-9.0
-27.0
-39.0
-14.0
-3.0
2.0
-6.0
-4.0
-6.0
-2.0
-12.0
-24.0
-22.0
-38.0
-46.0
-32.0
-49.0
-50.0
-33.0
-32.0
-42.0
-49.0
-70.0
-80.0
-63.0
-67.0
-29.0
-15.0
-11.0
-12.0
-37.0
-40.0
-24.0
-25.0
-38.0
-60.0
-42.0
-41.0
-31.0
-27.0
-38.0
-30.0
-23.0
-23.0
-37.0
-42.0
-39.0
-14.0
-25.0
-52.0
-26.0
-3.0
0.0
-25.0
-41.0
-48.0
-33.0
-52.0
-52.0
-40.0
-24.0
11.0
-13.0
-53.0
-27.0
-34.0
-32.0
-49.0
-78.0
-68.0
-76.0
-46.0
-29.0
-5.0
18.0
-20.0
-43.0
-36.0
-33.0
-22.0
-23.0
-36.0
-40.0
-42.0
-37.0
-16.0
-33.0
-40.0
-42.0
-30.0
-39.0
-27.0
12.0
22.0
-1.0
4.0
23.0
7.0
-26.0
-32.0
-29.0
-29.0
-39.0
-43.0
-41.0
-58.0
-52.0
-60.0
-60.0
-71.0
-54.0
-7.0
-25.0
-36.0
-35.0
-54.0
-49.0
-56.0
-52.0
-60.0
-55.0
-63.0
-59.0
-58.0
-53.0
-75.0
-82.0
-67.0
-58.0
-67.0
-65.0
-78.0
-68.0
-52.0
-37.0
-33.0
-63.0
-54.0
-48.0
-60.0
-64.0
-55.0
-82.0
-83.0
-66.0
-95.0
-76.0
-45.0
-67.0
-58.0
-34.0
-80.0
-70.0
-81.0
-69.0
-53.0
-44.0
-50.0
-60.0
-37.0
-47.0
-60.0
-59.0
-53.0
-65.0
-62.0
-48.0
-55.0
-50.0
-46.0
-29.0
-33.0
-27.0
-18.0
-35.0
-27.0
-27.0
-37.0
-14.0
-8.0
-31.0
-70.0
-68.0
-40.0
-50.0
-51.0
-64.0
-65.0
-51.0
-68.0
-74.0
-25.0
-37.0
-57.0
-31.0
-44.0
-23.0
-24.0
-46.0
-46.0
-22.0
7.0
-13.0
-26.0
-10.0
18.0
-19.0
-28.0
-26.0
-61.0
-54.0
-45.0
-37.0
-26.0
-30.0
-45.0
-90.0
-58.0
-79.0
-35.0
-17.0
-30.0
-29.0
-8.0
-11.0
3.0
6.0
-37.0
17.0
49.0
39.0
82.0
58.0
37.0
37.0
19.0
13.0
-17.0
-37.0
-50.0
-51.0
-17.0
-31.0
-44.0
-46.0
-39.0
-18.0
-4.0
-35.0
-1.0
14.0
14.0
18.0
18.0
4.0
-24.0
-32.0
-30.0
-46.0
-29.0
-61.0
-71.0
-59.0
-29.0
-22.0
-21.0
-37.0
-18.0
2.0
-38.0
-8.0
-7.0
-39.0
-21.0
-10.0
-29.0
-16.0
-26.0
-31.0
-21.0
-54.0
-65.0
-55.0
-61.0
-73.0
-45.0
-31.0
-12.0
-2.0
-24.0
-4.0
3.0
-4.0
-3.0
-1.0
-9.0
-23.0
-9.0
-8.0
-30.0
-50.0
-46.0
-56.0
-62.0
-59.0
-12.0
-18.0
-8.0
-22.0
-16.0
-12.0
-8.0
-4.0
-44.0
-56.0
-54.0
-54.0
-51.0
-41.0
-20.0
-20.0
-50.0
-42.0
-31.0
-26.0
-21.0
-1.0
-23.0
-24.0
-1.0
-2.0
-29.0
-8.0
-12.0
-55.0
-26.0
-7.0
-11.0
-10.0
-12.0
-3.0
-12.0
-25.0
-20.0
-11.0
-3.0
-11.0
-37.0
-32.0
-23.0
9.0
-12.0
-14.0
-29.0
-50.0
41.0
51.0
35.0
67.0
82.0
63.0
37.0
64.0
34.0
13.0
20.0
-15.0
-11.0
8.0
6.0
-11.0
-14.0
4.0
21.0
19.0
31.0
23.0
7.0
18.0
16.0
37.0
35.0
52.0
58.0
50.0
52.0
56.0
65.0
68.0
55.0
41.0
15.0
-20.0
-5.0
2.0
-40.0
-52.0
-25.0
-35.0
-23.0
-13.0
-22.0
-5.0
-7.0
-17.0
-20.0
-2.0
-4.0
-14.0
-30.0
-36.0
-15.0
14.0
-16.0
-33.0
-18.0
-4.0
11.0
-9.0
-24.0
-36.0
20.0
39.0
48.0
48.0
46.0
27.0
-2.0
4.0
-2.0
-25.0
15.0
-27.0
-3.0
15.0
-33.0
-9.0
14.0
-6.0
25.0
21.0
13.0
14.0
15.0
15.0
31.0
39.0
13.0
11.0
-12.0
-8.0
-20.0
-23.0
1.0
14.0
-9.0
-21.0
-14.0
-1.0
12.0
37.0
25.0
-1.0
11.0
-29.0
-17.0
-20.0
-56.0
-42.0
-46.0
-60.0
-21.0
-16.0
-5.0
1.0
-15.0
-35.0
-25.0
-5.0
39.0
48.0
14.0
11.0
5.0
5.0
20.0
4.0
-3.0
0.0
-7.0
1.0
-2.0
-15.0
-3.0
17.0
34.0
22.0
-3.0
-14.0
-44.0
-30.0
29.0
38.0
53.0
52.0
41.0
28.0
24.0
25.0
-3.0
10.0
25.0
14.0
31.0
59.0
59.0
63.0
66.0
67.0
61.0
23.0
-3.0
3.0
27.0
36.0
26.0
41.0
18.0
-10.0
0.0
32.0
30.0
31.0
8.0
-3.0
14.0
22.0
-4.0
2.0
25.0
8.0
-43.0
7.0
72.0
43.0
39.0
48.0
41.0
6.0
25.0
12.0
-4.0
2.0
-6.0
13.0
-24.0
-38.0
-29.0
-33.0
-2.0
43.0
25.0
32.0
13.0
-7.0
-3.0
27.0
44.0
37.0
48.0
58.0
34.0
54.0
51.0
55.0
55.0
37.0
53.0
63.0
21.0
16.0
48.0
97.0
97.0
71.0
55.0
70.0
86.0
52.0
48.0
44.0
56.0
63.0
55.0
60.0
49.0
54.0
68.0
81.0
108.0
114.0
91.0
82.0
75.0
73.0
84.0
83.0
56.0
55.0
17.0
35.0
52.0
36.0
59.0
51.0
26.0
11.0
8.0
8.0
13.0
69.0
40.0
15.0
68.0
64.0
71.0
82.0
54.0
33.0
68.0
84.0
106.0
69.0
75.0
63.0
51.0
56.0
42.0
47.0
67.0
66.0
22.0
24.0
38.0
27.0
61.0
46.0
16.0
36.0
37.0
37.0
32.0
42.0
58.0
56.0
71.0
61.0
53.0
51.0
42.0
29.0
33.0
36.0
30.0
24.0
29.0
38.0
54.0
50.0
32.0
37.0
64.0
60.0
54.0
38.0
13.0
34.0
27.0
38.0
49.0
16.0
8.0
15.0
23.0
-4.0
11.0
36.0
34.0
11.0
-8.0
11.0
8.0
1.0
-13.0
-39.0
-35.0
-21.0
-17.0
-5.0
-2.0
0.0
1.0
6.0
19.0
40.0
24.0
4.0
7.0
8.0
2.0
5.0
22.0
26.0
23.0
26.0
12.0
0.0
1.0
-24.0
4.0
4.0
24.0
32.0
-13.0
-37.0
48.0
52.0
51.0
78.0
74.0
102.0
93.0
35.0
39.0
17.0
14.0
15.0
-6.0
-13.0
7.0
0.0
26.0
13.0
19.0
39.0
41.0
57.0
34.0
27.0
14.0
22.0
35.0
36.0
17.0
8.0
19.0
4.0
16.0
32.0
37.0
35.0
26.0
54.0
52.0
-17.0
33.0
93.0
78.0
104.0
92.0
96.0
45.0
21.0
35.0
31.0
24.0
7.0
12.0
-6.0
-1.0
29.0
17.0
7.0
-3.0
8.0
36.0
35.0
23.0
45.0
29.0
36.0
57.0
50.0
71.0
69.0
44.0
37.0
24.0
22.0
11.0
-30.0
-21.0
-6.0
10.0
18.0
-31.0
-59.0
-27.0
-18.0
-10.0
-33.0
-15.0
6.0
11.0
-9.0
7.0
-15.0
-14.0
12.0
-13.0
8.0
13.0
-1.0
-17.0
-4.0
12.0
-23.0
-41.0
-32.0
-10.0
-13.0
-8.0
-11.0
1.0
-2.0
-29.0
-4.0
12.0
-12.0
-34.0
-10.0
22.0
-2.0
-22.0
-11.0
-13.0
-18.0
-3.0
22.0
17.0
35.0
30.0
32.0
53.0
5.0
1.0
-1.0
-26.0
-33.0
-24.0
-9.0
3.0
8.0
29.0
33.0
12.0
-5.0
-13.0
12.0
29.0
11.0
-7.0
-6.0
-1.0
29.0
70.0
76.0
-2.0
-2.0
-35.0
-51.0
11.0
17.0
19.0
40.0
38.0
48.0
34.0
22.0
15.0
10.0
-26.0
1.0
-13.0
-2.0
18.0
23.0
0.0
6.0
15.0
13.0
34.0
67.0
97.0
107.0
79.0
52.0
34.0
42.0
43.0
24.0
42.0
32.0
-2.0
16.0
36.0
68.0
54.0
30.0
37.0
26.0
38.0
29.0
8.0
-2.0
6.0
-19.0
17.0
-17.0
-32.0
4.0
13.0
18.0
39.0
37.0
68.0
67.0
63.0
89.0
74.0
53.0
36.0
31.0
48.0
62.0
60.0
79.0
70.0
36.0
47.0
43.0
5.0
-3.0
-3.0
-7.0
13.0
8.0
11.0
23.0
6.0
-30.0
-31.0
-22.0
-9.0
-13.0
-15.0
-42.0
-59.0
-50.0
-39.0
-25.0
3.0
25.0
21.0
-22.0
-29.0
-10.0
2.0
42.0
25.0
7.0
-9.0
-62.0
49.0
40.0
36.0
53.0
35.0
21.0
29.0
12.0
17.0
44.0
22.0
43.0
68.0
58.0
42.0
53.0
87.0
63.0
36.0
20.0
5.0
13.0
17.0
53.0
68.0
46.0
27.0
15.0
2.0
19.0
-1.0
-7.0
2.0
20.0
4.0
18.0
8.0
6.0
43.0
43.0
10.0
-13.0
-17.0
-31.0
-35.0
-41.0
-36.0
-46.0
-69.0
-39.0
-46.0
-27.0
-16.0
-55.0
-46.0
-21.0
-9.0
5.0
26.0
43.0
9.0
8.0
28.0
37.0
53.0
41.0
20.0
-5.0
-14.0
-22.0
-31.0
-67.0
-67.0
-18.0
-18.0
-2.0
-6.0
-8.0
1.0
3.0
35.0
4.0
-8.0
27.0
42.0
40.0
28.0
3.0
27.0
40.0
67.0
60.0
56.0
49.0
52.0
14.0
-11.0
-15.0
-74.0
-120.0
-107.0
-146.0
-152.0
-175.0
-167.0
-163.0
-172.0
-147.0
-140.0
-158.0
-130.0
-149.0
-141.0
-108.0
-110.0
-137.0
-133.0
-112.0
-108.0
-115.0
-110.0
-116.0
-128.0
-129.0
-165.0
-161.0
-132.0
-103.0
-116.0
-122.0
-147.0
-150.0
-170.0
-170.0
-156.0
-113.0
-107.0
-102.0
-116.0
-131.0
-123.0
-133.0
-116.0
-80.0
-90.0
-90.0
-92.0
-93.0
-74.0
-74.0
-70.0
-78.0
-100.0
-101.0
-121.0
-46.0
-79.0
-93.0
-87.0
-106.0
-126.0
-143.0
-150.0
-135.0
-157.0
-173.0
-180.0
-176.0
-137.0
-104.0
-94.0
-80.0
-117.0
-145.0
-158.0
-185.0
-182.0
-189.0
-177.0
-156.0
-169.0
-176.0
-155.0
-175.0
-173.0
-166.0
-184.0
-187.0
-179.0
-177.0
-176.0
-168.0
-177.0
-182.0
-178.0
-144.0
-160.0
-130.0
-144.0
-155.0
-120.0
-114.0
-102.0
-107.0
-118.0
-124.0
-97.0
-107.0
-97.0
-105.0
-99.0
-58.0
-65.0
-93.0
-101.0
-100.0
-91.0
-95.0
-68.0
-23.0
-43.0
-40.0
-56.0
-85.0
-80.0
-85.0
-82.0
-60.0
-81.0
-148.0
-47.0
-15.0
-52.0
-13.0
3.0
-26.0
-17.0
-45.0
-59.0
-20.0
-13.0
-40.0
-55.0
-42.0
-25.0
-59.0
-58.0
-49.0
-65.0
-54.0
-54.0
-21.0
-8.0
-20.0
-8.0
-3.0
-39.0
-60.0
-27.0
-15.0
-48.0
-41.0
-29.0
-56.0
-26.0
-7.0
-7.0
-9.0
-33.0
-2.0
18.0
-18.0
-52.0
-9.0
9.0
5.0
-21.0
17.0
-5.0
-34.0
-7.0
-1.0
-33.0
-16.0
-7.0
5.0
34.0
54.0
63.0
53.0
29.0
13.0
-11.0
-35.0
-33.0
-15.0
18.0
13.0
13.0
40.0
30.0
44.0
13.0
-12.0
20.0
17.0
16.0
44.0
36.0
34.0
35.0
26.0
15.0
-10.0
-10.0
-11.0
-11.0
13.0
19.0
-31.0
-32.0
-11.0
-13.0
-16.0
-6.0
-18.0
-33.0
-18.0
-19.0
-41.0
-18.0
-17.0
-37.0
-64.0
-70.0
-86.0
-58.0
-38.0
-10.0
-24.0
-40.0
-46.0
-46.0
-52.0
-3.0
-6.0
-17.0
-8.0
-38.0
-29.0
-12.0
-32.0
-36.0
-22.0
-18.0
-13.0
-13.0
4.0
21.0
7.0
26.0
59.0
24.0
-15.0
5.0
99.0
115.0
115.0
111.0
111.0
122.0
135.0
117.0
86.0
81.0
99.0
102.0
72.0
73.0
83.0
68.0
64.0
62.0
32.0
34.0
57.0
20.0
14.0
59.0
72.0
93.0
89.0
89.0
82.0
73.0
87.0
78.0
86.0
103.0
72.0
57.0
64.0
92.0
98.0
71.0
64.0
64.0
56.0
93.0
102.0
70.0
64.0
70.0
69.0
70.0
60.0
51.0
56.0
66.0
62.0
54.0
51.0
52.0
51.0
71.0
81.0
84.0
100.0
89.0
79.0
71.0
75.0
77.0
77.0
102.0
121.0
101.0
97.0
91.0
80.0
83.0
54.0
33.0
49.0
51.0
56.0
65.0
41.0
40.0
39.0
8.0
24.0
27.0
35.0
62.0
43.0
50.0
40.0
41.0
63.0
63.0
65.0
58.0
94.0
70.0
63.0
82.0
59.0
49.0
58.0
79.0
68.0
50.0
51.0
77.0
92.0
82.0
65.0
60.0
33.0
36.0
43.0
60.0
53.0
54.0
42.0
52.0
62.0
61.0
55.0
42.0
72.0
74.0
62.0
73.0
47.0
62.0
73.0
69.0
71.0
45.0
27.0
47.0
19.0
12.0
31.0
42.0
50.0
32.0
33.0
10.0
19.0
49.0
48.0
42.0
41.0
80.0
101.0
102.0
90.0
70.0
49.0
44.0
80.0
100.0
87.0
70.0
98.0
93.0
58.0
78.0
42.0
15.0
37.0
35.0
43.0
24.0
5.0
11.0
2.0
-16.0
4.0
0.0
-47.0
-35.0
-38.0
-55.0
-23.0
-16.0
-40.0
-46.0
-39.0
-32.0
-12.0
-23.0
6.0
18.0
13.0
8.0
-15.0
4.0
35.0
1.0
-23.0
-24.0
-23.0
-29.0
-26.0
-18.0
-13.0
-4.0
60.0
71.0
51.0
56.0
32.0
28.0
23.0
35.0
27.0
32.0
-4.0
13.0
-48.0
-39.0
-49.0
-56.0
-90.0
-35.0
-60.0
-51.0
-38.0
-39.0
-30.0
-61.0
-70.0
-70.0
-59.0
-53.0
-46.0
-54.0
-64.0
-74.0
-67.0
-76.0
-94.0
-67.0
-108.0
-97.0
-87.0
-106.0
-96.0
-84.0
-67.0
-31.0
-46.0
-46.0
-40.0
-64.0
-53.0
-64.0
-60.0
-44.0
-55.0
-49.0
-67.0
-78.0
-72.0
-61.0
-50.0
-76.0
-63.0
-42.0
-39.0
-61.0
-100.0
-76.0
-72.0
-42.0
-4.0
-35.0
-79.0
-82.0
-80.0
-65.0
-82.0
-94.0
-81.0
-101.0
-104.0
-111.0
-103.0
-120.0
-137.0
-126.0
-100.0
-110.0
-125.0
-117.0
-104.0
-63.0
-101.0
-118.0
-121.0
-129.0
-107.0
-126.0
-101.0
-98.0
-99.0
-79.0
-64.0
-52.0
-87.0
-70.0
-58.0
-78.0
-76.0
-95.0
-74.0
-58.0
-45.0
-78.0
-82.0
-82.0
-86.0
-95.0
-126.0
-112.0
-122.0
-106.0
-88.0
-86.0
-58.0
-66.0
-91.0
-96.0
31.0
25.0
47.0
72.0
72.0
45.0
66.0
53.0
37.0
33.0
43.0
43.0
59.0
46.0
29.0
40.0
46.0
21.0
24.0
13.0
50.0
52.0
21.0
55.0
63.0
68.0
94.0
41.0
37.0
17.0
0.0
11.0
-12.0
-14.0
19.0
22.0
37.0
54.0
40.0
69.0
56.0
52.0
84.0
83.0
61.0
44.0
39.0
65.0
55.0
48.0
43.0
60.0
55.0
53.0
53.0
63.0
41.0
16.0
38.0
30.0
20.0
36.0
32.0
24.0
11.0
3.0
39.0
13.0
29.0
59.0
34.0
51.0
59.0
37.0
65.0
38.0
27.0
68.0
54.0
43.0
48.0
22.0
14.0
-1.0
-31.0
-11.0
0.0
6.0
3.0
-5.0
-2.0
33.0
42.0
17.0
5.0
22.0
11.0
17.0
30.0
23.0
29.0
16.0
25.0
32.0
4.0
-33.0
32.0
25.0
11.0
36.0
65.0
83.0
72.0
36.0
15.0
26.0
46.0
27.0
-2.0
36.0
40.0
17.0
32.0
37.0
38.0
65.0
31.0
22.0
21.0
5.0
51.0
86.0
108.0
111.0
96.0
95.0
97.0
91.0
93.0
92.0
55.0
62.0
84.0
82.0
97.0
73.0
96.0
130.0
122.0
116.0
126.0
99.0
120.0
139.0
144.0
119.0
77.0
84.0
85.0
105.0
100.0
78.0
97.0
79.0
63.0
46.0
21.0
35.0
54.0
71.0
79.0
81.0
80.0
42.0
48.0
53.0
64.0
77.0
55.0
27.0
46.0
53.0
69.0
69.0
27.0
40.0
53.0
36.0
21.0
72.0
135.0
124.0
131.0
98.0
80.0
69.0
76.0
110.0
108.0
96.0
79.0
77.0
87.0
95.0
99.0
123.0
125.0
97.0
79.0
81.0
78.0
97.0
73.0
72.0
74.0
93.0
125.0
137.0
92.0
90.0
96.0
86.0
94.0
76.0
69.0
72.0
55.0
72.0
71.0
64.0
69.0
82.0
91.0
132.0
93.0
69.0
81.0
74.0
78.0
91.0
76.0
71.0
72.0
58.0
67.0
54.0
33.0
48.0
21.0
34.0
55.0
69.0
87.0
66.0
71.0
64.0
42.0
45.0
73.0
98.0
82.0
60.0
51.0
58.0
67.0
78.0
69.0
71.0
95.0
106.0
87.0
60.0
83.0
76.0
90.0
115.0
82.0
57.0
70.0
92.0
65.0
71.0
78.0
54.0
48.0
73.0
78.0
81.0
69.0
72.0
75.0
83.0
91.0
73.0
69.0
45.0
61.0
30.0
40.0
58.0
51.0
59.0
51.0
42.0
66.0
36.0
50.0
68.0
67.0
18.0
1.0
28.0
41.0
49.0
39.0
35.0
12.0
10.0
17.0
40.0
36.0
31.0
49.0
45.0
56.0
41.0
61.0
77.0
109.0
120.0
87.0
72.0
103.0
122.0
130.0
110.0
96.0
149.0
181.0
202.0
229.0
187.0
189.0
180.0
189.0
170.0
142.0
101.0
85.0
65.0
60.0
59.0
1.0
-43.0
-19.0
-32.0
-33.0
-54.0
-67.0
-49.0
-49.0
-42.0
-60.0
-12.0
-8.0
-6.0
-28.0
-33.0
-16.0
-6.0
-16.0
-45.0
-68.0
-53.0
-46.0
-51.0
-58.0
-81.0
-70.0
-32.0
-38.0
-31.0
-37.0
-37.0
-11.0
-38.0
-46.0
-35.0
-34.0
-17.0
-6.0
-31.0
-18.0
-18.0
-14.0
-21.0
-11.0
-16.0
-54.0
-53.0
-48.0
-53.0
-40.0
-48.0
-41.0
-24.0
-54.0
-41.0
-24.0
-36.0
-15.0
-33.0
-56.0
-84.0
-92.0
-91.0
-80.0
-81.0
-48.0
-38.0
-36.0
-48.0
-56.0
-71.0
-97.0
-61.0
-27.0
-13.0
-16.0
-33.0
-24.0
-25.0
-41.0
-39.0
-5.0
-24.0
-65.0
7.0
-14.0
5.0
52.0
42.0
25.0
24.0
-11.0
-1.0
11.0
-5.0
-10.0
-40.0
-20.0
-2.0
-10.0
7.0
14.0
-2.0
-18.0
-18.0
-34.0
-27.0
15.0
8.0
27.0
21.0
18.0
-12.0
16.0
3.0
-1.0
14.0
-35.0
-45.0
-30.0
-51.0
-17.0
-18.0
3.0
13.0
1.0
-6.0
-1.0
-27.0
-29.0
-43.0
-39.0
-24.0
-32.0
-31.0
-28.0
-21.0
-35.0
-47.0
-63.0
-42.0
-49.0
-57.0
-27.0
-12.0
13.0
0.0
8.0
-10.0
-25.0
-16.0
-24.0
-33.0
-28.0
-27.0
-55.0
-30.0
-42.0
-67.0
-102.0
-58.0
-29.0
-36.0
-43.0
-73.0
-49.0
-31.0
-22.0
-21.0
-30.0
-37.0
-35.0
-16.0
-8.0
-30.0
10.0
-17.0
-7.0
3.0
-17.0
-6.0
-24.0
-48.0
-27.0
-22.0
-8.0
11.0
-16.0
-10.0
-34.0
-25.0
-23.0
-47.0
-53.0
-30.0
4.0
22.0
18.0
41.0
44.0
52.0
37.0
-1.0
-8.0
30.0
46.0
57.0
45.0
44.0
53.0
38.0
33.0
35.0
13.0
7.0
12.0
2.0
15.0
13.0
-2.0
13.0
-6.0
2.0
31.0
37.0
25.0
-3.0
5.0
12.0
2.0
-7.0
-5.0
26.0
20.0
34.0
71.0
65.0
48.0
27.0
42.0
35.0
33.0
14.0
-1.0
15.0
8.0
7.0
11.0
23.0
24.0
7.0
8.0
3.0
1.0
1.0
29.0
-10.0
25.0
50.0
26.0
27.0
34.0
24.0
35.0
41.0
44.0
18.0
21.0
25.0
16.0
17.0
-19.0
-34.0
-34.0
-5.0
1.0
-17.0
-5.0
10.0
20.0
25.0
7.0
30.0
49.0
48.0
27.0
19.0
46.0
23.0
34.0
30.0
32.0
62.0
60.0
59.0
40.0
7.0
32.0
17.0
-16.0
49.0
-6.0
-27.0
22.0
37.0
56.0
29.0
27.0
43.0
23.0
26.0
48.0
34.0
40.0
35.0
39.0
36.0
-2.0
-13.0
-13.0
7.0
30.0
33.0
78.0
86.0
80.0
77.0
76.0
72.0
63.0
46.0
32.0
52.0
16.0
-28.0
59.0
89.0
80.0
96.0
122.0
105.0
82.0
87.0
53.0
24.0
42.0
47.0
83.0
102.0
97.0
76.0
69.0
44.0
25.0
65.0
61.0
69.0
70.0
42.0
38.0
20.0
4.0
-7.0
-29.0
21.0
34.0
41.0
61.0
44.0
41.0
22.0
44.0
21.0
17.0
31.0
30.0
39.0
-3.0
3.0
14.0
13.0
35.0
69.0
38.0
-1.0
11.0
18.0
28.0
64.0
61.0
24.0
63.0
72.0
50.0
38.0
46.0
45.0
27.0
27.0
-1.0
-11.0
2.0
30.0
-4.0
-1.0
47.0
-1.0
-1.0
7.0
26.0
25.0
27.0
23.0
-4.0
-11.0
-1.0
-45.0
-18.0
-2.0
-11.0
-10.0
-29.0
-51.0
-56.0
-60.0
-51.0
-50.0
-33.0
-11.0
-5.0
-9.0
8.0
2.0
-9.0
6.0
20.0
8.0
34.0
44.0
61.0
53.0
79.0
80.0
50.0
38.0
20.0
20.0
30.0
36.0
49.0
55.0
37.0
45.0
17.0
10.0
6.0
-7.0
1.0
19.0
21.0
16.0
20.0
28.0
18.0
11.0
22.0
26.0
46.0
52.0
34.0
60.0
35.0
15.0
22.0
1.0
-10.0
20.0
7.0
-7.0
2.0
2.0
4.0
-18.0
12.0
23.0
13.0
4.0
20.0
30.0
19.0
7.0
-12.0
-5.0
-22.0
-3.0
-4.0
-16.0
-30.0
-7.0
23.0
32.0
-6.0
34.0
60.0
70.0
76.0
58.0
6.0
24.0
21.0
11.0
12.0
27.0
31.0
37.0
34.0
30.0
12.0
-20.0
-8.0
-14.0
-12.0
27.0
30.0
51.0
84.0
64.0
88.0
80.0
78.0
68.0
46.0
41.0
11.0
34.0
54.0
39.0
41.0
75.0
92.0
82.0
71.0
51.0
45.0
20.0
4.0
13.0
-19.0
51.0
60.0
64.0
26.0
30.0
28.0
20.0
16.0
21.0
-18.0
19.0
62.0
64.0
54.0
41.0
42.0
32.0
14.0
19.0
15.0
21.0
26.0
6.0
12.0
3.0
11.0
11.0
3.0
5.0
24.0
13.0
13.0
34.0
21.0
32.0
25.0
12.0
9.0
16.0
4.0
21.0
41.0
-9.0
5.0
7.0
18.0
14.0
17.0
2.0
-7.0
6.0
4.0
-24.0
-25.0
-17.0
2.0
21.0
7.0
-25.0
-1.0
-8.0
-29.0
-40.0
-35.0
-29.0
-27.0
-41.0
-20.0
-45.0
-25.0
-37.0
-40.0
-41.0
-31.0
-51.0
-49.0
-35.0
-38.0
-46.0
-41.0
-26.0
-28.0
-20.0
-30.0
-28.0
-12.0
-23.0
-20.0
-9.0
-19.0
-10.0
18.0
12.0
29.0
46.0
34.0
44.0
27.0
8.0
14.0
-7.0
-1.0
-1.0
-12.0
-7.0
-13.0
1.0
1.0
1.0
18.0
16.0
3.0
-1.0
18.0
33.0
28.0
24.0
23.0
2.0
22.0
38.0
6.0
10.0
26.0
-4.0
-67.0
12.0
80.0
88.0
108.0
96.0
74.0
61.0
54.0
59.0
69.0
53.0
34.0
45.0
23.0
6.0
25.0
32.0
-1.0
8.0
14.0
28.0
43.0
38.0
42.0
39.0
26.0
24.0
-4.0
-6.0
2.0
12.0
3.0
8.0
4.0
-6.0
-8.0
22.0
46.0
62.0
53.0
61.0
50.0
51.0
60.0
14.0
-65.0
-53.0
-25.0
-23.0
-20.0
-33.0
-34.0
-5.0
11.0
2.0
21.0
50.0
24.0
17.0
2.0
12.0
14.0
-12.0
26.0
43.0
25.0
11.0
-14.0
-18.0
-20.0
-35.0
-17.0
-25.0
-3.0
34.0
44.0
58.0
55.0
48.0
51.0
50.0
32.0
18.0
32.0
25.0
-13.0
-8.0
81.0
94.0
95.0
103.0
72.0
78.0
78.0
65.0
73.0
59.0
40.0
63.0
64.0
59.0
30.0
25.0
23.0
17.0
30.0
49.0
27.0
7.0
19.0
50.0
51.0
42.0
46.0
52.0
34.0
10.0
5.0
1.0
42.0
22.0
-2.0
8.0
20.0
41.0
43.0
49.0
48.0
31.0
-6.0
3.0
4.0
-1.0
2.0
-33.0
-44.0
-6.0
-14.0
-15.0
-34.0
-28.0
-32.0
-26.0
-26.0
-11.0
-14.0
-15.0
13.0
-1.0
2.0
10.0
-4.0
5.0
-4.0
4.0
22.0
39.0
38.0
15.0
17.0
-7.0
-5.0
5.0
-5.0
-3.0
21.0
12.0
8.0
6.0
-17.0
-44.0
-59.0
-34.0
-16.0
-7.0
26.0
5.0
-17.0
-20.0
-4.0
-29.0
-39.0
-6.0
-21.0
3.0
3.0
24.0
42.0
-2.0
-50.0
-66.0
-82.0
-68.0
-100.0
-88.0
-48.0
-10.0
-3.0
6.0
2.0
-8.0
-13.0
1.0
8.0
-13.0
-21.0
-22.0
-29.0
-37.0
-59.0
-59.0
-42.0
-54.0
-64.0
-71.0
-58.0
-59.0
-78.0
-39.0
-24.0
-55.0
-48.0
-38.0
-10.0
-6.0
-21.0
-44.0
-44.0
-50.0
-61.0
-70.0
-65.0
-74.0
-78.0
-29.0
-43.0
-61.0
-55.0
-60.0
-63.0
-35.0
-62.0
-47.0
-48.0
-55.0
-49.0
-52.0
-62.0
-61.0
-67.0
-131.0
-99.0
-14.0
-34.0
-22.0
-21.0
-49.0
-72.0
-67.0
-75.0
-72.0
-49.0
-50.0
-71.0
-40.0
-35.0
-52.0
-66.0
-48.0
-27.0
-35.0
-40.0
-37.0
-75.0
-62.0
-46.0
-33.0
-18.0
-24.0
-32.0
-25.0
-33.0
-10.0
-41.0
-42.0
-25.0
-36.0
-30.0
-17.0
-30.0
-35.0
-14.0
-18.0
-28.0
-13.0
18.0
7.0
-15.0
-22.0
-44.0
-30.0
-16.0
-23.0
-18.0
-30.0
-29.0
-10.0
-8.0
-58.0
-62.0
-54.0
-33.0
-21.0
-72.0
-70.0
-68.0
-67.0
-62.0
-50.0
-40.0
-41.0
-52.0
-33.0
-32.0
-16.0
1.0
-19.0
-29.0
-14.0
-17.0
-30.0
-40.0
-30.0
-4.0
-29.0
-38.0
-41.0
-38.0
-29.0
-64.0
-68.0
-20.0
-20.0
-20.0
3.0
-37.0
-53.0
-61.0
-54.0
-17.0
-17.0
-14.0
-36.0
-25.0
-12.0
-33.0
-35.0
-30.0
-8.0
7.0
-4.0
7.0
20.0
10.0
7.0
-16.0
-48.0
-49.0
-46.0
-22.0
-34.0
-33.0
-37.0
-26.0
-14.0
-15.0
-25.0
-33.0
-65.0
-80.0
-51.0
-1.0
4.0
3.0
-14.0
-25.0
9.0
-2.0
-14.0
-50.0
-70.0
-45.0
-15.0
4.0
-5.0
-30.0
-37.0
-31.0
-35.0
-16.0
-16.0
-30.0
-5.0
-18.0
-22.0
-14.0
-27.0
-48.0
-112.0
-45.0
51.0
28.0
25.0
27.0
12.0
-20.0
-27.0
-14.0
5.0
-8.0
13.0
18.0
-1.0
-4.0
-20.0
-33.0
-23.0
-40.0
-14.0
-10.0
-30.0
-15.0
4.0
-23.0
-24.0
-26.0
-43.0
-9.0
10.0
0.0
-18.0
-12.0
-29.0
3.0
-13.0
-25.0
-23.0
-19.0
-25.0
-42.0
-11.0
-10.0
-22.0
-27.0
-38.0
-68.0
-67.0
-50.0
-45.0
-33.0
-29.0
-19.0
-18.0
-9.0
-2.0
-15.0
13.0
19.0
-29.0
-17.0
-6.0
1.0
10.0
3.0
-4.0
-7.0
8.0
6.0
13.0
10.0
-13.0
-14.0
16.0
2.0
9.0
-8.0
-5.0
-13.0
-1.0
3.0
21.0
5.0
5.0
25.0
25.0
29.0
17.0
12.0
40.0
41.0
53.0
41.0
21.0
9.0
15.0
22.0
5.0
-18.0
-41.0
-27.0
-22.0
-14.0
-7.0
-20.0
-11.0
-27.0
-20.0
-4.0
-2.0
19.0
21.0
18.0
16.0
-21.0
-2.0
16.0
5.0
4.0
-4.0
-6.0
11.0
-7.0
17.0
-1.0
-7.0
1.0
12.0
0.0
18.0
14.0
-5.0
-34.0
-19.0
-23.0
7.0
-2.0
-34.0
-24.0
-12.0
-9.0
-7.0
-4.0
-4.0
-6.0
17.0
42.0
24.0
22.0
40.0
41.0
45.0
47.0
42.0
7.0
-5.0
17.0
24.0
37.0
26.0
3.0
21.0
-7.0
-29.0
-26.0
-1.0
30.0
32.0
-9.0
-43.0
22.0
37.0
14.0
13.0
12.0
-27.0
-22.0
-5.0
-17.0
-13.0
-1.0
-36.0
-17.0
-9.0
-18.0
-6.0
-20.0
-12.0
-8.0
-19.0
-6.0
3.0
-10.0
-36.0
-46.0
-49.0
-25.0
-23.0
-18.0
-4.0
4.0
14.0
-23.0
-37.0
-22.0
-22.0
-5.0
22.0
0.0
-18.0
-17.0
-23.0
-12.0
-14.0
-24.0
-17.0
20.0
11.0
-4.0
19.0
-3.0
-25.0
26.0
19.0
6.0
13.0
4.0
-9.0
6.0
18.0
5.0
21.0
-1.0
-37.0
15.0
17.0
11.0
8.0
33.0
13.0
-18.0
14.0
13.0
-25.0
-42.0
-39.0
-14.0
-9.0
-14.0
7.0
2.0
-7.0
-7.0
10.0
5.0
3.0
-2.0
5.0
18.0
5.0
-10.0
-36.0
-18.0
-8.0
-39.0
-22.0
-12.0
-5.0
-20.0
-31.0
-11.0
-31.0
-60.0
-50.0
-34.0
-42.0
-27.0
-28.0
-16.0
1.0
-13.0
-17.0
-22.0
-63.0
-3.0
56.0
40.0
42.0
48.0
-2.0
0.0
-2.0
-13.0
-4.0
22.0
36.0
35.0
16.0
3.0
16.0
1.0
-1.0
17.0
15.0
23.0
23.0
1.0
1.0
12.0
-7.0
-8.0
2.0
1.0
6.0
-7.0
-9.0
-6.0
-33.0
-40.0
2.0
16.0
13.0
25.0
23.0
36.0
33.0
18.0
11.0
-29.0
33.0
30.0
-6.0
-22.0
-6.0
-6.0
10.0
21.0
8.0
-16.0
6.0
21.0
-9.0
-15.0
-5.0
0.0
-12.0
-7.0
-5.0
1.0
-5.0
16.0
34.0
10.0
24.0
23.0
11.0
14.0
-7.0
-20.0
54.0
74.0
80.0
55.0
23.0
44.0
24.0
18.0
19.0
15.0
3.0
-12.0
-8.0
-3.0
-29.0
5.0
35.0
54.0
72.0
55.0
30.0
7.0
12.0
34.0
92.0
52.0
36.0
55.0
42.0
9.0
-1.0
23.0
43.0
46.0
53.0
56.0
52.0
42.0
34.0
30.0
36.0
28.0
12.0
-6.0
-10.0
-17.0
34.0
13.0
-36.0
3.0
33.0
27.0
43.0
40.0
32.0
24.0
32.0
46.0
44.0
25.0
19.0
14.0
4.0
-11.0
-20.0
-8.0
-23.0
-39.0
-44.0
-60.0
-59.0
-33.0
-48.0
-35.0
-23.0
-17.0
0.0
7.0
5.0
2.0
-11.0
12.0
-14.0
-60.0
-64.0
-46.0
-27.0
3.0
-20.0
-91.0
-6.0
25.0
-6.0
8.0
22.0
-13.0
-35.0
-22.0
-27.0
-36.0
-35.0
-28.0
-41.0
-5.0
4.0
8.0
22.0
8.0
-24.0
-6.0
-2.0
-6.0
5.0
-10.0
-8.0
1.0
3.0
-7.0
-34.0
-57.0
-15.0
-32.0
-14.0
7.0
6.0
12.0
12.0
0.0
5.0
23.0
33.0
18.0
10.0
26.0
12.0
5.0
50.0
20.0
1.0
12.0
-59.0
-89.0
-72.0
-51.0
-72.0
-79.0
-55.0
-37.0
-76.0
-79.0
-62.0
-36.0
-46.0
-80.0
-81.0
-117.0
-124.0
-125.0
-112.0
-95.0
-85.0
-111.0
-99.0
-82.0
-90.0
-89.0
-57.0
-60.0
-53.0
-49.0
-28.0
-39.0
-77.0
-58.0
-54.0
-66.0
-47.0
-76.0
-76.0
-79.0
-63.0
-39.0
-45.0
-41.0
-43.0
-118.0
-16.0
-3.0
-4.0
30.0
36.0
39.0
-15.0
-34.0
-45.0
-11.0
11.0
-8.0
-15.0
-25.0
4.0
-6.0
2.0
10.0
5.0
-1.0
22.0
29.0
3.0
-9.0
-2.0
-6.0
-4.0
-18.0
-30.0
-22.0
-8.0
-2.0
-12.0
-12.0
3.0
7.0
-5.0
50.0
48.0
49.0
64.0
16.0
1.0
-6.0
-20.0
5.0
14.0
-13.0
5.0
0.0
-33.0
-3.0
4.0
34.0
30.0
16.0
8.0
0.0
-11.0
-37.0
-74.0
-44.0
-20.0
-13.0
-21.0
-21.0
-14.0
-3.0
-3.0
3.0
10.0
12.0
30.0
-7.0
-38.0
-27.0
-7.0
13.0
18.0
-10.0
21.0
-7.0
-20.0
-25.0
32.0
51.0
16.0
-11.0
19.0
8.0
-25.0
8.0
7.0
-2.0
-11.0
-24.0
-18.0
16.0
24.0
8.0
-2.0
13.0
22.0
12.0
-5.0
-11.0
-20.0
-14.0
-32.0
-23.0
-16.0
-21.0
11.0
-17.0
-37.0
-24.0
-19.0
-12.0
29.0
8.0
5.0
38.0
20.0
31.0
43.0
48.0
37.0
-2.0
-5.0
-2.0
-7.0
-22.0
11.0
5.0
4.0
9.0
-2.0
13.0
21.0
38.0
40.0
25.0
22.0
-17.0
-2.0
-12.0
-1.0
23.0
-5.0
1.0
25.0
23.0
18.0
16.0
11.0
25.0
1.0
-1.0
26.0
-15.0
-20.0
-36.0
-33.0
-7.0
-28.0
-12.0
-17.0
-30.0
18.0
37.0
37.0
11.0
21.0
27.0
8.0
-2.0
-16.0
-18.0
35.0
23.0
13.0
22.0
16.0
-21.0
-20.0
-15.0
-14.0
-11.0
1.0
-5.0
-10.0
2.0
-2.0
-20.0
-38.0
-20.0
-23.0
3.0
15.0
7.0
6.0
-32.0
-37.0
-43.0
-36.0
-19.0
-42.0
-33.0
-25.0
-21.0
-18.0
-22.0
-67.0
-78.0
-50.0
-35.0
-9.0
-16.0
-28.0
-32.0
-27.0
5.0
-14.0
-9.0
15.0
-17.0
-29.0
-40.0
-36.0
-29.0
-29.0
-28.0
-20.0
-1.0
-21.0
-16.0
17.0
14.0
-1.0
-2.0
-2.0
-2.0
-26.0
-22.0
-16.0
-36.0
-53.0
-39.0
-35.0
-29.0
-32.0
-24.0
-49.0
-40.0
-14.0
-3.0
30.0
27.0
-4.0
-10.0
-21.0
-13.0
16.0
-2.0
-20.0
1.0
-11.0
7.0
13.0
-13.0
-3.0
-17.0
-9.0
-39.0
-21.0
9.0
-11.0
-10.0
9.0
5.0
0.0
2.0
0.0
-12.0
-12.0
-20.0
-29.0
-15.0
14.0
2.0
15.0
-21.0
-31.0
22.0
49.0
55.0
52.0
50.0
43.0
18.0
-9.0
-9.0
-22.0
-7.0
16.0
-8.0
15.0
39.0
20.0
41.0
50.0
37.0
51.0
55.0
71.0
67.0
59.0
39.0
34.0
54.0
35.0
34.0
52.0
30.0
29.0
24.0
37.0
30.0
17.0
0.0
1.0
10.0
63.0
60.0
34.0
16.0
-1.0
-23.0
-8.0
10.0
-4.0
6.0
5.0
13.0
8.0
13.0
16.0
3.0
15.0
9.0
-1.0
3.0
19.0
56.0
32.0
23.0
20.0
19.0
32.0
30.0
42.0
30.0
29.0
25.0
27.0
24.0
-8.0
-5.0
10.0
36.0
53.0
53.0
49.0
43.0
17.0
12.0
26.0
11.0
24.0
12.0
15.0
30.0
26.0
45.0
82.0
60.0
48.0
58.0
27.0
27.0
54.0
39.0
46.0
48.0
36.0
30.0
27.0
33.0
30.0
6.0
33.0
31.0
21.0
36.0
34.0
31.0
43.0
36.0
12.0
13.0
24.0
22.0
23.0
32.0
42.0
29.0
16.0
-39.0
-36.0
64.0
43.0
40.0
53.0
26.0
8.0
18.0
24.0
52.0
54.0
39.0
27.0
20.0
67.0
73.0
47.0
48.0
51.0
40.0
10.0
4.0
-7.0
0.0
27.0
41.0
18.0
34.0
25.0
17.0
51.0
49.0
41.0
39.0
-2.0
-10.0
5.0
-1.0
6.0
-14.0
-9.0
-46.0
-10.0
-23.0
9.0
2.0
10.0
8.0
-16.0
-18.0
-18.0
-26.0
-52.0
-37.0
10.0
-11.0
-15.0
-17.0
-22.0
-20.0
-13.0
-3.0
-6.0
-30.0
-31.0
-17.0
16.0
45.0
41.0
2.0
-7.0
22.0
28.0
13.0
-29.0
-18.0
-18.0
-33.0
-26.0
-14.0
-49.0
-42.0
3.0
13.0
38.0
46.0
20.0
14.0
12.0
2.0
-11.0
48.0
59.0
51.0
52.0
31.0
2.0
-2.0
14.0
16.0
23.0
32.0
41.0
47.0
40.0
56.0
58.0
82.0
81.0
78.0
59.0
23.0
27.0
54.0
40.0
30.0
21.0
21.0
13.0
1.0
18.0
8.0
-20.0
-1.0
12.0
-18.0
11.0
27.0
25.0
23.0
31.0
52.0
45.0
24.0
26.0
28.0
-3.0
20.0
18.0
5.0
15.0
-12.0
-14.0
26.0
11.0
27.0
40.0
15.0
24.0
34.0
48.0
35.0
37.0
39.0
20.0
48.0
68.0
56.0
55.0
36.0
54.0
76.0
57.0
68.0
44.0
18.0
69.0
103.0
79.0
86.0
101.0
124.0
111.0
73.0
77.0
82.0
93.0
88.0
69.0
71.0
71.0
62.0
77.0
74.0
56.0
64.0
72.0
67.0
79.0
69.0
84.0
93.0
119.0
104.0
74.0
71.0
59.0
61.0
49.0
22.0
22.0
44.0
48.0
16.0
23.0
28.0
26.0
43.0
42.0
28.0
49.0
29.0
27.0
59.0
67.0
61.0
46.0
29.0
27.0
10.0
3.0
11.0
-3.0
2.0
15.0
33.0
27.0
9.0
13.0
43.0
39.0
23.0
20.0
39.0
34.0
26.0
11.0
-1.0
12.0
23.0
41.0
40.0
-10.0
-17.0
20.0
22.0
25.0
17.0
18.0
5.0
7.0
30.0
1.0
-20.0
13.0
24.0
1.0
-15.0
-21.0
-41.0
-16.0
-12.0
-13.0
-34.0
-49.0
-68.0
-78.0
9.0
24.0
42.0
37.0
6.0
12.0
-6.0
-7.0
-4.0
-22.0
-26.0
-15.0
-15.0
-31.0
-45.0
-46.0
-39.0
-27.0
-43.0
-45.0
-51.0
-38.0
-61.0
-77.0
-44.0
-48.0
-49.0
-29.0
-34.0
-32.0
-3.0
-50.0
-23.0
-13.0
-45.0
-17.0
-45.0
-39.0
-26.0
-32.0
-20.0
-13.0
-41.0
-17.0
-13.0
-32.0
-22.0
-37.0
-45.0
-42.0
-33.0
-25.0
-47.0
-25.0
-26.0
-3.0
-28.0
-7.0
-37.0
-6.0
-2.0
-27.0
-36.0
-45.0
-63.0
-66.0
-81.0
-77.0
-34.0
-32.0
-32.0
-29.0
-33.0
-16.0
-31.0
-27.0
-21.0
-36.0
-27.0
-18.0
-23.0
-25.0
-48.0
-6.0
-4.0
-15.0
-8.0
-7.0
2.0
-5.0
-3.0
-20.0
-31.0
-28.0
-18.0
-29.0
-33.0
-18.0
-25.0
-33.0
-34.0
-22.0
-28.0
-31.0
-20.0
-29.0
-48.0
-30.0
-49.0
-48.0
-36.0
-38.0
-40.0
-20.0
-30.0
-44.0
-67.0
-43.0
-26.0
-42.0
-47.0
-63.0
-64.0
-46.0
-46.0
-42.0
-38.0
-50.0
-35.0
-46.0
-33.0
-42.0
-78.0
-62.0
44.0
38.0
68.0
84.0
36.0
24.0
37.0
8.0
22.0
1.0
-7.0
12.0
-14.0
-6.0
-4.0
13.0
43.0
8.0
4.0
30.0
23.0
40.0
58.0
65.0
61.0
51.0
54.0
42.0
5.0
18.0
14.0
-9.0
1.0
-11.0
7.0
17.0
27.0
36.0
21.0
21.0
21.0
22.0
44.0
55.0
14.0
-30.0
-12.0
23.0
43.0
35.0
49.0
37.0
39.0
64.0
49.0
13.0
22.0
1.0
16.0
47.0
24.0
29.0
17.0
1.0
7.0
36.0
35.0
33.0
19.0
-3.0
-3.0
-4.0
-2.0
14.0
9.0
33.0
22.0
30.0
3.0
-4.0
-10.0
14.0
-2.0
-25.0
-24.0
-20.0
-7.0
-11.0
7.0
-16.0
-18.0
-55.0
-42.0
65.0
60.0
26.0
49.0
53.0
54.0
35.0
16.0
24.0
34.0
34.0
26.0
27.0
41.0
34.0
18.0
37.0
24.0
12.0
8.0
-7.0
6.0
5.0
-13.0
35.0
48.0
21.0
41.0
39.0
53.0
79.0
72.0
34.0
24.0
23.0
33.0
28.0
45.0
44.0
-8.0
44.0
41.0
-1.0
7.0
-5.0
-18.0
-16.0
-16.0
8.0
3.0
-2.0
27.0
36.0
37.0
40.0
64.0
74.0
63.0
43.0
51.0
44.0
41.0
20.0
-1.0
-6.0
17.0
14.0
30.0
11.0
5.0
22.0
3.0
-9.0
-6.0
-33.0
-33.0
-31.0
-45.0
-56.0
-76.0
-61.0
-35.0
-99.0
-69.0
-11.0
-11.0
5.0
-7.0
4.0
23.0
20.0
5.0
6.0
31.0
26.0
13.0
33.0
7.0
5.0
16.0
11.0
-10.0
7.0
-6.0
7.0
18.0
25.0
26.0
28.0
27.0
16.0
2.0
-14.0
7.0
6.0
10.0
10.0
-23.0
-43.0
-41.0
-40.0
-49.0
-30.0
-14.0
-36.0
-46.0
-21.0
-31.0
-50.0
-52.0
-28.0
-16.0
-33.0
-48.0
-27.0
-36.0
-44.0
-43.0
-53.0
-32.0
-18.0
4.0
29.0
8.0
-13.0
10.0
10.0
42.0
62.0
44.0
23.0
16.0
25.0
43.0
52.0
45.0
24.0
24.0
29.0
84.0
105.0
59.0
36.0
37.0
30.0
33.0
4.0
-18.0
-3.0
-11.0
2.0
30.0
61.0
41.0
44.0
30.0
3.0
-24.0
-3.0
0.0
4.0
5.0
5.0
5.0
27.0
41.0
43.0
70.0
83.0
53.0
49.0
78.0
89.0
84.0
91.0
92.0
96.0
102.0
62.0
26.0
23.0
66.0
84.0
68.0
57.0
33.0
23.0
25.0
25.0
31.0
10.0
11.0
42.0
63.0
79.0
83.0
90.0
70.0
20.0
17.0
-3.0
-24.0
-26.0
-46.0
-45.0
-61.0
-99.0
-21.0
62.0
56.0
44.0
45.0
64.0
43.0
40.0
18.0
-12.0
-48.0
-63.0
-59.0
-65.0
-69.0
-77.0
-65.0
-59.0
-36.0
-10.0
-20.0
-14.0
-12.0
-26.0
-22.0
-26.0
-10.0
45.0
45.0
-6.0
-15.0
-27.0
-58.0
-56.0
-41.0
-11.0
21.0
-5.0
-26.0
-39.0
-12.0
1.0
17.0
34.0
27.0
21.0
3.0
13.0
-18.0
-11.0
-2.0
31.0
20.0
20.0
-18.0
-45.0
-45.0
-24.0
-15.0
12.0
14.0
37.0
44.0
35.0
29.0
29.0
1.0
-1.0
-6.0
-12.0
-34.0
-69.0
-62.0
-49.0
-35.0
-26.0
-41.0
-30.0
-15.0
-2.0
10.0
-29.0
-24.0
-30.0
-41.0
-72.0
-56.0
-10.0
-21.0
6.0
1.0
-24.0
-21.0
-20.0
-23.0
-34.0
-39.0
-32.0
-26.0
-26.0
-57.0
-44.0
-25.0
-44.0
-67.0
-71.0
-64.0
-51.0
-21.0
-7.0
-13.0
-13.0
2.0
-5.0
13.0
-13.0
-21.0
3.0
7.0
-30.0
-10.0
-25.0
-37.0
-14.0
-31.0
-35.0
-53.0
-47.0
-18.0
2.0
20.0
-10.0
-23.0
-32.0
-26.0
-3.0
-6.0
-3.0
23.0
-5.0
-34.0
-51.0
-69.0
14.0
68.0
13.0
-35.0
-14.0
-19.0
-17.0
-24.0
-67.0
-43.0
-40.0
-30.0
-3.0
-32.0
-48.0
-35.0
-31.0
-25.0
-23.0
-29.0
-24.0
-24.0
-18.0
16.0
26.0
26.0
35.0
34.0
28.0
33.0
22.0
12.0
-3.0
-2.0
17.0
16.0
12.0
18.0
35.0
47.0
61.0
64.0
60.0
56.0
69.0
67.0
53.0
54.0
52.0
48.0
31.0
8.0
5.0
-6.0
4.0
-30.0
-30.0
-10.0
-20.0
-34.0
-29.0
-40.0
-20.0
-6.0
-4.0
-22.0
-34.0
-21.0
-6.0
-5.0
-29.0
-16.0
-13.0
-31.0
-44.0
-65.0
-57.0
-36.0
-46.0
-73.0
-71.0
-53.0
-40.0
-42.0
-41.0
-39.0
-74.0
-59.0
-59.0
-48.0
-56.0
-85.0
-66.0
-73.0
-87.0
-71.0
-69.0
-56.0
-29.0
-30.0
-27.0
-42.0
-20.0
-25.0
-15.0
-6.0
-18.0
22.0
18.0
9.0
22.0
3.0
2.0
23.0
-6.0
-25.0
-12.0
-11.0
4.0
-39.0
-68.0
-54.0
-73.0
-62.0
-46.0
-93.0
-102.0
-69.0
-83.0
-50.0
-68.0
-100.0
-81.0
-80.0
-67.0
-73.0
-98.0
-73.0
-80.0
-84.0
-89.0
-77.0
-61.0
-60.0
-59.0
-52.0
-70.0
-75.0
-68.0
-62.0
-36.0
-65.0
-69.0
-37.0
-46.0
-58.0
-51.0
-60.0
-26.0
-28.0
-36.0
-50.0
-88.0
-94.0
-96.0
-85.0
-86.0
-77.0
-45.0
-53.0
-61.0
-51.0
-25.0
-46.0
-50.0
-48.0
-40.0
-17.0
-51.0
-52.0
-56.0
-76.0
-67.0
-23.0
-20.0
-13.0
-20.0
-56.0
-59.0
-68.0
-92.0
-88.0
-84.0
-78.0
-89.0
-78.0
-73.0
-99.0
-101.0
-96.0
-84.0
-61.0
-44.0
-35.0
-52.0
-111.0
-82.0
-12.0
-8.0
-15.0
-20.0
-30.0
-26.0
-42.0
-44.0
-43.0
-46.0
-33.0
-57.0
-63.0
-51.0
-37.0
-35.0
-18.0
-22.0
-34.0
-19.0
-10.0
14.0
3.0
-18.0
-21.0
-10.0
18.0
29.0
-28.0
26.0
8.0
-40.0
-29.0
-3.0
-31.0
-46.0
-43.0
-42.0
-33.0
-33.0
-48.0
-44.0
-40.0
-15.0
-12.0
-22.0
-40.0
-12.0
3.0
-18.0
-36.0
-81.0
-73.0
-8.0
-22.0
-13.0
24.0
7.0
41.0
51.0
12.0
-15.0
-45.0
-41.0
-19.0
-32.0
-20.0
-22.0
-36.0
-22.0
2.0
-26.0
-18.0
-17.0
-18.0
-23.0
-26.0
-4.0
-4.0
-3.0
-5.0
-19.0
0.0
14.0
-31.0
-10.0
4.0
-20.0
-16.0
-49.0
-57.0
-39.0
-45.0
-41.0
-52.0
-17.0
-21.0
-32.0
-9.0
-1.0
-2.0
17.0
-6.0
-20.0
-2.0
-1.0
-7.0
-2.0
-11.0
-20.0
-30.0
-22.0
-22.0
-32.0
3.0
-25.0
-42.0
-7.0
-4.0
1.0
-8.0
-22.0
-29.0
-23.0
-11.0
-12.0
-18.0
-22.0
-18.0
-3.0
-20.0
-24.0
-37.0
-42.0
-33.0
-45.0
-42.0
-45.0
-41.0
-35.0
-25.0
-1.0
-14.0
4.0
7.0
-26.0
-54.0
22.0
60.0
41.0
40.0
33.0
27.0
23.0
33.0
21.0
12.0
-6.0
-6.0
18.0
12.0
11.0
27.0
-1.0
1.0
4.0
-5.0
19.0
28.0
28.0
14.0
11.0
32.0
28.0
20.0
41.0
29.0
10.0
-7.0
-23.0
-42.0
-39.0
-46.0
-40.0
-17.0
-53.0
-34.0
-3.0
4.0
1.0
9.0
-1.0
-1.0
29.0
34.0
25.0
6.0
-3.0
-5.0
1.0
-3.0
-17.0
-10.0
-29.0
-2.0
1.0
-38.0
-22.0
-31.0
-6.0
19.0
23.0
22.0
15.0
25.0
26.0
6.0
-22.0
-12.0
-21.0
-24.0
-3.0
-1.0
-3.0
7.0
-21.0
-17.0
-20.0
10.0
35.0
-6.0
-28.0
-8.0
-14.0
-20.0
-37.0
-48.0
-32.0
-15.0
-43.0
-30.0
-34.0
-63.0
-49.0
-62.0
-61.0
-93.0
-86.0
-69.0
-61.0
-76.0
-87.0
-108.0
-101.0
-96.0
-102.0
-90.0
-89.0
-79.0
-60.0
-57.0
-68.0
-50.0
-55.0
-72.0
-58.0
-68.0
-88.0
-75.0
-77.0
-83.0
-54.0
-56.0
-56.0
-58.0
-74.0
-47.0
-60.0
-83.0
-69.0
-14.0
-15.0
4.0
-2.0
4.0
15.0
27.0
16.0
22.0
2.0
16.0
43.0
54.0
17.0
3.0
6.0
7.0
-16.0
-19.0
-26.0
-22.0
3.0
-17.0
-20.0
-42.0
-25.0
-5.0
-11.0
-3.0
-11.0
7.0
1.0
-6.0
17.0
11.0
15.0
34.0
54.0
52.0
50.0
42.0
33.0
20.0
-8.0
-5.0
60.0
60.0
56.0
20.0
10.0
26.0
21.0
14.0
12.0
-22.0
-6.0
9.0
24.0
23.0
7.0
6.0
24.0
52.0
60.0
51.0
4.0
18.0
33.0
39.0
55.0
38.0
44.0
45.0
42.0
50.0
23.0
7.0
42.0
48.0
22.0
35.0
18.0
21.0
27.0
20.0
21.0
13.0
22.0
42.0
2.0
11.0
34.0
56.0
53.0
13.0
5.0
9.0
-5.0
-36.0
-44.0
-26.0
-14.0
-1.0
17.0
3.0
5.0
36.0
44.0
48.0
67.0
35.0
51.0
48.0
12.0
22.0
16.0
22.0
82.0
66.0
23.0
34.0
11.0
0.0
21.0
53.0
54.0
59.0
52.0
16.0
19.0
0.0
6.0
-35.0
3.0
1.0
-16.0
-20.0
-26.0
-11.0
-2.0
24.0
42.0
45.0
34.0
17.0
14.0
7.0
-11.0
-5.0
-10.0
8.0
11.0
12.0
15.0
22.0
14.0
-41.0
-50.0
48.0
58.0
34.0
14.0
18.0
-7.0
-7.0
22.0
-6.0
3.0
5.0
2.0
19.0
47.0
23.0
12.0
12.0
16.0
-10.0
-2.0
21.0
25.0
25.0
-5.0
-7.0
18.0
19.0
23.0
-5.0
-19.0
19.0
18.0
-11.0
-16.0
1.0
18.0
25.0
24.0
29.0
22.0
18.0
31.0
23.0
4.0
22.0
21.0
24.0
16.0
25.0
35.0
13.0
-4.0
35.0
18.0
8.0
-32.0
-36.0
-5.0
14.0
-2.0
-5.0
-7.0
-10.0
3.0
11.0
21.0
1.0
-13.0
8.0
33.0
35.0
37.0
17.0
5.0
18.0
19.0
20.0
8.0
-6.0
-2.0
-10.0
-7.0
1.0
-5.0
6.0
1.0
-18.0
-43.0
-33.0
58.0
36.0
-14.0
7.0
-32.0
-13.0
22.0
6.0
-16.0
-22.0
-50.0
-63.0
-59.0
-52.0
-53.0
-30.0
-16.0
-33.0
-50.0
-40.0
-39.0
-46.0
-39.0
-36.0
-21.0
-45.0
-34.0
-1.0
28.0
4.0
10.0
-1.0
1.0
1.0
24.0
8.0
3.0
-2.0
1.0
5.0
5.0
10.0
-8.0
-3.0
4.0
-6.0
3.0
11.0
12.0
15.0
-16.0
-12.0
-20.0
-41.0
34.0
34.0
6.0
51.0
16.0
20.0
14.0
-15.0
8.0
17.0
27.0
33.0
4.0
7.0
32.0
45.0
37.0
13.0
37.0
40.0
39.0
23.0
17.0
20.0
53.0
68.0
64.0
28.0
17.0
8.0
16.0
30.0
30.0
24.0
31.0
35.0
10.0
7.0
-34.0
-13.0
21.0
27.0
29.0
17.0
1.0
8.0
-5.0
18.0
35.0
17.0
17.0
24.0
-5.0
-37.0
-37.0
1.0
1.0
-6.0
6.0
13.0
15.0
-16.0
-14.0
-30.0
5.0
21.0
12.0
-2.0
-2.0
4.0
25.0
41.0
38.0
37.0
29.0
58.0
43.0
36.0
6.0
20.0
32.0
-4.0
14.0
34.0
10.0
9.0
6.0
-1.0
-6.0
-20.0
7.0
12.0
19.0
-6.0
-24.0
-12.0
-10.0
-16.0
-22.0
-14.0
-1.0
-14.0
-11.0
-31.0
-35.0
-48.0
-51.0
-44.0
-41.0
4.0
6.0
-22.0
-36.0
-36.0
1.0
4.0
11.0
11.0
-11.0
-18.0
-17.0
-32.0
-52.0
-14.0
-21.0
-16.0
-35.0
-48.0
-1.0
-2.0
-29.0
-29.0
-51.0
-46.0
-14.0
-20.0
-13.0
-2.0
2.0
10.0
-22.0
-8.0
41.0
6.0
-11.0
-41.0
-58.0
-48.0
-37.0
-18.0
-25.0
-13.0
-22.0
-21.0
-16.0
-17.0
-20.0
4.0
17.0
17.0
19.0
17.0
-15.0
-26.0
-12.0
-18.0
-13.0
-6.0
11.0
40.0
48.0
29.0
41.0
44.0
15.0
2.0
-39.0
-20.0
-43.0
-50.0
-20.0
-5.0
-21.0
12.0
34.0
13.0
17.0
41.0
71.0
80.0
49.0
51.0
0.0
0.0
0.0
0.0
0.0
0.0
0.0
0.0
0.0
0.0
0.0
0.0
0.0
0.0
0.0
0.0
0.0
0.0
0.0
0.0
0.0
0.0
0.0
0.0
0.0
0.0
0.0
0.0
0.0
0.0
0.0
0.0
0.0
0.0
0.0
0.0
0.0
0.0
0.0
0.0
0.0
0.0
0.0
0.0
0.0
0.0
0.0
0.0
0.0
0.0
0.0
0.0
0.0
0.0
0.0
0.0
0.0
0.0
0.0
0.0
0.0
0.0
0.0
0.0
0.0
0.0
0.0
0.0
0.0
0.0
0.0
0.0
0.0
0.0
0.0
0.0
0.0
0.0
0.0
0.0
0.0
0.0
0.0
0.0
0.0
0.0
0.0
0.0
0.0
0.0
0.0
0.0
0.0
0.0
0.0
0.0
0.0
0.0
0.0
0.0
0.0
0.0
0.0
0.0
0.0
0.0
0.0
0.0
0.0
0.0
0.0
0.0
0.0
0.0
0.0
0.0
0.0
0.0
0.0
0.0
0.0
0.0
0.0
0.0
0.0
0.0
0.0
0.0
