-187.0
-332.0
-244.0
-398.0
-292.0
-283.0
-359.0
-390.0
-397.0
-379.0
-473.0
-505.0
-428.0
-371.0
-336.0
-392.0
-304.0
-407.0
-365.0
-237.0
-250.0
-211.0
-152.0
-223.0
-222.0
-89.0
-134.0
-118.0
-90.0
-83.0
40.0
78.0
160.0
216.0
146.0
3.0
52.0
74.0
6.0
41.0
-39.0
-170.0
-117.0
-157.0
-291.0
-369.0
-244.0
-270.0
-359.0
-305.0
-280.0
-299.0
-242.0
-246.0
-225.0
-195.0
-220.0
-221.0
-223.0
-271.0
-211.0
-209.0
-246.0
-247.0
-251.0
-224.0
-211.0
-190.0
-172.0
-168.0
-190.0
-139.0
-94.0
-78.0
-93.0
-113.0
-115.0
-109.0
-88.0
-56.0
-10.0
-29.0
-70.0
-48.0
-19.0
1.0
44.0
39.0
21.0
1.0
9.0
37.0
62.0
51.0
9.0
23.0
23.0
17.0
-7.0
109.0
97.0
34.0
24.0
20.0
56.0
100.0
42.0
56.0
131.0
131.0
82.0
45.0
88.0
130.0
116.0
120.0
101.0
76.0
98.0
114.0
84.0
37.0
68.0
103.0
112.0
94.0
83.0
64.0
56.0
85.0
61.0
29.0
119.0
98.0
73.0
30.0
120.0
219.0
213.0
208.0
232.0
205.0
190.0
179.0
218.0
240.0
203.0
184.0
183.0
212.0
156.0
117.0
172.0
267.0
174.0
191.0
199.0
158.0
126.0
147.0
161.0
126.0
149.0
241.0
207.0
140.0
132.0
157.0
187.0
183.0
167.0
164.0
182.0
198.0
175.0
171.0
157.0
158.0
164.0
140.0
183.0
94.0
60.0
220.0
218.0
194.0
177.0
109.0
115.0
178.0
67.0
120.0
177.0
148.0
184.0
136.0
102.0
163.0
198.0
163.0
116.0
125.0
165.0
150.0
150.0
71.0
111.0
126.0
97.0
70.0
-6.0
62.0
140.0
108.0
123.0
185.0
101.0
134.0
81.0
5.0
80.0
114.0
34.0
58.0
87.0
105.0
81.0
45.0
96.0
100.0
33.0
76.0
77.0
34.0
-7.0
118.0
157.0
102.0
129.0
103.0
116.0
154.0
138.0
90.0
109.0
174.0
143.0
127.0
112.0
106.0
147.0
113.0
149.0
154.0
159.0
176.0
131.0
106.0
147.0
166.0
123.0
74.0
108.0
162.0
79.0
159.0
191.0
121.0
125.0
143.0
130.0
86.0
134.0
199.0
159.0
134.0
172.0
169.0
165.0
121.0
163.0
156.0
108.0
76.0
77.0
135.0
146.0
208.0
200.0
155.0
129.0
121.0
171.0
167.0
174.0
192.0
121.0
96.0
115.0
145.0
152.0
189.0
139.0
59.0
139.0
75.0
24.0
151.0
110.0
109.0
115.0
131.0
105.0
116.0
29.0
25.0
115.0
47.0
100.0
70.0
22.0
105.0
51.0
-5.0
68.0
6.0
34.0
46.0
5.0
112.0
71.0
71.0
22.0
-50.0
27.0
140.0
52.0
1.0
58.0
62.0
38.0
54.0
76.0
-7.0
62.0
32.0
-8.0
-33.0
55.0
5.0
21.0
21.0
-88.0
-102.0
-7.0
18.0
-37.0
-13.0
52.0
3.0
-61.0
-73.0
-65.0
-108.0
-59.0
-14.0
25.0
59.0
3.0
-15.0
-61.0
-61.0
-19.0
-40.0
-8.0
34.0
81.0
96.0
99.0
-16.0
8.0
21.0
164.0
127.0
69.0
73.0
109.0
32.0
-6.0
171.0
146.0
30.0
135.0
49.0
-26.0
21.0
-31.0
32.0
100.0
80.0
-2.0
20.0
10.0
-29.0
-20.0
9.0
16.0
21.0
49.0
24.0
24.0
18.0
49.0
68.0
80.0
66.0
17.0
44.0
33.0
45.0
129.0
48.0
55.0
66.0
69.0
44.0
-12.0
40.0
90.0
81.0
63.0
159.0
71.0
96.0
121.0
99.0
128.0
108.0
76.0
39.0
36.0
102.0
166.0
136.0
99.0
76.0
115.0
80.0
55.0
54.0
75.0
25.0
56.0
79.0
121.0
165.0
51.0
18.0
25.0
81.0
99.0
7.0
56.0
40.0
-61.0
76.0
91.0
66.0
73.0
63.0
127.0
63.0
65.0
118.0
78.0
25.0
29.0
81.0
110.0
121.0
56.0
66.0
118.0
111.0
55.0
56.0
50.0
46.0
68.0
80.0
55.0
17.0
25.0
14.0
57.0
48.0
29.0
42.0
-16.0
17.0
17.0
52.0
63.0
7.0
19.0
71.0
53.0
37.0
85.0
67.0
69.0
78.0
35.0
41.0
94.0
4.0
51.0
87.0
37.0
43.0
50.0
23.0
83.0
79.0
46.0
87.0
40.0
-6.0
15.0
77.0
62.0
80.0
63.0
22.0
80.0
116.0
65.0
24.0
-30.0
24.0
69.0
89.0
87.0
81.0
29.0
37.0
35.0
39.0
40.0
63.0
60.0
-17.0
51.0
78.0
-15.0
5.0
56.0
91.0
68.0
38.0
50.0
81.0
82.0
65.0
58.0
50.0
63.0
106.0
99.0
131.0
166.0
260.0
357.0
385.0
418.0
488.0
470.0
463.0
472.0
472.0
486.0
386.0
358.0
380.0
379.0
356.0
285.0
145.0
101.0
159.0
73.0
57.0
37.0
-32.0
-97.0
-139.0
-106.0
-110.0
-158.0
-185.0
-209.0
-251.0
-274.0
-303.0
-303.0
-251.0
-227.0
-196.0
-250.0
-309.0
-353.0
-297.0
-315.0
-327.0
-276.0
-214.0
-202.0
-249.0
-271.0
-243.0
-278.0
-276.0
-217.0
-252.0
-329.0
-204.0
-98.0
-117.0
-82.0
12.0
44.0
111.0
185.0
302.0
353.0
345.0
383.0
428.0
331.0
403.0
347.0
365.0
411.0
227.0
213.0
192.0
45.0
-5.0
-6.0
-34.0
-181.0
-88.0
-144.0
-204.0
-169.0
-205.0
-235.0
-248.0
-202.0
-232.0
-220.0
-225.0
-266.0
-281.0
-253.0
-297.0
-287.0
-303.0
-290.0
-322.0
-307.0
-270.0
-268.0
-262.0
-254.0
-254.0
-218.0
-218.0
-227.0
-241.0
-229.0
-244.0
-266.0
-215.0
-194.0
-210.0
-183.0
-177.0
-163.0
-146.0
-118.0
-129.0
-168.0
-167.0
-127.0
-144.0
-146.0
-98.0
-97.0
-145.0
-149.0
-86.0
-51.0
-69.0
-91.0
-96.0
-99.0
-124.0
-128.0
-174.0
-133.0
-60.0
-100.0
-100.0
-114.0
-110.0
-63.0
-52.0
-61.0
-68.0
-59.0
-111.0
-127.0
-104.0
-42.0
-46.0
-59.0
-111.0
-55.0
-6.0
-56.0
-103.0
-74.0
-123.0
-131.0
-103.0
-74.0
-62.0
-40.0
-97.0
-92.0
-87.0
-112.0
-45.0
-40.0
-70.0
-108.0
-121.0
-138.0
-151.0
-133.0
-17.0
-111.0
-121.0
-93.0
-92.0
-94.0
-175.0
-183.0
-130.0
-137.0
-128.0
-112.0
-89.0
-155.0
-182.0
-93.0
-97.0
-134.0
-57.0
-32.0
-41.0
-65.0
-89.0
-74.0
-73.0
-31.0
-23.0
-39.0
-13.0
-67.0
-55.0
10.0
-47.0
-44.0
-58.0
-82.0
-52.0
28.0
-23.0
-100.0
45.0
50.0
64.0
125.0
66.0
61.0
55.0
-19.0
12.0
103.0
-7.0
-22.0
27.0
1.0
-14.0
-55.0
-23.0
32.0
-4.0
-17.0
16.0
-42.0
-45.0
-40.0
-15.0
10.0
-11.0
-29.0
31.0
40.0
-28.0
-15.0
29.0
4.0
-1.0
-34.0
-21.0
-8.0
-71.0
33.0
2.0
23.0
85.0
-33.0
-30.0
18.0
-3.0
-26.0
-70.0
-8.0
-7.0
-43.0
58.0
73.0
-27.0
-32.0
-29.0
-30.0
20.0
18.0
41.0
24.0
2.0
-52.0
-49.0
14.0
46.0
-2.0
-14.0
30.0
24.0
-12.0
-9.0
34.0
42.0
46.0
39.0
-10.0
-20.0
4.0
8.0
29.0
27.0
-14.0
-14.0
-27.0
-50.0
-17.0
-4.0
-74.0
-20.0
-4.0
-54.0
-16.0
12.0
-25.0
-60.0
-17.0
44.0
-47.0
-67.0
16.0
-49.0
-42.0
-7.0
-54.0
-20.0
-47.0
-145.0
-14.0
12.0
-21.0
16.0
-13.0
-49.0
-33.0
-25.0
7.0
-42.0
-65.0
-7.0
-48.0
-49.0
-18.0
6.0
15.0
-5.0
-27.0
-37.0
-23.0
9.0
-11.0
-21.0
-68.0
-87.0
-90.0
-116.0
-97.0
-40.0
2.0
-59.0
-128.0
-64.0
4.0
-34.0
-67.0
-64.0
-13.0
-52.0
-46.0
-26.0
-5.0
-51.0
-53.0
-38.0
-59.0
-59.0
-14.0
-27.0
-31.0
-7.0
-39.0
-34.0
-13.0
-44.0
-64.0
-26.0
-15.0
-40.0
-47.0
-3.0
-21.0
-34.0
-38.0
-34.0
-45.0
-57.0
-21.0
-15.0
-44.0
0.0
49.0
50.0
64.0
41.0
13.0
-53.0
-30.0
39.0
-31.0
-35.0
8.0
-27.0
-70.0
-56.0
-38.0
-29.0
-22.0
-43.0
-42.0
-12.0
-42.0
-10.0
-24.0
-32.0
4.0
24.0
35.0
-1.0
23.0
52.0
3.0
-35.0
12.0
34.0
-62.0
-21.0
65.0
17.0
-18.0
107.0
95.0
58.0
127.0
105.0
46.0
61.0
45.0
88.0
127.0
48.0
42.0
3.0
10.0
100.0
53.0
14.0
20.0
65.0
-4.0
50.0
86.0
49.0
-13.0
-8.0
17.0
21.0
30.0
30.0
3.0
33.0
24.0
-56.0
5.0
86.0
17.0
-20.0
21.0
36.0
-15.0
-4.0
-57.0
-52.0
3.0
24.0
10.0
-56.0
1.0
9.0
-10.0
-42.0
-27.0
-14.0
4.0
41.0
26.0
50.0
65.0
43.0
68.0
88.0
118.0
99.0
126.0
190.0
244.0
295.0
345.0
397.0
372.0
396.0
468.0
462.0
464.0
368.0
334.0
323.0
241.0
222.0
233.0
164.0
145.0
115.0
86.0
51.0
15.0
95.0
65.0
20.0
24.0
-14.0
-58.0
-71.0
-96.0
-119.0
-91.0
-90.0
-151.0
-182.0
-199.0
-233.0
-212.0
-197.0
-190.0
-229.0
-200.0
-198.0
-202.0
-186.0
-155.0
-125.0
-88.0
-65.0
18.0
76.0
176.0
288.0
353.0
428.0
463.0
503.0
452.0
388.0
398.0
357.0
358.0
331.0
184.0
178.0
169.0
105.0
6.0
-91.0
-101.0
-195.0
-228.0
-192.0
-280.0
-355.0
-329.0
-332.0
-359.0
-365.0
-382.0
-381.0
-367.0
-389.0
-385.0
-354.0
-364.0
-379.0
-359.0
-322.0
-281.0
-322.0
-334.0
-348.0
-358.0
-318.0
-268.0
-288.0
-272.0
-268.0
-240.0
-214.0
-243.0
-250.0
-235.0
-251.0
-235.0
-246.0
-242.0
-199.0
-177.0
-151.0
-157.0
-154.0
-149.0
-174.0
-179.0
-201.0
-195.0
-146.0
-125.0
-131.0
-99.0
-106.0
-112.0
-95.0
-126.0
-143.0
-127.0
-116.0
-105.0
-98.0
-69.0
-49.0
-54.0
-70.0
-85.0
-92.0
-94.0
-88.0
-52.0
-2.0
60.0
135.0
225.0
298.0
373.0
441.0
521.0
545.0
495.0
437.0
320.0
339.0
318.0
202.0
158.0
110.0
45.0
17.0
-32.0
-81.0
-117.0
-175.0
-180.0
-185.0
-247.0
-232.0
-257.0
-275.0
-248.0
-254.0
-243.0
-250.0
-245.0
-260.0
-334.0
-324.0
-270.0
-297.0
-313.0
-248.0
-296.0
-336.0
-326.0
-281.0
-265.0
-280.0
-257.0
-269.0
-235.0
-203.0
-183.0
-173.0
-183.0
-195.0
-224.0
-222.0
-154.0
-190.0
-187.0
-183.0
-185.0
-193.0
-191.0
-155.0
-143.0
-191.0
-194.0
-143.0
-210.0
-189.0
-105.0
-140.0
-111.0
-114.0
-117.0
-156.0
-114.0
-121.0
-161.0
-156.0
-136.0
-104.0
-102.0
-108.0
-98.0
-91.0
-62.0
-73.0
-106.0
-63.0
-83.0
-118.0
-56.0
-101.0
-80.0
-61.0
-101.0
-78.0
-66.0
-90.0
-114.0
-130.0
-113.0
-137.0
-111.0
-91.0
-96.0
-59.0
-69.0
-98.0
-52.0
-55.0
-107.0
-126.0
-103.0
-46.0
-56.0
-27.0
-33.0
-26.0
-66.0
-82.0
-65.0
-71.0
-57.0
-67.0
-122.0
-60.0
-73.0
-45.0
-35.0
-24.0
-1.0
-14.0
-20.0
21.0
-47.0
-15.0
-21.0
-119.0
-17.0
93.0
-7.0
-21.0
19.0
46.0
39.0
-23.0
-71.0
-110.0
-122.0
-53.0
-16.0
-7.0
-31.0
-115.0
-22.0
49.0
43.0
15.0
-36.0
-37.0
-52.0
-18.0
12.0
-48.0
-49.0
10.0
-16.0
11.0
50.0
27.0
31.0
8.0
-27.0
-30.0
0.0
9.0
28.0
-12.0
-54.0
-29.0
-4.0
-8.0
-12.0
-20.0
-15.0
-24.0
-27.0
-33.0
6.0
3.0
-33.0
10.0
-8.0
4.0
41.0
35.0
-3.0
7.0
-27.0
-14.0
-22.0
-20.0
-22.0
-70.0
16.0
15.0
-23.0
-5.0
-22.0
-29.0
30.0
-10.0
-21.0
-6.0
-25.0
-33.0
-43.0
-11.0
-25.0
-39.0
-12.0
-4.0
-55.0
-1.0
12.0
-19.0
-39.0
-1.0
1.0
-12.0
24.0
30.0
3.0
6.0
60.0
-38.0
-50.0
-44.0
-52.0
-31.0
6.0
-22.0
-24.0
-13.0
-35.0
-47.0
17.0
20.0
-17.0
-12.0
-33.0
-10.0
-19.0
2.0
28.0
6.0
29.0
10.0
29.0
-9.0
-39.0
-21.0
-11.0
-35.0
-54.0
-36.0
-49.0
-30.0
-74.0
-80.0
-86.0
-31.0
-6.0
14.0
-1.0
-2.0
-17.0
-34.0
10.0
31.0
-3.0
4.0
1.0
-36.0
-2.0
2.0
-6.0
-26.0
-35.0
-41.0
-9.0
1.0
13.0
-3.0
-50.0
-3.0
-9.0
-21.0
25.0
18.0
16.0
-9.0
-31.0
-23.0
-17.0
-15.0
-1.0
34.0
27.0
-16.0
-12.0
-26.0
-15.0
-29.0
24.0
-29.0
-15.0
22.0
36.0
21.0
14.0
40.0
26.0
13.0
21.0
41.0
20.0
26.0
32.0
33.0
23.0
42.0
32.0
68.0
37.0
-61.0
-3.0
42.0
56.0
-2.0
-42.0
4.0
-27.0
13.0
33.0
33.0
26.0
-7.0
-11.0
12.0
49.0
20.0
-8.0
-14.0
25.0
17.0
6.0
-4.0
-48.0
-9.0
-18.0
-14.0
18.0
-7.0
26.0
4.0
-18.0
-17.0
-27.0
-32.0
30.0
13.0
2.0
-23.0
-35.0
-9.0
-14.0
-11.0
46.0
34.0
46.0
89.0
93.0
81.0
91.0
159.0
221.0
290.0
378.0
384.0
376.0
411.0
326.0
377.0
524.0
326.0
272.0
325.0
248.0
175.0
147.0
53.0
110.0
52.0
-43.0
-15.0
-1.0
46.0
64.0
-17.0
-105.0
-57.0
-55.0
-97.0
-52.0
-109.0
-137.0
-111.0
-88.0
-118.0
-158.0
-130.0
-92.0
-98.0
-111.0
-134.0
-134.0
-73.0
-75.0
-128.0
-180.0
-178.0
-162.0
-175.0
-153.0
-153.0
-159.0
-165.0
-148.0
-127.0
-122.0
-202.0
-131.0
-77.0
-97.0
-76.0
-75.0
-162.0
-150.0
-93.0
-126.0
-127.0
-143.0
-153.0
-103.0
-91.0
-111.0
-128.0
-214.0
-159.0
-97.0
-120.0
-112.0
-125.0
-142.0
-128.0
-105.0
-87.0
-46.0
-44.0
-91.0
-84.0
-94.0
-107.0
-90.0
-82.0
-105.0
-140.0
-146.0
-46.0
-54.0
-95.0
-84.0
-63.0
-102.0
-105.0
-50.0
-63.0
-63.0
-86.0
-67.0
-48.0
-60.0
-62.0
-53.0
-74.0
-142.0
-108.0
-92.0
-133.0
-125.0
-91.0
-82.0
-48.0
-63.0
-40.0
-80.0
-85.0
-108.0
-83.0
-101.0
-103.0
-101.0
-134.0
-107.0
-99.0
-92.0
-72.0
-76.0
-75.0
-110.0
-142.0
-82.0
-91.0
-118.0
-74.0
-86.0
-79.0
-80.0
-103.0
-103.0
-125.0
-105.0
-62.0
-65.0
-69.0
-59.0
-83.0
-51.0
-65.0
-112.0
-80.0
-33.0
-20.0
21.0
12.0
8.0
16.0
18.0
21.0
52.0
158.0
245.0
304.0
329.0
374.0
476.0
453.0
451.0
524.0
547.0
497.0
459.0
370.0
320.0
312.0
308.0
281.0
197.0
140.0
89.0
82.0
44.0
-7.0
-55.0
-111.0
-217.0
-190.0
-155.0
-237.0
-224.0
-191.0
-271.0
-247.0
-234.0
-256.0
-258.0
-257.0
-293.0
-299.0
-250.0
-249.0
-274.0
-259.0
-270.0
-250.0
-221.0
-273.0
-289.0
-296.0
-299.0
-306.0
-281.0
-274.0
-227.0
-153.0
-167.0
-212.0
-173.0
-131.0
-183.0
-209.0
-174.0
-158.0
-158.0
-187.0
-178.0
-136.0
-164.0
-168.0
-169.0
-185.0
-163.0
-101.0
-100.0
-148.0
-158.0
-152.0
-192.0
-142.0
-166.0
-201.0
-155.0
-102.0
-75.0
-20.0
-49.0
-107.0
-134.0
-96.0
-73.0
-26.0
46.0
95.0
156.0
224.0
267.0
310.0
334.0
403.0
418.0
391.0
341.0
381.0
444.0
390.0
335.0
386.0
398.0
397.0
364.0
260.0
240.0
253.0
165.0
80.0
101.0
68.0
40.0
-75.0
-41.0
-42.0
-121.0
-142.0
-180.0
-241.0
-269.0
-217.0
-223.0
-284.0
-310.0
-308.0
-326.0
-355.0
-333.0
-239.0
-204.0
-212.0
-280.0
-304.0
-295.0
-372.0
-378.0
-287.0
-314.0
-349.0
-331.0
-320.0
-285.0
-281.0
-298.0
-284.0
-271.0
-246.0
-245.0
-265.0
-297.0
-327.0
-315.0
-235.0
-242.0
-254.0
-204.0
-196.0
-207.0
-195.0
-157.0
-180.0
-171.0
-165.0
-162.0
-142.0
-157.0
-186.0
-137.0
-123.0
-206.0
-247.0
-121.0
-105.0
-120.0
-122.0
-93.0
-111.0
-191.0
-126.0
-144.0
-136.0
-147.0
-175.0
-156.0
-109.0
-102.0
-147.0
-111.0
-82.0
-95.0
-69.0
-76.0
-69.0
-68.0
-114.0
-95.0
-113.0
-82.0
-54.0
-35.0
-68.0
-71.0
-62.0
-43.0
-18.0
-8.0
-25.0
-21.0
-51.0
-97.0
-77.0
-34.0
-45.0
1.0
-12.0
-3.0
23.0
-37.0
-81.0
-13.0
-39.0
-57.0
-32.0
-41.0
-50.0
-68.0
-62.0
-34.0
-25.0
-30.0
-19.0
-14.0
-10.0
-30.0
6.0
75.0
109.0
143.0
192.0
216.0
216.0
233.0
233.0
205.0
193.0
215.0
210.0
221.0
206.0
190.0
161.0
180.0
190.0
178.0
196.0
188.0
205.0
247.0
261.0
285.0
260.0
239.0
233.0
316.0
331.0
329.0
300.0
191.0
198.0
218.0
94.0
-2.0
36.0
20.0
-4.0
12.0
-27.0
-99.0
6.0
-50.0
-115.0
-115.0
-138.0
-173.0
-181.0
-158.0
-153.0
-235.0
-256.0
-272.0
-270.0
-235.0
-221.0
-215.0
-240.0
-263.0
-246.0
-269.0
-229.0
-231.0
-255.0
-247.0
-255.0
-220.0
-187.0
-147.0
-213.0
-231.0
-159.0
-161.0
-180.0
-144.0
-157.0
-183.0
-199.0
-159.0
-146.0
-209.0
-166.0
-101.0
-119.0
-173.0
-159.0
-165.0
-136.0
-124.0
-137.0
-117.0
-128.0
-121.0
22.0
1.0
-48.0
-52.0
-66.0
-92.0
-59.0
-67.0
-79.0
-84.0
-122.0
-153.0
-129.0
-132.0
-120.0
-111.0
-95.0
-117.0
-121.0
-119.0
-129.0
-124.0
-142.0
-151.0
-133.0
-137.0
-108.0
-36.0
-11.0
-45.0
-114.0
-154.0
-98.0
-69.0
-117.0
-94.0
-103.0
-110.0
-155.0
-157.0
-122.0
-137.0
-50.0
-35.0
-48.0
-40.0
-49.0
-83.0
-98.0
-39.0
-33.0
-47.0
-77.0
-43.0
-8.0
12.0
-14.0
-5.0
22.0
52.0
62.0
102.0
139.0
183.0
210.0
228.0
227.0
234.0
258.0
292.0
284.0
280.0
331.0
344.0
367.0
389.0
389.0
316.0
304.0
354.0
416.0
400.0
368.0
453.0
416.0
297.0
231.0
322.0
294.0
308.0
202.0
218.0
212.0
122.0
26.0
-25.0
-81.0
-66.0
-85.0
-189.0
-185.0
-177.0
-208.0
-194.0
-184.0
-257.0
-261.0
-191.0
-215.0
-286.0
-204.0
-194.0
-298.0
-332.0
-229.0
-300.0
-345.0
-382.0
-313.0
-318.0
-339.0
-332.0
-344.0
-277.0
-252.0
-295.0
-261.0
-242.0
-232.0
-193.0
-186.0
-200.0
-195.0
-219.0
-265.0
-260.0
-169.0
-152.0
-126.0
-168.0
-172.0
-167.0
-165.0
-117.0
-164.0
-232.0
-210.0
-134.0
-173.0
-153.0
-160.0
-207.0
-185.0
-170.0
-135.0
-178.0
-102.0
-24.0
-25.0
-60.0
-63.0
-65.0
-110.0
-92.0
-75.0
-86.0
-112.0
-110.0
-56.0
-29.0
-49.0
-63.0
-83.0
-86.0
-39.0
-41.0
-63.0
-42.0
-65.0
-50.0
68.0
63.0
48.0
22.0
-26.0
-66.0
-83.0
-76.0
-79.0
-64.0
-55.0
-33.0
-7.0
8.0
-6.0
2.0
18.0
22.0
28.0
26.0
60.0
165.0
279.0
336.0
375.0
446.0
453.0
447.0
499.0
482.0
462.0
416.0
390.0
448.0
461.0
456.0
341.0
306.0
338.0
232.0
146.0
181.0
163.0
107.0
73.0
74.0
34.0
-53.0
-84.0
-133.0
-121.0
-164.0
-255.0
-183.0
-171.0
-246.0
-303.0
-274.0
-218.0
-258.0
-281.0
-274.0
-335.0
-270.0
-283.0
-293.0
-293.0
-359.0
-350.0
-326.0
-323.0
-336.0
-265.0
-240.0
-246.0
-236.0
-229.0
-216.0
-261.0
-294.0
-331.0
-354.0
-286.0
-268.0
-246.0
-253.0
-211.0
-195.0
-195.0
-192.0
-158.0
-168.0
-194.0
-216.0
-242.0
-219.0
-172.0
-151.0
-152.0
-237.0
-219.0
-127.0
-173.0
-172.0
-117.0
-120.0
-141.0
-166.0
-108.0
-93.0
-125.0
-166.0
-188.0
-120.0
-70.0
-66.0
-91.0
-145.0
-142.0
-166.0
-136.0
-79.0
-112.0
-136.0
-115.0
-121.0
-125.0
-82.0
-72.0
-56.0
-49.0
-94.0
-79.0
-82.0
-121.0
-127.0
-87.0
-89.0
-78.0
-64.0
-124.0
-130.0
-103.0
-87.0
-78.0
-41.0
-44.0
-92.0
-124.0
-76.0
-78.0
-97.0
-126.0
-108.0
-109.0
-82.0
-67.0
-117.0
-120.0
-50.0
-41.0
-62.0
-31.0
-80.0
-41.0
1.0
-33.0
-35.0
7.0
-16.0
-61.0
-93.0
-68.0
-6.0
-22.0
-3.0
-8.0
-4.0
16.0
-30.0
-33.0
28.0
18.0
8.0
13.0
1.0
5.0
-10.0
-25.0
-35.0
-14.0
15.0
-24.0
-53.0
-82.0
-71.0
-19.0
-29.0
-30.0
-35.0
-15.0
26.0
37.0
22.0
18.0
-11.0
-48.0
-34.0
-30.0
-59.0
-55.0
-24.0
-27.0
-34.0
-40.0
-52.0
-70.0
-44.0
-70.0
-96.0
-26.0
-26.0
-52.0
-45.0
-10.0
-17.0
-44.0
-48.0
-63.0
-87.0
-48.0
-18.0
-20.0
-24.0
-52.0
-44.0
-44.0
-42.0
17.0
15.0
-13.0
19.0
57.0
104.0
129.0
162.0
195.0
221.0
222.0
248.0
271.0
295.0
297.0
297.0
361.0
399.0
349.0
309.0
281.0
298.0
278.0
272.0
282.0
320.0
292.0
294.0
291.0
279.0
292.0
294.0
295.0
321.0
342.0
350.0
338.0
395.0
401.0
347.0
307.0
372.0
375.0
274.0
224.0
155.0
141.0
173.0
210.0
154.0
58.0
31.0
2.0
-84.0
-120.0
-107.0
-152.0
-230.0
-343.0
-306.0
-275.0
-297.0
-292.0
-364.0
-342.0
-327.0
-394.0
-433.0
-384.0
-347.0
-343.0
-346.0
-346.0
-296.0
-314.0
-337.0
-293.0
-284.0
-344.0
-384.0
-375.0
-323.0
-346.0
-307.0
-282.0
-241.0
-224.0
-244.0
-228.0
-180.0
-184.0
-180.0
-195.0
-220.0
-241.0
-256.0
-215.0
-201.0
-213.0
-161.0
-150.0
-198.0
-177.0
-131.0
-127.0
-129.0
-121.0
-127.0
-117.0
-137.0
-135.0
-155.0
-184.0
-142.0
-152.0
-155.0
-156.0
-119.0
-127.0
-148.0
-133.0
-112.0
-125.0
-135.0
-154.0
-159.0
-31.0
-38.0
-78.0
-118.0
-65.0
-67.0
-77.0
-33.0
-44.0
-110.0
-96.0
-29.0
-17.0
-13.0
-30.0
-71.0
-84.0
-20.0
-9.0
-52.0
-39.0
-20.0
-32.0
-49.0
-34.0
-54.0
-15.0
2.0
-3.0
1.0
33.0
-9.0
17.0
50.0
37.0
-8.0
-47.0
-60.0
-20.0
-10.0
-34.0
-80.0
-46.0
47.0
-6.0
22.0
41.0
12.0
-30.0
19.0
41.0
-8.0
-83.0
-56.0
31.0
35.0
5.0
-54.0
-31.0
-33.0
-43.0
-10.0
-12.0
-20.0
15.0
-31.0
1.0
25.0
23.0
13.0
-8.0
4.0
-3.0
-54.0
-48.0
3.0
-5.0
-23.0
-2.0
20.0
0.0
-12.0
-25.0
-13.0
-23.0
-29.0
-27.0
-52.0
15.0
70.0
45.0
52.0
76.0
108.0
129.0
208.0
225.0
212.0
274.0
356.0
369.0
391.0
381.0
382.0
463.0
501.0
496.0
419.0
448.0
402.0
360.0
408.0
319.0
340.0
318.0
281.0
254.0
239.0
163.0
124.0
125.0
180.0
122.0
110.0
106.0
123.0
129.0
112.0
86.0
25.0
-54.0
-17.0
-48.0
-79.0
-59.0
-73.0
-92.0
-106.0
-85.0
-91.0
-53.0
-87.0
-128.0
-106.0
-133.0
-142.0
-92.0
-114.0
-136.0
-81.0
-118.0
-104.0
-69.0
-56.0
-40.0
-69.0
-89.0
-125.0
-142.0
-123.0
-90.0
-115.0
-110.0
-106.0
-144.0
-134.0
-103.0
-107.0
-150.0
-143.0
-115.0
-90.0
-105.0
-115.0
-107.0
-115.0
-135.0
-96.0
-38.0
-48.0
-84.0
-92.0
-118.0
-89.0
-87.0
-86.0
-72.0
-52.0
-109.0
-103.0
-92.0
-100.0
-110.0
-91.0
-72.0
-83.0
-118.0
-68.0
-78.0
-132.0
-98.0
-40.0
-31.0
-36.0
-57.0
-106.0
-86.0
-91.0
-78.0
-39.0
-58.0
-63.0
-138.0
-115.0
-72.0
-94.0
-91.0
-72.0
-86.0
-97.0
-83.0
-86.0
-126.0
-64.0
-50.0
-101.0
-91.0
-93.0
-111.0
-81.0
-64.0
-133.0
-214.0
-269.0
-247.0
-235.0
-287.0
-302.0
-327.0
-401.0
-351.0
-246.0
-242.0
-245.0
-237.0
-255.0
-300.0
-299.0
-163.0
-165.0
-230.0
-238.0
-237.0
-248.0
-231.0
-213.0
-231.0
-232.0
-209.0
-205.0
-204.0
-222.0
-170.0
-167.0
-182.0
-214.0
-164.0
-105.0
-106.0
-112.0
-116.0
-167.0
-78.0
-64.0
-122.0
-100.0
-19.0
-42.0
-56.0
-48.0
-14.0
-33.0
-100.0
-61.0
-67.0
-84.0
-51.0
-32.0
-97.0
-72.0
-69.0
-100.0
-51.0
-19.0
-47.0
-44.0
-44.0
-32.0
-21.0
-60.0
-70.0
-12.0
5.0
-34.0
-19.0
-1.0
17.0
-20.0
-55.0
-41.0
1.0
21.0
15.0
4.0
-42.0
-28.0
-24.0
-41.0
-10.0
23.0
44.0
18.0
-10.0
3.0
21.0
27.0
27.0
-14.0
-8.0
21.0
25.0
44.0
35.0
44.0
42.0
34.0
42.0
15.0
10.0
21.0
8.0
21.0
3.0
-4.0
-21.0
-27.0
-34.0
-15.0
-2.0
-40.0
-2.0
-24.0
-19.0
-12.0
10.0
-53.0
-43.0
24.0
-10.0
-52.0
-66.0
-92.0
8.0
104.0
72.0
41.0
46.0
16.0
21.0
38.0
25.0
18.0
44.0
31.0
24.0
34.0
74.0
109.0
138.0
148.0
196.0
216.0
218.0
241.0
240.0
253.0
269.0
278.0
277.0
264.0
271.0
182.0
174.0
170.0
91.0
115.0
105.0
62.0
39.0
-11.0
-21.0
6.0
13.0
-15.0
-67.0
-48.0
-64.0
-73.0
-62.0
-97.0
-124.0
-74.0
-70.0
-128.0
-127.0
-139.0
-152.0
-139.0
-130.0
-129.0
-171.0
-180.0
-167.0
-142.0
-101.0
-82.0
-108.0
-121.0
-100.0
-82.0
-77.0
-80.0
-93.0
-164.0
-118.0
-64.0
-62.0
-56.0
-64.0
-55.0
-73.0
-88.0
-88.0
-89.0
-120.0
-149.0
-69.0
-61.0
-96.0
-54.0
-63.0
-95.0
-78.0
-78.0
-70.0
-87.0
-77.0
-124.0
-69.0
-3.0
-39.0
-39.0
-8.0
-46.0
-76.0
-81.0
-63.0
-71.0
-87.0
-18.0
-20.0
-67.0
-46.0
-22.0
-20.0
-21.0
-70.0
-49.0
-58.0
-74.0
-25.0
-1.0
-14.0
-31.0
-86.0
-71.0
-26.0
-45.0
-26.0
12.0
-2.0
35.0
-30.0
-64.0
13.0
33.0
2.0
10.0
-21.0
-6.0
18.0
-67.0
-60.0
-25.0
-25.0
-46.0
-61.0
-18.0
-11.0
9.0
52.0
69.0
99.0
134.0
154.0
230.0
272.0
353.0
436.0
451.0
432.0
455.0
419.0
502.0
513.0
501.0
446.0
389.0
381.0
353.0
278.0
280.0
146.0
95.0
101.0
60.0
48.0
19.0
-83.0
-135.0
-38.0
-100.0
-139.0
-171.0
-195.0
-212.0
-185.0
-244.0
-235.0
-196.0
-240.0
-233.0
-215.0
-246.0
-261.0
-228.0
-207.0
-282.0
-336.0
-315.0
-323.0
-281.0
-210.0
-206.0
-257.0
-278.0
-270.0
-261.0
-209.0
-227.0
-259.0
-242.0
-241.0
-244.0
-251.0
-199.0
-194.0
-167.0
-156.0
-171.0
-184.0
-156.0
-126.0
-137.0
-147.0
-142.0
-180.0
-134.0
-108.0
-108.0
-118.0
-141.0
-147.0
-91.0
-107.0
-145.0
-167.0
-154.0
-91.0
-112.0
-134.0
-139.0
-159.0
-144.0
-137.0
-126.0
-114.0
-120.0
-129.0
-135.0
-132.0
-93.0
-83.0
-69.0
-81.0
-89.0
-53.0
-76.0
-86.0
-83.0
-62.0
-86.0
-11.0
-15.0
-55.0
-36.0
-68.0
-108.0
-58.0
-54.0
-75.0
-56.0
-3.0
-29.0
-82.0
-78.0
-75.0
-49.0
-25.0
-33.0
-51.0
-85.0
-50.0
-46.0
-56.0
-66.0
-54.0
-59.0
-20.0
-3.0
-37.0
-44.0
-36.0
7.0
-19.0
-111.0
-57.0
-6.0
-8.0
-23.0
-23.0
-46.0
-11.0
31.0
13.0
-41.0
-26.0
-2.0
-25.0
-22.0
37.0
10.0
9.0
-46.0
-49.0
17.0
-13.0
-2.0
33.0
-33.0
-49.0
-50.0
-30.0
17.0
-43.0
-25.0
-36.0
-32.0
3.0
13.0
-44.0
-34.0
4.0
7.0
-42.0
-46.0
-46.0
-56.0
-61.0
-39.0
53.0
69.0
-1.0
-53.0
-53.0
-62.0
-21.0
8.0
1.0
42.0
65.0
94.0
155.0
190.0
222.0
279.0
334.0
363.0
384.0
381.0
355.0
381.0
391.0
429.0
462.0
449.0
417.0
312.0
288.0
249.0
195.0
193.0
89.0
107.0
130.0
11.0
172.0
201.0
124.0
32.0
51.0
46.0
-103.0
-258.0
-206.0
-217.0
-215.0
-214.0
-206.0
-191.0
-146.0
-145.0
-153.0
-298.0
-342.0
-291.0
-251.0
-256.0
-271.0
-288.0
-201.0
-121.0
-87.0
-127.0
-126.0
-124.0
-147.0
-215.0
-214.0
-253.0
-320.0
-343.0
-324.0
-300.0
-274.0
-224.0
-194.0
-210.0
-203.0
-182.0
-218.0
-224.0
-207.0
-256.0
-231.0
-183.0
-216.0
-162.0
-211.0
-229.0
-213.0
-198.0
-159.0
-112.0
-140.0
-138.0
-108.0
-78.0
-77.0
-140.0
-125.0
-158.0
-202.0
-145.0
-147.0
-152.0
-87.0
-124.0
-115.0
-72.0
-90.0
-101.0
-95.0
-68.0
-106.0
-69.0
-33.0
-54.0
-84.0
-109.0
-117.0
-51.0
-40.0
-51.0
-37.0
-42.0
-75.0
-102.0
-52.0
-46.0
-126.0
-103.0
-58.0
-58.0
-31.0
-22.0
-43.0
-46.0
-13.0
-17.0
-23.0
-56.0
-46.0
-13.0
-28.0
-34.0
-10.0
-18.0
-9.0
-18.0
-12.0
-30.0
-59.0
-66.0
-25.0
1.0
4.0
8.0
22.0
5.0
-1.0
46.0
116.0
139.0
176.0
210.0
211.0
203.0
167.0
250.0
265.0
274.0
287.0
339.0
364.0
354.0
365.0
286.0
280.0
366.0
305.0
293.0
322.0
256.0
210.0
187.0
207.0
111.0
74.0
42.0
6.0
-13.0
-53.0
-43.0
-70.0
-93.0
-138.0
-211.0
-116.0
-121.0
-174.0
-134.0
-182.0
-232.0
-219.0
-207.0
-238.0
-215.0
-239.0
-263.0
-285.0
-287.0
-279.0
-313.0
-294.0
-261.0
-271.0
-290.0
-269.0
-268.0
-278.0
-272.0
-260.0
-210.0
-230.0
-214.0
-201.0
-263.0
-301.0
-233.0
-224.0
-218.0
-191.0
-168.0
-167.0
-199.0
-204.0
-200.0
-171.0
-175.0
-125.0
-121.0
-123.0
-126.0
-108.0
-108.0
-147.0
-186.0
-120.0
-87.0
-91.0
-102.0
-128.0
-217.0
-76.0
34.0
-48.0
-100.0
-111.0
-130.0
-107.0
-63.0
-65.0
-72.0
-78.0
-91.0
-58.0
-77.0
-73.0
-32.0
-14.0
-10.0
1.0
0.0
-24.0
-73.0
-43.0
-4.0
-26.0
-103.0
-43.0
17.0
-5.0
-56.0
-55.0
-14.0
-5.0
7.0
-20.0
-35.0
37.0
14.0
-23.0
12.0
-20.0
-25.0
-15.0
-4.0
-12.0
3.0
-17.0
20.0
52.0
17.0
-1.0
-5.0
-1.0
30.0
14.0
13.0
35.0
25.0
8.0
27.0
22.0
-33.0
-42.0
21.0
-16.0
27.0
58.0
34.0
-22.0
-52.0
-39.0
-3.0
6.0
22.0
16.0
30.0
26.0
45.0
54.0
55.0
106.0
92.0
70.0
13.0
15.0
15.0
46.0
73.0
48.0
35.0
42.0
79.0
67.0
21.0
43.0
37.0
34.0
66.0
97.0
108.0
117.0
112.0
121.0
125.0
143.0
154.0
199.0
210.0
168.0
200.0
284.0
318.0
322.0
383.0
406.0
434.0
422.0
346.0
412.0
452.0
457.0
497.0
439.0
379.0
421.0
413.0
348.0
242.0
273.0
287.0
183.0
154.0
89.0
95.0
108.0
40.0
1.0
-78.0
-34.0
-115.0
-229.0
-181.0
-191.0
-144.0
-198.0
-246.0
-259.0
-286.0
-195.0
-196.0
-271.0
-230.0
-261.0
-301.0
-335.0
-347.0
-353.0
-270.0
-313.0
-431.0
-332.0
-298.0
-345.0
-350.0
-315.0
-311.0
-351.0
-328.0
-261.0
-243.0
-239.0
-248.0
-229.0
-247.0
-220.0
-230.0
-261.0
-270.0
-291.0
-289.0
-249.0
-203.0
-192.0
-237.0
-214.0
-185.0
-191.0
-183.0
-158.0
-162.0
-180.0
-199.0
-233.0
-149.0
-98.0
-112.0
-109.0
-122.0
-134.0
-125.0
-83.0
-87.0
-89.0
-80.0
-111.0
-74.0
-63.0
-132.0
-138.0
-132.0
-102.0
-86.0
-64.0
-56.0
-97.0
-89.0
-83.0
-10.0
35.0
1.0
-53.0
-33.0
-62.0
-84.0
-60.0
-40.0
-65.0
-126.0
-79.0
-51.0
-50.0
-28.0
-51.0
-51.0
-72.0
-62.0
-89.0
-70.0
13.0
14.0
-75.0
-101.0
-138.0
-47.0
-20.0
-32.0
-15.0
-9.0
-53.0
-52.0
29.0
41.0
5.0
-48.0
-35.0
-17.0
20.0
51.0
-5.0
-28.0
-2.0
-22.0
14.0
41.0
-51.0
-16.0
48.0
-1.0
-14.0
-3.0
-2.0
-46.0
-66.0
-27.0
1.0
-34.0
-40.0
-35.0
-35.0
-29.0
-52.0
-43.0
-18.0
-48.0
-39.0
-24.0
-49.0
-71.0
-66.0
28.0
-5.0
-30.0
-64.0
-54.0
-7.0
-39.0
-72.0
-49.0
-63.0
-74.0
-32.0
-11.0
-40.0
3.0
17.0
-16.0
-78.0
-13.0
20.0
-5.0
17.0
9.0
18.0
18.0
52.0
37.0
20.0
30.0
-6.0
-35.0
7.0
7.0
8.0
2.0
-1.0
-2.0
41.0
20.0
-8.0
26.0
11.0
-1.0
8.0
20.0
81.0
49.0
16.0
3.0
36.0
37.0
13.0
7.0
23.0
29.0
30.0
61.0
69.0
74.0
112.0
158.0
143.0
155.0
187.0
229.0
238.0
225.0
239.0
247.0
275.0
395.0
427.0
391.0
361.0
357.0
319.0
316.0
388.0
385.0
349.0
300.0
311.0
309.0
213.0
152.0
114.0
222.0
159.0
83.0
111.0
93.0
33.0
-36.0
15.0
34.0
-53.0
-6.0
-59.0
-145.0
-131.0
-136.0
-96.0
-111.0
-147.0
-181.0
-164.0
-178.0
-197.0
-215.0
-199.0
-277.0
-219.0
-216.0
-273.0
-289.0
-302.0
-262.0
-233.0
-287.0
-245.0
-237.0
-191.0
-166.0
-141.0
-200.0
-243.0
-240.0
-235.0
-230.0
-265.0
-244.0
-217.0
-213.0
-183.0
-235.0
-240.0
-161.0
-165.0
-212.0
-182.0
-196.0
-188.0
-200.0
-184.0
-173.0
-138.0
-163.0
-164.0
-177.0
-137.0
-82.0
-53.0
-64.0
-128.0
-172.0
-115.0
-109.0
-113.0
-130.0
-146.0
-118.0
-117.0
-108.0
-112.0
-95.0
-43.0
-32.0
-16.0
-26.0
-112.0
-114.0
-124.0
-67.0
10.0
-23.0
-39.0
-18.0
-85.0
-107.0
-28.0
-1.0
-5.0
-39.0
-92.0
-114.0
-64.0
-24.0
-14.0
-45.0
11.0
4.0
-11.0
23.0
81.0
35.0
-4.0
50.0
48.0
23.0
71.0
64.0
2.0
3.0
48.0
10.0
10.0
-27.0
-56.0
15.0
-5.0
-18.0
1.0
-61.0
-92.0
-53.0
-45.0
-42.0
-97.0
-32.0
11.0
-47.0
-55.0
-83.0
-33.0
-39.0
-87.0
-44.0
-6.0
-49.0
-28.0
3.0
7.0
-12.0
-22.0
-76.0
-125.0
-103.0
-98.0
-106.0
-63.0
-53.0
-39.0
-23.0
-31.0
-34.0
5.0
36.0
12.0
20.0
6.0
-6.0
-28.0
-18.0
15.0
20.0
22.0
1.0
-12.0
-15.0
4.0
-8.0
-6.0
6.0
16.0
-16.0
-33.0
26.0
21.0
23.0
45.0
23.0
-5.0
24.0
85.0
108.0
44.0
23.0
-1.0
-29.0
85.0
36.0
-15.0
25.0
-11.0
-25.0
28.0
-15.0
-15.0
35.0
-26.0
-35.0
-70.0
30.0
23.0
-17.0
-2.0
3.0
11.0
17.0
12.0
-15.0
8.0
-35.0
-4.0
26.0
25.0
29.0
2.0
39.0
13.0
-23.0
-8.0
23.0
13.0
41.0
32.0
-29.0
3.0
27.0
3.0
-33.0
-7.0
-13.0
23.0
78.0
67.0
49.0
25.0
-59.0
5.0
67.0
25.0
-16.0
-4.0
8.0
80.0
138.0
105.0
52.0
12.0
-32.0
-53.0
8.0
5.0
45.0
12.0
-17.0
-55.0
-33.0
-2.0
-5.0
-10.0
-22.0
-49.0
-4.0
-33.0
1.0
1.0
-38.0
-45.0
-22.0
-44.0
-63.0
-76.0
-83.0
-13.0
8.0
-13.0
18.0
-11.0
1.0
39.0
1.0
-16.0
-22.0
-39.0
-22.0
46.0
14.0
-24.0
-11.0
4.0
17.0
-25.0
-22.0
-72.0
-70.0
-84.0
-42.0
-5.0
-23.0
-85.0
-47.0
8.0
-6.0
-31.0
-31.0
-4.0
-20.0
-14.0
3.0
2.0
-5.0
1.0
-11.0
-59.0
2.0
18.0
10.0
33.0
-16.0
-7.0
47.0
57.0
22.0
-4.0
26.0
6.0
-27.0
13.0
-16.0
-43.0
43.0
37.0
23.0
26.0
44.0
23.0
-3.0
20.0
-24.0
-12.0
3.0
24.0
29.0
25.0
50.0
86.0
33.0
62.0
43.0
5.0
31.0
97.0
68.0
23.0
15.0
52.0
59.0
-6.0
67.0
86.0
58.0
35.0
-5.0
54.0
54.0
30.0
15.0
20.0
16.0
-20.0
18.0
-11.0
-46.0
-13.0
1.0
41.0
69.0
50.0
67.0
60.0
17.0
22.0
-63.0
-52.0
-30.0
-62.0
5.0
11.0
11.0
-7.0
-22.0
-39.0
-55.0
-43.0
-44.0
-86.0
-13.0
5.0
-66.0
2.0
-25.0
-110.0
-45.0
2.0
-30.0
-80.0
-68.0
-24.0
-22.0
2.0
-2.0
-27.0
-45.0
-22.0
-41.0
-14.0
-45.0
-59.0
-47.0
-52.0
-17.0
-8.0
-16.0
-36.0
8.0
-44.0
-29.0
-6.0
-39.0
-22.0
-1.0
-61.0
-66.0
-21.0
14.0
-39.0
-55.0
-51.0
-13.0
-1.0
-23.0
-64.0
-17.0
-54.0
-24.0
-21.0
-4.0
35.0
6.0
-33.0
-15.0
22.0
21.0
21.0
3.0
17.0
35.0
53.0
7.0
35.0
48.0
7.0
6.0
22.0
70.0
61.0
-8.0
14.0
21.0
-3.0
21.0
15.0
16.0
18.0
-20.0
-45.0
44.0
14.0
-15.0
68.0
61.0
46.0
49.0
78.0
115.0
131.0
103.0
79.0
78.0
108.0
133.0
146.0
143.0
125.0
157.0
138.0
192.0
183.0
211.0
267.0
250.0
242.0
210.0
263.0
215.0
185.0
228.0
171.0
136.0
156.0
114.0
114.0
119.0
95.0
117.0
103.0
49.0
35.0
86.0
72.0
40.0
118.0
108.0
58.0
86.0
105.0
90.0
108.0
107.0
53.0
20.0
94.0
136.0
101.0
78.0
129.0
100.0
136.0
107.0
21.0
69.0
140.0
84.0
67.0
156.0
84.0
-6.0
76.0
116.0
24.0
-39.0
80.0
-8.0
-60.0
29.0
-41.0
-87.0
-84.0
-91.0
-98.0
-183.0
-110.0
-71.0
-162.0
-146.0
-93.0
-85.0
-78.0
-107.0
-143.0
-72.0
-146.0
-124.0
-144.0
-161.0
-206.0
-253.0
-250.0
-200.0
-103.0
-119.0
-160.0
-207.0
-164.0
-100.0
-178.0
-198.0
-225.0
-163.0
-199.0
-154.0
-137.0
-122.0
-98.0
-148.0
-154.0
-130.0
-70.0
-38.0
-71.0
-118.0
-88.0
-106.0
-125.0
-106.0
-89.0
-89.0
-73.0
-115.0
-140.0
-40.0
-47.0
-51.0
-45.0
-77.0
-52.0
-102.0
8.0
17.0
-76.0
-54.0
-82.0
-34.0
-40.0
-52.0
-34.0
-61.0
-117.0
-76.0
-7.0
-38.0
-103.0
-53.0
25.0
-1.0
-69.0
-72.0
39.0
44.0
3.0
-54.0
-99.0
-91.0
1.0
13.0
-2.0
34.0
6.0
-48.0
-4.0
55.0
34.0
24.0
33.0
-28.0
-97.0
-16.0
-14.0
12.0
-3.0
-20.0
-37.0
42.0
-31.0
-11.0
36.0
43.0
20.0
34.0
22.0
9.0
82.0
38.0
100.0
29.0
3.0
114.0
70.0
27.0
31.0
-5.0
128.0
94.0
5.0
9.0
15.0
-30.0
6.0
116.0
102.0
-1.0
36.0
62.0
4.0
-42.0
-2.0
48.0
58.0
-45.0
-5.0
5.0
-76.0
-55.0
-53.0
-54.0
-69.0
-6.0
-21.0
-35.0
42.0
10.0
-5.0
54.0
34.0
-21.0
58.0
25.0
-8.0
20.0
7.0
31.0
67.0
42.0
23.0
40.0
47.0
7.0
41.0
64.0
1.0
1.0
61.0
126.0
28.0
68.0
88.0
16.0
80.0
70.0
48.0
42.0
-14.0
33.0
2.0
-7.0
25.0
-30.0
-35.0
11.0
-8.0
6.0
-5.0
6.0
-33.0
-54.0
-29.0
-54.0
-55.0
-75.0
-89.0
-41.0
-40.0
-77.0
-38.0
-59.0
-83.0
-71.0
-41.0
-32.0
-29.0
-91.0
-99.0
-87.0
-50.0
-49.0
-91.0
-56.0
-14.0
-44.0
-85.0
-109.0
-93.0
-106.0
-92.0
-106.0
-82.0
-58.0
-132.0
-83.0
-51.0
-51.0
32.0
11.0
32.0
73.0
11.0
14.0
33.0
-31.0
22.0
48.0
-61.0
-16.0
-24.0
-58.0
-56.0
-13.0
55.0
51.0
29.0
3.0
-26.0
54.0
86.0
49.0
69.0
61.0
45.0
-11.0
71.0
109.0
55.0
71.0
16.0
26.0
42.0
103.0
86.0
90.0
111.0
87.0
51.0
29.0
84.0
91.0
92.0
78.0
91.0
-10.0
-16.0
21.0
55.0
17.0
40.0
-2.0
6.0
51.0
10.0
-33.0
-15.0
29.0
-11.0
36.0
-1.0
-45.0
-11.0
12.0
-43.0
-40.0
15.0
45.0
-25.0
37.0
81.0
20.0
36.0
103.0
34.0
66.0
132.0
73.0
39.0
89.0
30.0
-4.0
-2.0
-26.0
-79.0
-18.0
-11.0
36.0
87.0
73.0
8.0
1.0
61.0
71.0
36.0
-11.0
13.0
51.0
16.0
11.0
42.0
36.0
33.0
-32.0
-14.0
67.0
16.0
-54.0
11.0
63.0
29.0
-30.0
-49.0
4.0
10.0
12.0
28.0
40.0
34.0
20.0
79.0
29.0
-16.0
-44.0
6.0
14.0
-20.0
-34.0
-16.0
-40.0
-55.0
-70.0
-44.0
-2.0
33.0
-4.0
-10.0
-62.0
-59.0
-21.0
-98.0
-83.0
-42.0
-114.0
-159.0
-78.0
-72.0
-20.0
15.0
-58.0
-76.0
-26.0
5.0
13.0
18.0
-21.0
-55.0
-7.0
6.0
-20.0
-14.0
13.0
-2.0
-8.0
-35.0
-35.0
-90.0
-70.0
-49.0
-82.0
-117.0
-58.0
-56.0
-61.0
-108.0
-139.0
-86.0
-71.0
-54.0
-59.0
-51.0
-69.0
-102.0
-62.0
-37.0
-29.0
-35.0
-33.0
-26.0
-80.0
-128.0
-82.0
-58.0
3.0
16.0
-53.0
-23.0
36.0
-2.0
-32.0
-48.0
-18.0
9.0
34.0
50.0
-37.0
-69.0
22.0
4.0
-58.0
-26.0
-1.0
-46.0
-23.0
2.0
-10.0
3.0
-52.0
5.0
14.0
27.0
-16.0
-36.0
10.0
39.0
49.0
-5.0
-15.0
-88.0
-39.0
52.0
-5.0
36.0
52.0
-13.0
-10.0
-7.0
5.0
-9.0
-5.0
-67.0
6.0
92.0
61.0
49.0
62.0
79.0
76.0
64.0
54.0
64.0
84.0
96.0
101.0
86.0
124.0
134.0
153.0
136.0
122.0
105.0
117.0
152.0
172.0
153.0
166.0
227.0
219.0
102.0
85.0
106.0
167.0
170.0
132.0
160.0
166.0
116.0
54.0
39.0
106.0
93.0
103.0
108.0
88.0
66.0
38.0
68.0
98.0
128.0
92.0
46.0
128.0
155.0
206.0
227.0
152.0
234.0
233.0
166.0
238.0
153.0
107.0
214.0
133.0
99.0
114.0
81.0
32.0
-30.0
-18.0
26.0
53.0
56.0
1.0
-55.0
5.0
-47.0
-100.0
-176.0
-73.0
-61.0
-70.0
-114.0
-165.0
-173.0
-154.0
-103.0
-200.0
-180.0
-145.0
-184.0
-205.0
-185.0
-252.0
-255.0
-236.0
-307.0
-239.0
-153.0
-193.0
-190.0
-148.0
-168.0
-153.0
-117.0
-174.0
-152.0
-62.0
-122.0
-58.0
-32.0
-67.0
-95.0
-122.0
-159.0
-155.0
11.0
22.0
-83.0
-158.0
-138.0
-127.0
-71.0
-82.0
-48.0
-102.0
-111.0
-100.0
26.0
-3.0
-92.0
-96.0
-97.0
-10.0
-40.0
-78.0
-26.0
-14.0
27.0
42.0
9.0
-5.0
-67.0
-17.0
20.0
51.0
60.0
41.0
-25.0
-42.0
29.0
52.0
-45.0
-11.0
-10.0
-57.0
-45.0
-20.0
36.0
-29.0
27.0
56.0
-11.0
54.0
78.0
13.0
-7.0
2.0
-37.0
17.0
23.0
-21.0
43.0
65.0
27.0
40.0
48.0
-16.0
-36.0
-12.0
-54.0
-40.0
42.0
25.0
-48.0
38.0
17.0
-6.0
29.0
21.0
-25.0
-11.0
-25.0
-64.0
16.0
-50.0
-16.0
13.0
-23.0
17.0
39.0
33.0
-20.0
-71.0
-33.0
42.0
16.0
-17.0
-29.0
-16.0
-79.0
-33.0
-13.0
-17.0
-31.0
-30.0
-30.0
-9.0
22.0
-46.0
-63.0
-87.0
-46.0
-25.0
-15.0
-45.0
-33.0
-78.0
-53.0
-81.0
-92.0
-82.0
-32.0
-20.0
-62.0
-90.0
-67.0
-19.0
22.0
-18.0
-67.0
-37.0
-32.0
-29.0
-68.0
-66.0
-64.0
-50.0
-46.0
12.0
15.0
-8.0
-26.0
32.0
73.0
-39.0
26.0
44.0
27.0
58.0
25.0
74.0
54.0
44.0
21.0
9.0
64.0
50.0
28.0
108.0
148.0
71.0
41.0
21.0
37.0
86.0
44.0
-15.0
11.0
35.0
74.0
15.0
27.0
29.0
7.0
20.0
10.0
2.0
-56.0
-4.0
-43.0
-16.0
-5.0
16.0
-46.0
-54.0
36.0
25.0
-76.0
27.0
32.0
-7.0
-32.0
42.0
39.0
27.0
9.0
-61.0
80.0
88.0
17.0
65.0
34.0
-4.0
4.0
-12.0
-10.0
-47.0
-3.0
31.0
76.0
1.0
-12.0
21.0
10.0
64.0
87.0
31.0
42.0
24.0
-15.0
50.0
59.0
34.0
-10.0
39.0
32.0
51.0
13.0
-20.0
25.0
79.0
53.0
34.0
77.0
80.0
66.0
74.0
32.0
10.0
120.0
81.0
46.0
13.0
32.0
49.0
30.0
-3.0
-27.0
23.0
87.0
15.0
69.0
-14.0
-6.0
43.0
12.0
87.0
89.0
26.0
14.0
17.0
-13.0
10.0
-7.0
-29.0
7.0
-23.0
68.0
60.0
-48.0
-41.0
1.0
-8.0
-55.0
-32.0
-34.0
-10.0
19.0
36.0
64.0
-2.0
-65.0
-4.0
29.0
-7.0
31.0
35.0
23.0
27.0
60.0
65.0
95.0
63.0
39.0
78.0
57.0
70.0
61.0
22.0
15.0
43.0
35.0
68.0
38.0
24.0
54.0
-8.0
25.0
62.0
2.0
-37.0
-60.0
6.0
0.0
-90.0
-125.0
-48.0
-26.0
-55.0
-53.0
-104.0
-58.0
8.0
-58.0
-61.0
-21.0
-118.0
-99.0
-25.0
39.0
-17.0
12.0
78.0
45.0
32.0
-27.0
-13.0
-66.0
-2.0
41.0
31.0
6.0
-14.0
40.0
-12.0
-67.0
-2.0
20.0
-46.0
-61.0
-68.0
-87.0
12.0
39.0
-2.0
-12.0
-14.0
-52.0
-29.0
8.0
0.0
-24.0
12.0
-4.0
-14.0
79.0
36.0
-7.0
28.0
35.0
-4.0
-21.0
-54.0
-21.0
25.0
16.0
31.0
-13.0
-11.0
-8.0
7.0
-24.0
10.0
-21.0
-48.0
5.0
-34.0
10.0
30.0
-72.0
-28.0
40.0
13.0
46.0
37.0
-27.0
83.0
77.0
7.0
12.0
-34.0
-24.0
-15.0
0.0
13.0
25.0
-4.0
-5.0
-32.0
7.0
54.0
-2.0
20.0
10.0
-64.0
-41.0
65.0
32.0
-16.0
-36.0
-35.0
32.0
-14.0
-3.0
-2.0
-64.0
11.0
-50.0
-20.0
13.0
-77.0
16.0
32.0
-25.0
-41.0
-16.0
-15.0
-12.0
45.0
88.0
29.0
43.0
-6.0
-72.0
-67.0
-1.0
46.0
-31.0
-54.0
-40.0
-33.0
-90.0
4.0
15.0
-73.0
-31.0
-7.0
-36.0
-39.0
9.0
-38.0
-24.0
-2.0
16.0
-70.0
-42.0
16.0
37.0
54.0
58.0
70.0
49.0
72.0
60.0
-24.0
-25.0
-12.0
-37.0
26.0
-5.0
-71.0
-71.0
-80.0
-43.0
-13.0
-66.0
-27.0
3.0
-29.0
-1.0
7.0
3.0
17.0
18.0
-17.0
-23.0
43.0
2.0
8.0
79.0
39.0
-17.0
-34.0
-54.0
-24.0
3.0
11.0
-37.0
-95.0
-40.0
13.0
-25.0
-39.0
-52.0
-74.0
26.0
3.0
-78.0
-25.0
-14.0
-24.0
-16.0
41.0
-6.0
-5.0
-14.0
1.0
-45.0
-11.0
55.0
33.0
-17.0
65.0
37.0
-21.0
43.0
13.0
-14.0
-16.0
30.0
-13.0
-4.0
51.0
19.0
-6.0
37.0
-2.0
11.0
0.0
44.0
13.0
-30.0
14.0
31.0
54.0
-1.0
35.0
31.0
-40.0
4.0
43.0
72.0
61.0
21.0
21.0
-24.0
-5.0
17.0
-23.0
-14.0
86.0
29.0
13.0
39.0
28.0
-1.0
5.0
43.0
-2.0
-14.0
32.0
17.0
27.0
22.0
30.0
36.0
-8.0
0.0
-7.0
-34.0
11.0
33.0
27.0
-53.0
-20.0
92.0
22.0
39.0
39.0
45.0
53.0
0.0
-12.0
64.0
67.0
73.0
114.0
92.0
81.0
0.0
12.0
7.0
-43.0
13.0
-29.0
-58.0
-23.0
57.0
44.0
29.0
49.0
27.0
65.0
51.0
-1.0
44.0
-39.0
30.0
64.0
-39.0
-48.0
-36.0
-54.0
-62.0
37.0
12.0
-1.0
-1.0
6.0
-23.0
-12.0
1.0
-10.0
25.0
8.0
-20.0
-27.0
-40.0
-3.0
33.0
26.0
2.0
-16.0
22.0
46.0
-12.0
-18.0
76.0
91.0
19.0
-27.0
-53.0
35.0
114.0
35.0
38.0
78.0
38.0
46.0
26.0
32.0
14.0
-27.0
54.0
23.0
-13.0
-31.0
-49.0
-23.0
-30.0
-39.0
63.0
-2.0
-37.0
83.0
-31.0
-48.0
17.0
-25.0
4.0
6.0
2.0
-2.0
-12.0
0.0
4.0
-38.0
-37.0
-41.0
23.0
-3.0
-56.0
-49.0
-29.0
-119.0
-15.0
-2.0
-56.0
-19.0
4.0
16.0
-45.0
-72.0
-74.0
-43.0
17.0
43.0
-43.0
-14.0
5.0
-18.0
33.0
-15.0
-16.0
23.0
-22.0
1.0
-17.0
-76.0
9.0
24.0
15.0
3.0
-24.0
-28.0
52.0
87.0
54.0
10.0
15.0
14.0
-32.0
7.0
76.0
52.0
-58.0
-60.0
-19.0
11.0
-8.0
-30.0
3.0
-3.0
6.0
10.0
19.0
-2.0
-89.0
11.0
68.0
-48.0
20.0
71.0
2.0
-30.0
-67.0
-67.0
-19.0
33.0
-3.0
-13.0
-11.0
39.0
31.0
6.0
22.0
-14.0
-50.0
-68.0
-59.0
-18.0
53.0
-21.0
-69.0
45.0
27.0
-62.0
-32.0
-22.0
-36.0
-62.0
-52.0
-22.0
-45.0
16.0
59.0
10.0
-91.0
-62.0
-39.0
-88.0
-24.0
-25.0
-43.0
-91.0
-143.0
-70.0
-67.0
14.0
-20.0
-78.0
-21.0
-5.0
-54.0
-49.0
-35.0
-13.0
18.0
15.0
-32.0
-40.0
20.0
-42.0
-92.0
-35.0
-26.0
-3.0
-15.0
-1.0
-8.0
-24.0
-16.0
-30.0
-52.0
8.0
-30.0
-53.0
3.0
-34.0
-60.0
19.0
3.0
-28.0
-5.0
9.0
-1.0
-15.0
-10.0
58.0
8.0
-64.0
7.0
-3.0
-26.0
-17.0
-24.0
-41.0
21.0
-11.0
-42.0
-32.0
-38.0
-10.0
33.0
20.0
24.0
-14.0
6.0
-24.0
-43.0
-33.0
-61.0
47.0
55.0
-21.0
6.0
69.0
24.0
-4.0
13.0
-12.0
3.0
23.0
23.0
27.0
-66.0
-93.0
19.0
-4.0
-50.0
-94.0
-116.0
-61.0
-93.0
-41.0
-24.0
-63.0
-32.0
-32.0
-20.0
-8.0
7.0
53.0
2.0
-24.0
6.0
10.0
27.0
51.0
71.0
85.0
-8.0
-45.0
-10.0
68.0
31.0
-12.0
-25.0
-27.0
-28.0
-32.0
-33.0
-23.0
1.0
29.0
36.0
-23.0
-25.0
-102.0
-29.0
16.0
-88.0
-96.0
54.0
53.0
13.0
24.0
-14.0
14.0
59.0
71.0
-2.0
-57.0
39.0
1.0
-6.0
60.0
-24.0
-56.0
24.0
48.0
-51.0
-96.0
-37.0
-16.0
-26.0
16.0
-24.0
-55.0
-30.0
63.0
41.0
20.0
23.0
24.0
4.0
24.0
25.0
-3.0
-9.0
-31.0
-1.0
83.0
29.0
11.0
-9.0
-46.0
73.0
60.0
-5.0
47.0
34.0
43.0
60.0
14.0
-55.0
-13.0
13.0
35.0
64.0
57.0
63.0
44.0
27.0
6.0
8.0
45.0
-5.0
4.0
47.0
7.0
60.0
34.0
-7.0
-44.0
-5.0
13.0
-32.0
42.0
23.0
-20.0
-82.0
6.0
37.0
41.0
108.0
32.0
18.0
55.0
-5.0
1.0
94.0
41.0
17.0
68.0
65.0
12.0
22.0
11.0
-57.0
-30.0
39.0
-85.0
-89.0
24.0
42.0
33.0
7.0
-31.0
14.0
11.0
46.0
92.0
29.0
31.0
-13.0
-7.0
-16.0
-21.0
-3.0
29.0
-6.0
-55.0
25.0
-13.0
5.0
1.0
-21.0
8.0
48.0
77.0
11.0
-8.0
17.0
-6.0
-16.0
11.0
-8.0
33.0
-28.0
-122.0
-60.0
16.0
-43.0
-88.0
0.0
52.0
-59.0
-5.0
36.0
-25.0
-24.0
11.0
49.0
67.0
6.0
-44.0
-88.0
-71.0
-6.0
34.0
25.0
30.0
0.0
-1.0
-6.0
-14.0
50.0
69.0
-4.0
11.0
23.0
47.0
42.0
-11.0
-51.0
-35.0
-3.0
0.0
53.0
89.0
88.0
49.0
28.0
29.0
2.0
-1.0
-7.0
-15.0
-3.0
10.0
32.0
21.0
13.0
1.0
20.0
64.0
80.0
81.0
76.0
46.0
1.0
25.0
22.0
-38.0
-19.0
7.0
9.0
-39.0
-40.0
-27.0
-26.0
-30.0
-21.0
3.0
18.0
35.0
24.0
34.0
38.0
-9.0
-59.0
-71.0
-83.0
-70.0
-31.0
-2.0
0.0
49.0
87.0
89.0
103.0
127.0
114.0
76.0
26.0
7.0
12.0
18.0
45.0
30.0
52.0
98.0
83.0
103.0
152.0
135.0
138.0
166.0
140.0
101.0
44.0
-8.0
-25.0
2.0
18.0
15.0
21.0
25.0
48.0
16.0
51.0
93.0
100.0
78.0
76.0
67.0
63.0
43.0
2.0
4.0
10.0
1.0
22.0
66.0
53.0
38.0
106.0
52.0
17.0
104.0
92.0
39.0
-48.0
15.0
42.0
42.0
28.0
1.0
-40.0
-49.0
41.0
121.0
35.0
-40.0
-25.0
-13.0
-79.0
-100.0
-108.0
-131.0
-111.0
-123.0
-137.0
-127.0
-127.0
-115.0
-91.0
-96.0
-125.0
-142.0
-133.0
-164.0
-121.0
-99.0
-131.0
-124.0
-76.0
-87.0
-86.0
-96.0
-149.0
-106.0
-145.0
-155.0
-110.0
-137.0
-137.0
-203.0
-183.0
-56.0
-86.0
-122.0
-110.0
-103.0
-94.0
-153.0
-143.0
-94.0
-115.0
-120.0
-133.0
-126.0
-93.0
-92.0
-87.0
-55.0
-32.0
-39.0
-4.0
21.0
10.0
-1.0
38.0
81.0
103.0
165.0
173.0
96.0
100.0
185.0
136.0
206.0
306.0
211.0
159.0
124.0
197.0
114.0
117.0
182.0
291.0
174.0
36.0
21.0
73.0
45.0
-13.0
-58.0
-146.0
-29.0
-49.0
-75.0
-111.0
-69.0
-187.0
-150.0
-95.0
-78.0
-96.0
-124.0
-159.0
-147.0
-121.0
-143.0
-159.0
-162.0
-174.0
-157.0
-142.0
-111.0
-82.0
-68.0
-95.0
-67.0
-30.0
-6.0
66.0
164.0
161.0
101.0
316.0
506.0
377.0
320.0
330.0
353.0
365.0
503.0
299.0
307.0
370.0
209.0
53.0
146.0
33.0
-36.0
-11.0
48.0
-45.0
-103.0
-101.0
-51.0
-90.0
-232.0
-222.0
-169.0
-298.0
-280.0
-81.0
-68.0
-109.0
-146.0
-183.0
-227.0
-305.0
-232.0
-186.0
-213.0
-214.0
-259.0
-297.0
-214.0
-225.0
-279.0
-282.0
-215.0
-195.0
-185.0
-145.0
-163.0
-175.0
-197.0
-184.0
-157.0
-186.0
-131.0
-86.0
-102.0
-154.0
-157.0
-158.0
-141.0
-182.0
-139.0
-134.0
-125.0
-95.0
-92.0
-87.0
-114.0
-130.0
-190.0
-176.0
-149.0
-107.0
-78.0
-103.0
-98.0
-36.0
-41.0
-61.0
-73.0
-110.0
-126.0
-76.0
-114.0
-141.0
-99.0
-104.0
-104.0
-69.0
-70.0
-100.0
-118.0
-113.0
-46.0
-6.0
-14.0
-42.0
-42.0
-14.0
-23.0
-43.0
-80.0
-82.0
-77.0
-44.0
-83.0
-62.0
-13.0
20.0
34.0
-13.0
-36.0
-94.0
-43.0
35.0
10.0
-11.0
-40.0
-42.0
28.0
22.0
46.0
70.0
24.0
2.0
-5.0
-20.0
-41.0
-20.0
24.0
-31.0
-59.0
-23.0
12.0
42.0
25.0
-18.0
-11.0
13.0
-12.0
14.0
-10.0
-1.0
35.0
40.0
45.0
10.0
-35.0
5.0
48.0
29.0
2.0
4.0
19.0
5.0
15.0
19.0
-41.0
6.0
42.0
16.0
-11.0
30.0
40.0
-5.0
-61.0
-64.0
-8.0
79.0
57.0
-20.0
-24.0
9.0
40.0
0.0
-5.0
-29.0
-40.0
-15.0
-1.0
4.0
7.0
31.0
-2.0
-6.0
3.0
0.0
-29.0
-77.0
2.0
21.0
-3.0
-7.0
19.0
29.0
-10.0
-40.0
-13.0
-31.0
19.0
43.0
-3.0
43.0
75.0
102.0
140.0
176.0
198.0
271.0
278.0
177.0
193.0
303.0
332.0
145.0
325.0
356.0
218.0
191.0
220.0
198.0
119.0
159.0
124.0
27.0
-1.0
24.0
40.0
77.0
31.0
-11.0
-61.0
-102.0
-87.0
-27.0
-72.0
-123.0
-126.0
-143.0
-170.0
-147.0
-168.0
-173.0
-141.0
-119.0
-118.0
-103.0
-103.0
-120.0
-130.0
-134.0
-135.0
-129.0
-122.0
-109.0
-49.0
-61.0
-107.0
-126.0
-122.0
-164.0
-181.0
-156.0
-125.0
-123.0
-132.0
-82.0
-69.0
-71.0
-90.0
-118.0
-138.0
-90.0
-44.0
-56.0
-91.0
-51.0
5.0
-39.0
-34.0
-48.0
-74.0
4.0
-35.0
-107.0
-73.0
-8.0
17.0
-40.0
-63.0
-77.0
-17.0
-48.0
-95.0
-102.0
17.0
-17.0
-48.0
29.0
-1.0
-56.0
-35.0
-65.0
-41.0
-52.0
-186.0
23.0
65.0
-36.0
-52.0
-50.0
-40.0
-81.0
-7.0
16.0
-24.0
-36.0
-22.0
-50.0
-105.0
-70.0
-37.0
-7.0
-50.0
-34.0
-18.0
5.0
-60.0
-89.0
15.0
32.0
-66.0
-34.0
115.0
128.0
-1.0
-59.0
-158.0
-67.0
-86.0
173.0
382.0
398.0
43.0
246.0
257.0
155.0
468.0
485.0
309.0
-48.0
516.0
348.0
133.0
382.0
91.0
205.0
410.0
186.0
33.0
76.0
10.0
-95.0
-164.0
-285.0
-70.0
-68.0
-224.0
-313.0
-408.0
-376.0
-293.0
-397.0
-304.0
-354.0
-322.0
-332.0
-423.0
-413.0
-458.0
-333.0
-243.0
-333.0
-343.0
-357.0
-407.0
-394.0
-402.0
-423.0
-419.0
-407.0
-361.0
-329.0
-324.0
-376.0
-383.0
-410.0
-428.0
-418.0
-395.0
-361.0
-332.0
-319.0
-309.0
-315.0
-314.0
-242.0
-260.0
-252.0
-221.0
-250.0
-255.0
-247.0
-208.0
-184.0
-204.0
-209.0
-286.0
-214.0
-161.0
-148.0
-133.0
-131.0
-123.0
-74.0
-12.0
64.0
162.0
251.0
346.0
395.0
317.0
340.0
543.0
495.0
469.0
428.0
277.0
286.0
227.0
82.0
239.0
96.0
28.0
49.0
-15.0
-45.0
-192.0
-114.0
-136.0
-242.0
-262.0
-184.0
-248.0
-266.0
-288.0
-230.0
-243.0
-266.0
-196.0
-270.0
-317.0
-342.0
-324.0
-291.0
-309.0
-365.0
-399.0
-421.0
-364.0
-304.0
-344.0
-327.0
-319.0
-338.0
-239.0
-257.0
-276.0
-269.0
-319.0
-335.0
-288.0
-261.0
-284.0
-199.0
-165.0
-202.0
-175.0
-176.0
-195.0
-189.0
-214.0
-220.0
-149.0
-171.0
-229.0
-162.0
-115.0
-97.0
-51.0
-111.0
-118.0
-95.0
-89.0
-44.0
-93.0
-84.0
-77.0
-49.0
-52.0
-115.0
-127.0
-65.0
-71.0
-29.0
83.0
110.0
182.0
242.0
296.0
332.0
462.0
510.0
403.0
511.0
573.0
526.0
468.0
436.0
515.0
407.0
197.0
346.0
397.0
168.0
114.0
64.0
56.0
-61.0
-149.0
-99.0
-130.0
-173.0
-126.0
-178.0
-347.0
-370.0
-287.0
-294.0
-232.0
-229.0
-303.0
-275.0
-320.0
-365.0
-389.0
-347.0
-297.0
-287.0
-272.0
-286.0
-322.0
-365.0
-363.0
-369.0
-299.0
-288.0
-305.0
-328.0
-304.0
-317.0
-314.0
-286.0
-343.0
-320.0
-264.0
-213.0
-242.0
-287.0
-252.0
-249.0
-247.0
-204.0
-238.0
-246.0
-210.0
-182.0
-213.0
-171.0
-174.0
-207.0
-201.0
-193.0
-212.0
-247.0
-224.0
-165.0
-168.0
-155.0
-193.0
-270.0
-280.0
-186.0
-98.0
-140.0
-154.0
-112.0
-166.0
-219.0
-128.0
-60.0
-108.0
-139.0
-161.0
-138.0
-98.0
-45.0
-54.0
-63.0
-101.0
-146.0
-192.0
-163.0
-33.0
-47.0
-83.0
-80.0
-76.0
-95.0
-39.0
30.0
-8.0
-62.0
-70.0
-48.0
-59.0
-36.0
1.0
-33.0
-74.0
-77.0
-54.0
-60.0
-77.0
-48.0
24.0
12.0
-5.0
-50.0
-67.0
-81.0
-68.0
-1.0
63.0
-10.0
4.0
2.0
-122.0
-97.0
35.0
8.0
-16.0
-50.0
-31.0
29.0
34.0
33.0
39.0
-18.0
-83.0
-66.0
22.0
23.0
-1.0
-51.0
-70.0
68.0
105.0
65.0
51.0
47.0
-64.0
-110.0
21.0
35.0
49.0
62.0
10.0
-10.0
57.0
50.0
35.0
31.0
-27.0
-21.0
37.0
17.0
20.0
31.0
-35.0
-80.0
-47.0
-27.0
-15.0
-46.0
-110.0
-82.0
-32.0
15.0
31.0
21.0
-20.0
-8.0
-45.0
-48.0
-10.0
21.0
-6.0
-39.0
-74.0
28.0
53.0
-40.0
-94.0
-27.0
-8.0
-44.0
-39.0
-54.0
-26.0
20.0
16.0
-4.0
30.0
39.0
66.0
73.0
108.0
183.0
222.0
212.0
281.0
290.0
357.0
432.0
486.0
464.0
426.0
489.0
494.0
443.0
370.0
288.0
239.0
425.0
342.0
233.0
159.0
204.0
181.0
250.0
158.0
106.0
144.0
24.0
-114.0
-177.0
-151.0
-186.0
-108.0
-133.0
-170.0
-237.0
-341.0
-273.0
-227.0
-300.0
-320.0
-277.0
-285.0
-323.0
-388.0
-348.0
-286.0
-296.0
-323.0
-314.0
-295.0
-281.0
-323.0
-338.0
-344.0
-344.0
-355.0
-329.0
-270.0
-267.0
-326.0
-322.0
-327.0
-268.0
-263.0
-319.0
-332.0
-241.0
-269.0
-254.0
-154.0
-204.0
-226.0
-229.0
-240.0
-175.0
-174.0
-166.0
-169.0
-182.0
-113.0
-105.0
-109.0
-120.0
-179.0
-282.0
-269.0
-215.0
-106.0
-91.0
-120.0
-111.0
-83.0
-79.0
-116.0
-152.0
-128.0
-80.0
-49.0
-93.0
-95.0
-93.0
-107.0
-66.0
-66.0
-15.0
22.0
-9.0
-34.0
-133.0
-130.0
-7.0
-17.0
-49.0
-65.0
-108.0
-112.0
-70.0
-58.0
-70.0
-58.0
-15.0
-36.0
-69.0
-54.0
-68.0
-25.0
6.0
-52.0
-56.0
-28.0
-61.0
-77.0
-100.0
-88.0
-74.0
22.0
50.0
-44.0
-23.0
5.0
-28.0
-54.0
-27.0
-7.0
-49.0
-70.0
-48.0
-16.0
16.0
6.0
-68.0
-60.0
-22.0
-3.0
-53.0
-93.0
20.0
-17.0
-35.0
123.0
200.0
134.0
33.0
120.0
84.0
138.0
232.0
96.0
50.0
6.0
52.0
170.0
56.0
-49.0
-80.0
64.0
121.0
-37.0
-16.0
-23.0
26.0
26.0
25.0
112.0
-9.0
-40.0
-22.0
45.0
97.0
61.0
105.0
188.0
163.0
150.0
216.0
144.0
188.0
183.0
114.0
104.0
168.0
122.0
88.0
174.0
114.0
69.0
96.0
80.0
104.0
131.0
74.0
70.0
41.0
31.0
8.0
12.0
25.0
110.0
79.0
71.0
82.0
74.0
71.0
-8.0
72.0
89.0
44.0
44.0
35.0
-67.0
-33.0
35.0
31.0
6.0
-22.0
46.0
80.0
52.0
63.0
38.0
60.0
23.0
-1.0
24.0
-44.0
-20.0
7.0
70.0
112.0
26.0
-36.0
-2.0
0.0
7.0
-44.0
-71.0
-26.0
14.0
-54.0
4.0
-29.0
-99.0
-101.0
-32.0
-24.0
-21.0
-15.0
-32.0
-65.0
-59.0
-11.0
41.0
22.0
-72.0
4.0
49.0
-29.0
-20.0
-5.0
-21.0
-47.0
2.0
-18.0
-16.0
-18.0
32.0
39.0
7.0
37.0
12.0
-34.0
-27.0
-1.0
-60.0
36.0
23.0
-17.0
43.0
-18.0
-33.0
-62.0
-186.0
-183.0
-133.0
-173.0
-182.0
-153.0
-205.0
-239.0
-234.0
-169.0
-200.0
-203.0
-174.0
-156.0
-187.0
-227.0
-211.0
-196.0
-183.0
-93.0
-116.0
-112.0
-78.0
-109.0
-100.0
-159.0
-70.0
-59.0
-122.0
-117.0
-126.0
-157.0
-132.0
-138.0
-133.0
-93.0
-30.0
42.0
101.0
161.0
250.0
324.0
312.0
304.0
267.0
186.0
187.0
207.0
224.0
259.0
278.0
377.0
438.0
381.0
375.0
374.0
324.0
339.0
305.0
288.0
247.0
166.0
250.0
296.0
335.0
328.0
306.0
420.0
443.0
352.0
350.0
357.0
324.0
396.0
375.0
350.0
380.0
310.0
449.0
369.0
181.0
162.0
157.0
97.0
-15.0
-87.0
-98.0
-87.0
-182.0
-274.0
-266.0
-359.0
-385.0
-325.0
-306.0
-323.0
-314.0
-378.0
-440.0
-473.0
-452.0
-484.0
-470.0
-329.0
-374.0
-388.0
-376.0
-372.0
-377.0
-379.0
-412.0
-414.0
-403.0
-402.0
-279.0
-205.0
-210.0
-222.0
-245.0
-289.0
-324.0
-277.0
-327.0
-364.0
-290.0
-241.0
-199.0
-192.0
-206.0
-118.0
-142.0
-205.0
-213.0
-154.0
-150.0
-169.0
-205.0
-164.0
-126.0
-117.0
-147.0
-143.0
-45.0
-55.0
-109.0
-76.0
-71.0
-66.0
-47.0
-54.0
-81.0
-16.0
-25.0
-50.0
-43.0
-3.0
34.0
55.0
54.0
6.0
19.0
64.0
82.0
86.0
113.0
211.0
280.0
363.0
467.0
505.0
480.0
523.0
470.0
426.0
531.0
540.0
520.0
456.0
440.0
461.0
318.0
344.0
362.0
211.0
114.0
129.0
12.0
-59.0
-8.0
-3.0
24.0
-67.0
-160.0
-152.0
-115.0
-144.0
-267.0
-184.0
-227.0
-305.0
-288.0
-247.0
-153.0
-215.0
-147.0
-193.0
-299.0
-164.0
-128.0
-181.0
-182.0
-238.0
-216.0
-175.0
-177.0
-233.0
-304.0
-314.0
-256.0
-272.0
-284.0
-228.0
-272.0
-283.0
-187.0
-159.0
-191.0
-234.0
-247.0
-176.0
-163.0
-142.0
-155.0
-198.0
-234.0
-155.0
-92.0
-95.0
-138.0
-231.0
-256.0
-120.0
-42.0
-80.0
-112.0
-135.0
-176.0
-186.0
-66.0
-55.0
-116.0
-94.0
-65.0
-144.0
-150.0
-158.0
-131.0
-48.0
-30.0
-102.0
-124.0
-106.0
-102.0
-136.0
-55.0
-45.0
-102.0
-84.0
-67.0
-73.0
-90.0
-128.0
-124.0
-93.0
-59.0
-74.0
-7.0
-36.0
-82.0
-23.0
-32.0
-71.0
-93.0
-23.0
-4.0
-5.0
58.0
109.0
138.0
186.0
235.0
288.0
337.0
355.0
376.0
502.0
503.0
454.0
530.0
522.0
440.0
472.0
362.0
351.0
465.0
448.0
383.0
381.0
352.0
384.0
376.0
346.0
351.0
332.0
296.0
307.0
300.0
290.0
266.0
306.0
347.0
316.0
345.0
290.0
220.0
235.0
267.0
241.0
212.0
201.0
159.0
140.0
78.0
79.0
46.0
46.0
18.0
3.0
-265.0
-177.0
-100.0
-293.0
-379.0
-385.0
-353.0
-398.0
-423.0
-445.0
-430.0
-468.0
-507.0
-488.0
-512.0
-506.0
-421.0
-404.0
-423.0
-411.0
-394.0
-458.0
-477.0
-394.0
-442.0
-461.0
-376.0
-368.0
-317.0
-298.0
-353.0
-369.0
-353.0
-325.0
-332.0
-372.0
-330.0
-280.0
-265.0
-274.0
-295.0
-287.0
-270.0
-276.0
-297.0
-212.0
-252.0
-262.0
-149.0
-173.0
-172.0
-171.0
-131.0
-112.0
-166.0
-122.0
-130.0
-131.0
-170.0
-187.0
-105.0
-76.0
-75.0
-62.0
-68.0
-73.0
-84.0
-73.0
-21.0
-44.0
-77.0
-60.0
-27.0
-34.0
-49.0
-11.0
-60.0
-22.0
-25.0
-20.0
22.0
8.0
41.0
13.0
-4.0
15.0
-8.0
34.0
16.0
27.0
2.0
-24.0
24.0
-8.0
-10.0
11.0
12.0
-3.0
10.0
12.0
8.0
36.0
19.0
39.0
67.0
92.0
76.0
-9.0
27.0
82.0
77.0
89.0
69.0
60.0
87.0
99.0
110.0
82.0
42.0
28.0
33.0
90.0
124.0
137.0
129.0
59.0
12.0
110.0
170.0
211.0
162.0
139.0
92.0
-1.0
50.0
140.0
109.0
53.0
76.0
49.0
82.0
135.0
122.0
96.0
69.0
52.0
36.0
26.0
119.0
157.0
52.0
56.0
61.0
29.0
79.0
92.0
33.0
84.0
112.0
120.0
196.0
193.0
136.0
65.0
35.0
80.0
107.0
68.0
55.0
8.0
14.0
135.0
149.0
139.0
133.0
135.0
89.0
49.0
88.0
74.0
62.0
3.0
93.0
194.0
130.0
101.0
53.0
19.0
58.0
63.0
125.0
102.0
124.0
117.0
72.0
63.0
92.0
101.0
58.0
33.0
90.0
97.0
136.0
129.0
90.0
76.0
64.0
100.0
69.0
56.0
56.0
43.0
74.0
23.0
8.0
-29.0
54.0
48.0
41.0
46.0
81.0
102.0
106.0
106.0
129.0
108.0
98.0
94.0
79.0
77.0
116.0
157.0
201.0
243.0
281.0
293.0
300.0
336.0
366.0
274.0
347.0
440.0
383.0
387.0
421.0
419.0
409.0
353.0
334.0
410.0
404.0
331.0
336.0
336.0
310.0
325.0
332.0
366.0
392.0
409.0
450.0
461.0
402.0
304.0
356.0
450.0
343.0
340.0
392.0
253.0
258.0
322.0
236.0
227.0
197.0
139.0
46.0
-21.0
-11.0
10.0
-37.0
-108.0
-301.0
-174.0
-65.0
-217.0
-257.0
-200.0
-262.0
-241.0
-317.0
-396.0
-330.0
-323.0
-337.0
-319.0
-346.0
-372.0
-299.0
-298.0
-332.0
-318.0
-337.0
-406.0
-261.0
-300.0
-357.0
-354.0
-409.0
-427.0
-393.0
-307.0
-276.0
-269.0
-239.0
-251.0
-308.0
-346.0
-350.0
-372.0
-327.0
-268.0
-284.0
-332.0
-314.0
-258.0
-178.0
-144.0
-113.0
-146.0
-115.0
-167.0
-156.0
-138.0
-144.0
-158.0
-211.0
-202.0
-100.0
-98.0
-93.0
-34.0
-25.0
-92.0
-145.0
-189.0
-153.0
-56.0
7.0
-11.0
-36.0
-11.0
-96.0
-75.0
20.0
19.0
0.0
-31.0
-49.0
-125.0
-101.0
34.0
62.0
49.0
39.0
-37.0
-93.0
-137.0
-115.0
-19.0
21.0
5.0
-42.0
-58.0
-41.0
41.0
93.0
53.0
7.0
-91.0
-20.0
88.0
5.0
-25.0
0.0
-36.0
18.0
39.0
34.0
127.0
87.0
102.0
39.0
-11.0
1.0
-9.0
-31.0
-24.0
40.0
28.0
-41.0
-14.0
29.0
34.0
65.0
43.0
10.0
-23.0
-56.0
-15.0
28.0
35.0
29.0
12.0
80.0
109.0
100.0
107.0
42.0
41.0
68.0
56.0
51.0
-5.0
20.0
96.0
82.0
68.0
98.0
18.0
-28.0
48.0
39.0
11.0
12.0
20.0
34.0
27.0
45.0
3.0
-25.0
-23.0
-17.0
-51.0
3.0
68.0
5.0
-15.0
-57.0
-72.0
25.0
39.0
51.0
52.0
42.0
62.0
99.0
69.0
18.0
-27.0
-24.0
19.0
46.0
58.0
26.0
-40.0
-100.0
-40.0
53.0
48.0
43.0
10.0
-61.0
-10.0
96.0
117.0
76.0
12.0
-10.0
60.0
128.0
75.0
30.0
75.0
31.0
24.0
19.0
17.0
52.0
55.0
63.0
83.0
48.0
51.0
115.0
96.0
98.0
73.0
93.0
24.0
78.0
45.0
11.0
69.0
72.0
89.0
68.0
35.0
60.0
86.0
77.0
31.0
90.0
117.0
86.0
86.0
84.0
69.0
69.0
87.0
137.0
237.0
315.0
381.0
399.0
423.0
459.0
438.0
361.0
435.0
507.0
492.0
398.0
365.0
329.0
305.0
275.0
226.0
226.0
145.0
73.0
67.0
13.0
33.0
8.0
-63.0
-110.0
-84.0
-69.0
-80.0
-124.0
-203.0
-197.0
-230.0
-190.0
-119.0
-194.0
-234.0
-135.0
-201.0
-249.0
-188.0
-173.0
-197.0
-185.0
-181.0
-246.0
-218.0
-176.0
-219.0
-235.0
-205.0
-201.0
-269.0
-266.0
-223.0
-232.0
-189.0
-176.0
-178.0
-190.0
-175.0
-153.0
-131.0
-80.0
-114.0
-154.0
-166.0
-203.0
-161.0
-61.0
-109.0
-115.0
-103.0
-150.0
-116.0
-58.0
-74.0
-101.0
-55.0
-93.0
-102.0
-92.0
-143.0
-117.0
-86.0
-110.0
-111.0
-110.0
-97.0
-54.0
3.0
-9.0
-100.0
-148.0
-99.0
-107.0
-40.0
-31.0
-98.0
-172.0
-126.0
-68.0
-56.0
-98.0
-115.0
-109.0
-67.0
-28.0
-77.0
-107.0
-112.0
-128.0
-99.0
-91.0
-68.0
-75.0
-116.0
-136.0
-83.0
-47.0
-37.0
-37.0
-74.0
-66.0
-81.0
-42.0
-13.0
-38.0
-22.0
-31.0
-15.0
26.0
34.0
67.0
176.0
189.0
150.0
151.0
181.0
204.0
249.0
334.0
386.0
408.0
357.0
325.0
457.0
483.0
499.0
488.0
478.0
465.0
405.0
343.0
353.0
285.0
276.0
185.0
263.0
428.0
287.0
296.0
254.0
175.0
155.0
111.0
107.0
127.0
43.0
-18.0
10.0
9.0
-33.0
-56.0
-33.0
-16.0
-58.0
-68.0
-87.0
-87.0
-92.0
-37.0
26.0
74.0
126.0
128.0
116.0
131.0
186.0
245.0
225.0
209.0
165.0
191.0
225.0
210.0
169.0
191.0
113.0
42.0
-21.0
-96.0
-66.0
-128.0
-220.0
-259.0
-351.0
-406.0
-317.0
-174.0
-336.0
-365.0
-343.0
-444.0
-375.0
-377.0
-444.0
-450.0
-455.0
-502.0
-422.0
-419.0
-491.0
-438.0
-445.0
-445.0
-350.0
-270.0
-288.0
-356.0
-326.0
-333.0
-346.0
-364.0
-320.0
-266.0
-253.0
-285.0
-305.0
-322.0
-339.0
-288.0
-292.0
-279.0
-204.0
-182.0
-223.0
-276.0
-219.0
-183.0
-215.0
-168.0
-187.0
-188.0
-184.0
-123.0
-76.0
-128.0
-149.0
-173.0
-159.0
-66.0
-50.0
-67.0
-107.0
-109.0
-195.0
-183.0
-99.0
-119.0
-125.0
-87.0
-81.0
-85.0
-101.0
-59.0
-71.0
-70.0
-3.0
-31.0
-69.0
-98.0
-31.0
-39.0
-51.0
-10.0
-25.0
2.0
55.0
10.0
-12.0
-1.0
-35.0
-50.0
-70.0
24.0
23.0
-46.0
-46.0
-7.0
16.0
4.0
32.0
11.0
34.0
89.0
23.0
61.0
145.0
54.0
11.0
2.0
-14.0
82.0
62.0
55.0
80.0
53.0
44.0
81.0
39.0
17.0
69.0
90.0
50.0
67.0
80.0
31.0
-8.0
31.0
31.0
-2.0
37.0
51.0
40.0
27.0
15.0
74.0
68.0
41.0
16.0
36.0
36.0
55.0
42.0
8.0
-52.0
16.0
65.0
47.0
54.0
-5.0
-18.0
55.0
64.0
35.0
40.0
44.0
44.0
36.0
55.0
64.0
12.0
14.0
3.0
-32.0
44.0
126.0
110.0
44.0
58.0
86.0
68.0
45.0
18.0
25.0
58.0
35.0
2.0
-15.0
21.0
31.0
-3.0
-27.0
27.0
66.0
55.0
58.0
41.0
30.0
6.0
50.0
82.0
100.0
119.0
105.0
134.0
94.0
111.0
67.0
39.0
36.0
23.0
80.0
88.0
29.0
22.0
32.0
22.0
35.0
11.0
1.0
-20.0
36.0
62.0
64.0
35.0
74.0
13.0
10.0
51.0
18.0
41.0
35.0
-37.0
-13.0
45.0
49.0
-31.0
-15.0
9.0
4.0
56.0
7.0
67.0
81.0
24.0
53.0
70.0
60.0
54.0
35.0
72.0
126.0
82.0
72.0
114.0
22.0
-25.0
-8.0
-61.0
-29.0
-13.0
-33.0
42.0
32.0
-60.0
-60.0
-53.0
-45.0
-84.0
-96.0
-54.0
1.0
5.0
74.0
146.0
102.0
65.0
29.0
7.0
-44.0
-8.0
102.0
127.0
82.0
113.0
12.0
-46.0
-30.0
-110.0
-78.0
-23.0
38.0
81.0
79.0
62.0
75.0
80.0
52.0
-1.0
63.0
100.0
83.0
89.0
56.0
42.0
21.0
-21.0
25.0
1.0
39.0
76.0
60.0
29.0
36.0
69.0
70.0
85.0
102.0
54.0
110.0
97.0
55.0
27.0
44.0
61.0
13.0
-43.0
-93.0
-93.0
29.0
-1.0
30.0
34.0
-8.0
-67.0
-55.0
27.0
49.0
42.0
82.0
55.0
59.0
99.0
11.0
11.0
76.0
90.0
28.0
1.0
6.0
7.0
-4.0
50.0
40.0
9.0
22.0
-6.0
-33.0
-21.0
15.0
-12.0
3.0
16.0
56.0
25.0
-31.0
-6.0
12.0
4.0
23.0
-33.0
-4.0
28.0
15.0
39.0
3.0
2.0
93.0
-13.0
-5.0
25.0
-103.0
-110.0
-28.0
-79.0
-71.0
-23.0
-3.0
-25.0
-36.0
23.0
13.0
28.0
17.0
-30.0
-42.0
30.0
-3.0
-21.0
-6.0
53.0
20.0
40.0
91.0
43.0
53.0
58.0
28.0
-22.0
-102.0
15.0
76.0
-30.0
-65.0
3.0
-2.0
-26.0
105.0
78.0
17.0
-15.0
39.0
77.0
21.0
5.0
61.0
104.0
64.0
49.0
57.0
43.0
76.0
110.0
49.0
2.0
5.0
-6.0
-41.0
55.0
74.0
27.0
13.0
39.0
48.0
40.0
-10.0
35.0
87.0
73.0
6.0
16.0
18.0
22.0
30.0
31.0
4.0
35.0
6.0
25.0
17.0
45.0
44.0
36.0
22.0
34.0
-11.0
-24.0
23.0
26.0
31.0
9.0
73.0
43.0
10.0
-7.0
-12.0
-13.0
-17.0
45.0
22.0
-14.0
-20.0
-2.0
38.0
-12.0
0.0
-34.0
-27.0
32.0
32.0
14.0
-10.0
59.0
25.0
12.0
56.0
57.0
39.0
-62.0
-37.0
20.0
15.0
15.0
19.0
54.0
1.0
-57.0
15.0
6.0
-3.0
53.0
13.0
-2.0
56.0
55.0
55.0
64.0
25.0
-47.0
-19.0
-12.0
6.0
18.0
30.0
-38.0
-81.0
50.0
59.0
17.0
20.0
-10.0
-32.0
42.0
32.0
6.0
-31.0
41.0
34.0
-30.0
-10.0
-1.0
-29.0
-46.0
6.0
68.0
92.0
11.0
-21.0
83.0
55.0
5.0
72.0
58.0
30.0
2.0
3.0
29.0
35.0
-17.0
-64.0
-40.0
11.0
56.0
27.0
15.0
11.0
-13.0
77.0
110.0
37.0
10.0
75.0
54.0
91.0
87.0
49.0
40.0
23.0
98.0
149.0
139.0
102.0
4.0
37.0
72.0
30.0
16.0
23.0
-44.0
-6.0
103.0
70.0
17.0
34.0
-31.0
35.0
52.0
24.0
64.0
43.0
12.0
20.0
78.0
47.0
56.0
22.0
51.0
17.0
-26.0
-64.0
-77.0
-21.0
5.0
-43.0
-50.0
44.0
67.0
49.0
-19.0
6.0
10.0
-35.0
26.0
49.0
4.0
-39.0
3.0
42.0
-15.0
-21.0
44.0
36.0
56.0
4.0
3.0
47.0
10.0
-45.0
-86.0
-56.0
-50.0
-14.0
42.0
52.0
2.0
34.0
20.0
30.0
10.0
15.0
45.0
32.0
6.0
-60.0
6.0
-39.0
-61.0
-13.0
4.0
-3.0
-12.0
-15.0
-59.0
-33.0
2.0
-10.0
-93.0
-118.0
-40.0
-28.0
-69.0
-114.0
-95.0
-67.0
-98.0
-21.0
23.0
-33.0
-57.0
-87.0
-91.0
-2.0
86.0
18.0
-82.0
3.0
37.0
4.0
-17.0
13.0
16.0
-31.0
-11.0
13.0
-33.0
20.0
-11.0
-56.0
-11.0
11.0
-37.0
-6.0
5.0
-34.0
-67.0
-73.0
-18.0
-52.0
-34.0
-22.0
6.0
20.0
25.0
34.0
106.0
94.0
28.0
27.0
77.0
24.0
-27.0
46.0
31.0
-4.0
-3.0
28.0
14.0
31.0
30.0
7.0
-6.0
46.0
-2.0
37.0
-4.0
-17.0
-19.0
29.0
5.0
-10.0
-4.0
-40.0
-45.0
64.0
60.0
50.0
92.0
44.0
-17.0
58.0
54.0
46.0
35.0
60.0
11.0
10.0
36.0
36.0
29.0
25.0
66.0
19.0
46.0
72.0
-33.0
-47.0
37.0
24.0
14.0
-55.0
-32.0
-60.0
-52.0
-27.0
-49.0
-35.0
-16.0
-2.0
-82.0
-50.0
21.0
-12.0
-48.0
-61.0
-2.0
-33.0
-27.0
-11.0
40.0
42.0
-3.0
-5.0
25.0
12.0
11.0
13.0
18.0
-31.0
2.0
-33.0
-88.0
0.0
-89.0
-67.0
32.0
-39.0
-2.0
-37.0
-30.0
-4.0
-11.0
-24.0
-2.0
-28.0
-6.0
18.0
-56.0
14.0
21.0
8.0
16.0
17.0
42.0
-8.0
-56.0
29.0
29.0
34.0
37.0
-13.0
11.0
24.0
55.0
45.0
-33.0
61.0
84.0
5.0
52.0
143.0
27.0
28.0
64.0
-84.0
30.0
105.0
20.0
-24.0
9.0
58.0
60.0
27.0
26.0
69.0
-10.0
44.0
93.0
19.0
33.0
42.0
-10.0
-17.0
12.0
-52.0
-3.0
67.0
58.0
-8.0
70.0
35.0
25.0
124.0
74.0
-5.0
59.0
74.0
87.0
-15.0
96.0
101.0
-31.0
56.0
97.0
43.0
46.0
35.0
-49.0
32.0
6.0
-34.0
16.0
-20.0
-9.0
34.0
-29.0
-35.0
-27.0
-41.0
-22.0
-64.0
2.0
8.0
-68.0
-14.0
-8.0
-34.0
55.0
-2.0
-68.0
-73.0
-39.0
-8.0
6.0
-5.0
-8.0
-38.0
15.0
2.0
-92.0
-42.0
1.0
-63.0
31.0
22.0
-16.0
-8.0
4.0
-39.0
3.0
7.0
15.0
-19.0
-110.0
35.0
38.0
-11.0
-39.0
-98.0
-58.0
-56.0
25.0
-11.0
6.0
114.0
65.0
41.0
15.0
100.0
27.0
-25.0
20.0
47.0
67.0
32.0
2.0
23.0
21.0
-11.0
33.0
-63.0
35.0
-4.0
18.0
76.0
7.0
-31.0
57.0
3.0
-21.0
24.0
-33.0
-20.0
0.0
-60.0
51.0
40.0
-11.0
-1.0
-2.0
-24.0
-12.0
-29.0
48.0
32.0
1.0
-14.0
-52.0
-72.0
-71.0
-43.0
20.0
-31.0
-74.0
29.0
45.0
28.0
-8.0
-22.0
44.0
33.0
11.0
24.0
24.0
-33.0
-24.0
-48.0
42.0
20.0
-7.0
-15.0
-16.0
18.0
16.0
-10.0
40.0
40.0
15.0
-21.0
30.0
90.0
26.0
69.0
26.0
-29.0
-64.0
-29.0
37.0
-27.0
-10.0
-17.0
-31.0
-18.0
42.0
6.0
-15.0
30.0
29.0
53.0
73.0
41.0
13.0
34.0
45.0
39.0
33.0
31.0
25.0
34.0
32.0
32.0
34.0
30.0
25.0
27.0
39.0
22.0
27.0
36.0
3.0
35.0
48.0
80.0
95.0
123.0
119.0
67.0
66.0
66.0
89.0
99.0
77.0
0.0
0.0
0.0
0.0
0.0
0.0
0.0
0.0
0.0
0.0
0.0
0.0
0.0
0.0
0.0
0.0
0.0
0.0
0.0
0.0
0.0
0.0
0.0
0.0
0.0
0.0
0.0
0.0
0.0
0.0
0.0
0.0
0.0
0.0
0.0
0.0
0.0
0.0
0.0
0.0
0.0
0.0
0.0
0.0
0.0
0.0
0.0
0.0
0.0
0.0
0.0
0.0
0.0
0.0
0.0
0.0
0.0
0.0
0.0
0.0
0.0
0.0
0.0
0.0
0.0
0.0
0.0
0.0
0.0
0.0
0.0
0.0
0.0
0.0
0.0
0.0
0.0
0.0
0.0
0.0
0.0
0.0
0.0
0.0
0.0
0.0
0.0
0.0
0.0
0.0
0.0
0.0
0.0
0.0
0.0
0.0
0.0
0.0
0.0
0.0
0.0
0.0
0.0
0.0
0.0
0.0
0.0
0.0
0.0
0.0
0.0
0.0
0.0
0.0
0.0
0.0
0.0
0.0
0.0
0.0
0.0
0.0
0.0
0.0
0.0
0.0
0.0
0.0
