33.0
53.0
51.0
48.0
58.0
43.0
48.0
52.0
35.0
41.0
31.0
9.0
22.0
22.0
23.0
30.0
35.0
50.0
45.0
36.0
46.0
35.0
32.0
37.0
37.0
37.0
27.0
29.0
35.0
34.0
43.0
34.0
15.0
21.0
11.0
-5.0
9.0
3.0
14.0
24.0
4.0
9.0
9.0
7.0
15.0
4.0
19.0
21.0
2.0
4.0
6.0
5.0
15.0
11.0
20.0
17.0
12.0
33.0
25.0
11.0
42.0
37.0
27.0
20.0
16.0
24.0
13.0
8.0
14.0
-2.0
26.0
40.0
22.0
36.0
44.0
32.0
30.0
22.0
31.0
29.0
5.0
16.0
20.0
24.0
29.0
32.0
39.0
58.0
54.0
58.0
52.0
52.0
53.0
35.0
55.0
65.0
52.0
38.0
17.0
4.0
14.0
5.0
7.0
20.0
11.0
25.0
19.0
15.0
19.0
6.0
7.0
8.0
-4.0
4.0
5.0
1.0
4.0
-7.0
-12.0
-5.0
-2.0
12.0
10.0
-1.0
-1.0
-10.0
-5.0
1.0
-3.0
5.0
8.0
4.0
14.0
11.0
-1.0
-2.0
-7.0
-15.0
-14.0
2.0
6.0
0.0
7.0
7.0
-4.0
7.0
-2.0
-12.0
-11.0
-18.0
-13.0
-8.0
-19.0
-7.0
4.0
4.0
11.0
14.0
2.0
3.0
-11.0
-12.0
-8.0
-16.0
-4.0
-12.0
-4.0
-7.0
-7.0
-4.0
-8.0
-7.0
5.0
-3.0
-12.0
-7.0
-20.0
-8.0
1.0
4.0
8.0
8.0
10.0
7.0
-9.0
-4.0
5.0
6.0
6.0
3.0
4.0
5.0
0.0
11.0
-7.0
-9.0
1.0
-13.0
-8.0
-1.0
-10.0
3.0
7.0
7.0
11.0
5.0
8.0
3.0
-6.0
1.0
1.0
-2.0
3.0
8.0
15.0
13.0
5.0
10.0
3.0
-5.0
7.0
2.0
-7.0
1.0
-8.0
-11.0
-15.0
-13.0
-3.0
-17.0
-3.0
-3.0
-24.0
-32.0
-39.0
-46.0
-30.0
-8.0
2.0
-4.0
-39.0
-31.0
-32.0
-30.0
-18.0
-21.0
-13.0
-13.0
-32.0
-15.0
-29.0
-38.0
-15.0
-17.0
-25.0
-9.0
-9.0
-2.0
-13.0
-11.0
0.0
-13.0
-15.0
-24.0
-26.0
-16.0
-29.0
-29.0
-37.0
-61.0
-58.0
-50.0
-58.0
-51.0
-56.0
-65.0
-53.0
-54.0
-52.0
-51.0
-61.0
-49.0
-50.0
-53.0
-46.0
-66.0
-69.0
-88.0
-95.0
-81.0
-83.0
-81.0
-71.0
-83.0
-72.0
-61.0
-64.0
-68.0
-61.0
-62.0
-62.0
-70.0
-62.0
-57.0
-64.0
-58.0
-62.0
-64.0
-59.0
-68.0
-57.0
-46.0
-61.0
-60.0
-59.0
-66.0
-54.0
-43.0
-50.0
-52.0
-61.0
-56.0
-51.0
-58.0
-52.0
-73.0
-89.0
-67.0
-81.0
-79.0
-83.0
-104.0
-77.0
-89.0
-80.0
-50.0
-69.0
-69.0
-63.0
-59.0
-57.0
-65.0
-64.0
-75.0
-73.0
-74.0
-95.0
-93.0
-71.0
-81.0
-72.0
-58.0
-78.0
-86.0
-82.0
-82.0
-76.0
-103.0
-97.0
-90.0
-82.0
-69.0
-77.0
-68.0
-53.0
-74.0
-88.0
-83.0
-92.0
-91.0
-97.0
-91.0
-83.0
-96.0
-98.0
-95.0
-113.0
-99.0
-61.0
-27.0
-24.0
-33.0
-63.0
-73.0
-82.0
-79.0
-77.0
-78.0
-70.0
-72.0
-69.0
-52.0
-59.0
-62.0
-67.0
-73.0
-65.0
-69.0
-68.0
-54.0
-59.0
-51.0
-44.0
-47.0
-39.0
-50.0
-51.0
-41.0
-50.0
-48.0
-45.0
-40.0
-28.0
-35.0
-37.0
-33.0
-30.0
-36.0
-37.0
-42.0
-44.0
-49.0
-42.0
-42.0
-56.0
-48.0
-43.0
-43.0
-36.0
-41.0
-39.0
-35.0
-48.0
-41.0
-36.0
-41.0
-37.0
-42.0
-40.0
-40.0
-52.0
-39.0
-24.0
-40.0
-40.0
-42.0
-39.0
-35.0
-43.0
-23.0
-32.0
-43.0
-36.0
-35.0
-30.0
-34.0
-48.0
-41.0
-41.0
-43.0
-32.0
-37.0
-25.0
-12.0
-20.0
-18.0
-26.0
-39.0
-22.0
-24.0
-28.0
-27.0
-48.0
-36.0
-34.0
-38.0
-24.0
-36.0
-35.0
-20.0
-36.0
-37.0
-30.0
-32.0
-26.0
-39.0
-39.0
-33.0
-46.0
-37.0
-42.0
-48.0
-29.0
-38.0
-37.0
-37.0
-50.0
-37.0
-34.0
-42.0
-45.0
-62.0
-45.0
-36.0
-55.0
-48.0
-50.0
-52.0
-30.0
-46.0
-49.0
-39.0
-58.0
-52.0
-56.0
-62.0
-41.0
-33.0
-22.0
-13.0
-31.0
-51.0
-76.0
-86.0
-52.0
-58.0
-56.0
-42.0
-46.0
-46.0
-49.0
-52.0
-51.0
-59.0
-52.0
-43.0
-50.0
-45.0
-52.0
-56.0
-48.0
-59.0
-48.0
-39.0
-51.0
-40.0
-42.0
-46.0
-26.0
-26.0
-5.0
27.0
17.0
45.0
83.0
92.0
118.0
134.0
160.0
181.0
184.0
200.0
182.0
181.0
185.0
177.0
193.0
186.0
162.0
157.0
148.0
142.0
146.0
127.0
114.0
103.0
84.0
77.0
69.0
64.0
70.0
52.0
46.0
35.0
16.0
19.0
17.0
14.0
11.0
7.0
13.0
19.0
10.0
8.0
-10.0
-4.0
-7.0
-32.0
-41.0
-43.0
-54.0
-42.0
-46.0
-60.0
-49.0
-54.0
-59.0
-60.0
-69.0
-68.0
-79.0
-82.0
-82.0
-92.0
-81.0
-77.0
-81.0
-72.0
-72.0
-81.0
-76.0
-80.0
-77.0
-84.0
-78.0
-62.0
-75.0
-85.0
-70.0
-75.0
-73.0
-72.0
-81.0
-62.0
-62.0
-69.0
-64.0
-64.0
-60.0
-48.0
-51.0
-47.0
-43.0
-50.0
-49.0
-49.0
-53.0
-45.0
-52.0
-43.0
-53.0
-60.0
-56.0
-42.0
-28.0
-3.0
-21.0
-43.0
-63.0
-78.0
-76.0
-70.0
-63.0
-62.0
-75.0
-62.0
-56.0
-54.0
-55.0
-67.0
-74.0
-71.0
-74.0
-66.0
-67.0
-69.0
-49.0
-59.0
-60.0
-56.0
-68.0
-61.0
-66.0
-70.0
-68.0
-76.0
-69.0
-65.0
-80.0
-78.0
-79.0
-78.0
-73.0
-74.0
-71.0
-70.0
-77.0
-69.0
-68.0
-76.0
-60.0
-70.0
-72.0
-68.0
-79.0
-67.0
-82.0
-102.0
-94.0
-92.0
-92.0
-80.0
-79.0
-54.0
-55.0
-61.0
-49.0
-61.0
-58.0
-46.0
-58.0
-64.0
-55.0
-61.0
-58.0
-68.0
-74.0
-73.0
-77.0
-61.0
-55.0
-56.0
-36.0
-36.0
-46.0
-38.0
-51.0
-53.0
-52.0
-63.0
-54.0
-63.0
-60.0
-50.0
-73.0
-65.0
-56.0
-61.0
-36.0
-40.0
-28.0
-11.0
-13.0
-6.0
1.0
-14.0
-23.0
-50.0
-65.0
-64.0
-77.0
-69.0
-71.0
-69.0
-59.0
-60.0
-49.0
-31.0
-27.0
-15.0
-18.0
-31.0
-28.0
-48.0
-54.0
-59.0
-67.0
-66.0
-66.0
-67.0
-52.0
-61.0
-63.0
-54.0
-65.0
-67.0
-81.0
-90.0
-66.0
-64.0
-34.0
3.0
16.0
20.0
-15.0
-41.0
-39.0
-54.0
-58.0
-52.0
-60.0
-59.0
-64.0
-50.0
-31.0
-39.0
-41.0
-37.0
-53.0
-69.0
-90.0
-93.0
-82.0
-86.0
-81.0
-76.0
-83.0
-67.0
-48.0
-44.0
-20.0
-27.0
-26.0
-18.0
-36.0
-31.0
-33.0
-41.0
-40.0
-51.0
-51.0
-52.0
-61.0
-42.0
-45.0
-49.0
-33.0
-42.0
-46.0
-31.0
-36.0
-46.0
-45.0
-43.0
-39.0
-45.0
-48.0
-42.0
-38.0
-25.0
-18.0
-17.0
8.0
-5.0
-4.0
-8.0
-21.0
-8.0
-1.0
-5.0
16.0
5.0
1.0
10.0
1.0
18.0
21.0
10.0
17.0
2.0
-5.0
12.0
10.0
26.0
54.0
61.0
98.0
124.0
138.0
156.0
164.0
191.0
231.0
239.0
250.0
248.0
243.0
237.0
201.0
200.0
188.0
185.0
192.0
157.0
145.0
140.0
109.0
101.0
97.0
77.0
60.0
42.0
42.0
34.0
36.0
47.0
13.0
-12.0
-10.0
-45.0
-51.0
-35.0
-44.0
-41.0
-48.0
-55.0
-41.0
-42.0
-38.0
-41.0
-47.0
-47.0
-55.0
-66.0
-40.0
-82.0
-103.0
-74.0
-71.0
-32.0
-47.0
-60.0
-49.0
-51.0
-22.0
29.0
60.0
97.0
120.0
126.0
145.0
149.0
162.0
165.0
155.0
156.0
152.0
114.0
114.0
108.0
103.0
105.0
151.0
98.0
100.0
66.0
-6.0
-23.0
-48.0
-82.0
-107.0
-128.0
-164.0
-208.0
-195.0
-206.0
-216.0
-213.0
-237.0
-244.0
-208.0
-217.0
-235.0
-231.0
-236.0
-228.0
-239.0
-233.0
-225.0
-255.0
-257.0
-259.0
-252.0
-234.0
-219.0
-237.0
-237.0
-228.0
-201.0
-233.0
-247.0
-205.0
-209.0
-221.0
-221.0
-223.0
-225.0
-223.0
-223.0
-216.0
-223.0
-227.0
-234.0
-225.0
-216.0
-237.0
-228.0
-227.0
-192.0
-181.0
-198.0
-191.0
-180.0
-176.0
-144.0
-152.0
-175.0
-188.0
-170.0
-174.0
-191.0
-172.0
-166.0
-147.0
-158.0
-156.0
-144.0
-144.0
-138.0
-162.0
-166.0
-146.0
-150.0
-139.0
-122.0
-122.0
-106.0
-109.0
-106.0
-106.0
-130.0
-123.0
-117.0
-126.0
-122.0
-153.0
-169.0
-155.0
-156.0
-152.0
-156.0
-147.0
-128.0
-133.0
-127.0
-119.0
-129.0
-125.0
-122.0
-130.0
-115.0
-106.0
-100.0
-81.0
-74.0
-88.0
-111.0
-122.0
-111.0
-108.0
-114.0
-96.0
-114.0
-127.0
-126.0
-122.0
-127.0
-120.0
-103.0
-99.0
-118.0
-107.0
-117.0
-117.0
-86.0
-69.0
-52.0
-32.0
-26.0
-4.0
-4.0
4.0
22.0
14.0
20.0
29.0
10.0
25.0
34.0
31.0
52.0
54.0
43.0
49.0
48.0
45.0
40.0
37.0
45.0
32.0
35.0
60.0
45.0
42.0
52.0
50.0
56.0
37.0
39.0
36.0
30.0
43.0
35.0
30.0
44.0
31.0
35.0
43.0
24.0
29.0
33.0
27.0
32.0
30.0
29.0
33.0
24.0
41.0
39.0
24.0
39.0
31.0
23.0
29.0
23.0
31.0
23.0
27.0
51.0
42.0
45.0
61.0
55.0
62.0
61.0
44.0
51.0
48.0
46.0
48.0
43.0
59.0
74.0
76.0
79.0
75.0
69.0
68.0
63.0
58.0
60.0
61.0
62.0
53.0
54.0
55.0
35.0
33.0
44.0
41.0
45.0
46.0
36.0
34.0
16.0
26.0
33.0
27.0
34.0
30.0
26.0
31.0
43.0
64.0
40.0
15.0
22.0
30.0
30.0
53.0
54.0
55.0
65.0
54.0
51.0
32.0
30.0
28.0
14.0
35.0
40.0
34.0
43.0
39.0
48.0
53.0
39.0
54.0
71.0
67.0
77.0
67.0
56.0
55.0
40.0
48.0
51.0
45.0
67.0
61.0
51.0
45.0
18.0
35.0
46.0
36.0
49.0
53.0
49.0
61.0
54.0
59.0
61.0
59.0
64.0
51.0
53.0
58.0
39.0
43.0
49.0
35.0
49.0
44.0
50.0
54.0
48.0
60.0
61.0
48.0
53.0
48.0
45.0
64.0
46.0
58.0
63.0
61.0
64.0
64.0
60.0
62.0
52.0
46.0
47.0
40.0
52.0
52.0
61.0
76.0
69.0
84.0
75.0
74.0
68.0
40.0
27.0
28.0
5.0
5.0
7.0
5.0
26.0
40.0
67.0
85.0
78.0
81.0
78.0
68.0
72.0
57.0
52.0
46.0
30.0
29.0
16.0
28.0
46.0
36.0
40.0
46.0
50.0
51.0
53.0
46.0
60.0
45.0
24.0
30.0
25.0
58.0
64.0
51.0
51.0
37.0
33.0
34.0
17.0
20.0
25.0
27.0
37.0
31.0
29.0
33.0
31.0
40.0
37.0
34.0
39.0
24.0
23.0
15.0
9.0
23.0
27.0
22.0
45.0
39.0
39.0
38.0
21.0
25.0
21.0
10.0
8.0
6.0
37.0
50.0
52.0
55.0
42.0
29.0
41.0
29.0
32.0
51.0
34.0
30.0
50.0
41.0
35.0
7.0
3.0
13.0
-10.0
-3.0
2.0
1.0
16.0
-1.0
-2.0
1.0
-16.0
-3.0
-4.0
-11.0
1.0
-11.0
-15.0
12.0
14.0
23.0
29.0
25.0
26.0
12.0
-3.0
7.0
11.0
7.0
11.0
14.0
29.0
29.0
33.0
32.0
24.0
36.0
35.0
26.0
34.0
30.0
16.0
21.0
20.0
23.0
21.0
15.0
25.0
31.0
31.0
32.0
31.0
38.0
37.0
35.0
46.0
26.0
22.0
39.0
42.0
33.0
32.0
34.0
50.0
50.0
46.0
50.0
33.0
39.0
36.0
18.0
18.0
18.0
24.0
29.0
16.0
24.0
42.0
30.0
54.0
70.0
67.0
46.0
24.0
26.0
14.0
12.0
39.0
46.0
49.0
52.0
43.0
32.0
35.0
26.0
29.0
23.0
30.0
37.0
23.0
30.0
41.0
32.0
38.0
23.0
30.0
39.0
25.0
20.0
17.0
10.0
14.0
5.0
4.0
14.0
7.0
18.0
21.0
14.0
27.0
19.0
16.0
18.0
6.0
13.0
-1.0
-10.0
-7.0
-8.0
-2.0
7.0
1.0
5.0
13.0
6.0
11.0
-3.0
-4.0
0.0
-5.0
2.0
3.0
5.0
4.0
-9.0
-8.0
3.0
-15.0
-17.0
-11.0
-6.0
7.0
9.0
4.0
1.0
-12.0
-5.0
-2.0
-10.0
-6.0
-12.0
-3.0
-7.0
-21.0
-8.0
-4.0
-21.0
-13.0
-25.0
-22.0
-17.0
-31.0
-23.0
-13.0
-16.0
-1.0
-13.0
-14.0
-6.0
-19.0
1.0
2.0
0.0
-12.0
-43.0
-48.0
-44.0
-46.0
-43.0
-39.0
-39.0
-24.0
-33.0
-31.0
-24.0
-36.0
-33.0
-31.0
-43.0
-42.0
-47.0
-41.0
-25.0
-35.0
-29.0
-22.0
-39.0
-32.0
-29.0
-29.0
-15.0
-27.0
-28.0
-23.0
-37.0
-40.0
-41.0
-32.0
-22.0
-31.0
-12.0
-11.0
-15.0
-12.0
-16.0
-10.0
-8.0
-18.0
-1.0
-6.0
-16.0
-5.0
-17.0
-17.0
-3.0
-6.0
3.0
4.0
-8.0
-3.0
-6.0
-8.0
-3.0
-20.0
-12.0
-6.0
-7.0
8.0
3.0
-7.0
-1.0
-9.0
-5.0
3.0
-5.0
-8.0
-12.0
-20.0
-9.0
-17.0
-13.0
-12.0
-17.0
0.0
2.0
2.0
9.0
-5.0
10.0
23.0
29.0
39.0
32.0
21.0
29.0
17.0
16.0
19.0
6.0
9.0
1.0
-6.0
-2.0
-10.0
4.0
5.0
3.0
14.0
14.0
15.0
16.0
-2.0
-9.0
-10.0
-29.0
-13.0
-10.0
-7.0
-1.0
3.0
17.0
7.0
-7.0
1.0
-8.0
-11.0
-1.0
-11.0
-10.0
-6.0
-12.0
-5.0
-3.0
15.0
18.0
6.0
11.0
10.0
-1.0
9.0
1.0
-1.0
7.0
-7.0
-12.0
-17.0
-24.0
-5.0
-7.0
-4.0
-2.0
-7.0
4.0
1.0
-5.0
1.0
-12.0
-17.0
-4.0
-12.0
-3.0
-2.0
-7.0
3.0
-5.0
4.0
27.0
23.0
31.0
19.0
-10.0
3.0
-10.0
-10.0
19.0
4.0
7.0
20.0
16.0
21.0
11.0
-9.0
-5.0
-13.0
-9.0
2.0
-6.0
4.0
1.0
16.0
27.0
13.0
15.0
20.0
12.0
13.0
9.0
7.0
14.0
2.0
2.0
17.0
23.0
25.0
8.0
18.0
18.0
10.0
19.0
18.0
15.0
30.0
33.0
19.0
21.0
15.0
14.0
16.0
29.0
36.0
27.0
23.0
18.0
2.0
15.0
15.0
-3.0
4.0
14.0
12.0
24.0
21.0
31.0
35.0
17.0
11.0
10.0
16.0
19.0
3.0
7.0
23.0
5.0
11.0
1.0
4.0
27.0
13.0
21.0
25.0
20.0
22.0
17.0
16.0
22.0
13.0
6.0
14.0
12.0
8.0
1.0
21.0
25.0
7.0
17.0
18.0
14.0
20.0
10.0
6.0
15.0
3.0
16.0
13.0
-3.0
6.0
5.0
3.0
11.0
12.0
30.0
33.0
22.0
21.0
9.0
13.0
27.0
8.0
15.0
18.0
2.0
22.0
12.0
3.0
15.0
3.0
6.0
5.0
0.0
18.0
14.0
7.0
16.0
-4.0
-10.0
4.0
13.0
34.0
44.0
36.0
10.0
-8.0
1.0
4.0
3.0
5.0
-3.0
-3.0
4.0
3.0
15.0
22.0
33.0
59.0
76.0
106.0
142.0
163.0
192.0
224.0
236.0
238.0
246.0
238.0
239.0
240.0
241.0
245.0
244.0
251.0
247.0
254.0
247.0
239.0
247.0
233.0
209.0
214.0
204.0
199.0
205.0
186.0
175.0
171.0
164.0
172.0
161.0
152.0
152.0
124.0
113.0
108.0
88.0
84.0
65.0
55.0
47.0
23.0
11.0
8.0
-12.0
-14.0
-30.0
-46.0
-54.0
-73.0
-70.0
-79.0
-98.0
-84.0
-92.0
-85.0
-71.0
-91.0
-99.0
-108.0
-126.0
-121.0
-134.0
-134.0
-124.0
-124.0
-118.0
-108.0
-98.0
-79.0
-67.0
-50.0
-19.0
-1.0
41.0
75.0
91.0
112.0
142.0
176.0
198.0
195.0
220.0
205.0
203.0
218.0
210.0
209.0
194.0
190.0
203.0
192.0
178.0
180.0
163.0
153.0
153.0
134.0
142.0
143.0
125.0
115.0
114.0
119.0
116.0
96.0
90.0
80.0
65.0
57.0
41.0
26.0
25.0
27.0
41.0
70.0
61.0
37.0
5.0
-7.0
-13.0
-21.0
3.0
-8.0
-27.0
-24.0
-41.0
-36.0
-25.0
-41.0
-51.0
-35.0
-39.0
-56.0
-52.0
-41.0
-51.0
-43.0
-71.0
-92.0
-57.0
-44.0
-81.0
-100.0
-78.0
-61.0
-29.0
-35.0
-37.0
-31.0
-33.0
-51.0
-43.0
-36.0
-52.0
-57.0
-61.0
-52.0
-75.0
-93.0
-105.0
-133.0
-136.0
-133.0
-137.0
-159.0
-177.0
-184.0
-170.0
-184.0
-177.0
-183.0
-183.0
-159.0
-167.0
-184.0
-186.0
-196.0
-194.0
-191.0
-181.0
-175.0
-208.0
-191.0
-166.0
-181.0
-195.0
-172.0
-187.0
-184.0
-178.0
-193.0
-188.0
-212.0
-200.0
-202.0
-206.0
-197.0
-195.0
-215.0
-200.0
-214.0
-227.0
-217.0
-227.0
-214.0
-214.0
-223.0
-208.0
-225.0
-210.0
-211.0
-227.0
-213.0
-231.0
-208.0
-210.0
-219.0
-242.0
-225.0
-234.0
-227.0
-233.0
-243.0
-214.0
-182.0
-232.0
-216.0
-206.0
-236.0
-218.0
-194.0
-192.0
-232.0
-241.0
-239.0
-243.0
-221.0
-250.0
-220.0
-234.0
-239.0
-244.0
-237.0
-215.0
-224.0
-244.0
-206.0
-195.0
-191.0
-186.0
-176.0
-168.0
-131.0
-129.0
-122.0
-98.0
-89.0
-96.0
-88.0
-69.0
-66.0
-63.0
-31.0
-20.0
-32.0
-39.0
-17.0
-17.0
-4.0
-1.0
-6.0
-1.0
3.0
20.0
32.0
19.0
26.0
20.0
20.0
26.0
15.0
17.0
31.0
19.0
24.0
24.0
23.0
34.0
23.0
42.0
41.0
30.0
44.0
46.0
36.0
36.0
19.0
15.0
6.0
-2.0
8.0
-13.0
-23.0
-3.0
-12.0
-25.0
-27.0
-40.0
-27.0
-45.0
-56.0
-40.0
-37.0
-33.0
-27.0
-36.0
-18.0
-14.0
-10.0
-6.0
-14.0
-15.0
-10.0
-11.0
1.0
-4.0
-9.0
-3.0
4.0
3.0
13.0
17.0
34.0
17.0
20.0
31.0
16.0
27.0
41.0
33.0
39.0
39.0
38.0
42.0
29.0
36.0
35.0
29.0
33.0
34.0
26.0
40.0
22.0
37.0
33.0
22.0
32.0
24.0
23.0
29.0
11.0
10.0
15.0
8.0
13.0
26.0
16.0
30.0
27.0
41.0
34.0
30.0
50.0
43.0
43.0
60.0
59.0
63.0
57.0
55.0
77.0
79.0
67.0
84.0
75.0
73.0
74.0
62.0
73.0
80.0
89.0
98.0
86.0
96.0
86.0
79.0
103.0
80.0
88.0
113.0
92.0
88.0
89.0
76.0
100.0
124.0
125.0
130.0
82.0
61.0
73.0
55.0
61.0
67.0
65.0
73.0
62.0
65.0
69.0
43.0
62.0
59.0
70.0
62.0
51.0
54.0
49.0
40.0
37.0
35.0
16.0
17.0
-1.0
-20.0
-31.0
-52.0
-43.0
-55.0
-68.0
-59.0
-79.0
-67.0
-69.0
-84.0
-59.0
-50.0
-74.0
-70.0
-69.0
-67.0
-60.0
-62.0
-58.0
-64.0
-69.0
-63.0
-79.0
-58.0
-45.0
-37.0
-15.0
-6.0
15.0
39.0
44.0
63.0
72.0
83.0
103.0
107.0
126.0
134.0
110.0
116.0
121.0
97.0
86.0
84.0
77.0
77.0
53.0
49.0
46.0
22.0
25.0
22.0
22.0
32.0
13.0
26.0
30.0
13.0
13.0
12.0
29.0
34.0
27.0
49.0
65.0
70.0
77.0
55.0
43.0
43.0
33.0
42.0
45.0
30.0
44.0
35.0
30.0
41.0
46.0
44.0
36.0
30.0
25.0
31.0
31.0
40.0
34.0
21.0
42.0
31.0
45.0
47.0
39.0
46.0
39.0
42.0
39.0
21.0
29.0
23.0
21.0
38.0
24.0
35.0
35.0
11.0
15.0
23.0
29.0
41.0
40.0
33.0
54.0
51.0
76.0
91.0
84.0
74.0
46.0
35.0
48.0
46.0
51.0
35.0
21.0
40.0
28.0
34.0
42.0
46.0
55.0
52.0
49.0
68.0
51.0
49.0
49.0
52.0
63.0
55.0
63.0
81.0
70.0
89.0
98.0
91.0
102.0
96.0
93.0
110.0
78.0
84.0
84.0
71.0
92.0
99.0
102.0
118.0
106.0
118.0
138.0
125.0
147.0
140.0
134.0
151.0
126.0
152.0
158.0
155.0
149.0
158.0
172.0
185.0
142.0
154.0
131.0
126.0
122.0
125.0
120.0
108.0
82.0
107.0
143.0
135.0
139.0
142.0
143.0
130.0
106.0
126.0
121.0
92.0
105.0
103.0
86.0
86.0
74.0
89.0
90.0
83.0
100.0
71.0
93.0
88.0
85.0
107.0
76.0
59.0
83.0
75.0
59.0
74.0
77.0
76.0
87.0
62.0
60.0
45.0
54.0
72.0
64.0
52.0
46.0
40.0
62.0
51.0
54.0
79.0
60.0
74.0
64.0
73.0
76.0
51.0
48.0
45.0
34.0
66.0
57.0
65.0
86.0
115.0
113.0
112.0
146.0
184.0
215.0
216.0
229.0
234.0
231.0
231.0
214.0
224.0
238.0
231.0
234.0
218.0
177.0
129.0
114.0
89.0
93.0
76.0
61.0
58.0
62.0
88.0
79.0
84.0
84.0
105.0
142.0
148.0
166.0
197.0
216.0
227.0
230.0
204.0
208.0
224.0
182.0
199.0
194.0
182.0
147.0
168.0
190.0
152.0
157.0
209.0
221.0
161.0
122.0
184.0
117.0
-15.0
33.0
70.0
-18.0
-8.0
-74.0
-106.0
-111.0
-128.0
-142.0
-185.0
-202.0
-206.0
-210.0
-225.0
-205.0
-196.0
-174.0
-173.0
-212.0
-194.0
-203.0
-221.0
-210.0
-214.0
-250.0
-218.0
-221.0
-227.0
-215.0
-208.0
-216.0
-234.0
-240.0
-216.0
-224.0
-247.0
-244.0
-225.0
-210.0
-203.0
-201.0
-168.0
-187.0
-157.0
-135.0
-208.0
-202.0
-195.0
-196.0
-223.0
-206.0
-209.0
-218.0
-204.0
-164.0
-176.0
-210.0
-195.0
-177.0
-188.0
-157.0
-173.0
-214.0
-180.0
-133.0
-120.0
-144.0
-139.0
-137.0
-130.0
-138.0
-143.0
-143.0
-138.0
-165.0
-151.0
-137.0
-152.0
-152.0
-156.0
-150.0
-142.0
-156.0
-154.0
-146.0
-166.0
-144.0
-139.0
-149.0
-141.0
-135.0
-144.0
-131.0
-151.0
-155.0
-140.0
-137.0
-117.0
-126.0
-132.0
-156.0
-167.0
-171.0
-178.0
-161.0
-145.0
-144.0
-145.0
-164.0
-156.0
-138.0
-148.0
-152.0
-144.0
-154.0
-136.0
-128.0
-135.0
-128.0
-128.0
-132.0
-136.0
-147.0
-142.0
-148.0
-161.0
-152.0
-167.0
-167.0
-159.0
-161.0
-144.0
-131.0
-140.0
-136.0
-135.0
-135.0
-124.0
-132.0
-134.0
-131.0
-138.0
-128.0
-127.0
-123.0
-119.0
-139.0
-124.0
-129.0
-130.0
-110.0
-106.0
-112.0
-105.0
-116.0
-112.0
-103.0
-112.0
-89.0
-97.0
-103.0
-83.0
-85.0
-84.0
-81.0
-81.0
-76.0
-81.0
-82.0
-73.0
-83.0
-83.0
-79.0
-82.0
-79.0
-75.0
-71.0
-60.0
-67.0
-71.0
-63.0
-65.0
-68.0
-65.0
-70.0
-53.0
-53.0
-57.0
-56.0
-63.0
-53.0
-60.0
-72.0
-66.0
-63.0
-58.0
-53.0
-51.0
-40.0
-39.0
-36.0
-20.0
-31.0
-31.0
-24.0
-40.0
-36.0
-52.0
-25.0
-4.0
-25.0
-47.0
-60.0
-67.0
-56.0
-29.0
-29.0
-31.0
-28.0
-7.0
-9.0
-20.0
-21.0
-40.0
-41.0
-30.0
-43.0
-46.0
-29.0
-22.0
-1.0
-12.0
-30.0
-50.0
-59.0
-49.0
-51.0
-54.0
-51.0
-46.0
-43.0
-43.0
-40.0
-30.0
-34.0
-34.0
-21.0
-22.0
-14.0
-13.0
-37.0
-37.0
-39.0
-67.0
-44.0
-36.0
-56.0
-37.0
-39.0
-30.0
-17.0
-15.0
-7.0
-21.0
-12.0
3.0
-13.0
-13.0
3.0
-14.0
-9.0
-2.0
-14.0
-17.0
-22.0
-30.0
-37.0
-44.0
-30.0
-31.0
-40.0
-26.0
-29.0
-26.0
-25.0
-47.0
-26.0
-21.0
-24.0
-6.0
-21.0
-17.0
-14.0
-26.0
-17.0
-18.0
-24.0
-8.0
-22.0
-25.0
-16.0
-14.0
-10.0
-20.0
-18.0
-7.0
-6.0
1.0
17.0
-11.0
-7.0
-1.0
-16.0
-5.0
-16.0
4.0
15.0
-4.0
7.0
12.0
25.0
30.0
10.0
-4.0
8.0
12.0
27.0
27.0
14.0
26.0
32.0
42.0
46.0
42.0
44.0
39.0
37.0
36.0
26.0
25.0
49.0
56.0
65.0
60.0
52.0
55.0
45.0
54.0
60.0
36.0
41.0
35.0
31.0
41.0
37.0
50.0
59.0
52.0
68.0
70.0
57.0
62.0
53.0
71.0
71.0
49.0
51.0
44.0
35.0
60.0
49.0
58.0
84.0
63.0
69.0
75.0
67.0
71.0
61.0
73.0
76.0
63.0
71.0
50.0
42.0
69.0
43.0
61.0
72.0
41.0
61.0
71.0
67.0
86.0
79.0
82.0
89.0
86.0
97.0
101.0
77.0
90.0
91.0
94.0
111.0
118.0
137.0
159.0
181.0
205.0
216.0
229.0
254.0
246.0
254.0
242.0
224.0
228.0
210.0
215.0
209.0
180.0
161.0
143.0
124.0
122.0
101.0
96.0
92.0
70.0
78.0
72.0
57.0
68.0
53.0
39.0
30.0
23.0
30.0
22.0
15.0
18.0
-1.0
-3.0
-4.0
-9.0
9.0
-7.0
-21.0
-19.0
-23.0
-14.0
-17.0
-25.0
-16.0
-31.0
-45.0
-36.0
-49.0
-57.0
-48.0
-55.0
-46.0
-42.0
-54.0
-52.0
-60.0
-51.0
-29.0
-44.0
-34.0
-29.0
-41.0
-36.0
-47.0
-45.0
-39.0
-56.0
-55.0
-60.0
-60.0
-52.0
-63.0
-58.0
-54.0
-55.0
-39.0
-43.0
-49.0
-40.0
-54.0
-56.0
-54.0
-62.0
-58.0
-50.0
-54.0
-35.0
-33.0
-22.0
-33.0
-71.0
-68.0
-68.0
-85.0
-70.0
-65.0
-54.0
-40.0
-40.0
-25.0
-22.0
-32.0
-29.0
-39.0
-27.0
-37.0
-44.0
-19.0
-30.0
-34.0
-21.0
-29.0
-29.0
-20.0
-35.0
-26.0
-24.0
-24.0
-19.0
-32.0
-33.0
-27.0
-33.0
-26.0
-37.0
-37.0
-23.0
-42.0
-36.0
-15.0
-15.0
-10.0
-17.0
-23.0
-17.0
-22.0
-16.0
-11.0
-31.0
-29.0
-40.0
-43.0
-27.0
-40.0
-37.0
-29.0
-44.0
-37.0
-34.0
-39.0
-11.0
-1.0
-4.0
-16.0
-29.0
1.0
-17.0
-30.0
-27.0
-44.0
-55.0
-52.0
-21.0
-17.0
-17.0
-37.0
-26.0
-26.0
-23.0
-11.0
-16.0
-12.0
-13.0
-24.0
-12.0
-20.0
-13.0
-16.0
-34.0
-30.0
-28.0
-39.0
-48.0
-61.0
-79.0
-76.0
-73.0
-58.0
-41.0
-33.0
-18.0
-28.0
-26.0
-6.0
-11.0
-2.0
-8.0
-13.0
-2.0
-10.0
-16.0
-23.0
-46.0
-42.0
-48.0
-51.0
-36.0
-45.0
-44.0
-42.0
-56.0
-42.0
-39.0
-48.0
-20.0
-14.0
-21.0
-18.0
-14.0
-9.0
0.0
-10.0
-15.0
-14.0
8.0
31.0
16.0
15.0
-8.0
-16.0
-14.0
-23.0
-17.0
-14.0
-15.0
-5.0
-1.0
2.0
0.0
-2.0
3.0
6.0
6.0
16.0
4.0
-5.0
-1.0
-10.0
-10.0
-11.0
-9.0
5.0
-11.0
-17.0
-12.0
6.0
-12.0
-7.0
-16.0
2.0
2.0
-10.0
1.0
8.0
14.0
-2.0
-8.0
21.0
-25.0
-50.0
8.0
-27.0
-54.0
-14.0
-17.0
-41.0
-35.0
-41.0
-25.0
-48.0
-73.0
-69.0
-49.0
-66.0
-77.0
-91.0
-35.0
-50.0
-65.0
-55.0
-92.0
-67.0
-46.0
-62.0
-37.0
-56.0
-54.0
-67.0
-73.0
-41.0
-44.0
-48.0
-37.0
-57.0
-64.0
-66.0
-58.0
-50.0
-45.0
-49.0
-36.0
-48.0
-48.0
-39.0
-38.0
-31.0
-32.0
-34.0
-25.0
-23.0
-19.0
-22.0
-41.0
-39.0
-53.0
-74.0
-58.0
-62.0
-55.0
-49.0
-62.0
-44.0
-52.0
-52.0
-41.0
-48.0
-45.0
-48.0
-37.0
-3.0
4.0
10.0
22.0
15.0
26.0
37.0
18.0
50.0
52.0
54.0
67.0
81.0
101.0
120.0
138.0
178.0
199.0
191.0
198.0
202.0
232.0
235.0
235.0
251.0
254.0
256.0
254.0
252.0
255.0
254.0
252.0
256.0
256.0
254.0
256.0
250.0
254.0
243.0
229.0
205.0
208.0
181.0
161.0
148.0
135.0
119.0
96.0
79.0
62.0
50.0
56.0
41.0
39.0
26.0
-35.0
-41.0
-39.0
-81.0
-92.0
-92.0
-82.0
-138.0
-193.0
-192.0
-167.0
-187.0
-188.0
-203.0
-234.0
-234.0
-218.0
-226.0
-228.0
-246.0
-223.0
-225.0
-232.0
-220.0
-253.0
-211.0
-193.0
-228.0
-212.0
-218.0
-209.0
-236.0
-207.0
-215.0
-234.0
-232.0
-187.0
-184.0
-176.0
-183.0
-177.0
-190.0
-192.0
-181.0
-167.0
-166.0
-137.0
-122.0
-122.0
-91.0
-71.0
-71.0
-61.0
-70.0
-50.0
-43.0
-55.0
-59.0
-45.0
-63.0
-47.0
-45.0
-53.0
-47.0
-68.0
-65.0
-50.0
-43.0
-76.0
-81.0
-56.0
-38.0
-49.0
-29.0
-45.0
-67.0
-70.0
-74.0
-55.0
-53.0
-53.0
-42.0
-42.0
-58.0
-45.0
-71.0
-76.0
-56.0
-62.0
-38.0
-29.0
-24.0
-27.0
-49.0
-57.0
-54.0
-42.0
-27.0
-32.0
-26.0
-20.0
-26.0
-30.0
-34.0
-45.0
-47.0
-45.0
-51.0
-31.0
-18.0
-16.0
-33.0
-41.0
-18.0
-16.0
-22.0
-14.0
-11.0
-32.0
-46.0
-43.0
-44.0
-46.0
-40.0
-23.0
-35.0
-41.0
-29.0
-33.0
-27.0
-36.0
-43.0
-14.0
-27.0
-19.0
2.0
-24.0
-40.0
-36.0
-49.0
-16.0
-26.0
-32.0
-60.0
-102.0
-65.0
-81.0
-85.0
-95.0
-114.0
-108.0
-133.0
-156.0
-136.0
-110.0
-161.0
-194.0
-133.0
-103.0
-182.0
-189.0
-162.0
-174.0
-190.0
-156.0
-156.0
-144.0
-156.0
-160.0
-133.0
-135.0
-116.0
-102.0
-120.0
-108.0
-79.0
-81.0
-78.0
-68.0
-70.0
-63.0
-54.0
-65.0
-60.0
-65.0
-56.0
-56.0
-44.0
-33.0
-52.0
-53.0
-50.0
-58.0
-37.0
-53.0
-50.0
-29.0
-35.0
-27.0
-31.0
-43.0
-42.0
-37.0
-45.0
-35.0
-52.0
-41.0
-33.0
-46.0
-46.0
-39.0
-29.0
-19.0
-10.0
-6.0
-20.0
-26.0
-25.0
-16.0
-23.0
-21.0
-25.0
-23.0
-16.0
-36.0
-23.0
-16.0
-26.0
-26.0
-28.0
5.0
15.0
16.0
23.0
18.0
27.0
48.0
46.0
36.0
34.0
22.0
21.0
23.0
34.0
42.0
37.0
50.0
56.0
77.0
97.0
78.0
81.0
112.0
124.0
140.0
157.0
149.0
175.0
198.0
208.0
238.0
251.0
228.0
228.0
208.0
223.0
217.0
204.0
223.0
220.0
212.0
214.0
189.0
191.0
192.0
181.0
176.0
153.0
140.0
133.0
125.0
121.0
107.0
83.0
52.0
41.0
29.0
10.0
5.0
19.0
11.0
-1.0
3.0
-12.0
-22.0
-18.0
-34.0
-30.0
-36.0
-49.0
-44.0
-69.0
-67.0
-59.0
-68.0
-65.0
-76.0
-79.0
-79.0
-93.0
-97.0
-106.0
-113.0
-106.0
-104.0
-112.0
-111.0
-113.0
-109.0
-119.0
-123.0
-109.0
-106.0
-107.0
-99.0
-111.0
-114.0
-89.0
-101.0
-98.0
-96.0
-111.0
-111.0
-131.0
-135.0
-138.0
-148.0
-143.0
-144.0
-142.0
-125.0
-116.0
-108.0
-106.0
-120.0
-102.0
-120.0
-123.0
-112.0
-132.0
-134.0
-128.0
-144.0
-144.0
-149.0
-154.0
-139.0
-151.0
-155.0
-146.0
-152.0
-131.0
-128.0
-128.0
-112.0
-117.0
-125.0
-129.0
-128.0
-133.0
-136.0
-148.0
-120.0
-100.0
-105.0
-107.0
-100.0
-103.0
-99.0
-97.0
-93.0
-102.0
-86.0
-95.0
-86.0
-78.0
-91.0
-96.0
-103.0
-103.0
-90.0
-81.0
-103.0
-90.0
-45.0
-68.0
-88.0
-80.0
-58.0
-63.0
-67.0
-64.0
-48.0
-45.0
-20.0
-16.0
-21.0
-45.0
-67.0
-39.0
-44.0
-50.0
-15.0
-19.0
-22.0
-13.0
-15.0
-12.0
-2.0
-8.0
-3.0
-1.0
-11.0
1.0
3.0
-1.0
-10.0
-5.0
3.0
-18.0
-33.0
-22.0
-22.0
-11.0
6.0
-4.0
3.0
12.0
5.0
4.0
-4.0
3.0
24.0
18.0
15.0
12.0
15.0
-3.0
-14.0
-14.0
-5.0
-9.0
6.0
2.0
13.0
30.0
29.0
41.0
52.0
54.0
121.0
128.0
141.0
169.0
168.0
232.0
223.0
212.0
223.0
238.0
201.0
190.0
219.0
233.0
232.0
214.0
211.0
183.0
192.0
180.0
183.0
125.0
73.0
74.0
79.0
46.0
43.0
59.0
34.0
61.0
35.0
25.0
65.0
-4.0
-34.0
-30.0
-52.0
-54.0
-65.0
-110.0
-78.0
-95.0
-149.0
-156.0
-191.0
-188.0
-174.0
-218.0
-208.0
-214.0
-233.0
-230.0
-242.0
-217.0
-244.0
-240.0
-221.0
-254.0
-235.0
-212.0
-235.0
-244.0
-203.0
-210.0
-230.0
-233.0
-227.0
-228.0
-231.0
-222.0
-230.0
-234.0
-210.0
-232.0
-225.0
-198.0
-204.0
-191.0
-193.0
-209.0
-184.0
-201.0
-164.0
-162.0
-158.0
-125.0
-109.0
-113.0
-130.0
-176.0
-190.0
-178.0
-150.0
-162.0
-180.0
-154.0
-124.0
-140.0
-124.0
-106.0
-99.0
-107.0
-106.0
-126.0
-138.0
-137.0
-129.0
-99.0
-122.0
-131.0
-117.0
-127.0
-110.0
-120.0
-118.0
-115.0
-135.0
-117.0
-126.0
-128.0
-116.0
-135.0
-132.0
-123.0
-127.0
-127.0
-123.0
-139.0
-139.0
-143.0
-138.0
-131.0
-150.0
-149.0
-137.0
-149.0
-144.0
-140.0
-137.0
-140.0
-128.0
-115.0
-130.0
-156.0
-143.0
-137.0
-142.0
-130.0
-134.0
-109.0
-113.0
-109.0
-101.0
-111.0
-108.0
-90.0
-96.0
-104.0
-96.0
-100.0
-95.0
-103.0
-101.0
-99.0
-108.0
-103.0
-121.0
-138.0
-120.0
-110.0
-108.0
-102.0
-110.0
-89.0
-101.0
-105.0
-84.0
-97.0
-97.0
-86.0
-90.0
-86.0
-92.0
-101.0
-99.0
-101.0
-105.0
-99.0
-107.0
-103.0
-96.0
-88.0
-76.0
-93.0
-81.0
-73.0
-70.0
-69.0
-74.0
-73.0
-59.0
-74.0
-81.0
-73.0
-81.0
-74.0
-68.0
-87.0
-69.0
-65.0
-58.0
-48.0
-52.0
-43.0
-44.0
-54.0
-52.0
-60.0
-58.0
-54.0
-63.0
-45.0
-37.0
-64.0
-64.0
-74.0
-78.0
-73.0
-78.0
-69.0
-69.0
-73.0
-55.0
-76.0
-75.0
-48.0
-73.0
-61.0
-54.0
-61.0
-68.0
-74.0
-64.0
-76.0
-87.0
-73.0
-70.0
-71.0
-57.0
-49.0
-35.0
-14.0
-20.0
-33.0
-17.0
-22.0
-41.0
-42.0
-31.0
-30.0
-39.0
-23.0
-7.0
10.0
-8.0
-21.0
-26.0
-21.0
-20.0
-31.0
-23.0
-32.0
-43.0
-41.0
-40.0
-24.0
-26.0
-21.0
-24.0
-30.0
-1.0
-8.0
-17.0
-1.0
2.0
-4.0
-11.0
-22.0
-13.0
-31.0
-26.0
-20.0
-27.0
-15.0
-14.0
-17.0
-15.0
-20.0
-9.0
6.0
-3.0
-1.0
2.0
-8.0
1.0
-11.0
-7.0
3.0
-19.0
-15.0
2.0
-13.0
-10.0
-15.0
-17.0
-8.0
-18.0
4.0
11.0
26.0
44.0
37.0
18.0
4.0
-4.0
5.0
12.0
6.0
20.0
15.0
10.0
18.0
13.0
26.0
33.0
26.0
30.0
15.0
22.0
26.0
19.0
25.0
25.0
10.0
21.0
25.0
28.0
31.0
29.0
43.0
37.0
24.0
42.0
36.0
33.0
41.0
37.0
41.0
52.0
42.0
44.0
37.0
33.0
34.0
35.0
57.0
47.0
33.0
36.0
24.0
23.0
32.0
22.0
27.0
30.0
31.0
27.0
21.0
27.0
34.0
24.0
39.0
24.0
25.0
27.0
14.0
12.0
25.0
34.0
24.0
24.0
20.0
32.0
24.0
21.0
16.0
22.0
39.0
33.0
34.0
49.0
50.0
40.0
35.0
31.0
37.0
40.0
32.0
43.0
37.0
35.0
44.0
44.0
49.0
49.0
42.0
58.0
45.0
43.0
53.0
39.0
40.0
50.0
46.0
60.0
55.0
56.0
64.0
55.0
62.0
70.0
69.0
79.0
74.0
72.0
79.0
67.0
77.0
67.0
51.0
58.0
43.0
36.0
45.0
51.0
65.0
69.0
81.0
111.0
112.0
127.0
155.0
158.0
183.0
199.0
213.0
227.0
220.0
221.0
227.0
212.0
211.0
213.0
204.0
218.0
200.0
175.0
176.0
154.0
154.0
159.0
138.0
154.0
153.0
122.0
112.0
81.0
60.0
56.0
79.0
83.0
71.0
53.0
37.0
24.0
22.0
25.0
30.0
46.0
46.0
46.0
47.0
32.0
36.0
25.0
3.0
-10.0
-14.0
-17.0
-18.0
-33.0
-37.0
-37.0
-41.0
-23.0
-33.0
-29.0
-22.0
-45.0
-8.0
-6.0
-17.0
-4.0
-20.0
-31.0
-43.0
-51.0
-46.0
-55.0
-57.0
-42.0
-43.0
-43.0
-43.0
-59.0
-51.0
-53.0
-56.0
-38.0
-48.0
-42.0
-29.0
-46.0
-36.0
-25.0
-41.0
-44.0
-57.0
-61.0
-59.0
-59.0
-47.0
-45.0
-39.0
-37.0
-45.0
-40.0
-26.0
-34.0
-19.0
-21.0
-34.0
-26.0
-57.0
-52.0
-17.0
-34.0
-34.0
-31.0
-48.0
-40.0
-48.0
-58.0
-49.0
-44.0
-25.0
-27.0
-36.0
-15.0
-25.0
-25.0
-18.0
-24.0
-5.0
-15.0
-38.0
-33.0
-45.0
-52.0
-42.0
-52.0
-40.0
-30.0
-27.0
-10.0
-23.0
-10.0
-11.0
-18.0
-22.0
-30.0
-31.0
-23.0
-30.0
-30.0
-14.0
-17.0
-14.0
-8.0
-9.0
3.0
6.0
-2.0
2.0
-16.0
4.0
-7.0
-18.0
-17.0
-25.0
-31.0
-20.0
-15.0
0.0
10.0
6.0
34.0
58.0
74.0
55.0
20.0
14.0
1.0
-14.0
-6.0
10.0
8.0
5.0
-1.0
13.0
19.0
24.0
45.0
41.0
40.0
36.0
17.0
24.0
21.0
4.0
11.0
-1.0
4.0
10.0
-3.0
3.0
2.0
-7.0
10.0
9.0
18.0
33.0
27.0
31.0
36.0
43.0
59.0
58.0
69.0
99.0
111.0
134.0
160.0
168.0
188.0
199.0
205.0
214.0
205.0
219.0
220.0
211.0
212.0
200.0
206.0
197.0
157.0
138.0
109.0
93.0
84.0
69.0
56.0
58.0
43.0
46.0
50.0
32.0
37.0
32.0
14.0
26.0
27.0
10.0
-3.0
-11.0
-7.0
-7.0
-11.0
-11.0
-23.0
-26.0
-29.0
-34.0
-26.0
-37.0
-42.0
-44.0
-54.0
-49.0
-48.0
-72.0
-74.0
-76.0
-78.0
-62.0
-68.0
-69.0
-59.0
-65.0
-58.0
-62.0
-62.0
-65.0
-67.0
-58.0
-62.0
-71.0
-50.0
-63.0
-60.0
-61.0
-64.0
-53.0
-67.0
-74.0
-63.0
-72.0
-79.0
-79.0
-88.0
-87.0
-88.0
-98.0
-86.0
-67.0
-39.0
-20.0
-56.0
-57.0
-59.0
-88.0
-64.0
-60.0
-62.0
-53.0
-71.0
-65.0
-66.0
-68.0
-51.0
-51.0
-45.0
-50.0
-56.0
-58.0
-63.0
-74.0
-67.0
-71.0
-77.0
-74.0
-87.0
-78.0
-64.0
-72.0
-53.0
-56.0
-62.0
-62.0
-84.0
-79.0
-68.0
-69.0
-63.0
-72.0
-79.0
-73.0
-77.0
-60.0
-54.0
-58.0
-53.0
-61.0
-45.0
-46.0
-58.0
-44.0
-49.0
-63.0
-41.0
-55.0
-69.0
-58.0
-61.0
-51.0
-54.0
-60.0
-46.0
-51.0
-54.0
-36.0
-46.0
-35.0
-33.0
-42.0
-25.0
-35.0
-42.0
-39.0
-49.0
-49.0
-42.0
-59.0
-67.0
-58.0
-55.0
-40.0
-37.0
-24.0
-18.0
-32.0
-29.0
-42.0
-43.0
-18.0
-35.0
-35.0
-41.0
-56.0
-55.0
-61.0
-67.0
-57.0
-73.0
-76.0
-68.0
-78.0
-71.0
-72.0
-85.0
-74.0
-79.0
-78.0
-80.0
-87.0
-79.0
-80.0
-71.0
-56.0
-55.0
-50.0
-50.0
-61.0
-53.0
-64.0
-38.0
-48.0
-80.0
-77.0
-90.0
-93.0
-81.0
-90.0
-74.0
-63.0
-86.0
-67.0
-49.0
-58.0
-60.0
-69.0
-75.0
-65.0
-80.0
-76.0
-64.0
-73.0
-78.0
-82.0
-68.0
-41.0
-44.0
-54.0
-79.0
-92.0
-69.0
-74.0
-81.0
-65.0
-72.0
-68.0
-59.0
-69.0
-73.0
-72.0
-65.0
-68.0
-73.0
-74.0
-73.0
-78.0
-65.0
-69.0
-78.0
-75.0
-60.0
-53.0
-60.0
-67.0
-47.0
-46.0
-48.0
-44.0
-60.0
-50.0
-36.0
-44.0
-40.0
-34.0
-34.0
-31.0
-26.0
-23.0
-37.0
-42.0
-36.0
-36.0
-43.0
-42.0
-55.0
-51.0
-58.0
-60.0
-55.0
-54.0
-54.0
-48.0
-59.0
-68.0
-69.0
-63.0
-51.0
-59.0
-58.0
-39.0
-54.0
-59.0
-56.0
-53.0
-50.0
-56.0
-66.0
-43.0
-55.0
-52.0
-48.0
-44.0
-34.0
-35.0
-32.0
-21.0
-21.0
-18.0
-22.0
-34.0
-16.0
-20.0
-32.0
-40.0
-61.0
-50.0
-46.0
-51.0
-36.0
-49.0
-43.0
-26.0
-25.0
-11.0
-14.0
-32.0
-37.0
-36.0
-36.0
-30.0
-30.0
-17.0
-8.0
-6.0
-4.0
-23.0
-26.0
-27.0
-40.0
-27.0
-24.0
-37.0
-29.0
-41.0
-34.0
-18.0
-26.0
-26.0
-40.0
-62.0
-50.0
-55.0
-52.0
-36.0
-51.0
-50.0
-40.0
-42.0
-37.0
-36.0
-16.0
2.0
2.0
11.0
-3.0
-40.0
-42.0
-58.0
-53.0
-44.0
-45.0
-45.0
-28.0
-30.0
-21.0
-28.0
-39.0
-34.0
-47.0
-45.0
-44.0
-51.0
-43.0
-41.0
-46.0
-42.0
-44.0
-40.0
-39.0
-40.0
-18.0
-30.0
-24.0
-13.0
-30.0
-20.0
-22.0
-45.0
-38.0
-35.0
-52.0
-39.0
-46.0
-42.0
-33.0
-44.0
-31.0
-27.0
-22.0
-20.0
-30.0
-34.0
-35.0
-45.0
-45.0
-60.0
-69.0
-63.0
-76.0
-70.0
-80.0
-78.0
-46.0
-45.0
-47.0
-35.0
-63.0
-34.0
-18.0
-34.0
-34.0
-45.0
-54.0
-51.0
-71.0
-55.0
-49.0
-68.0
-52.0
-62.0
-70.0
-49.0
-43.0
-40.0
-46.0
-63.0
-50.0
-57.0
-53.0
-52.0
-76.0
-71.0
-76.0
-87.0
-78.0
-76.0
-79.0
-71.0
-52.0
-49.0
-51.0
-53.0
-42.0
-49.0
-60.0
-50.0
-56.0
-36.0
-15.0
-32.0
-22.0
-29.0
-43.0
-25.0
-33.0
-32.0
-29.0
-21.0
-21.0
-34.0
-42.0
-35.0
-53.0
-53.0
-45.0
-46.0
-35.0
-37.0
-41.0
-28.0
-31.0
-31.0
-24.0
-30.0
-13.0
5.0
14.0
17.0
-22.0
-24.0
-15.0
-36.0
-20.0
-23.0
-22.0
-7.0
-16.0
-16.0
-5.0
-5.0
-3.0
-7.0
7.0
29.0
12.0
20.0
29.0
15.0
18.0
13.0
-3.0
14.0
13.0
-2.0
-13.0
-29.0
-21.0
-11.0
-11.0
-10.0
-14.0
3.0
-8.0
-20.0
-7.0
-17.0
-27.0
-10.0
-26.0
-6.0
0.0
-18.0
-16.0
-25.0
-25.0
-16.0
-17.0
1.0
4.0
-18.0
2.0
-1.0
-17.0
-14.0
-35.0
-39.0
-24.0
-31.0
-23.0
-11.0
-20.0
-4.0
-17.0
-26.0
-16.0
-30.0
-25.0
-17.0
-29.0
-12.0
-11.0
-5.0
-4.0
-12.0
-5.0
-14.0
-6.0
11.0
-12.0
-15.0
-25.0
-40.0
-16.0
-11.0
-31.0
-32.0
-51.0
-29.0
-21.0
-26.0
-20.0
-31.0
-38.0
-27.0
-40.0
-39.0
-36.0
-41.0
-27.0
-30.0
-25.0
-19.0
-34.0
-22.0
-21.0
-26.0
-15.0
-23.0
-25.0
-16.0
-27.0
-34.0
-38.0
-49.0
-27.0
-36.0
-39.0
-27.0
-33.0
-23.0
-20.0
-31.0
-20.0
-15.0
-21.0
-20.0
-30.0
-28.0
-22.0
-38.0
-21.0
-19.0
-1.0
15.0
5.0
-20.0
-40.0
-45.0
-23.0
-33.0
-35.0
-26.0
-39.0
-31.0
-42.0
-58.0
-55.0
-73.0
-60.0
-68.0
-87.0
-79.0
-85.0
-109.0
-104.0
-120.0
-133.0
-131.0
-140.0
-143.0
-149.0
-165.0
-155.0
-155.0
-147.0
-127.0
-97.0
-66.0
-52.0
-39.0
-13.0
-10.0
-3.0
11.0
12.0
12.0
18.0
28.0
42.0
44.0
44.0
45.0
33.0
51.0
52.0
48.0
55.0
57.0
46.0
53.0
46.0
50.0
58.0
45.0
67.0
70.0
67.0
74.0
69.0
77.0
77.0
65.0
76.0
67.0
62.0
71.0
58.0
62.0
76.0
68.0
80.0
84.0
79.0
91.0
84.0
84.0
86.0
69.0
70.0
72.0
64.0
69.0
75.0
86.0
95.0
94.0
111.0
100.0
87.0
93.0
82.0
82.0
79.0
65.0
82.0
77.0
77.0
85.0
64.0
67.0
68.0
54.0
72.0
73.0
76.0
94.0
93.0
91.0
90.0
72.0
83.0
86.0
72.0
81.0
73.0
68.0
64.0
49.0
57.0
48.0
48.0
59.0
59.0
63.0
60.0
50.0
61.0
63.0
74.0
119.0
121.0
88.0
68.0
55.0
47.0
48.0
52.0
57.0
44.0
43.0
45.0
40.0
46.0
47.0
41.0
51.0
60.0
63.0
65.0
54.0
64.0
55.0
53.0
51.0
50.0
58.0
40.0
42.0
54.0
38.0
22.0
27.0
22.0
32.0
33.0
30.0
43.0
46.0
37.0
44.0
30.0
40.0
55.0
50.0
50.0
42.0
37.0
31.0
21.0
23.0
17.0
10.0
26.0
25.0
10.0
9.0
0.0
11.0
16.0
19.0
32.0
30.0
34.0
49.0
40.0
37.0
32.0
24.0
29.0
32.0
26.0
23.0
13.0
18.0
19.0
7.0
21.0
21.0
13.0
23.0
22.0
26.0
31.0
16.0
19.0
26.0
29.0
33.0
26.0
19.0
36.0
26.0
31.0
21.0
33.0
43.0
25.0
31.0
29.0
14.0
15.0
20.0
22.0
33.0
34.0
49.0
53.0
38.0
51.0
43.0
43.0
55.0
45.0
52.0
50.0
41.0
36.0
34.0
26.0
36.0
29.0
35.0
46.0
35.0
41.0
43.0
34.0
54.0
54.0
74.0
80.0
85.0
121.0
115.0
85.0
64.0
42.0
39.0
46.0
51.0
70.0
68.0
73.0
87.0
82.0
90.0
83.0
64.0
88.0
80.0
83.0
87.0
81.0
92.0
79.0
69.0
77.0
55.0
48.0
82.0
71.0
78.0
88.0
80.0
75.0
74.0
84.0
90.0
80.0
90.0
80.0
65.0
89.0
81.0
73.0
79.0
82.0
78.0
73.0
60.0
64.0
54.0
56.0
56.0
50.0
48.0
40.0
26.0
37.0
49.0
42.0
49.0
34.0
34.0
49.0
47.0
50.0
50.0
54.0
51.0
32.0
25.0
39.0
34.0
39.0
39.0
43.0
43.0
43.0
39.0
44.0
49.0
42.0
35.0
44.0
59.0
41.0
33.0
44.0
34.0
43.0
40.0
22.0
22.0
23.0
25.0
35.0
24.0
37.0
36.0
27.0
24.0
11.0
7.0
20.0
-5.0
-7.0
-5.0
-13.0
15.0
17.0
10.0
19.0
1.0
-1.0
-5.0
-16.0
-7.0
-20.0
-15.0
-13.0
-23.0
-11.0
-13.0
-23.0
-17.0
-28.0
-37.0
-15.0
-11.0
-13.0
-12.0
-11.0
8.0
12.0
25.0
34.0
-2.0
-8.0
-21.0
-31.0
-13.0
-21.0
-18.0
-6.0
-16.0
-3.0
2.0
-20.0
-11.0
-14.0
-8.0
-1.0
-13.0
5.0
-15.0
-22.0
-7.0
-17.0
-15.0
-12.0
-30.0
-20.0
-17.0
-21.0
-13.0
-20.0
-25.0
-30.0
-41.0
-30.0
-33.0
-43.0
-37.0
-48.0
-55.0
-39.0
-52.0
-43.0
-52.0
-68.0
-60.0
-68.0
-68.0
-62.0
-57.0
-61.0
-77.0
-83.0
-61.0
-67.0
-70.0
-74.0
-67.0
-70.0
-69.0
-89.0
-82.0
-81.0
-76.0
-74.0
-84.0
-68.0
-64.0
-80.0
-75.0
-84.0
-87.0
-91.0
-102.0
-89.0
-93.0
-103.0
-90.0
-91.0
-91.0
-86.0
-90.0
-82.0
-81.0
-88.0
-86.0
-95.0
-95.0
-83.0
-98.0
-84.0
-82.0
-96.0
-80.0
-80.0
-71.0
-69.0
-80.0
-42.0
-39.0
-52.0
-51.0
-64.0
-62.0
-61.0
-77.0
-68.0
-55.0
-55.0
-48.0
-52.0
-40.0
-35.0
-37.0
-31.0
-27.0
-22.0
-20.0
-36.0
-49.0
-52.0
-58.0
-42.0
-33.0
-32.0
-20.0
-13.0
12.0
28.0
37.0
73.0
99.0
114.0
111.0
98.0
110.0
122.0
134.0
149.0
155.0
162.0
170.0
172.0
177.0
184.0
177.0
191.0
190.0
183.0
183.0
162.0
148.0
145.0
136.0
143.0
137.0
122.0
105.0
87.0
67.0
50.0
19.0
21.0
5.0
-11.0
-18.0
-32.0
-33.0
-35.0
-57.0
-68.0
-73.0
-78.0
-86.0
-99.0
-104.0
-104.0
-122.0
-115.0
-118.0
-116.0
-106.0
-128.0
-137.0
-146.0
-163.0
-164.0
-172.0
-170.0
-159.0
-159.0
-169.0
-164.0
-167.0
-173.0
-185.0
-182.0
-181.0
-193.0
-193.0
-190.0
-194.0
-178.0
-180.0
-188.0
-178.0
-184.0
-185.0
-175.0
-177.0
-171.0
-177.0
-189.0
-184.0
-185.0
-180.0
-178.0
-188.0
-181.0
-178.0
-190.0
-182.0
-199.0
-189.0
-179.0
-179.0
-172.0
-176.0
-190.0
-169.0
-174.0
-171.0
-166.0
-178.0
-175.0
-164.0
-168.0
-152.0
-167.0
-172.0
-158.0
-165.0
-156.0
-161.0
-170.0
-159.0
-162.0
-160.0
-150.0
-150.0
-131.0
-136.0
-150.0
-152.0
-158.0
-149.0
-147.0
-146.0
-139.0
-139.0
-156.0
-138.0
-136.0
-106.0
-94.0
-131.0
-137.0
-151.0
-163.0
-140.0
-137.0
-138.0
-121.0
-109.0
-101.0
-113.0
-123.0
-125.0
-143.0
-135.0
-137.0
-156.0
-140.0
-147.0
-152.0
-151.0
-159.0
-143.0
-133.0
-139.0
-130.0
-130.0
-130.0
-116.0
-109.0
-102.0
-95.0
-113.0
-103.0
-95.0
-98.0
-103.0
-107.0
-106.0
-102.0
-110.0
-101.0
-104.0
-101.0
-90.0
-91.0
-80.0
-73.0
-76.0
-76.0
-88.0
-101.0
-93.0
-108.0
-106.0
-102.0
-108.0
-96.0
-85.0
-96.0
-92.0
-97.0
-99.0
-93.0
-107.0
-99.0
-98.0
-103.0
-79.0
-77.0
-66.0
-73.0
-79.0
-72.0
-78.0
-81.0
-72.0
-83.0
-81.0
-73.0
-86.0
-82.0
-82.0
-91.0
-69.0
-69.0
-77.0
-65.0
-79.0
-80.0
-69.0
-71.0
-72.0
-83.0
-74.0
-69.0
-88.0
-65.0
-63.0
-71.0
-64.0
-70.0
-68.0
-67.0
-79.0
-82.0
-73.0
-82.0
-73.0
-71.0
-78.0
-73.0
-77.0
-82.0
-83.0
-73.0
-53.0
-71.0
-67.0
-51.0
-40.0
-32.0
-30.0
-18.0
7.0
17.0
36.0
77.0
97.0
135.0
183.0
206.0
222.0
200.0
206.0
232.0
228.0
250.0
245.0
241.0
252.0
239.0
254.0
250.0
233.0
244.0
241.0
201.0
189.0
172.0
163.0
166.0
131.0
103.0
81.0
74.0
61.0
41.0
39.0
15.0
3.0
-6.0
-24.0
-29.0
-16.0
-53.0
-56.0
-61.0
-93.0
-89.0
-99.0
-95.0
-83.0
-80.0
-114.0
-104.0
-105.0
-126.0
-130.0
-138.0
-137.0
-157.0
-181.0
-170.0
-169.0
-187.0
-195.0
-214.0
-215.0
-212.0
-218.0
-224.0
-227.0
-208.0
-215.0
-237.0
-221.0
-240.0
-253.0
-227.0
-233.0
-251.0
-246.0
-241.0
-233.0
-237.0
-231.0
-236.0
-242.0
-207.0
-225.0
-212.0
-201.0
-208.0
-212.0
-223.0
-210.0
-221.0
-189.0
-186.0
-182.0
-234.0
-185.0
-194.0
-216.0
-235.0
-228.0
-209.0
-200.0
-213.0
-205.0
-222.0
-235.0
-193.0
-161.0
-180.0
-184.0
-175.0
-162.0
-145.0
-161.0
-124.0
-108.0
-112.0
-100.0
-93.0
-83.0
-62.0
-59.0
-41.0
-35.0
-42.0
-22.0
-16.0
-14.0
4.0
-3.0
-3.0
7.0
0.0
5.0
16.0
29.0
34.0
9.0
-15.0
-20.0
-25.0
-6.0
-7.0
-1.0
8.0
4.0
2.0
-11.0
-8.0
10.0
-19.0
-12.0
6.0
-2.0
17.0
24.0
3.0
13.0
19.0
8.0
19.0
24.0
12.0
6.0
-4.0
-5.0
2.0
-14.0
-10.0
-15.0
-10.0
-10.0
-5.0
5.0
-16.0
-5.0
7.0
-5.0
4.0
12.0
-13.0
13.0
-3.0
-10.0
2.0
-5.0
11.0
12.0
-1.0
13.0
18.0
22.0
14.0
2.0
8.0
8.0
-7.0
10.0
11.0
14.0
15.0
27.0
24.0
19.0
6.0
28.0
41.0
36.0
48.0
33.0
30.0
32.0
23.0
27.0
13.0
13.0
28.0
32.0
35.0
35.0
46.0
56.0
48.0
52.0
72.0
60.0
73.0
56.0
28.0
51.0
52.0
72.0
97.0
66.0
75.0
77.0
60.0
69.0
67.0
52.0
58.0
47.0
63.0
68.0
63.0
72.0
64.0
72.0
70.0
42.0
46.0
45.0
27.0
56.0
54.0
47.0
63.0
56.0
55.0
64.0
73.0
90.0
80.0
80.0
82.0
76.0
83.0
101.0
105.0
118.0
104.0
77.0
82.0
66.0
64.0
77.0
71.0
64.0
78.0
86.0
97.0
105.0
120.0
117.0
93.0
105.0
88.0
96.0
131.0
130.0
130.0
143.0
129.0
145.0
123.0
120.0
135.0
128.0
131.0
133.0
145.0
161.0
162.0
162.0
155.0
152.0
148.0
175.0
180.0
172.0
176.0
172.0
171.0
148.0
150.0
162.0
173.0
171.0
162.0
154.0
194.0
172.0
202.0
229.0
204.0
235.0
248.0
244.0
256.0
246.0
245.0
255.0
239.0
245.0
239.0
224.0
243.0
256.0
238.0
233.0
234.0
235.0
182.0
211.0
241.0
210.0
177.0
167.0
152.0
161.0
182.0
162.0
144.0
158.0
169.0
161.0
168.0
164.0
178.0
171.0
174.0
155.0
128.0
117.0
126.0
110.0
101.0
57.0
76.0
81.0
74.0
61.0
43.0
61.0
48.0
53.0
65.0
59.0
32.0
9.0
5.0
-2.0
-20.0
-3.0
4.0
-27.0
-35.0
-40.0
-49.0
-48.0
-60.0
-72.0
-90.0
-129.0
-131.0
-144.0
-156.0
-144.0
-154.0
-169.0
-165.0
-187.0
-193.0
-206.0
-207.0
-181.0
-193.0
-192.0
-169.0
-185.0
-173.0
-153.0
-160.0
-157.0
-159.0
-193.0
-193.0
-192.0
-206.0
-220.0
-208.0
-216.0
-212.0
-210.0
-199.0
-231.0
-222.0
-199.0
-223.0
-219.0
-224.0
-231.0
-205.0
-200.0
-200.0
-210.0
-199.0
-188.0
-184.0
-191.0
-185.0
-173.0
-181.0
-177.0
-194.0
-181.0
-178.0
-187.0
-181.0
-192.0
-200.0
-170.0
-174.0
-170.0
-161.0
-152.0
-153.0
-150.0
-140.0
-130.0
-112.0
-109.0
-116.0
-123.0
-123.0
-118.0
-92.0
-91.0
-94.0
-74.0
-78.0
-83.0
-100.0
-80.0
-71.0
-82.0
-82.0
-75.0
-76.0
-65.0
-53.0
-34.0
-18.0
-9.0
6.0
42.0
74.0
73.0
117.0
163.0
214.0
223.0
194.0
235.0
235.0
236.0
248.0
204.0
197.0
178.0
211.0
188.0
140.0
158.0
128.0
123.0
145.0
148.0
107.0
54.0
84.0
90.0
-8.0
-6.0
19.0
3.0
-1.0
58.0
13.0
-5.0
-19.0
-63.0
-15.0
-107.0
-218.0
-176.0
-144.0
-175.0
-213.0
-190.0
-171.0
-253.0
-247.0
-212.0
-238.0
-258.0
-222.0
-225.0
-229.0
-226.0
-244.0
-222.0
-248.0
-251.0
-210.0
-235.0
-249.0
-242.0
-230.0
-190.0
-208.0
-228.0
-214.0
-200.0
-185.0
-220.0
-208.0
-212.0
-221.0
-215.0
-194.0
-166.0
-181.0
-182.0
-194.0
-219.0
-194.0
-182.0
-175.0
-177.0
-206.0
-182.0
-165.0
-159.0
-142.0
-155.0
-149.0
-129.0
-138.0
-161.0
-159.0
-177.0
-183.0
-149.0
-149.0
-186.0
-185.0
-167.0
-142.0
-142.0
-138.0
-158.0
-147.0
-135.0
-131.0
-148.0
-156.0
-135.0
-142.0
-135.0
-131.0
-159.0
-132.0
-124.0
-147.0
-143.0
-147.0
-144.0
-131.0
-139.0
-122.0
-126.0
-137.0
-118.0
-120.0
-119.0
-130.0
-138.0
-126.0
-124.0
-125.0
-111.0
-116.0
-133.0
-117.0
-106.0
-103.0
-89.0
-80.0
-77.0
-84.0
-96.0
-75.0
-89.0
-99.0
-101.0
-105.0
-106.0
-105.0
-105.0
-96.0
-108.0
-99.0
-97.0
-120.0
-113.0
-109.0
-110.0
-118.0
-124.0
-126.0
-114.0
-105.0
-99.0
-101.0
-97.0
-86.0
-81.0
-72.0
-58.0
-42.0
-33.0
-67.0
-99.0
-105.0
-99.0
-78.0
-69.0
-46.0
-45.0
-58.0
-48.0
-40.0
-53.0
-42.0
-58.0
-55.0
-55.0
-62.0
-42.0
-51.0
-54.0
-49.0
-52.0
-54.0
-42.0
-42.0
-43.0
-77.0
-49.0
-30.0
-13.0
-23.0
-5.0
-8.0
-8.0
14.0
-7.0
11.0
1.0
-14.0
-4.0
7.0
22.0
28.0
44.0
73.0
80.0
96.0
139.0
149.0
155.0
180.0
172.0
202.0
215.0
211.0
241.0
247.0
230.0
224.0
218.0
227.0
219.0
189.0
162.0
166.0
176.0
172.0
158.0
158.0
166.0
168.0
180.0
171.0
163.0
184.0
178.0
197.0
206.0
192.0
208.0
182.0
174.0
195.0
165.0
186.0
192.0
182.0
197.0
188.0
169.0
174.0
166.0
148.0
147.0
138.0
130.0
122.0
86.0
92.0
70.0
63.0
53.0
15.0
11.0
-18.0
-42.0
-26.0
-38.0
-37.0
-43.0
-62.0
-46.0
-48.0
-50.0
-55.0
-86.0
-100.0
-116.0
-140.0
-129.0
-142.0
-142.0
-105.0
-105.0
-89.0
-89.0
-93.0
-102.0
-151.0
-157.0
-153.0
-155.0
-153.0
-151.0
-152.0
-125.0
-129.0
-133.0
-127.0
-155.0
-168.0
-168.0
-186.0
-182.0
-178.0
-180.0
-172.0
-170.0
-163.0
-148.0
-128.0
-125.0
-126.0
-114.0
-100.0
-128.0
-120.0
-115.0
-117.0
-116.0
-124.0
-125.0
-125.0
-135.0
-131.0
-134.0
-137.0
-121.0
-114.0
-107.0
-101.0
-111.0
-110.0
-111.0
-122.0
-112.0
-110.0
-125.0
-117.0
-135.0
-119.0
-118.0
-128.0
-112.0
-117.0
-122.0
-119.0
-136.0
-127.0
-111.0
-119.0
-119.0
-109.0
-107.0
-107.0
-123.0
-116.0
-106.0
-102.0
-86.0
-86.0
-122.0
-120.0
-112.0
-108.0
-101.0
-91.0
-76.0
-79.0
-73.0
-61.0
-74.0
-90.0
-93.0
-90.0
-80.0
-95.0
-105.0
-87.0
-99.0
-93.0
-75.0
-83.0
-63.0
-66.0
-72.0
-72.0
-77.0
-61.0
-53.0
-55.0
-51.0
-54.0
-69.0
-83.0
-93.0
-88.0
-70.0
-72.0
-69.0
-70.0
-70.0
-69.0
-69.0
-53.0
-40.0
-48.0
-36.0
-33.0
-37.0
-34.0
-37.0
-31.0
-10.0
-6.0
-4.0
-29.0
-65.0
-71.0
-91.0
-92.0
-77.0
-79.0
-71.0
-70.0
-64.0
-52.0
-53.0
-42.0
-36.0
-41.0
-40.0
-37.0
-39.0
-25.0
-19.0
-14.0
-8.0
-6.0
6.0
10.0
12.0
33.0
42.0
64.0
78.0
81.0
108.0
133.0
131.0
166.0
171.0
177.0
183.0
179.0
191.0
202.0
200.0
208.0
231.0
223.0
210.0
195.0
195.0
185.0
181.0
182.0
147.0
132.0
133.0
120.0
127.0
119.0
111.0
115.0
102.0
100.0
93.0
81.0
88.0
82.0
77.0
104.0
89.0
76.0
71.0
50.0
41.0
21.0
-2.0
10.0
-20.0
-29.0
-24.0
-20.0
-9.0
-24.0
-18.0
-8.0
-20.0
-44.0
-35.0
-63.0
-95.0
-101.0
-111.0
-87.0
-99.0
-88.0
-94.0
-74.0
-71.0
-72.0
-73.0
-64.0
-82.0
-96.0
-95.0
-108.0
-106.0
-96.0
-93.0
-90.0
-85.0
-84.0
-87.0
-114.0
-91.0
-83.0
-88.0
-70.0
-86.0
-71.0
-81.0
-83.0
-78.0
-82.0
-99.0
-102.0
-118.0
-112.0
-106.0
-111.0
-69.0
-62.0
-53.0
-80.0
-90.0
-100.0
-100.0
-98.0
-77.0
-76.0
-82.0
-67.0
-85.0
-93.0
-92.0
-92.0
-88.0
-89.0
-105.0
-105.0
-109.0
-96.0
-86.0
-86.0
-72.0
-78.0
-87.0
-83.0
-85.0
-92.0
-78.0
-93.0
-95.0
-91.0
-92.0
-68.0
-65.0
-77.0
-78.0
-82.0
-87.0
-102.0
-96.0
-87.0
-90.0
-89.0
-86.0
-74.0
-79.0
-95.0
-74.0
-55.0
-72.0
-75.0
-66.0
-77.0
-68.0
-74.0
-93.0
-85.0
-86.0
-74.0
-77.0
-79.0
-52.0
-53.0
-58.0
-37.0
-34.0
-45.0
-41.0
-43.0
-39.0
-40.0
-39.0
-24.0
-36.0
-34.0
-25.0
-31.0
-35.0
-33.0
-35.0
-21.0
-31.0
-27.0
-18.0
-27.0
-8.0
-26.0
-33.0
-40.0
-39.0
-27.0
-32.0
-31.0
-21.0
-24.0
-31.0
-25.0
-29.0
-12.0
-7.0
-27.0
-4.0
-5.0
-20.0
-20.0
-34.0
-32.0
-23.0
-18.0
-15.0
-16.0
-19.0
-12.0
-27.0
-21.0
-10.0
-3.0
-5.0
-11.0
-12.0
15.0
1.0
6.0
8.0
-1.0
11.0
3.0
5.0
29.0
43.0
53.0
42.0
8.0
11.0
15.0
14.0
26.0
28.0
29.0
29.0
18.0
23.0
16.0
3.0
17.0
6.0
14.0
30.0
26.0
42.0
43.0
32.0
33.0
8.0
8.0
16.0
10.0
17.0
22.0
10.0
15.0
8.0
-7.0
-8.0
-34.0
-34.0
-55.0
-79.0
-65.0
-65.0
-67.0
-59.0
-65.0
-58.0
-62.0
-63.0
-59.0
-78.0
-92.0
-98.0
-117.0
-111.0
-109.0
-123.0
-110.0
-116.0
-117.0
-111.0
-98.0
-62.0
-39.0
-26.0
-8.0
-6.0
10.0
33.0
44.0
73.0
86.0
93.0
113.0
112.0
114.0
128.0
126.0
123.0
115.0
108.0
117.0
109.0
106.0
111.0
106.0
106.0
83.0
56.0
48.0
30.0
26.0
23.0
8.0
6.0
-5.0
-17.0
-21.0
-40.0
-42.0
-25.0
-37.0
-44.0
-49.0
-63.0
-48.0
-51.0
-46.0
-31.0
-34.0
-20.0
-38.0
-56.0
-61.0
-69.0
-79.0
-71.0
-78.0
-77.0
-69.0
-64.0
-53.0
-65.0
-70.0
-72.0
-83.0
-67.0
-59.0
-74.0
-68.0
-75.0
-86.0
-81.0
-84.0
-73.0
-45.0
-46.0
-48.0
-83.0
-92.0
-94.0
-112.0
-98.0
-91.0
-93.0
-82.0
-89.0
-89.0
-82.0
-100.0
-93.0
-76.0
-86.0
-80.0
-88.0
-82.0
-67.0
-84.0
-77.0
-74.0
-74.0
-73.0
-72.0
-68.0
-71.0
-81.0
-59.0
-56.0
-63.0
-57.0
-65.0
-60.0
-54.0
-65.0
-52.0
-53.0
-56.0
-39.0
-35.0
-26.0
-7.0
-8.0
3.0
14.0
24.0
30.0
29.0
31.0
42.0
39.0
49.0
46.0
31.0
43.0
46.0
59.0
76.0
63.0
91.0
105.0
97.0
120.0
122.0
111.0
108.0
110.0
116.0
97.0
82.0
91.0
88.0
96.0
116.0
110.0
129.0
121.0
111.0
135.0
125.0
120.0
131.0
135.0
136.0
127.0
118.0
125.0
120.0
127.0
152.0
160.0
183.0
199.0
208.0
246.0
253.0
253.0
258.0
256.0
256.0
256.0
256.0
256.0
256.0
254.0
250.0
240.0
237.0
225.0
202.0
195.0
180.0
163.0
157.0
152.0
139.0
103.0
80.0
78.0
64.0
66.0
64.0
60.0
51.0
35.0
17.0
17.0
11.0
23.0
19.0
24.0
28.0
12.0
-23.0
-21.0
-33.0
-41.0
-33.0
-18.0
-27.0
-44.0
-37.0
-34.0
-59.0
-52.0
-39.0
-59.0
-62.0
-74.0
-95.0
-71.0
-65.0
-68.0
-54.0
-66.0
-66.0
-70.0
-73.0
-63.0
-75.0
-73.0
-59.0
-72.0
-74.0
-71.0
-70.0
-62.0
-62.0
-71.0
-69.0
-73.0
-76.0
-84.0
-86.0
-76.0
-76.0
-83.0
-65.0
-73.0
-60.0
-77.0
-78.0
-65.0
-80.0
-85.0
-83.0
-90.0
-83.0
-90.0
-102.0
-80.0
-93.0
-87.0
-78.0
-95.0
-80.0
-69.0
-72.0
-67.0
-75.0
-74.0
-65.0
-65.0
-69.0
-76.0
-74.0
-61.0
-74.0
-94.0
-80.0
-88.0
-79.0
-78.0
-90.0
-81.0
-74.0
-91.0
-86.0
-81.0
-73.0
-85.0
-95.0
-78.0
-87.0
-93.0
-92.0
-96.0
-102.0
-105.0
-100.0
-82.0
-95.0
-91.0
-75.0
-80.0
-70.0
-84.0
-93.0
-71.0
-75.0
-87.0
-78.0
-80.0
-74.0
-68.0
-81.0
-73.0
-68.0
-65.0
-64.0
-86.0
-83.0
-83.0
-101.0
-84.0
-83.0
-85.0
-83.0
-89.0
-68.0
-69.0
-73.0
-69.0
-60.0
-53.0
-39.0
-34.0
-31.0
-58.0
-87.0
-78.0
-74.0
-70.0
-59.0
-61.0
-40.0
-54.0
-71.0
-74.0
-81.0
-67.0
-51.0
-56.0
-56.0
-54.0
-63.0
-58.0
-68.0
-67.0
-56.0
-63.0
-59.0
-67.0
-70.0
-59.0
-51.0
-71.0
-74.0
-75.0
-65.0
-66.0
-79.0
-69.0
-70.0
-73.0
-73.0
-95.0
-95.0
-95.0
-99.0
-81.0
-82.0
-84.0
-75.0
-87.0
-82.0
-89.0
-103.0
-93.0
-94.0
-97.0
-89.0
-82.0
-93.0
-91.0
-87.0
-80.0
-79.0
-80.0
-69.0
-72.0
-71.0
-67.0
-68.0
-53.0
-57.0
-68.0
-62.0
-63.0
-50.0
-48.0
-48.0
-17.0
-23.0
-12.0
32.0
40.0
70.0
101.0
110.0
158.0
159.0
164.0
183.0
190.0
195.0
176.0
150.0
154.0
135.0
124.0
129.0
101.0
98.0
85.0
68.0
79.0
68.0
54.0
73.0
68.0
42.0
14.0
-9.0
-15.0
-21.0
-23.0
-21.0
-25.0
-29.0
-30.0
-33.0
-27.0
-31.0
-26.0
-16.0
-32.0
-31.0
-50.0
-70.0
-55.0
-70.0
-89.0
-78.0
-86.0
-87.0
-80.0
-77.0
-51.0
-50.0
-70.0
-68.0
-79.0
-80.0
-96.0
-100.0
-92.0
-116.0
-108.0
-93.0
-105.0
-91.0
-84.0
-69.0
-55.0
-71.0
-75.0
-66.0
-108.0
-101.0
-88.0
-103.0
-101.0
-114.0
-102.0
-104.0
-114.0
-92.0
-88.0
-91.0
-81.0
-79.0
-79.0
-74.0
-77.0
-76.0
-75.0
-78.0
-69.0
-92.0
-89.0
-84.0
-97.0
-87.0
-73.0
-90.0
-70.0
-50.0
-58.0
-55.0
-67.0
-67.0
-59.0
-62.0
-62.0
-62.0
-67.0
-67.0
-78.0
-80.0
-61.0
-57.0
-54.0
-52.0
-52.0
-48.0
-55.0
-53.0
-54.0
-74.0
-61.0
-56.0
-67.0
-61.0
-67.0
-64.0
-68.0
-72.0
-49.0
-48.0
-53.0
-50.0
-58.0
-41.0
-41.0
-43.0
-48.0
-48.0
-40.0
-37.0
-49.0
-40.0
-30.0
-34.0
-23.0
-36.0
-36.0
-29.0
-42.0
-28.0
-23.0
-41.0
-45.0
-73.0
-55.0
-46.0
-62.0
-55.0
-45.0
-56.0
-36.0
-36.0
-37.0
-32.0
-47.0
-26.0
-29.0
-34.0
-24.0
-43.0
-59.0
-52.0
-61.0
-53.0
-55.0
-51.0
-43.0
-52.0
-53.0
-40.0
-44.0
-48.0
-61.0
-80.0
-55.0
-67.0
-74.0
-58.0
-54.0
-28.0
-17.0
-44.0
-67.0
-83.0
-93.0
-82.0
-77.0
-72.0
-59.0
-61.0
-54.0
-68.0
-66.0
-55.0
-73.0
-71.0
-86.0
-96.0
-90.0
-105.0
-91.0
-82.0
-101.0
-88.0
-79.0
-99.0
-83.0
-80.0
-92.0
-91.0
-98.0
-86.0
-77.0
-83.0
-76.0
-81.0
-77.0
-68.0
-76.0
-71.0
-71.0
-83.0
-85.0
-87.0
-91.0
-79.0
-83.0
-93.0
-84.0
-81.0
-60.0
-64.0
-74.0
-67.0
-78.0
-72.0
-70.0
-88.0
-87.0
-93.0
-101.0
-88.0
-91.0
-84.0
-89.0
-107.0
-96.0
-95.0
-102.0
-102.0
-111.0
-96.0
-94.0
-116.0
-116.0
-124.0
-124.0
-109.0
-121.0
-130.0
-123.0
-130.0
-135.0
-146.0
-142.0
-144.0
-158.0
-144.0
-148.0
-152.0
-136.0
-145.0
-150.0
-142.0
-142.0
-136.0
-140.0
-145.0
-133.0
-146.0
-147.0
-129.0
-136.0
-131.0
-137.0
-155.0
-144.0
-147.0
-112.0
-103.0
-109.0
-95.0
-93.0
-99.0
-92.0
-102.0
-110.0
-108.0
-122.0
-119.0
-103.0
-109.0
-105.0
-117.0
-126.0
-118.0
-124.0
-124.0
-126.0
-130.0
-123.0
-121.0
-117.0
-107.0
-109.0
-109.0
-110.0
-120.0
-120.0
-122.0
-116.0
-110.0
-112.0
-92.0
-72.0
-68.0
-64.0
-96.0
-106.0
-100.0
-117.0
-111.0
-100.0
-95.0
-84.0
-83.0
-73.0
-86.0
-98.0
-87.0
-78.0
-90.0
-84.0
-86.0
-94.0
-81.0
-78.0
-77.0
-86.0
-91.0
-79.0
-80.0
-87.0
-79.0
-81.0
-77.0
-70.0
-69.0
-60.0
-69.0
-77.0
-70.0
-91.0
-93.0
-81.0
-86.0
-65.0
-62.0
-55.0
-43.0
-66.0
-65.0
-61.0
-67.0
-56.0
-55.0
-62.0
-59.0
-75.0
-68.0
-63.0
-78.0
-72.0
-77.0
-82.0
-76.0
-74.0
-64.0
-54.0
-55.0
-50.0
-50.0
-53.0
-46.0
-54.0
-50.0
-46.0
-60.0
-53.0
-72.0
-76.0
-61.0
-71.0
-60.0
-49.0
-63.0
-50.0
-46.0
-48.0
-35.0
-34.0
-34.0
-38.0
-52.0
-43.0
-59.0
-73.0
-67.0
-81.0
-86.0
-97.0
-98.0
-83.0
-108.0
-119.0
-131.0
-159.0
-162.0
-165.0
-177.0
-166.0
-180.0
-181.0
-165.0
-162.0
-164.0
-163.0
-155.0
-143.0
-130.0
-101.0
-90.0
-69.0
-35.0
-20.0
3.0
27.0
49.0
67.0
89.0
98.0
124.0
147.0
122.0
149.0
169.0
184.0
190.0
174.0
149.0
171.0
164.0
166.0
169.0
168.0
177.0
165.0
156.0
150.0
124.0
112.0
96.0
79.0
77.0
57.0
49.0
50.0
40.0
59.0
49.0
37.0
34.0
11.0
1.0
-6.0
-19.0
-23.0
-28.0
-26.0
-18.0
-27.0
-50.0
-61.0
-71.0
-76.0
-81.0
-82.0
-71.0
-81.0
-73.0
-61.0
-70.0
-62.0
-70.0
-85.0
-89.0
-101.0
-96.0
-89.0
-94.0
-83.0
-97.0
-111.0
-105.0
-116.0
-117.0
-110.0
-112.0
-110.0
-121.0
-126.0
-124.0
-129.0
-124.0
-114.0
-128.0
-105.0
-112.0
-125.0
-110.0
-113.0
-117.0
-111.0
-108.0
-102.0
-95.0
-88.0
-77.0
-88.0
-84.0
-74.0
-80.0
-66.0
-64.0
-63.0
-48.0
-57.0
-62.0
-56.0
-65.0
-56.0
-50.0
-50.0
-39.0
-35.0
-41.0
-42.0
-51.0
-47.0
-46.0
-55.0
-55.0
-59.0
-52.0
-50.0
-60.0
-52.0
-52.0
-75.0
-67.0
-58.0
-44.0
-27.0
-33.0
-16.0
-24.0
-42.0
-40.0
-45.0
-33.0
-30.0
-37.0
-24.0
-20.0
-24.0
-5.0
-1.0
2.0
2.0
-11.0
-1.0
18.0
18.0
22.0
10.0
10.0
17.0
10.0
20.0
28.0
8.0
8.0
13.0
9.0
14.0
5.0
22.0
23.0
24.0
52.0
62.0
57.0
59.0
18.0
16.0
6.0
7.0
29.0
22.0
35.0
45.0
34.0
36.0
15.0
23.0
28.0
15.0
21.0
22.0
12.0
23.0
16.0
-2.0
20.0
7.0
-5.0
-7.0
-15.0
-7.0
-12.0
-3.0
8.0
-8.0
7.0
24.0
12.0
22.0
17.0
11.0
1.0
-14.0
-16.0
-14.0
-21.0
-14.0
-19.0
-12.0
10.0
11.0
6.0
6.0
12.0
19.0
14.0
4.0
13.0
16.0
7.0
11.0
4.0
10.0
-2.0
-8.0
4.0
-6.0
-13.0
-10.0
-17.0
1.0
1.0
-1.0
5.0
5.0
3.0
5.0
1.0
1.0
-12.0
-22.0
-19.0
-18.0
-16.0
-11.0
-18.0
-7.0
-7.0
-2.0
4.0
-13.0
-12.0
-5.0
-25.0
-21.0
-27.0
-30.0
-13.0
-14.0
-14.0
-9.0
-18.0
-17.0
-19.0
-30.0
-32.0
-19.0
-5.0
-2.0
-14.0
-10.0
-17.0
-16.0
-12.0
-21.0
-21.0
-30.0
-41.0
-33.0
-23.0
-28.0
-11.0
1.0
3.0
-1.0
-13.0
-6.0
-9.0
-16.0
-14.0
-26.0
-28.0
-15.0
-31.0
-37.0
-41.0
-46.0
-31.0
-33.0
-30.0
-23.0
-46.0
-43.0
-37.0
-21.0
6.0
-3.0
-27.0
-43.0
-65.0
-59.0
-50.0
-47.0
-35.0
-41.0
-33.0
-29.0
-38.0
-30.0
-25.0
-25.0
-15.0
-26.0
-34.0
-35.0
-37.0
-31.0
-26.0
-37.0
-36.0
-42.0
-44.0
-40.0
-43.0
-23.0
-23.0
-31.0
-25.0
-26.0
-27.0
-29.0
-37.0
-27.0
-31.0
-40.0
-27.0
-39.0
-37.0
-29.0
-26.0
-17.0
-14.0
-23.0
-13.0
-23.0
-24.0
-17.0
-25.0
-20.0
-41.0
-61.0
-40.0
-27.0
-23.0
-14.0
-29.0
-28.0
-23.0
-16.0
-3.0
-16.0
-7.0
-6.0
-16.0
-9.0
-20.0
-15.0
-4.0
-12.0
-16.0
-4.0
5.0
44.0
78.0
92.0
125.0
128.0
139.0
156.0
164.0
187.0
182.0
169.0
179.0
171.0
179.0
205.0
218.0
228.0
227.0
229.0
241.0
229.0
248.0
261.0
252.0
256.0
258.0
256.0
257.0
256.0
256.0
257.0
257.0
254.0
243.0
238.0
244.0
213.0
205.0
216.0
181.0
160.0
165.0
155.0
154.0
134.0
128.0
138.0
121.0
98.0
95.0
73.0
62.0
46.0
45.0
27.0
2.0
7.0
-6.0
-27.0
-17.0
-43.0
-36.0
10.0
1.0
20.0
-17.0
-71.0
-80.0
-107.0
-131.0
-148.0
-176.0
-177.0
-187.0
-217.0
-204.0
-216.0
-207.0
-226.0
-224.0
-196.0
-221.0
-222.0
-216.0
-234.0
-211.0
-230.0
-247.0
-240.0
-252.0
-265.0
-260.0
-248.0
-253.0
-256.0
-253.0
-262.0
-258.0
-252.0
-235.0
-249.0
-237.0
-233.0
-236.0
-209.0
-224.0
-223.0
-184.0
-218.0
-231.0
-230.0
-248.0
-224.0
-241.0
-256.0
-200.0
-212.0
-226.0
-217.0
-233.0
-209.0
-202.0
-224.0
-218.0
-187.0
-193.0
-186.0
-177.0
-174.0
-205.0
-195.0
-181.0
-215.0
-229.0
-219.0
-203.0
-201.0
-199.0
-196.0
-178.0
-177.0
-159.0
-112.0
-102.0
-86.0
-81.0
-58.0
-55.0
-57.0
-59.0
-62.0
-44.0
-30.0
-26.0
-32.0
-22.0
-20.0
-15.0
4.0
-9.0
-11.0
-14.0
-29.0
-23.0
-21.0
-10.0
1.0
8.0
30.0
24.0
30.0
50.0
42.0
37.0
42.0
31.0
43.0
48.0
33.0
36.0
44.0
61.0
70.0
69.0
84.0
82.0
90.0
88.0
74.0
89.0
89.0
79.0
78.0
78.0
98.0
120.0
96.0
102.0
78.0
62.0
80.0
85.0
74.0
59.0
59.0
71.0
10.0
-5.0
-10.0
-64.0
-87.0
-45.0
-93.0
-87.0
-49.0
-119.0
-140.0
-98.0
-133.0
-102.0
-109.0
-105.0
-121.0
-121.0
-131.0
-114.0
-126.0
-105.0
-107.0
-110.0
-88.0
-88.0
-74.0
-82.0
-73.0
-62.0
-58.0
-45.0
-41.0
-20.0
-6.0
-9.0
-4.0
8.0
-14.0
-17.0
2.0
4.0
11.0
18.0
2.0
9.0
7.0
-3.0
8.0
2.0
22.0
14.0
22.0
39.0
21.0
18.0
30.0
34.0
48.0
48.0
26.0
26.0
33.0
21.0
55.0
49.0
40.0
55.0
61.0
60.0
46.0
15.0
53.0
52.0
65.0
40.0
35.0
61.0
54.0
52.0
71.0
58.0
63.0
71.0
62.0
77.0
67.0
50.0
78.0
65.0
62.0
76.0
80.0
78.0
77.0
84.0
91.0
84.0
83.0
62.0
71.0
88.0
65.0
65.0
83.0
80.0
72.0
90.0
82.0
91.0
90.0
89.0
100.0
90.0
105.0
96.0
71.0
86.0
75.0
82.0
84.0
79.0
75.0
81.0
82.0
80.0
82.0
111.0
114.0
92.0
93.0
93.0
80.0
95.0
102.0
95.0
80.0
75.0
82.0
106.0
104.0
101.0
66.0
55.0
79.0
65.0
72.0
89.0
82.0
93.0
76.0
70.0
78.0
74.0
75.0
82.0
69.0
63.0
64.0
60.0
72.0
76.0
80.0
97.0
88.0
101.0
83.0
64.0
53.0
49.0
63.0
64.0
51.0
54.0
55.0
63.0
68.0
71.0
76.0
77.0
70.0
75.0
43.0
39.0
66.0
53.0
63.0
64.0
53.0
55.0
50.0
60.0
70.0
54.0
50.0
38.0
41.0
60.0
53.0
36.0
36.0
18.0
21.0
23.0
20.0
31.0
34.0
36.0
49.0
39.0
31.0
46.0
41.0
39.0
20.0
24.0
27.0
16.0
17.0
23.0
19.0
25.0
29.0
25.0
24.0
17.0
35.0
54.0
41.0
53.0
50.0
45.0
43.0
26.0
30.0
27.0
20.0
33.0
32.0
33.0
47.0
36.0
42.0
58.0
42.0
47.0
41.0
32.0
43.0
33.0
35.0
34.0
31.0
27.0
33.0
45.0
54.0
37.0
44.0
35.0
28.0
39.0
30.0
25.0
32.0
23.0
26.0
20.0
15.0
35.0
23.0
29.0
39.0
31.0
37.0
26.0
4.0
16.0
29.0
49.0
61.0
31.0
16.0
14.0
5.0
30.0
35.0
47.0
69.0
60.0
53.0
48.0
32.0
38.0
30.0
30.0
27.0
6.0
18.0
24.0
8.0
28.0
21.0
19.0
32.0
32.0
41.0
53.0
51.0
60.0
54.0
46.0
44.0
29.0
30.0
21.0
2.0
12.0
14.0
10.0
21.0
23.0
29.0
41.0
40.0
56.0
52.0
48.0
52.0
42.0
51.0
42.0
37.0
39.0
37.0
29.0
33.0
24.0
26.0
22.0
15.0
26.0
29.0
29.0
36.0
24.0
29.0
22.0
12.0
32.0
47.0
62.0
85.0
80.0
96.0
116.0
115.0
151.0
163.0
169.0
187.0
176.0
199.0
191.0
188.0
200.0
192.0
192.0
193.0
173.0
172.0
178.0
154.0
160.0
148.0
128.0
127.0
101.0
96.0
87.0
79.0
90.0
86.0
79.0
82.0
67.0
70.0
62.0
64.0
65.0
54.0
46.0
49.0
35.0
36.0
31.0
17.0
27.0
24.0
25.0
30.0
15.0
23.0
20.0
11.0
17.0
3.0
-5.0
11.0
4.0
-6.0
-18.0
-23.0
-25.0
-29.0
-32.0
-16.0
-7.0
6.0
35.0
12.0
-11.0
-16.0
-13.0
-14.0
-23.0
-14.0
-10.0
-29.0
-15.0
-22.0
-20.0
-10.0
-22.0
-14.0
-7.0
-7.0
-12.0
-23.0
-23.0
-6.0
-8.0
-4.0
4.0
-1.0
-6.0
-10.0
-8.0
4.0
8.0
4.0
-10.0
-15.0
-17.0
-24.0
-21.0
-13.0
-20.0
-5.0
0.0
-13.0
29.0
17.0
-6.0
5.0
-10.0
4.0
5.0
-13.0
-12.0
-22.0
-29.0
-22.0
-19.0
-4.0
-11.0
-22.0
-15.0
-21.0
-17.0
-23.0
-20.0
-4.0
-4.0
-8.0
3.0
-9.0
-14.0
6.0
-12.0
-5.0
-9.0
-25.0
-12.0
-5.0
2.0
11.0
4.0
4.0
18.0
12.0
8.0
-9.0
-4.0
11.0
2.0
16.0
21.0
10.0
14.0
-3.0
-13.0
-8.0
-17.0
-11.0
10.0
2.0
7.0
16.0
-1.0
13.0
-2.0
-9.0
3.0
-1.0
7.0
15.0
15.0
24.0
13.0
17.0
11.0
-7.0
13.0
15.0
5.0
11.0
-2.0
-2.0
-1.0
-2.0
10.0
6.0
18.0
24.0
-1.0
-3.0
16.0
8.0
4.0
4.0
-7.0
2.0
-11.0
-7.0
7.0
23.0
25.0
33.0
25.0
11.0
1.0
2.0
-4.0
-13.0
-3.0
-21.0
-29.0
-22.0
-30.0
-24.0
-21.0
-29.0
-22.0
-15.0
-8.0
-1.0
-3.0
4.0
11.0
2.0
4.0
-10.0
-33.0
-26.0
-25.0
-29.0
-4.0
-10.0
-7.0
-16.0
-11.0
5.0
-13.0
-7.0
1.0
-21.0
-13.0
-14.0
-29.0
-34.0
-27.0
-16.0
-7.0
-15.0
-1.0
1.0
2.0
12.0
5.0
6.0
5.0
-3.0
5.0
-12.0
-26.0
-18.0
-21.0
-16.0
-14.0
-29.0
-8.0
-21.0
-13.0
8.0
-4.0
0.0
7.0
-6.0
3.0
-5.0
-19.0
-11.0
-11.0
-9.0
-1.0
-6.0
-6.0
-8.0
-7.0
-7.0
-8.0
6.0
-2.0
3.0
24.0
20.0
10.0
18.0
-2.0
4.0
8.0
-7.0
7.0
19.0
3.0
-11.0
-3.0
3.0
0.0
-10.0
5.0
4.0
-4.0
7.0
26.0
30.0
32.0
28.0
29.0
29.0
19.0
15.0
-5.0
8.0
17.0
-6.0
12.0
2.0
-2.0
8.0
2.0
25.0
36.0
31.0
36.0
32.0
14.0
26.0
21.0
16.0
24.0
23.0
37.0
54.0
56.0
32.0
-7.0
-12.0
-9.0
-15.0
8.0
20.0
-1.0
14.0
6.0
6.0
26.0
11.0
27.0
30.0
29.0
36.0
23.0
17.0
22.0
11.0
16.0
7.0
-2.0
24.0
5.0
7.0
-6.0
-29.0
-14.0
-13.0
-5.0
5.0
3.0
13.0
17.0
-4.0
-4.0
0.0
13.0
18.0
18.0
10.0
9.0
6.0
-1.0
-15.0
-9.0
-6.0
-27.0
-18.0
-20.0
-31.0
-13.0
-20.0
-20.0
-16.0
-33.0
-27.0
-32.0
-30.0
-9.0
-23.0
-23.0
-11.0
-31.0
-21.0
-10.0
-33.0
-20.0
-25.0
-26.0
-27.0
-44.0
-45.0
-46.0
-60.0
-37.0
-43.0
-45.0
-31.0
-33.0
-30.0
-12.0
-20.0
-9.0
-10.0
-18.0
-6.0
-16.0
-22.0
-24.0
-33.0
-18.0
-16.0
-22.0
-10.0
-24.0
-25.0
-3.0
-8.0
-4.0
4.0
10.0
9.0
5.0
12.0
31.0
35.0
37.0
17.0
11.0
17.0
-1.0
-5.0
22.0
5.0
6.0
3.0
-5.0
-2.0
-10.0
-12.0
-23.0
-32.0
-14.0
-5.0
1.0
11.0
10.0
11.0
3.0
-10.0
-16.0
-16.0
-4.0
16.0
25.0
3.0
-11.0
-25.0
-39.0
-33.0
-26.0
-14.0
-18.0
-14.0
-5.0
-21.0
-11.0
-5.0
-8.0
-8.0
-11.0
-4.0
-2.0
-21.0
-6.0
-9.0
-8.0
-13.0
-23.0
-21.0
-21.0
-21.0
-4.0
-26.0
-29.0
12.0
2.0
-3.0
7.0
2.0
8.0
14.0
4.0
11.0
7.0
8.0
17.0
3.0
12.0
17.0
6.0
12.0
2.0
-4.0
2.0
17.0
31.0
27.0
26.0
31.0
18.0
15.0
19.0
7.0
10.0
6.0
4.0
2.0
-8.0
-1.0
11.0
10.0
33.0
19.0
3.0
1.0
-6.0
-2.0
0.0
-16.0
3.0
0.0
-12.0
-5.0
-15.0
-23.0
-14.0
-21.0
-15.0
-12.0
-10.0
6.0
13.0
22.0
25.0
15.0
22.0
2.0
-10.0
-15.0
-29.0
-30.0
-14.0
-11.0
2.0
7.0
17.0
18.0
7.0
9.0
10.0
-14.0
8.0
4.0
-6.0
7.0
6.0
20.0
36.0
27.0
31.0
15.0
-1.0
3.0
-11.0
-18.0
-9.0
-11.0
1.0
7.0
8.0
20.0
4.0
3.0
11.0
-7.0
0.0
0.0
0.0
0.0
0.0
0.0
0.0
0.0
0.0
0.0
0.0
0.0
0.0
0.0
0.0
0.0
0.0
0.0
0.0
0.0
0.0
0.0
0.0
0.0
0.0
0.0
0.0
0.0
0.0
0.0
0.0
0.0
0.0
0.0
0.0
0.0
0.0
0.0
0.0
0.0
0.0
0.0
0.0
0.0
0.0
0.0
0.0
0.0
0.0
0.0
0.0
0.0
0.0
0.0
0.0
0.0
0.0
0.0
0.0
0.0
0.0
0.0
0.0
0.0
0.0
0.0
0.0
0.0
0.0
0.0
0.0
0.0
0.0
0.0
0.0
0.0
0.0
0.0
0.0
0.0
0.0
0.0
0.0
0.0
0.0
0.0
0.0
0.0
0.0
0.0
0.0
0.0
0.0
0.0
0.0
0.0
0.0
0.0
0.0
0.0
0.0
0.0
0.0
0.0
0.0
0.0
0.0
0.0
0.0
0.0
0.0
0.0
